/*--------------------------------*- C++ -*----------------------------------*\
| =========                 |                                                 |
| \\      /  F ield         | OpenFOAM: The Open Source CFD Toolbox           |
|  \\    /   O peration     | Version:  2312                                  |
|   \\  /    A nd           | Website:  www.openfoam.com                      |
|    \\/     M anipulation  |                                                 |
\*---------------------------------------------------------------------------*/
FoamFile
{
    version     2.0;
    format      ascii;
    arch        "LSB;label=32;scalar=64";
    class       volScalarField;
    location    "0.5";
    object      sigmaEq;
}
// * * * * * * * * * * * * * * * * * * * * * * * * * * * * * * * * * * * * * //

dimensions      [1 -1 -2 0 0 0 0];

internalField   nonuniform List<scalar> 
1620
(
27687
27687
27687
27687
27687
27687
27687
27687
27687
27687
27687
27687
27687
27687
27687
27687
27687
27687
27687
27687
27687
27687
27687
27687
27687
27687
27687
27687
27687
27687
27687
27687
27687
27687
27687
27687
30017.2
30017.2
30017.2
30017.2
30017.1
30017.2
30017.2
30017.2
30017.2
30017.2
30017.2
30017.2
30017.2
30017.1
30017.2
30017.2
30017.2
30017.2
30017.2
30017.2
30017.2
30017.2
30017.1
30017.2
30017.2
30017.2
30017.2
30017.2
30017.2
30017.2
30017.2
30017.1
30017.2
30017.2
30017.2
30017.2
40142.8
40142.8
40142.8
40142.8
40142.8
40142.8
40142.8
40142.8
40142.8
40142.8
40142.8
40142.8
40142.8
40142.8
40142.8
40142.8
40142.8
40142.8
40142.8
40142.8
40142.8
40142.8
40142.8
40142.8
40142.8
40142.8
40142.8
40142.8
40142.8
40142.8
40142.8
40142.8
40142.8
40142.8
40142.8
40142.8
27697.2
27697.2
27697.2
27697.2
27697.2
27697.2
27697.2
27697.2
27697.2
27697.2
27697.2
27697.2
27697.2
27697.2
27697.2
27697.2
27697.2
27697.2
27697.2
27697.2
27697.2
27697.2
27697.2
27697.2
27697.2
27697.2
27697.2
27697.2
27697.2
27697.2
27697.2
27697.2
27697.2
27697.2
27697.2
27697.2
29374.5
29374.5
29374.5
29374.5
29374.5
29374.5
29374.5
29374.5
29374.5
29374.5
29374.5
29374.5
29374.5
29374.5
29374.5
29374.5
29374.5
29374.5
29374.5
29374.5
29374.5
29374.5
29374.5
29374.5
29374.5
29374.5
29374.5
29374.5
29374.5
29374.5
29374.5
29374.5
29374.5
29374.5
29374.5
29374.5
40165.7
40165.7
40165.7
40165.7
40165.7
40165.7
40165.8
40165.7
40165.7
40165.7
40165.7
40165.7
40165.7
40165.7
40165.7
40165.8
40165.7
40165.7
40165.7
40165.7
40165.7
40165.7
40165.7
40165.7
40165.8
40165.7
40165.7
40165.7
40165.7
40165.7
40165.7
40165.7
40165.7
40165.8
40165.7
40165.7
27643.6
27643.7
27643.7
27643.7
27643.6
27643.7
27643.6
27643.6
27643.6
27643.6
27643.7
27643.7
27643.7
27643.6
27643.7
27643.6
27643.6
27643.6
27643.6
27643.7
27643.7
27643.7
27643.6
27643.7
27643.6
27643.6
27643.6
27643.6
27643.7
27643.7
27643.7
27643.6
27643.7
27643.6
27643.6
27643.6
28783
28783
28783
28783
28783.1
28783
28783
28783
28783
28783
28783
28783
28783
28783.1
28783
28783
28783
28783
28783
28783
28783
28783
28783.1
28783
28783
28783
28783
28783
28783
28783
28783
28783.1
28783
28783
28783
28783
42586.7
42586.6
42586.7
42586.7
42586.7
42586.7
42586.7
42586.6
42586.6
42586.7
42586.6
42586.7
42586.7
42586.7
42586.7
42586.7
42586.6
42586.6
42586.7
42586.6
42586.7
42586.7
42586.7
42586.7
42586.7
42586.6
42586.6
42586.7
42586.6
42586.7
42586.7
42586.7
42586.7
42586.7
42586.6
42586.6
27472
27472
27472
27472
27472
27472
27472
27472
27472
27472
27472
27472
27472
27472
27472
27472
27472
27472
27472
27472
27472
27472
27472
27472
27472
27472
27472
27472
27472
27472
27472
27472
27472
27472
27472
27472
27984.2
27984.2
27984.2
27984.2
27984.2
27984.2
27984.2
27984.2
27984.2
27984.2
27984.2
27984.2
27984.2
27984.2
27984.2
27984.2
27984.2
27984.2
27984.2
27984.2
27984.2
27984.2
27984.2
27984.2
27984.2
27984.2
27984.2
27984.2
27984.2
27984.2
27984.2
27984.2
27984.2
27984.2
27984.2
27984.2
44979.6
44979.6
44979.6
44979.6
44979.5
44979.6
44979.6
44979.6
44979.6
44979.6
44979.6
44979.6
44979.6
44979.5
44979.6
44979.6
44979.6
44979.6
44979.6
44979.6
44979.6
44979.6
44979.5
44979.6
44979.6
44979.6
44979.6
44979.6
44979.6
44979.6
44979.6
44979.5
44979.6
44979.6
44979.6
44979.6
27198
27197.9
27198
27198
27198
27197.9
27198
27198
27198
27198
27197.9
27198
27198
27198
27197.9
27198
27198
27198
27198
27197.9
27198
27198
27198
27197.9
27198
27198
27198
27198
27197.9
27198
27198
27198
27197.9
27198
27198
27198
26797.2
26797.3
26797.3
26797.3
26797.2
26797.3
26797.3
26797.3
26797.3
26797.2
26797.3
26797.3
26797.3
26797.2
26797.3
26797.3
26797.3
26797.3
26797.2
26797.3
26797.3
26797.3
26797.2
26797.3
26797.3
26797.3
26797.3
26797.2
26797.3
26797.3
26797.3
26797.2
26797.3
26797.3
26797.3
26797.3
46947.6
46947.7
46947.7
46947.7
46947.7
46947.7
46947.7
46947.7
46947.7
46947.6
46947.7
46947.7
46947.7
46947.7
46947.7
46947.7
46947.7
46947.7
46947.6
46947.7
46947.7
46947.7
46947.7
46947.7
46947.7
46947.7
46947.7
46947.6
46947.7
46947.7
46947.7
46947.7
46947.7
46947.7
46947.7
46947.7
26897.2
26897.2
26897.3
26897.2
26897.2
26897.2
26897.3
26897.2
26897.2
26897.2
26897.2
26897.3
26897.2
26897.3
26897.2
26897.3
26897.2
26897.2
26897.2
26897.2
26897.3
26897.2
26897.2
26897.2
26897.3
26897.2
26897.2
26897.2
26897.2
26897.3
26897.2
26897.2
26897.2
26897.3
26897.2
26897.2
25157.5
25157.6
25157.5
25157.5
25157.5
25157.6
25157.5
25157.5
25157.6
25157.5
25157.6
25157.5
25157.5
25157.5
25157.6
25157.5
25157.5
25157.6
25157.5
25157.6
25157.5
25157.5
25157.5
25157.6
25157.5
25157.5
25157.6
25157.5
25157.6
25157.5
25157.5
25157.5
25157.6
25157.5
25157.5
25157.6
47926.5
47926.6
47926.5
47926.5
47926.5
47926.5
47926.5
47926.5
47926.6
47926.5
47926.6
47926.5
47926.5
47926.5
47926.5
47926.5
47926.5
47926.6
47926.5
47926.6
47926.5
47926.5
47926.5
47926.5
47926.5
47926.5
47926.6
47926.5
47926.6
47926.5
47926.5
47926.5
47926.5
47926.5
47926.5
47926.6
26712.4
26712.4
26712.4
26712.4
26712.4
26712.4
26712.4
26712.4
26712.4
26712.4
26712.4
26712.4
26712.4
26712.4
26712.4
26712.4
26712.4
26712.4
26712.4
26712.4
26712.4
26712.4
26712.4
26712.4
26712.4
26712.4
26712.4
26712.4
26712.4
26712.4
26712.4
26712.4
26712.4
26712.4
26712.4
26712.4
23150.8
23150.8
23150.8
23150.8
23150.8
23150.8
23150.8
23150.7
23150.8
23150.8
23150.8
23150.8
23150.8
23150.8
23150.8
23150.8
23150.7
23150.8
23150.8
23150.8
23150.8
23150.8
23150.8
23150.8
23150.8
23150.7
23150.8
23150.8
23150.8
23150.8
23150.8
23150.8
23150.8
23150.8
23150.7
23150.8
47292.3
47292.2
47292.1
47292.1
47292.1
47292.2
47292.1
47292.2
47292.2
47292.3
47292.2
47292.1
47292.1
47292.1
47292.2
47292.1
47292.2
47292.2
47292.3
47292.2
47292.1
47292.1
47292.1
47292.2
47292.1
47292.2
47292.2
47292.3
47292.2
47292.1
47292.1
47292.1
47292.2
47292.1
47292.2
47292.2
26750.4
26750.5
26750.5
26750.5
26750.5
26750.5
26750.5
26750.5
26750.5
26750.4
26750.5
26750.5
26750.5
26750.5
26750.5
26750.5
26750.5
26750.5
26750.4
26750.5
26750.5
26750.5
26750.5
26750.5
26750.5
26750.5
26750.5
26750.4
26750.5
26750.5
26750.5
26750.5
26750.5
26750.5
26750.5
26750.5
21156.6
21156.5
21156.5
21156.5
21156.5
21156.5
21156.6
21156.5
21156.5
21156.6
21156.5
21156.5
21156.5
21156.5
21156.5
21156.5
21156.5
21156.5
21156.6
21156.5
21156.5
21156.5
21156.5
21156.5
21156.6
21156.5
21156.5
21156.6
21156.5
21156.5
21156.5
21156.5
21156.5
21156.6
21156.5
21156.5
44372.5
44372.5
44372.4
44372.4
44372.5
44372.5
44372.5
44372.4
44372.5
44372.5
44372.5
44372.4
44372.4
44372.5
44372.5
44372.5
44372.4
44372.5
44372.5
44372.5
44372.4
44372.4
44372.5
44372.5
44372.5
44372.4
44372.5
44372.5
44372.5
44372.4
44372.4
44372.5
44372.5
44372.5
44372.4
44372.5
26949.9
26950
26949.9
26950
26950
26950
26950
26950
26949.9
26949.9
26950
26949.9
26950
26950
26950
26950
26950
26949.9
26949.9
26950
26949.9
26950
26950
26950
26950
26950
26949.9
26949.9
26950
26949.9
26950
26950
26950
26950
26950
26949.9
20053.1
20053.1
20053.1
20053.1
20053.1
20053.1
20053.1
20053.1
20053.1
20053.1
20053.1
20053.1
20053.1
20053.1
20053.1
20053.1
20053.1
20053.1
20053.1
20053.1
20053.1
20053.1
20053.1
20053.1
20053.1
20053.1
20053.1
20053.1
20053.1
20053.1
20053.1
20053.1
20053.1
20053.1
20053.1
20053.1
39116.6
39116.6
39116.6
39116.6
39116.5
39116.6
39116.6
39116.5
39116.6
39116.6
39116.6
39116.6
39116.6
39116.5
39116.6
39116.6
39116.5
39116.6
39116.6
39116.6
39116.6
39116.6
39116.5
39116.6
39116.6
39116.5
39116.6
39116.6
39116.6
39116.6
39116.6
39116.5
39116.6
39116.6
39116.5
39116.6
27113.8
27113.8
27113.7
27113.8
27113.8
27113.8
27113.7
27113.8
27113.8
27113.8
27113.8
27113.7
27113.8
27113.8
27113.8
27113.7
27113.8
27113.8
27113.8
27113.8
27113.7
27113.8
27113.8
27113.8
27113.7
27113.8
27113.8
27113.8
27113.8
27113.7
27113.8
27113.8
27113.8
27113.7
27113.8
27113.8
20782.1
20782.1
20782.1
20782
20782
20782.1
20782
20782.1
20782.1
20782.1
20782.1
20782.1
20782
20782
20782.1
20782
20782.1
20782
20782.1
20782.1
20782.1
20782
20782
20782.1
20782
20782.1
20782
20782.1
20782.1
20782.1
20782
20782
20782.1
20782
20782.1
20782.1
33127.2
33127.2
33127.3
33127.2
33127.2
33127.2
33127.3
33127.2
33127.2
33127.2
33127.2
33127.3
33127.2
33127.2
33127.2
33127.3
33127.2
33127.2
33127.2
33127.2
33127.3
33127.2
33127.2
33127.2
33127.3
33127.2
33127.2
33127.2
33127.2
33127.3
33127.2
33127.2
33127.2
33127.3
33127.2
33127.2
27212.8
27212.8
27212.7
27212.8
27212.8
27212.8
27212.7
27212.7
27212.8
27212.8
27212.8
27212.7
27212.8
27212.8
27212.8
27212.7
27212.7
27212.8
27212.8
27212.8
27212.7
27212.8
27212.8
27212.8
27212.7
27212.7
27212.8
27212.8
27212.8
27212.7
27212.8
27212.8
27212.8
27212.7
27212.7
27212.8
23016.6
23016.6
23016.6
23016.6
23016.6
23016.6
23016.6
23016.6
23016.6
23016.6
23016.6
23016.6
23016.6
23016.6
23016.6
23016.6
23016.6
23016.6
23016.6
23016.6
23016.6
23016.6
23016.6
23016.6
23016.6
23016.6
23016.6
23016.6
23016.6
23016.6
23016.6
23016.6
23016.6
23016.6
23016.6
23016.6
28774.3
28774.3
28774.4
28774.4
28774.4
28774.4
28774.3
28774.3
28774.3
28774.3
28774.3
28774.4
28774.4
28774.4
28774.4
28774.4
28774.3
28774.3
28774.3
28774.3
28774.4
28774.4
28774.4
28774.4
28774.4
28774.3
28774.3
28774.3
28774.3
28774.4
28774.4
28774.4
28774.4
28774.4
28774.3
28774.3
27555
27555
27555
27555
27555
27555
27555
27555
27555
27555
27555
27555
27555
27555
27555
27555
27555
27555
27555
27555
27555
27555
27555
27555
27555
27555
27555
27555
27555
27555
27555
27555
27555
27555
27555
27555
25418.6
25418.5
25418.6
25418.6
25418.6
25418.6
25418.6
25418.6
25418.6
25418.6
25418.5
25418.6
25418.6
25418.6
25418.6
25418.6
25418.6
25418.6
25418.6
25418.5
25418.6
25418.6
25418.6
25418.6
25418.6
25418.6
25418.6
25418.6
25418.5
25418.6
25418.6
25418.6
25418.6
25418.6
25418.6
25418.6
26767.9
26767.9
26768
26768
26768
26767.9
26767.9
26767.9
26767.9
26767.9
26767.9
26768
26768
26768
26767.9
26767.9
26767.9
26767.9
26767.9
26767.9
26768
26768
26768
26767.9
26767.9
26767.9
26767.9
26767.9
26767.9
26768
26768
26768
26767.9
26767.9
26767.9
26767.9
28447.9
28447.9
28448
28448
28448
28448
28448
28448
28448
28447.9
28447.9
28448
28448
28448
28448
28448
28448
28448
28447.9
28447.9
28448
28448
28448
28448
28448
28448
28448
28447.9
28447.9
28448
28448
28448
28448
28448
28448
28448
27114.9
27114.9
27114.9
27114.9
27115
27115
27115
27115
27114.9
27114.9
27114.9
27114.9
27114.9
27115
27115
27115
27115
27114.9
27114.9
27114.9
27114.9
27114.9
27115
27115
27115
27115
27114.9
27114.9
27114.9
27114.9
27114.9
27115
27115
27115
27115
27114.9
26211.8
26211.8
26211.8
26211.9
26211.9
26211.8
26211.8
26211.8
26211.8
26211.8
26211.8
26211.8
26211.9
26211.9
26211.8
26211.8
26211.8
26211.8
26211.8
26211.8
26211.8
26211.9
26211.9
26211.8
26211.8
26211.8
26211.8
26211.8
26211.8
26211.8
26211.9
26211.9
26211.8
26211.8
26211.8
26211.8
29670.9
29670.9
29670.8
29670.8
29670.8
29670.9
29670.8
29670.9
29671
29670.9
29670.9
29670.8
29670.8
29670.8
29670.9
29670.8
29670.9
29671
29670.9
29670.9
29670.8
29670.8
29670.8
29670.9
29670.8
29670.9
29671
29670.9
29670.9
29670.8
29670.8
29670.8
29670.9
29670.8
29670.9
29671
27881.8
27881.8
27881.7
27881.8
27881.8
27881.8
27881.9
27881.9
27881.9
27881.8
27881.8
27881.7
27881.8
27881.8
27881.8
27881.9
27881.9
27881.9
27881.8
27881.8
27881.7
27881.8
27881.8
27881.8
27881.9
27881.9
27881.9
27881.8
27881.8
27881.7
27881.8
27881.8
27881.8
27881.9
27881.9
27881.9
26349.1
26349.1
26349.1
26349.2
26349.1
26349.1
26349.1
26349.1
26349.1
26349.1
26349.1
26349.1
26349.2
26349.1
26349.1
26349.1
26349.1
26349.1
26349.1
26349.1
26349.1
26349.2
26349.1
26349.1
26349.1
26349.1
26349.1
26349.1
26349.1
26349.1
26349.2
26349.1
26349.1
26349.1
26349.1
26349.1
30474.7
30471.3
30472
30476.7
30474
30470.3
30474.5
30476.2
30473.4
30474.7
30471.3
30472
30476.7
30474
30470.3
30474.5
30476.2
30473.4
30474.7
30471.3
30472
30476.7
30474
30470.3
30474.5
30476.2
30473.4
30474.7
30471.3
30472
30476.7
30474
30470.3
30474.5
30476.2
30473.4
26892.5
26892.5
26892.4
26892.4
26892.4
26892.4
26892.5
26892.4
26892.5
26892.5
26892.5
26892.4
26892.4
26892.4
26892.4
26892.5
26892.4
26892.5
26892.5
26892.5
26892.4
26892.4
26892.4
26892.4
26892.5
26892.4
26892.5
26892.5
26892.5
26892.4
26892.4
26892.4
26892.4
26892.5
26892.4
26892.5
55040.4
55042.9
55037.9
55042.4
55041.2
55037.5
55042.7
55040.2
55040.6
55040.4
55042.9
55037.9
55042.4
55041.2
55037.5
55042.7
55040.2
55040.6
55040.4
55042.9
55037.8
55042.4
55041.2
55037.5
55042.7
55040.2
55040.5
55040.4
55042.9
55037.9
55042.4
55041.2
55037.5
55042.8
55040.2
55040.6
)
;

boundaryField
{
    fixed
    {
        type            calculated;
        value           nonuniform List<scalar> 
108
(
30418.6
30418.6
30418.6
30418.6
30418.6
30418.6
30418.6
30418.6
30418.6
30418.6
30418.6
30418.6
30418.6
30418.6
30418.6
30418.6
30418.6
30418.6
30418.6
30418.6
30418.6
30418.6
30418.6
30418.6
30418.6
30418.6
30418.6
30418.6
30418.6
30418.6
30418.6
30418.6
30418.6
30418.6
30418.6
30418.6
30911.8
30911.8
30911.8
30911.8
30911.8
30911.7
30911.8
30911.8
30911.8
30911.8
30911.8
30911.8
30911.8
30911.8
30911.7
30911.8
30911.8
30911.8
30911.8
30911.8
30911.8
30911.8
30911.8
30911.7
30911.8
30911.8
30911.8
30911.8
30911.8
30911.8
30911.8
30911.8
30911.7
30911.8
30911.8
30911.8
31419.9
31419.9
31419.9
31419.9
31419.9
31419.9
31419.9
31419.9
31419.9
31419.9
31419.9
31419.9
31419.9
31419.9
31419.9
31419.9
31419.9
31419.9
31419.9
31419.9
31419.9
31419.9
31419.9
31419.9
31419.9
31419.9
31419.9
31419.9
31419.9
31419.9
31419.9
31419.9
31419.9
31419.9
31419.9
31419.9
)
;
    }
    inside
    {
        type            calculated;
        value           nonuniform List<scalar> 
540
(
31419.9
31419.9
31419.9
31419.9
31419.9
31419.9
31419.9
31419.9
31419.9
31419.9
31419.9
31419.9
31419.9
31419.9
31419.9
31419.9
31419.9
31419.9
31419.9
31419.9
31419.9
31419.9
31419.9
31419.9
31419.9
31419.9
31419.9
31419.9
31419.9
31419.9
31419.9
31419.9
31419.9
31419.9
31419.9
31419.9
31004.3
31004.3
31004.3
31004.3
31004.3
31004.3
31004.3
31004.3
31004.3
31004.3
31004.3
31004.3
31004.3
31004.3
31004.3
31004.3
31004.3
31004.3
31004.3
31004.3
31004.3
31004.3
31004.3
31004.3
31004.3
31004.3
31004.3
31004.3
31004.3
31004.3
31004.3
31004.3
31004.3
31004.3
31004.3
31004.3
30572.7
30572.7
30572.7
30572.7
30572.7
30572.7
30572.7
30572.7
30572.7
30572.7
30572.7
30572.7
30572.7
30572.7
30572.7
30572.7
30572.7
30572.7
30572.7
30572.7
30572.7
30572.7
30572.7
30572.7
30572.7
30572.7
30572.7
30572.7
30572.7
30572.7
30572.7
30572.7
30572.7
30572.7
30572.7
30572.7
29822.9
29822.9
29822.9
29822.9
29822.9
29822.9
29822.9
29822.9
29822.9
29822.9
29822.9
29822.9
29822.9
29822.9
29822.9
29822.9
29822.9
29822.9
29822.9
29822.9
29822.9
29822.9
29822.9
29822.9
29822.9
29822.9
29822.9
29822.9
29822.9
29822.9
29822.9
29822.9
29822.9
29822.9
29822.9
29822.9
28577.2
28577.2
28577.2
28577.2
28577.2
28577.2
28577.2
28577.2
28577.2
28577.2
28577.2
28577.2
28577.2
28577.2
28577.2
28577.2
28577.2
28577.2
28577.2
28577.2
28577.2
28577.2
28577.2
28577.2
28577.2
28577.2
28577.2
28577.2
28577.2
28577.2
28577.2
28577.2
28577.2
28577.2
28577.2
28577.2
26774.7
26774.8
26774.8
26774.8
26774.7
26774.7
26774.7
26774.7
26774.8
26774.7
26774.8
26774.8
26774.8
26774.7
26774.7
26774.7
26774.7
26774.8
26774.7
26774.8
26774.8
26774.8
26774.7
26774.7
26774.7
26774.7
26774.8
26774.7
26774.8
26774.8
26774.8
26774.7
26774.7
26774.7
26774.7
26774.8
24489.3
24489.3
24489.3
24489.3
24489.3
24489.3
24489.3
24489.3
24489.3
24489.3
24489.3
24489.3
24489.3
24489.3
24489.3
24489.3
24489.3
24489.3
24489.3
24489.3
24489.3
24489.3
24489.3
24489.3
24489.3
24489.3
24489.3
24489.3
24489.3
24489.3
24489.3
24489.3
24489.3
24489.3
24489.3
24489.3
22022.6
22022.6
22022.6
22022.6
22022.6
22022.6
22022.6
22022.6
22022.6
22022.6
22022.6
22022.6
22022.6
22022.6
22022.6
22022.6
22022.6
22022.6
22022.6
22022.6
22022.6
22022.6
22022.6
22022.6
22022.7
22022.6
22022.6
22022.6
22022.6
22022.6
22022.6
22022.6
22022.6
22022.7
22022.6
22022.6
20146.2
20146.2
20146.2
20146.2
20146.2
20146.2
20146.2
20146.2
20146.2
20146.2
20146.2
20146.2
20146.2
20146.2
20146.2
20146.2
20146.2
20146.2
20146.2
20146.2
20146.2
20146.2
20146.2
20146.2
20146.2
20146.2
20146.2
20146.2
20146.2
20146.2
20146.2
20146.2
20146.2
20146.2
20146.2
20146.2
19917.9
19917.9
19917.9
19917.9
19917.9
19917.9
19917.9
19917.9
19917.9
19917.9
19917.9
19917.9
19917.9
19917.9
19917.9
19917.9
19917.9
19917.9
19917.9
19917.9
19917.9
19917.9
19917.9
19917.9
19917.9
19917.9
19917.9
19917.9
19917.9
19917.9
19917.9
19917.9
19917.9
19917.9
19917.9
19917.9
21390.4
21390.4
21390.4
21390.4
21390.4
21390.4
21390.4
21390.4
21390.4
21390.4
21390.4
21390.4
21390.4
21390.4
21390.4
21390.4
21390.4
21390.4
21390.4
21390.4
21390.4
21390.4
21390.4
21390.4
21390.4
21390.4
21390.4
21390.4
21390.4
21390.4
21390.4
21390.4
21390.4
21390.4
21390.4
21390.4
23388.1
23388.1
23388.1
23388.1
23388.1
23388.1
23388.1
23388.1
23388.1
23388.1
23388.1
23388.1
23388.1
23388.1
23388.1
23388.1
23388.1
23388.1
23388.1
23388.1
23388.1
23388.1
23388.1
23388.1
23388.1
23388.1
23388.1
23388.1
23388.1
23388.1
23388.1
23388.1
23388.1
23388.1
23388.1
23388.1
24906.4
24906.4
24906.4
24906.4
24906.4
24906.4
24906.4
24906.4
24906.4
24906.4
24906.4
24906.4
24906.4
24906.4
24906.4
24906.4
24906.4
24906.4
24906.4
24906.4
24906.4
24906.4
24906.4
24906.4
24906.4
24906.4
24906.4
24906.4
24906.4
24906.4
24906.4
24906.4
24906.4
24906.4
24906.4
24906.4
25665.4
25665.4
25665.4
25665.4
25665.4
25665.4
25665.4
25665.4
25665.4
25665.4
25665.4
25665.4
25665.4
25665.4
25665.4
25665.4
25665.4
25665.4
25665.4
25665.4
25665.4
25665.4
25665.4
25665.4
25665.4
25665.4
25665.4
25665.4
25665.4
25665.4
25665.4
25665.4
25665.4
25665.4
25665.4
25665.4
35194.6
35195.5
35193.5
35195
35195.4
35192.7
35195.6
35194.4
35194.5
35194.6
35195.5
35193.5
35195
35195.4
35192.7
35195.6
35194.4
35194.5
35194.6
35195.5
35193.5
35195
35195.4
35192.7
35195.6
35194.4
35194.5
35194.6
35195.5
35193.5
35195
35195.4
35192.7
35195.7
35194.4
35194.5
)
;
    }
    outside
    {
        type            calculated;
        value           nonuniform List<scalar> 
540
(
30418.6
30418.6
30418.6
30418.6
30418.6
30418.6
30418.6
30418.6
30418.6
30418.6
30418.6
30418.6
30418.6
30418.6
30418.6
30418.6
30418.6
30418.6
30418.6
30418.6
30418.6
30418.6
30418.6
30418.6
30418.6
30418.6
30418.6
30418.6
30418.6
30418.6
30418.6
30418.6
30418.6
30418.6
30418.6
30418.6
30102.5
30102.5
30102.5
30102.6
30102.5
30102.5
30102.5
30102.5
30102.5
30102.5
30102.5
30102.5
30102.6
30102.5
30102.5
30102.5
30102.5
30102.5
30102.5
30102.5
30102.5
30102.6
30102.5
30102.5
30102.5
30102.5
30102.5
30102.5
30102.5
30102.5
30102.6
30102.5
30102.5
30102.5
30102.5
30102.5
29788.9
29788.9
29788.9
29788.9
29788.9
29788.9
29788.9
29788.9
29788.9
29788.9
29788.9
29788.9
29788.9
29788.9
29788.9
29788.9
29788.9
29788.9
29788.9
29788.9
29788.9
29788.9
29788.9
29788.9
29788.9
29788.9
29788.9
29788.9
29788.9
29788.9
29788.9
29788.9
29788.9
29788.9
29788.9
29788.9
29385.9
29385.9
29385.9
29385.9
29385.9
29385.9
29385.9
29385.9
29385.9
29385.9
29385.9
29385.9
29385.9
29385.9
29385.9
29385.9
29385.9
29385.9
29385.9
29385.9
29385.9
29385.9
29385.9
29385.9
29385.9
29385.9
29385.9
29385.9
29385.9
29385.9
29385.9
29385.9
29385.9
29385.9
29385.9
29385.9
28729
28729
28729
28729
28729
28729
28729
28729
28729
28729
28729
28729
28729
28729
28729
28729
28729
28729
28729
28729
28729
28729
28729
28729
28729
28729
28729
28729
28729
28729
28729
28729
28729
28729
28729
28729
27679.4
27679.4
27679.4
27679.4
27679.4
27679.5
27679.5
27679.5
27679.5
27679.4
27679.4
27679.4
27679.4
27679.4
27679.5
27679.5
27679.5
27679.5
27679.4
27679.4
27679.4
27679.4
27679.4
27679.5
27679.5
27679.5
27679.5
27679.4
27679.4
27679.4
27679.4
27679.4
27679.5
27679.5
27679.5
27679.5
26184.6
26184.6
26184.6
26184.6
26184.6
26184.7
26184.6
26184.6
26184.6
26184.6
26184.6
26184.6
26184.6
26184.6
26184.7
26184.6
26184.6
26184.6
26184.6
26184.6
26184.6
26184.6
26184.6
26184.7
26184.6
26184.6
26184.6
26184.6
26184.6
26184.6
26184.6
26184.6
26184.7
26184.6
26184.6
26184.6
24395.1
24395.1
24395
24395
24395.1
24395.1
24395.1
24395
24395
24395.1
24395.1
24395
24395
24395.1
24395.1
24395.1
24395
24395
24395.1
24395.1
24395
24395
24395.1
24395.1
24395.1
24395
24395
24395.1
24395.1
24395
24395
24395.1
24395.1
24395.1
24395
24395
22912.3
22912.3
22912.3
22912.3
22912.3
22912.3
22912.3
22912.3
22912.2
22912.3
22912.3
22912.3
22912.3
22912.3
22912.3
22912.3
22912.3
22912.2
22912.3
22912.3
22912.3
22912.3
22912.3
22912.3
22912.3
22912.3
22912.2
22912.3
22912.3
22912.3
22912.3
22912.3
22912.3
22912.3
22912.3
22912.2
22767.3
22767.3
22767.3
22767.3
22767.3
22767.3
22767.3
22767.3
22767.3
22767.3
22767.3
22767.3
22767.3
22767.3
22767.3
22767.3
22767.3
22767.3
22767.3
22767.3
22767.3
22767.3
22767.3
22767.3
22767.3
22767.3
22767.3
22767.3
22767.3
22767.3
22767.3
22767.3
22767.3
22767.3
22767.3
22767.3
24216.5
24216.5
24216.5
24216.5
24216.5
24216.5
24216.5
24216.5
24216.5
24216.5
24216.5
24216.5
24216.5
24216.5
24216.5
24216.5
24216.5
24216.5
24216.5
24216.5
24216.5
24216.5
24216.5
24216.5
24216.5
24216.5
24216.5
24216.5
24216.5
24216.5
24216.5
24216.5
24216.5
24216.5
24216.5
24216.5
26136.3
26136.3
26136.3
26136.3
26136.4
26136.4
26136.4
26136.3
26136.3
26136.3
26136.3
26136.3
26136.3
26136.4
26136.4
26136.4
26136.3
26136.3
26136.3
26136.3
26136.3
26136.3
26136.4
26136.4
26136.4
26136.3
26136.3
26136.3
26136.3
26136.3
26136.3
26136.4
26136.4
26136.4
26136.3
26136.3
27552.8
27552.8
27552.8
27552.8
27552.9
27552.9
27552.9
27552.9
27552.8
27552.8
27552.8
27552.8
27552.8
27552.9
27552.9
27552.9
27552.9
27552.8
27552.8
27552.8
27552.8
27552.8
27552.9
27552.9
27552.9
27552.9
27552.8
27552.8
27552.8
27552.8
27552.8
27552.9
27552.9
27552.9
27552.9
27552.8
28284.5
28284.4
28284.5
28284.7
28284.6
28284.6
28284.7
28284.7
28284.5
28284.5
28284.4
28284.5
28284.7
28284.6
28284.6
28284.7
28284.7
28284.5
28284.5
28284.4
28284.5
28284.7
28284.6
28284.6
28284.7
28284.7
28284.5
28284.5
28284.4
28284.5
28284.7
28284.6
28284.6
28284.7
28284.7
28284.5
34316.6
34324.6
34325.4
34315.9
34317.8
34325.9
34320.3
34313.8
34315.7
34316.5
34324.6
34325.5
34316
34317.9
34326
34320.4
34313.8
34315.7
34316.6
34324.6
34325.5
34316
34317.9
34326
34320.4
34313.8
34315.7
34316.5
34324.6
34325.5
34316
34317.9
34325.9
34320.4
34313.8
34315.7
)
;
    }
}


// ************************************************************************* //
