/*--------------------------------*- C++ -*----------------------------------*\
| =========                 |                                                 |
| \\      /  F ield         | OpenFOAM: The Open Source CFD Toolbox           |
|  \\    /   O peration     | Version:  2412                                  |
|   \\  /    A nd           | Website:  www.openfoam.com                      |
|    \\/     M anipulation  |                                                 |
\*---------------------------------------------------------------------------*/
FoamFile
{
    version     2.0;
    format      ascii;
    arch        "LSB;label=32;scalar=64";
    class       volScalarField;
    location    "0.0350058";
    object      Vm_0;
}
// * * * * * * * * * * * * * * * * * * * * * * * * * * * * * * * * * * * * * //

dimensions      [1 2 -3 0 0 -1 0];

internalField   nonuniform List<scalar> 
8679
(
0.0145727
0.0145683
0.0145572
0.0145403
0.0145194
0.0144938
0.0144635
0.0144286
0.0143879
0.0143417
0.0142892
0.0142326
0.0141718
0.014107
0.0140369
0.0139617
0.0138832
0.0138006
0.013713
0.01362
0.0135227
0.0134203
0.0133132
0.0132027
0.0130896
0.0129727
0.0128532
0.0127301
0.0126022
0.0124704
0.012336
0.0121984
0.0120575
0.0145647
0.0145589
0.0145478
0.0145322
0.014511
0.0144843
0.0144536
0.0144175
0.0143758
0.01433
0.0142793
0.0142232
0.0141627
0.0140967
0.0140257
0.0139508
0.0138707
0.0137871
0.0136991
0.0136064
0.0135092
0.0134075
0.0133019
0.0131935
0.0130804
0.0129638
0.0128428
0.0127189
0.0125911
0.0124588
0.0123238
0.0121861
0.0120456
0.0145405
0.0145352
0.0145252
0.0145091
0.0144883
0.014462
0.01443
0.0143926
0.0143506
0.0143029
0.0142514
0.0141957
0.0141354
0.0140703
0.0140015
0.0139273
0.0138492
0.0137663
0.0136776
0.0135843
0.0134881
0.0133876
0.013282
0.0131725
0.0130598
0.0129426
0.0128223
0.0126978
0.0125686
0.0124372
0.0123032
0.012166
0.0120253
0.0155933
0.0155884
0.0155786
0.0155635
0.0155435
0.0155184
0.0154882
0.0154535
0.0154139
0.0153698
0.0153206
0.0152662
0.0152066
0.0151423
0.0150739
0.0150001
0.0149224
0.0148405
0.0147539
0.0146626
0.0145673
0.0144684
0.0143645
0.0142568
0.0141445
0.0140294
0.013911
0.0137887
0.013662
0.0135309
0.0133955
0.0132561
0.013113
0.0155835
0.0155783
0.0155686
0.0155529
0.0155328
0.0155075
0.0154774
0.0154428
0.0154024
0.0153578
0.0153087
0.0152546
0.0151957
0.0151323
0.0150639
0.0149905
0.0149113
0.0148284
0.0147415
0.0146508
0.0145568
0.0144577
0.0143543
0.0142471
0.0141357
0.0140192
0.0138995
0.0137763
0.0136491
0.0135178
0.0133824
0.0132435
0.0131007
0.0155666
0.0155609
0.0155501
0.0155354
0.0155157
0.0154902
0.0154591
0.0154228
0.0153818
0.0153353
0.015285
0.0152311
0.0151735
0.0151103
0.0150421
0.014969
0.0148918
0.0148102
0.0147239
0.014633
0.0145381
0.0144398
0.0143364
0.014229
0.0141167
0.014001
0.0138815
0.0137572
0.0136282
0.0134963
0.0133619
0.0132234
0.0130806
0.0155363
0.0155305
0.0155196
0.0155047
0.0154849
0.0154594
0.0154282
0.0153917
0.0153506
0.0153038
0.0152533
0.015199
0.0151408
0.0150778
0.0150096
0.0149363
0.014859
0.0147772
0.0146908
0.0145999
0.0145051
0.0144067
0.0143032
0.0141959
0.0140836
0.0139676
0.0138474
0.0137221
0.0135934
0.0134615
0.0133267
0.013189
0.0130466
0.0154873
0.015482
0.0154719
0.015456
0.0154355
0.0154101
0.0153796
0.0153444
0.0153034
0.0152581
0.0152082
0.0151535
0.0150942
0.0150304
0.0149615
0.0148875
0.0148084
0.0147253
0.0146384
0.0145478
0.014454
0.0143549
0.0142513
0.0141447
0.0140336
0.0139173
0.0137976
0.0136744
0.0135472
0.0134159
0.0132806
0.0131413
0.0129985
0.0165315
0.0165279
0.0165187
0.0165048
0.0164855
0.0164605
0.01643
0.0163948
0.0163563
0.0163138
0.0162667
0.016215
0.0161592
0.0160986
0.0160337
0.0159636
0.0158888
0.0158092
0.0157252
0.0156366
0.0155444
0.0154473
0.0153462
0.0152402
0.0151299
0.015016
0.0148983
0.0147768
0.0146507
0.0145205
0.0143872
0.014249
0.0141069
0.0165257
0.0165204
0.0165101
0.0164957
0.0164764
0.0164519
0.0164224
0.0163884
0.016349
0.0163056
0.016258
0.016206
0.0161501
0.0160888
0.0160234
0.0159536
0.0158787
0.0157989
0.0157144
0.0156256
0.0155333
0.0154364
0.015336
0.0152314
0.0151218
0.015007
0.0148883
0.0147663
0.0146408
0.0145106
0.0143761
0.014237
0.0140943
0.016508
0.016503
0.0164937
0.0164789
0.0164587
0.0164342
0.0164059
0.0163722
0.0163341
0.0162908
0.016243
0.0161901
0.0161325
0.0160708
0.0160038
0.015933
0.0158582
0.0157792
0.0156961
0.0156082
0.0155153
0.015419
0.0153181
0.0152119
0.0151023
0.0149886
0.0148707
0.0147484
0.0146221
0.0144914
0.0143571
0.0142183
0.0140746
0.0164815
0.0164761
0.0164662
0.0164505
0.0164306
0.0164064
0.0163779
0.0163444
0.0163062
0.0162626
0.0162143
0.0161613
0.0161036
0.0160416
0.0159744
0.0159035
0.0158285
0.0157494
0.0156662
0.0155782
0.0154851
0.0153881
0.0152861
0.0151807
0.0150715
0.0149582
0.0148403
0.014718
0.0145915
0.0144604
0.0143254
0.0141873
0.0140443
0.01644
0.0164347
0.016424
0.016409
0.0163893
0.0163644
0.0163344
0.0162998
0.0162602
0.0162162
0.0161679
0.0161154
0.0160588
0.015997
0.0159312
0.0158607
0.0157851
0.0157053
0.0156207
0.0155319
0.0154398
0.0153428
0.015242
0.0151367
0.0150257
0.014911
0.0147928
0.014671
0.014545
0.0144153
0.0142811
0.0141422
0.0139996
0.0163771
0.0163714
0.0163606
0.0163458
0.0163263
0.0163017
0.0162718
0.0162372
0.0161975
0.0161536
0.0161057
0.0160536
0.0159964
0.0159338
0.0158677
0.0157974
0.0157222
0.0156419
0.015557
0.0154679
0.0153756
0.0152784
0.0151774
0.0150719
0.0149607
0.0148459
0.0147276
0.0146057
0.0144792
0.0143486
0.0142142
0.0140754
0.0139318
0.0162909
0.0162858
0.0162759
0.016261
0.0162414
0.0162168
0.0161873
0.0161537
0.0161146
0.0160701
0.0160214
0.0159688
0.0159112
0.0158484
0.0157821
0.0157117
0.0156364
0.015556
0.0154708
0.0153813
0.0152887
0.015191
0.0150893
0.0149824
0.0148723
0.0147586
0.0146409
0.0145188
0.0143926
0.0142624
0.0141276
0.0139888
0.0138455
0.016174
0.01617
0.0161612
0.0161472
0.0161285
0.0161044
0.0160748
0.0160406
0.016002
0.0159582
0.0159097
0.0158566
0.0157992
0.0157371
0.0156703
0.0155994
0.015524
0.0154434
0.0153577
0.0152673
0.0151731
0.0150756
0.0149735
0.0148681
0.014759
0.0146454
0.0145269
0.0144049
0.0142795
0.0141505
0.0140165
0.0138778
0.0137342
0.0160266
0.0160221
0.0160133
0.0159985
0.0159796
0.0159561
0.0159282
0.0158948
0.0158558
0.0158116
0.0157629
0.0157098
0.0156528
0.0155908
0.0155237
0.0154531
0.0153782
0.0152983
0.0152135
0.0151237
0.0150298
0.0149325
0.0148305
0.0147249
0.014615
0.0145012
0.0143839
0.0142625
0.014137
0.0140071
0.0138728
0.0137336
0.0135899
0.0158487
0.0158444
0.0158347
0.0158195
0.0157989
0.0157738
0.0157443
0.0157107
0.0156716
0.0156285
0.0155807
0.015528
0.0154703
0.0154081
0.0153426
0.0152722
0.0151967
0.0151169
0.0150323
0.0149431
0.0148498
0.0147531
0.0146511
0.014545
0.0144352
0.0143218
0.0142038
0.0140821
0.0139563
0.0138262
0.0136917
0.0135529
0.0134103
0.0156303
0.0156246
0.015614
0.0155993
0.0155796
0.0155548
0.0155246
0.0154894
0.0154497
0.0154059
0.0153582
0.0153056
0.015248
0.0151861
0.0151206
0.01505
0.0149752
0.0148954
0.0148102
0.0147211
0.0146285
0.0145311
0.0144289
0.0143229
0.0142132
0.014099
0.0139819
0.0138611
0.0137359
0.0136059
0.0134709
0.0133327
0.0131901
0.0153606
0.0153554
0.0153454
0.0153305
0.0153108
0.015286
0.0152557
0.0152205
0.015181
0.0151371
0.0150893
0.0150367
0.0149794
0.0149175
0.0148518
0.0147812
0.0147055
0.0146249
0.0145402
0.014451
0.0143576
0.0142597
0.0141577
0.0140522
0.0139416
0.0138269
0.0137087
0.0135869
0.0134604
0.0133305
0.0131968
0.0130589
0.0129168
0.0150468
0.0150424
0.0150328
0.0150177
0.0149975
0.0149725
0.0149424
0.0149071
0.0148676
0.014824
0.0147758
0.0147223
0.0146649
0.0146036
0.014537
0.0144657
0.0143896
0.0143087
0.0142237
0.0141339
0.01404
0.0139418
0.0138396
0.0137328
0.0136218
0.0135076
0.0133887
0.0132663
0.0131395
0.0130098
0.0128768
0.0127399
0.0125986
0.0147177
0.0147126
0.0147029
0.0146877
0.0146674
0.0146423
0.0146121
0.0145769
0.0145374
0.0144934
0.0144446
0.014391
0.0143331
0.0142702
0.0142026
0.0141298
0.014053
0.0139716
0.0138859
0.0137954
0.0136996
0.0136009
0.0134994
0.0133938
0.013283
0.0131678
0.0130492
0.0129258
0.012799
0.0126682
0.0125347
0.012398
0.0122577
0.0144697
0.0144639
0.0144529
0.0144367
0.0144152
0.0143893
0.0143588
0.0143235
0.0142838
0.0142406
0.0141921
0.0141397
0.0140826
0.0140199
0.0139516
0.0138783
0.0138009
0.0137188
0.0136324
0.0135407
0.0134457
0.013347
0.0132441
0.0131367
0.0130249
0.0129096
0.0127907
0.0126676
0.0125404
0.0124091
0.0122744
0.0121365
0.0119943
0.0173912
0.0173864
0.0173772
0.0173621
0.0173426
0.0173187
0.0172907
0.0172574
0.0172205
0.0171796
0.0171345
0.0170857
0.0170317
0.0169738
0.0169116
0.0168445
0.0167724
0.0166957
0.0166152
0.0165299
0.0164412
0.0163486
0.0162513
0.0161492
0.0160422
0.0159303
0.0158141
0.0156932
0.0155682
0.0154387
0.0153047
0.0151667
0.0150236
0.0173847
0.0173798
0.0173708
0.0173565
0.0173372
0.0173139
0.0172859
0.0172531
0.0172156
0.0171746
0.0171298
0.0170804
0.0170261
0.016967
0.0169038
0.0168363
0.0167644
0.0166886
0.0166075
0.0165223
0.016432
0.0163381
0.0162402
0.0161378
0.0160307
0.0159189
0.0158028
0.015682
0.0155577
0.0154283
0.0152948
0.0151565
0.0150139
0.0173726
0.0173672
0.017357
0.0173429
0.0173239
0.0173
0.0172717
0.0172399
0.0172038
0.0171627
0.0171167
0.0170662
0.0170123
0.016954
0.0168905
0.0168227
0.0167507
0.0166738
0.0165927
0.0165071
0.0164171
0.0163221
0.0162231
0.0161202
0.0160133
0.0159026
0.0157868
0.0156663
0.0155409
0.0154119
0.015278
0.0151393
0.0149959
0.0173486
0.0173435
0.0173332
0.0173187
0.0172997
0.0172758
0.0172475
0.0172155
0.0171789
0.0171378
0.0170915
0.0170406
0.0169861
0.0169269
0.0168631
0.0167958
0.0167239
0.0166466
0.016565
0.0164799
0.0163901
0.0162948
0.0161956
0.0160926
0.0159858
0.0158746
0.0157593
0.0156391
0.0155138
0.0153846
0.01525
0.0151116
0.0149684
0.0173089
0.0173038
0.0172938
0.0172788
0.0172594
0.0172355
0.0172075
0.0171741
0.0171366
0.0170948
0.0170488
0.0169989
0.0169439
0.0168849
0.0168216
0.0167537
0.0166809
0.0166036
0.0165226
0.0164369
0.0163477
0.0162544
0.0161564
0.0160535
0.0159457
0.0158334
0.0157168
0.0155957
0.0154704
0.0153406
0.0152061
0.0150675
0.0149246
0.0172513
0.0172463
0.0172365
0.0172218
0.0172031
0.0171803
0.0171525
0.0171194
0.0170814
0.0170395
0.0169939
0.0169436
0.0168881
0.0168277
0.0167634
0.016695
0.0166223
0.0165457
0.0164645
0.0163787
0.0162887
0.0161948
0.0160964
0.0159931
0.015885
0.0157722
0.0156551
0.0155341
0.0154089
0.0152791
0.0151446
0.0150059
0.0148629
0.0171724
0.0171681
0.0171587
0.0171443
0.0171255
0.017102
0.0170741
0.0170419
0.0170051
0.0169633
0.0169166
0.0168654
0.0168094
0.0167485
0.0166838
0.0166149
0.0165419
0.0164647
0.0163827
0.0162959
0.016206
0.0161119
0.0160126
0.0159079
0.0157992
0.0156869
0.0155711
0.0154508
0.0153255
0.0151959
0.0150606
0.0149209
0.0147773
0.0170646
0.0170597
0.0170502
0.0170359
0.0170174
0.0169946
0.0169663
0.0169333
0.0168964
0.016855
0.0168088
0.0167583
0.016703
0.0166429
0.0165783
0.0165088
0.0164356
0.0163576
0.0162749
0.0161875
0.0160968
0.0160019
0.0159013
0.0157972
0.0156893
0.0155776
0.0154611
0.0153402
0.0152154
0.0150859
0.0149513
0.0148118
0.0146677
0.0169239
0.0169193
0.0169109
0.0168969
0.0168778
0.0168547
0.0168264
0.0167936
0.0167566
0.0167149
0.0166684
0.0166172
0.0165619
0.016502
0.0164381
0.0163696
0.0162964
0.0162184
0.0161356
0.0160491
0.0159576
0.0158622
0.0157618
0.015658
0.0155504
0.0154387
0.0153226
0.0152013
0.0150752
0.0149449
0.0148104
0.0146712
0.0145272
0.0167508
0.0167458
0.016736
0.0167212
0.0167017
0.0166777
0.0166491
0.0166163
0.0165781
0.0165358
0.0164892
0.0164383
0.0163836
0.0163238
0.0162602
0.0161923
0.0161195
0.0160416
0.0159586
0.0158711
0.0157798
0.0156849
0.015586
0.0154822
0.0153743
0.0152618
0.0151454
0.0150239
0.0148975
0.0147665
0.0146316
0.0144924
0.0143485
0.0165327
0.0165276
0.0165178
0.0165025
0.0164829
0.0164588
0.0164304
0.0163971
0.0163585
0.0163161
0.0162694
0.0162181
0.0161625
0.0161025
0.0160379
0.0159688
0.0158955
0.0158176
0.0157347
0.0156473
0.015556
0.0154606
0.0153608
0.0152564
0.0151469
0.015034
0.0149172
0.0147961
0.0146704
0.0145401
0.0144048
0.0142654
0.0141214
0.0162653
0.0162602
0.0162497
0.0162349
0.0162149
0.0161904
0.0161612
0.0161267
0.0160875
0.0160449
0.0159979
0.0159459
0.0158891
0.0158282
0.0157632
0.0156938
0.0156187
0.0155395
0.0154558
0.0153679
0.0152762
0.0151802
0.0150796
0.0149741
0.0148651
0.0147518
0.0146335
0.0145107
0.0143846
0.0142538
0.0141185
0.0139788
0.0138356
0.0159422
0.0159369
0.0159261
0.0159105
0.0158892
0.0158639
0.0158345
0.0158014
0.015763
0.0157207
0.0156733
0.0156205
0.0155638
0.0155018
0.015435
0.0153642
0.0152883
0.0152078
0.0151232
0.0150344
0.0149415
0.0148438
0.0147419
0.0146367
0.0145266
0.014413
0.0142946
0.0141711
0.0140436
0.0139119
0.0137762
0.0136362
0.013492
0.0155893
0.0155839
0.0155738
0.0155583
0.0155378
0.0155122
0.0154822
0.0154481
0.0154092
0.0153669
0.0153195
0.0152672
0.0152093
0.0151461
0.0150779
0.0150049
0.0149284
0.014847
0.01476
0.0146696
0.0145757
0.0144783
0.0143769
0.0142705
0.0141595
0.0140442
0.0139244
0.0138002
0.0136711
0.0135377
0.0134014
0.013262
0.0131185
0.0153188
0.0153127
0.0153011
0.0152849
0.0152629
0.015237
0.015207
0.0151731
0.0151348
0.0150916
0.0150445
0.0149926
0.0149351
0.0148719
0.0148031
0.0147295
0.0146522
0.01457
0.0144833
0.0143928
0.0142983
0.0141996
0.0140963
0.0139888
0.0138765
0.0137605
0.0136402
0.0135157
0.013386
0.0132534
0.0131173
0.0129772
0.0128328
0.0181718
0.0181682
0.0181591
0.0181456
0.0181273
0.0181041
0.0180767
0.018045
0.0180099
0.0179715
0.0179284
0.0178804
0.017829
0.0177738
0.0177144
0.0176508
0.0175822
0.0175085
0.0174301
0.0173476
0.0172611
0.0171701
0.0170747
0.016975
0.0168706
0.0167612
0.0166465
0.0165278
0.0164044
0.0162756
0.0161422
0.0160041
0.015861
0.0181677
0.0181632
0.0181537
0.0181403
0.0181223
0.0180996
0.0180729
0.0180413
0.0180062
0.0179678
0.0179249
0.0178772
0.0178248
0.0177684
0.0177081
0.0176442
0.0175749
0.0175012
0.0174223
0.0173396
0.0172526
0.0171612
0.0170655
0.0169651
0.0168606
0.0167516
0.0166378
0.0165183
0.0163944
0.0162652
0.0161317
0.0159936
0.0158507
0.0181551
0.0181506
0.0181423
0.018129
0.0181112
0.0180889
0.0180618
0.0180311
0.0179963
0.0179571
0.0179139
0.0178664
0.0178148
0.0177588
0.0176981
0.017633
0.0175641
0.0174901
0.0174122
0.0173299
0.0172429
0.0171508
0.017054
0.0169529
0.0168472
0.0167377
0.0166229
0.0165037
0.0163795
0.0162511
0.0161182
0.0159803
0.0158372
0.0181343
0.0181295
0.0181203
0.0181065
0.0180887
0.0180668
0.0180405
0.01801
0.0179746
0.0179352
0.0178912
0.0178437
0.0177919
0.0177359
0.0176757
0.0176107
0.0175415
0.0174678
0.0173899
0.0173076
0.0172204
0.017128
0.0170307
0.0169288
0.0168228
0.0167127
0.0165981
0.016479
0.0163548
0.0162262
0.0160927
0.0159541
0.01581
0.0180988
0.0180944
0.018086
0.0180726
0.0180544
0.0180317
0.0180041
0.0179728
0.0179374
0.0178976
0.0178538
0.0178057
0.0177535
0.0176971
0.0176366
0.0175719
0.0175027
0.0174285
0.0173496
0.0172666
0.0171792
0.0170871
0.0169899
0.0168882
0.0167818
0.0166718
0.0165566
0.0164375
0.0163136
0.0161846
0.016051
0.0159126
0.0157691
0.0180492
0.018045
0.0180361
0.0180223
0.0180043
0.0179819
0.0179548
0.0179231
0.0178876
0.0178483
0.0178045
0.0177558
0.0177023
0.0176449
0.0175834
0.0175181
0.0174483
0.0173736
0.0172943
0.0172109
0.0171233
0.0170309
0.0169337
0.0168317
0.0167251
0.0166147
0.016499
0.0163792
0.0162546
0.0161258
0.0159924
0.0158541
0.0157104
0.017978
0.0179729
0.0179633
0.0179497
0.0179315
0.0179091
0.0178827
0.0178523
0.0178171
0.0177771
0.0177328
0.0176839
0.0176306
0.0175724
0.0175106
0.017444
0.0173732
0.017298
0.0172183
0.0171347
0.017047
0.0169545
0.016857
0.0167546
0.016648
0.0165371
0.0164215
0.016301
0.0161759
0.0160462
0.0159111
0.0157713
0.015627
0.0178772
0.0178722
0.0178626
0.0178491
0.017831
0.0178083
0.0177814
0.01775
0.0177147
0.0176753
0.0176307
0.0175816
0.0175284
0.0174706
0.0174088
0.0173419
0.0172707
0.0171958
0.017116
0.0170315
0.016943
0.0168502
0.0167526
0.0166504
0.0165439
0.0164328
0.0163179
0.0161976
0.0160728
0.0159428
0.0158078
0.0156675
0.0155215
0.0177433
0.0177391
0.0177302
0.0177164
0.0176982
0.0176754
0.0176484
0.0176172
0.0175819
0.017542
0.0174975
0.0174483
0.0173946
0.0173367
0.0172743
0.0172074
0.017136
0.0170606
0.0169805
0.0168959
0.016806
0.0167125
0.016615
0.0165137
0.0164073
0.0162962
0.0161809
0.0160599
0.015934
0.0158036
0.0156682
0.0155284
0.0153837
0.0175727
0.0175676
0.0175575
0.0175435
0.0175254
0.0175029
0.0174764
0.0174453
0.0174097
0.017369
0.0173234
0.0172733
0.0172195
0.017161
0.017097
0.0170295
0.0169586
0.0168834
0.0168034
0.0167193
0.0166301
0.016537
0.0164393
0.0163374
0.0162308
0.016119
0.0160021
0.0158806
0.0157542
0.0156239
0.0154885
0.0153486
0.0152031
0.0173547
0.0173492
0.0173388
0.017324
0.0173052
0.017282
0.0172549
0.0172234
0.0171872
0.0171457
0.0170998
0.0170499
0.0169953
0.0169356
0.0168712
0.016803
0.0167309
0.0166547
0.0165746
0.0164891
0.0163992
0.0163051
0.0162069
0.0161038
0.0159953
0.0158828
0.0157666
0.0156461
0.0155202
0.0153897
0.0152544
0.015113
0.014967
0.0170778
0.017073
0.0170627
0.0170478
0.0170278
0.0170039
0.0169763
0.0169442
0.0169075
0.0168661
0.0168196
0.016768
0.0167118
0.0166508
0.0165865
0.0165182
0.0164452
0.0163673
0.0162846
0.0161973
0.0161061
0.0160113
0.0159123
0.0158082
0.0156999
0.0155872
0.0154698
0.0153478
0.0152214
0.0150901
0.0149547
0.0148133
0.0146672
0.0167357
0.0167304
0.0167203
0.0167055
0.0166859
0.0166615
0.0166324
0.0165992
0.0165617
0.0165195
0.0164718
0.0164197
0.0163637
0.0163028
0.0162371
0.0161668
0.0160921
0.0160128
0.0159286
0.01584
0.0157473
0.0156515
0.0155509
0.0154467
0.0153378
0.0152236
0.0151047
0.0149812
0.014853
0.0147206
0.0145842
0.0144436
0.0142982
0.0163491
0.0163445
0.0163344
0.0163193
0.0162983
0.0162733
0.0162447
0.0162116
0.0161735
0.0161314
0.0160843
0.0160319
0.0159742
0.0159112
0.0158438
0.0157721
0.015696
0.0156145
0.0155287
0.0154394
0.0153468
0.01525
0.0151483
0.0150427
0.0149319
0.014817
0.0146973
0.0145721
0.0144428
0.0143098
0.0141732
0.0140319
0.0138857
0.0160451
0.0160396
0.016029
0.0160135
0.0159931
0.0159679
0.0159391
0.0159053
0.0158669
0.0158234
0.0157751
0.0157224
0.015665
0.0156029
0.0155352
0.015463
0.0153863
0.0153042
0.0152171
0.0151266
0.0150326
0.0149351
0.014833
0.0147259
0.0146149
0.0144985
0.014378
0.0142524
0.0141224
0.0139889
0.0138513
0.0137092
0.0135628
0.0188795
0.0188749
0.0188661
0.018853
0.0188361
0.0188145
0.0187883
0.0187587
0.0187258
0.0186897
0.0186488
0.0186043
0.0185562
0.0185042
0.0184475
0.0183857
0.0183188
0.0182475
0.0181717
0.0180914
0.0180071
0.0179182
0.0178244
0.0177258
0.0176215
0.0175131
0.0174
0.0172811
0.0171564
0.0170273
0.0168929
0.0167525
0.016607
0.0188748
0.0188706
0.0188626
0.0188499
0.0188331
0.0188123
0.0187873
0.0187585
0.0187255
0.0186887
0.0186476
0.0186024
0.0185536
0.0185003
0.0184426
0.0183803
0.0183126
0.018241
0.0181651
0.0180853
0.0180009
0.0179115
0.0178166
0.0177174
0.0176132
0.0175046
0.0173911
0.0172724
0.0171483
0.0170191
0.0168841
0.0167436
0.0165975
0.0188631
0.0188593
0.0188512
0.018839
0.0188222
0.0188012
0.0187767
0.0187481
0.018715
0.0186778
0.0186373
0.0185927
0.0185437
0.0184902
0.0184325
0.0183704
0.0183039
0.0182328
0.0181568
0.0180758
0.0179902
0.0178996
0.0178048
0.0177046
0.0176002
0.0174908
0.0173758
0.0172561
0.0171319
0.0170024
0.016868
0.0167283
0.0165831
0.0188449
0.0188409
0.0188333
0.0188213
0.0188047
0.0187838
0.0187593
0.0187304
0.0186974
0.01866
0.0186191
0.018574
0.0185251
0.0184715
0.0184138
0.0183516
0.0182851
0.0182138
0.0181375
0.0180562
0.0179699
0.0178791
0.0177836
0.0176833
0.0175782
0.0174678
0.0173528
0.0172329
0.0171083
0.0169781
0.0168427
0.0167027
0.0165577
0.0188155
0.0188117
0.0188035
0.018791
0.0187739
0.0187525
0.0187277
0.0186987
0.0186654
0.0186281
0.0185865
0.0185409
0.0184911
0.018437
0.0183792
0.0183162
0.0182491
0.0181775
0.0181011
0.0180199
0.0179341
0.0178436
0.0177479
0.0176471
0.0175416
0.0174317
0.0173166
0.0171962
0.0170708
0.0169407
0.0168062
0.0166656
0.0165194
0.0187711
0.0187673
0.0187588
0.018746
0.0187295
0.0187087
0.0186832
0.0186536
0.0186199
0.0185822
0.0185404
0.0184946
0.0184448
0.0183908
0.0183323
0.0182688
0.0182004
0.0181277
0.0180504
0.0179687
0.0178827
0.017792
0.0176961
0.0175946
0.0174891
0.0173786
0.0172625
0.0171417
0.0170166
0.0168862
0.0167512
0.0166108
0.0164647
0.0187069
0.0187024
0.0186939
0.0186809
0.0186642
0.0186429
0.018618
0.0185886
0.0185547
0.0185164
0.0184748
0.0184288
0.0183782
0.0183229
0.0182633
0.018199
0.0181301
0.018057
0.0179795
0.0178976
0.0178116
0.0177208
0.0176247
0.0175229
0.0174168
0.0173055
0.0171899
0.0170695
0.0169441
0.0168136
0.016677
0.0165351
0.0163874
0.0186114
0.0186074
0.0185991
0.0185866
0.0185696
0.0185483
0.0185234
0.0184942
0.0184603
0.0184218
0.0183794
0.0183324
0.0182814
0.0182265
0.0181666
0.0181022
0.0180335
0.0179597
0.0178809
0.0177984
0.0177114
0.0176203
0.0175242
0.0174227
0.0173168
0.0172059
0.0170907
0.0169706
0.0168451
0.0167141
0.0165777
0.0164352
0.0162873
0.0184844
0.0184803
0.0184716
0.0184585
0.0184418
0.0184204
0.0183954
0.0183664
0.0183327
0.0182945
0.0182514
0.0182037
0.0181518
0.0180957
0.0180352
0.0179705
0.0179012
0.0178273
0.0177484
0.017665
0.0175771
0.0174847
0.0173881
0.0172876
0.017182
0.017071
0.0169548
0.0168338
0.0167072
0.0165747
0.0164377
0.0162955
0.0161484
0.0183167
0.0183113
0.0183013
0.0182877
0.0182702
0.0182489
0.0182243
0.0181953
0.0181613
0.018122
0.0180778
0.0180295
0.0179762
0.0179186
0.0178574
0.0177922
0.0177222
0.0176479
0.0175694
0.0174861
0.0173975
0.0173047
0.0172079
0.0171063
0.0169998
0.0168882
0.0167714
0.0166498
0.0165236
0.0163924
0.0162558
0.0161139
0.0159658
0.0180937
0.0180883
0.0180782
0.0180635
0.0180448
0.0180222
0.0179962
0.017965
0.0179299
0.0178904
0.0178469
0.0177979
0.0177442
0.0176855
0.0176227
0.0175561
0.0174856
0.0174105
0.0173303
0.0172463
0.0171577
0.017064
0.016965
0.0168621
0.0167555
0.0166435
0.0165268
0.0164052
0.0162785
0.0161469
0.0160098
0.0158664
0.0157181
0.0178001
0.0177951
0.0177853
0.0177706
0.0177514
0.0177281
0.0177008
0.0176691
0.0176331
0.0175923
0.0175465
0.0174957
0.0174407
0.0173805
0.0173166
0.0172488
0.0171769
0.0171
0.0170189
0.0169335
0.0168439
0.0167493
0.0166491
0.0165454
0.0164372
0.0163246
0.0162078
0.0160859
0.0159589
0.0158272
0.0156903
0.0155474
0.0153995
0.0174232
0.0174194
0.0174101
0.0173962
0.0173773
0.0173531
0.017324
0.0172904
0.0172533
0.0172119
0.0171656
0.0171145
0.0170595
0.016999
0.0169344
0.0168654
0.0167917
0.0167129
0.0166295
0.016542
0.0164505
0.0163547
0.016255
0.0161511
0.0160427
0.0159292
0.0158105
0.0156866
0.015558
0.0154254
0.0152873
0.0151439
0.0149966
0.0169877
0.016983
0.0169738
0.0169587
0.0169392
0.0169152
0.0168868
0.0168543
0.0168164
0.0167745
0.0167278
0.016676
0.0166195
0.0165583
0.0164922
0.0164215
0.0163464
0.0162664
0.0161816
0.0160924
0.0159995
0.0159026
0.0158016
0.0156966
0.0155871
0.0154732
0.0153545
0.0152306
0.0151016
0.0149682
0.0148297
0.0146871
0.0145388
0.0166429
0.0166378
0.0166271
0.0166116
0.0165914
0.0165674
0.0165396
0.0165069
0.0164688
0.0164267
0.0163799
0.0163278
0.0162706
0.0162086
0.0161422
0.0160706
0.0159946
0.0159138
0.0158279
0.0157384
0.0156442
0.0155455
0.015443
0.0153364
0.0152258
0.0151115
0.0149925
0.0148689
0.0147404
0.014607
0.0144689
0.0143253
0.0141768
0.0195133
0.0195093
0.0195019
0.0194903
0.0194742
0.0194539
0.0194307
0.0194043
0.0193745
0.0193407
0.019303
0.0192616
0.0192162
0.0191664
0.0191119
0.0190524
0.018988
0.0189189
0.018845
0.018766
0.018682
0.0185924
0.0184978
0.0183979
0.0182926
0.0181821
0.0180658
0.0179443
0.0178178
0.0176856
0.0175478
0.0174037
0.017253
0.0195101
0.0195064
0.0194988
0.0194872
0.0194716
0.0194523
0.0194293
0.0194034
0.0193737
0.0193396
0.0193015
0.0192599
0.019214
0.0191633
0.0191076
0.0190475
0.0189829
0.018914
0.0188395
0.01876
0.0186759
0.0185864
0.0184912
0.018391
0.0182858
0.0181751
0.0180591
0.0179379
0.0178113
0.0176791
0.0175407
0.0173965
0.0172461
0.0195024
0.0194983
0.0194898
0.0194782
0.0194633
0.0194445
0.0194217
0.0193954
0.019365
0.0193312
0.0192933
0.0192509
0.0192043
0.019154
0.0190994
0.0190398
0.0189748
0.0189046
0.0188297
0.0187501
0.0186648
0.0185751
0.0184805
0.0183809
0.0182754
0.0181646
0.0180479
0.0179261
0.0177992
0.0176665
0.0175279
0.0173832
0.0172329
0.0194864
0.0194827
0.019475
0.0194634
0.0194482
0.0194296
0.0194073
0.0193808
0.0193503
0.0193158
0.0192777
0.0192355
0.0191887
0.0191383
0.0190834
0.0190234
0.018958
0.0188875
0.0188123
0.0187321
0.0186469
0.018557
0.0184621
0.0183622
0.0182562
0.0181444
0.0180273
0.0179048
0.0177767
0.017643
0.0175037
0.0173597
0.0172098
0.0194615
0.0194578
0.0194499
0.0194382
0.0194228
0.0194041
0.0193812
0.0193545
0.0193235
0.019289
0.0192505
0.0192079
0.0191611
0.0191098
0.019054
0.0189933
0.0189275
0.0188569
0.018782
0.0187019
0.0186165
0.0185254
0.01843
0.0183292
0.0182229
0.0181112
0.0179935
0.0178706
0.0177428
0.0176091
0.0174699
0.0173245
0.0171736
0.0194212
0.0194174
0.0194096
0.019398
0.0193828
0.0193636
0.0193406
0.0193135
0.0192824
0.0192474
0.0192087
0.0191661
0.0191191
0.0190674
0.0190111
0.0189497
0.0188831
0.0188115
0.0187354
0.0186546
0.0185684
0.0184776
0.018382
0.0182812
0.0181745
0.0180624
0.0179442
0.0178208
0.017692
0.017558
0.0174181
0.0172727
0.0171217
0.0193633
0.0193592
0.0193515
0.0193396
0.0193232
0.0193027
0.0192789
0.0192515
0.0192207
0.0191855
0.0191466
0.0191036
0.0190556
0.019003
0.0189461
0.0188843
0.0188176
0.0187461
0.0186701
0.0185886
0.0185021
0.0184109
0.0183145
0.0182125
0.0181047
0.0179916
0.017874
0.0177504
0.0176214
0.0174871
0.0173465
0.0172002
0.0170475
0.0192741
0.0192706
0.0192624
0.0192506
0.0192352
0.0192157
0.0191923
0.0191646
0.0191327
0.0190974
0.0190577
0.0190135
0.0189649
0.0189121
0.0188544
0.0187921
0.0187249
0.0186524
0.0185749
0.0184929
0.0184063
0.0183143
0.018217
0.0181149
0.0180065
0.017893
0.0177751
0.017652
0.0175231
0.0173883
0.0172478
0.0171011
0.0169487
0.0191536
0.019149
0.0191405
0.0191286
0.019113
0.019093
0.0190693
0.0190411
0.0190085
0.018972
0.0189307
0.0188853
0.0188355
0.0187817
0.0187231
0.0186599
0.0185913
0.0185181
0.0184405
0.0183587
0.0182711
0.0181785
0.0180811
0.0179784
0.0178707
0.0177577
0.0176393
0.0175154
0.0173855
0.01725
0.0171092
0.0169624
0.0168095
0.0189824
0.0189783
0.0189699
0.0189576
0.0189411
0.0189206
0.0188958
0.018867
0.0188334
0.0187955
0.0187532
0.0187066
0.0186554
0.0185995
0.0185393
0.0184745
0.0184053
0.0183322
0.0182543
0.0181716
0.0180833
0.0179898
0.0178914
0.0177888
0.0176811
0.0175676
0.0174491
0.0173255
0.017196
0.0170609
0.01692
0.0167739
0.0166216
0.0187473
0.0187425
0.0187332
0.0187194
0.0187018
0.0186806
0.0186543
0.018624
0.0185891
0.0185499
0.0185067
0.0184587
0.0184062
0.018349
0.0182873
0.0182216
0.0181515
0.0180769
0.017997
0.0179126
0.0178234
0.0177292
0.0176306
0.0175274
0.0174192
0.017306
0.0171871
0.0170633
0.0169342
0.0167996
0.0166594
0.0165132
0.0163619
0.0184233
0.0184185
0.0184094
0.018396
0.0183777
0.0183548
0.0183274
0.0182957
0.0182599
0.0182197
0.0181746
0.0181249
0.0180706
0.0180119
0.0179488
0.0178815
0.0178104
0.0177339
0.017653
0.0175672
0.0174771
0.0173823
0.0172828
0.0171788
0.0170711
0.0169578
0.0168398
0.0167162
0.0165879
0.0164543
0.016315
0.0161696
0.0160182
0.0179972
0.0179924
0.0179832
0.0179685
0.0179495
0.0179262
0.0178989
0.0178661
0.0178293
0.0177881
0.0177422
0.0176918
0.0176371
0.0175778
0.0175133
0.0174446
0.017372
0.0172943
0.0172122
0.0171258
0.0170351
0.0169393
0.0168391
0.0167345
0.0166256
0.0165124
0.0163941
0.0162702
0.0161417
0.0160077
0.0158688
0.0157246
0.0155755
0.0175011
0.0174966
0.0174879
0.0174738
0.0174548
0.0174318
0.0174047
0.0173722
0.0173354
0.0172938
0.0172472
0.0171956
0.0171393
0.0170791
0.0170138
0.0169441
0.0168698
0.0167907
0.0167071
0.0166198
0.0165282
0.0164324
0.0163315
0.0162258
0.0161161
0.0160023
0.0158843
0.0157612
0.0156326
0.0154989
0.0153604
0.0152168
0.0150682
0.0171131
0.0171085
0.0170996
0.0170851
0.0170664
0.017043
0.0170151
0.016983
0.0169454
0.0169036
0.016857
0.0168054
0.016749
0.0166885
0.0166225
0.0165524
0.0164775
0.0163974
0.0163135
0.0162249
0.0161316
0.0160341
0.0159323
0.0158263
0.0157168
0.0156033
0.0154851
0.0153618
0.0152334
0.0150999
0.0149618
0.0148187
0.01467
0.0200824
0.0200789
0.0200716
0.0200606
0.0200464
0.0200294
0.0200089
0.0199851
0.0199586
0.0199283
0.0198941
0.0198562
0.0198134
0.019766
0.0197129
0.0196544
0.0195902
0.0195205
0.0194457
0.0193657
0.0192799
0.0191885
0.0190913
0.0189881
0.018879
0.0187643
0.0186428
0.0185155
0.0183826
0.018244
0.0180991
0.0179484
0.0177919
0.0200793
0.0200759
0.0200687
0.0200582
0.0200443
0.0200269
0.0200061
0.019982
0.0199553
0.0199251
0.0198911
0.0198528
0.0198098
0.0197616
0.0197081
0.0196495
0.0195859
0.0195163
0.0194411
0.0193603
0.0192739
0.0191824
0.0190854
0.0189821
0.0188727
0.0187576
0.0186365
0.018509
0.0183761
0.0182371
0.0180924
0.0179417
0.0177846
0.0200741
0.0200705
0.020063
0.0200522
0.0200381
0.0200205
0.0199996
0.0199755
0.0199486
0.019918
0.0198833
0.0198444
0.0198006
0.0197522
0.0196995
0.0196409
0.0195771
0.0195073
0.0194321
0.0193513
0.019265
0.0191726
0.019074
0.0189699
0.0188605
0.0187452
0.0186247
0.018498
0.0183653
0.0182265
0.018081
0.0179296
0.0177722
0.0200618
0.0200582
0.0200508
0.02004
0.0200262
0.0200093
0.0199886
0.0199642
0.0199369
0.0199058
0.0198705
0.0198312
0.0197869
0.0197381
0.0196849
0.0196255
0.0195608
0.019491
0.0194158
0.0193349
0.0192483
0.0191553
0.0190567
0.0189524
0.0188427
0.018727
0.0186058
0.0184792
0.0183461
0.0182069
0.0180608
0.0179086
0.01775
0.0200421
0.0200385
0.0200309
0.0200201
0.0200062
0.0199891
0.019968
0.0199432
0.0199153
0.0198837
0.0198484
0.0198086
0.0197645
0.0197153
0.0196611
0.019601
0.0195359
0.0194651
0.0193891
0.0193079
0.0192204
0.0191273
0.0190281
0.0189238
0.0188136
0.0186975
0.0185756
0.0184477
0.0183139
0.0181742
0.0180279
0.0178757
0.0177176
0.0200067
0.0200027
0.0199953
0.0199843
0.0199698
0.0199524
0.0199319
0.0199084
0.019881
0.0198492
0.019813
0.0197728
0.0197278
0.0196783
0.0196234
0.0195627
0.019497
0.0194255
0.0193487
0.0192665
0.0191787
0.0190845
0.0189848
0.0188794
0.0187685
0.0186515
0.0185291
0.0184013
0.0182672
0.0181271
0.0179802
0.017827
0.0176675
0.0199497
0.0199458
0.0199388
0.0199282
0.0199145
0.0198968
0.0198754
0.0198508
0.0198226
0.0197903
0.0197539
0.0197138
0.0196689
0.0196187
0.0195632
0.0195021
0.0194361
0.0193645
0.0192875
0.0192049
0.0191167
0.0190223
0.0189223
0.0188165
0.018705
0.0185872
0.0184634
0.0183334
0.0181981
0.0180569
0.01791
0.0177572
0.0175978
0.0198681
0.0198653
0.0198583
0.0198476
0.0198332
0.0198153
0.0197934
0.0197675
0.0197384
0.0197053
0.019668
0.0196267
0.0195802
0.0195289
0.0194723
0.0194106
0.0193442
0.0192719
0.019194
0.0191101
0.0190209
0.0189264
0.0188257
0.0187199
0.0186085
0.018491
0.0183675
0.0182377
0.0181023
0.0179606
0.0178128
0.0176593
0.0174998
0.0197492
0.0197456
0.019738
0.0197267
0.0197117
0.0196928
0.0196702
0.0196436
0.0196127
0.0195774
0.0195381
0.0194952
0.0194472
0.0193949
0.0193376
0.0192748
0.0192068
0.0191331
0.0190544
0.0189708
0.0188815
0.0187865
0.0186859
0.0185802
0.018469
0.0183518
0.0182284
0.0180993
0.0179639
0.0178221
0.0176741
0.0175202
0.0173606
0.0195695
0.0195655
0.019558
0.0195463
0.0195304
0.0195107
0.0194867
0.0194588
0.0194262
0.0193893
0.0193476
0.0193018
0.019252
0.0191975
0.0191383
0.0190738
0.0190049
0.0189316
0.0188533
0.0187695
0.0186803
0.018585
0.0184845
0.0183787
0.0182675
0.0181503
0.0180276
0.0178994
0.0177645
0.0176243
0.0174781
0.0173258
0.0171664
0.019306
0.0193017
0.0192937
0.0192813
0.0192642
0.0192426
0.0192172
0.0191874
0.0191529
0.0191143
0.0190718
0.0190249
0.018973
0.0189165
0.0188556
0.0187895
0.0187193
0.0186447
0.0185655
0.0184808
0.0183914
0.0182966
0.0181966
0.0180908
0.0179798
0.0178634
0.0177414
0.0176142
0.0174814
0.0173428
0.0171983
0.0170472
0.0168899
0.0189322
0.0189274
0.0189184
0.0189045
0.0188871
0.0188651
0.0188381
0.018807
0.0187717
0.0187325
0.0186892
0.0186418
0.0185893
0.0185315
0.0184687
0.0184015
0.0183298
0.0182534
0.0181728
0.0180877
0.017998
0.0179036
0.017804
0.0176988
0.0175892
0.0174743
0.0173533
0.0172272
0.0170962
0.0169604
0.0168181
0.0166697
0.0165152
0.0184439
0.0184392
0.0184296
0.0184161
0.018398
0.0183753
0.0183481
0.0183155
0.0182791
0.0182389
0.0181951
0.0181463
0.0180933
0.0180355
0.0179726
0.0179048
0.0178327
0.017756
0.0176749
0.0175899
0.0175003
0.0174056
0.0173056
0.0172007
0.0170912
0.016977
0.0168577
0.0167337
0.0166042
0.0164687
0.016328
0.0161822
0.0160313
0.0178984
0.0178942
0.0178864
0.0178737
0.0178557
0.017833
0.017805
0.0177724
0.0177344
0.0176926
0.0176472
0.017598
0.0175437
0.0174853
0.017422
0.0173538
0.0172806
0.0172027
0.0171208
0.0170349
0.016944
0.0168492
0.0167498
0.0166453
0.0165359
0.0164218
0.0163024
0.0161785
0.01605
0.0159166
0.0157788
0.0156357
0.0154864
0.0174835
0.0174795
0.0174708
0.0174578
0.0174399
0.0174166
0.017388
0.0173548
0.0173171
0.0172754
0.0172291
0.0171783
0.017123
0.0170631
0.0169983
0.0169293
0.0168557
0.0167773
0.0166944
0.0166072
0.0165164
0.0164206
0.0163199
0.0162145
0.0161051
0.0159912
0.0158725
0.0157491
0.0156216
0.0154896
0.0153526
0.0152102
0.015062
0.0205918
0.0205887
0.0205813
0.020571
0.0205582
0.0205429
0.0205246
0.0205039
0.0204806
0.0204534
0.0204225
0.0203872
0.0203461
0.0202999
0.0202479
0.0201889
0.0201228
0.0200504
0.0199719
0.0198876
0.019797
0.0197001
0.0195969
0.0194868
0.0193703
0.019247
0.0191176
0.0189825
0.0188412
0.0186941
0.0185408
0.0183812
0.0182151
0.0205891
0.0205857
0.0205786
0.0205684
0.0205555
0.0205398
0.0205213
0.0205003
0.0204764
0.0204489
0.0204179
0.0203826
0.0203418
0.0202953
0.020243
0.0201839
0.0201181
0.0200455
0.0199669
0.0198825
0.0197911
0.0196936
0.0195901
0.0194798
0.0193633
0.0192402
0.0191105
0.0189755
0.0188345
0.0186869
0.0185333
0.0183735
0.0182072
0.0205837
0.0205802
0.0205727
0.0205619
0.0205478
0.0205314
0.0205126
0.0204919
0.0204687
0.0204425
0.020412
0.0203761
0.0203347
0.0202874
0.0202336
0.0201737
0.0201078
0.0200357
0.0199574
0.0198721
0.0197805
0.0196823
0.0195779
0.0194675
0.0193509
0.0192286
0.0190997
0.0189644
0.018823
0.0186751
0.0185204
0.0183595
0.0181929
0.0205777
0.0205735
0.0205656
0.0205544
0.0205402
0.020523
0.0205039
0.0204825
0.0204589
0.0204318
0.0204006
0.020364
0.0203221
0.0202743
0.02022
0.0201596
0.0200933
0.0200209
0.0199421
0.0198564
0.0197643
0.0196658
0.019561
0.0194503
0.0193334
0.0192108
0.0190816
0.0189459
0.0188037
0.0186552
0.0185
0.0183389
0.0181723
0.0205609
0.0205573
0.0205501
0.0205396
0.0205263
0.0205093
0.0204898
0.0204675
0.0204423
0.0204141
0.020382
0.0203451
0.0203024
0.0202544
0.0202003
0.0201399
0.0200725
0.0199988
0.0199186
0.0198319
0.0197393
0.0196406
0.0195351
0.019424
0.0193071
0.0191833
0.0190531
0.0189166
0.0187744
0.018626
0.0184709
0.0183089
0.018141
0.0205282
0.0205244
0.0205176
0.0205076
0.020495
0.0204793
0.020461
0.0204396
0.0204146
0.0203862
0.0203533
0.0203151
0.0202715
0.0202221
0.0201662
0.0201042
0.0200364
0.0199624
0.0198822
0.0197951
0.0197016
0.0196017
0.0194954
0.0193832
0.0192644
0.0191397
0.0190094
0.0188727
0.0187296
0.0185804
0.0184244
0.0182623
0.0180945
0.0204754
0.0204717
0.0204644
0.0204544
0.0204411
0.0204253
0.0204065
0.0203846
0.0203597
0.0203308
0.0202977
0.0202598
0.0202161
0.0201663
0.0201099
0.0200475
0.0199793
0.019905
0.0198245
0.0197371
0.0196429
0.0195426
0.0194363
0.0193235
0.0192044
0.0190789
0.0189467
0.0188089
0.0186648
0.0185151
0.0183593
0.0181972
0.0180285
0.0203969
0.0203936
0.0203866
0.0203764
0.0203627
0.0203459
0.0203262
0.0203034
0.0202768
0.0202463
0.0202116
0.0201719
0.0201268
0.0200756
0.0200189
0.0199564
0.0198872
0.0198121
0.0197308
0.0196433
0.0195496
0.0194493
0.0193422
0.0192294
0.0191102
0.0189851
0.0188538
0.0187154
0.0185708
0.0184204
0.0182636
0.0180998
0.0179299
0.0202726
0.0202693
0.0202625
0.0202516
0.020237
0.020219
0.0201977
0.0201731
0.0201443
0.020111
0.0200733
0.0200312
0.0199839
0.0199312
0.0198733
0.0198098
0.01974
0.0196646
0.0195835
0.0194963
0.0194025
0.019303
0.0191975
0.0190857
0.0189677
0.0188432
0.0187124
0.0185747
0.0184307
0.0182805
0.0181231
0.0179597
0.0177899
0.020069
0.020065
0.0200576
0.0200463
0.0200311
0.0200121
0.0199897
0.0199631
0.0199319
0.0198961
0.0198557
0.019811
0.0197612
0.0197072
0.0196478
0.0195832
0.0195139
0.0194388
0.019358
0.0192713
0.0191783
0.0190794
0.018974
0.0188631
0.0187467
0.0186243
0.0184953
0.0183596
0.0182182
0.0180698
0.0179145
0.0177531
0.0175856
0.0197551
0.0197508
0.0197431
0.0197312
0.0197151
0.0196953
0.019671
0.0196425
0.0196092
0.0195719
0.01953
0.0194834
0.019432
0.0193766
0.0193164
0.0192509
0.0191809
0.0191057
0.0190252
0.0189395
0.0188478
0.0187507
0.0186478
0.018539
0.0184246
0.018305
0.0181788
0.0180459
0.0179069
0.0177623
0.017612
0.0174552
0.0172924
0.0193171
0.0193122
0.0193031
0.0192903
0.0192736
0.0192533
0.0192288
0.0191994
0.0191652
0.0191267
0.0190838
0.0190367
0.0189849
0.0189279
0.018866
0.0188005
0.0187306
0.0186558
0.0185758
0.0184908
0.0184005
0.0183056
0.0182051
0.0180995
0.0179886
0.0178719
0.0177492
0.0176208
0.0174863
0.0173468
0.0172011
0.0170497
0.0168922
0.0187774
0.0187732
0.0187646
0.0187518
0.0187344
0.0187126
0.0186867
0.0186558
0.0186207
0.0185815
0.0185377
0.0184896
0.0184366
0.0183792
0.0183179
0.0182521
0.0181816
0.0181066
0.0180273
0.0179433
0.0178541
0.0177601
0.0176605
0.0175561
0.0174468
0.0173319
0.0172125
0.0170885
0.0169586
0.0168229
0.0166815
0.0165336
0.01638
0.0182039
0.0181992
0.0181905
0.018177
0.0181593
0.0181374
0.0181104
0.0180788
0.018042
0.0180013
0.0179567
0.0179075
0.0178542
0.0177961
0.0177332
0.0176666
0.0175955
0.0175194
0.0174395
0.0173545
0.0172655
0.0171718
0.0170731
0.0169696
0.0168604
0.0167462
0.0166269
0.0165037
0.0163756
0.0162428
0.016105
0.0159614
0.0158117
0.0177746
0.0177694
0.0177597
0.0177457
0.0177274
0.0177043
0.0176766
0.017644
0.0176067
0.0175652
0.0175196
0.0174698
0.0174153
0.0173556
0.017291
0.0172224
0.0171499
0.0170735
0.0169936
0.0169086
0.0168192
0.0167245
0.0166257
0.0165224
0.0164139
0.0163004
0.0161822
0.0160588
0.0159312
0.015799
0.0156618
0.0155192
0.0153705
0.0210485
0.0210445
0.0210368
0.0210258
0.0210126
0.0209975
0.0209814
0.0209642
0.0209449
0.0209216
0.020893
0.020858
0.0208163
0.0207667
0.0207092
0.0206444
0.0205715
0.0204918
0.0204056
0.0203128
0.0202129
0.0201062
0.0199923
0.0198721
0.0197455
0.0196127
0.0194738
0.0193286
0.0191776
0.0190205
0.0188569
0.0186882
0.0185132
0.0210469
0.0210429
0.021035
0.0210241
0.0210107
0.0209947
0.0209774
0.0209584
0.020938
0.0209145
0.0208856
0.0208505
0.0208091
0.0207607
0.020704
0.0206398
0.0205674
0.0204881
0.0204022
0.0203089
0.0202084
0.0201012
0.0199869
0.0198665
0.0197397
0.0196069
0.0194676
0.0193224
0.0191721
0.0190152
0.0188524
0.0186838
0.0185094
0.0210376
0.021034
0.0210271
0.0210162
0.0210028
0.0209871
0.0209699
0.0209515
0.0209313
0.0209079
0.0208795
0.0208448
0.0208028
0.0207529
0.0206955
0.0206313
0.0205598
0.0204809
0.0203943
0.0203001
0.0201994
0.020092
0.0199785
0.0198583
0.0197317
0.0195985
0.019459
0.0193136
0.0191619
0.0190046
0.0188418
0.018673
0.0184986
0.0210337
0.0210298
0.0210227
0.0210112
0.0209968
0.02098
0.0209624
0.0209434
0.0209228
0.0208989
0.0208695
0.0208336
0.0207908
0.0207406
0.0206829
0.020618
0.020546
0.0204665
0.0203794
0.0202845
0.020183
0.0200751
0.0199607
0.0198395
0.0197125
0.0195792
0.01944
0.0192945
0.0191429
0.0189852
0.0188223
0.0186532
0.0184791
0.0210236
0.0210207
0.0210151
0.0210053
0.0209912
0.020974
0.0209542
0.0209326
0.0209097
0.0208841
0.020854
0.0208177
0.0207746
0.0207237
0.020665
0.0205989
0.0205254
0.0204449
0.0203571
0.0202622
0.0201607
0.0200525
0.0199378
0.0198167
0.0196891
0.019555
0.0194145
0.0192683
0.0191158
0.0189579
0.0187943
0.0186247
0.0184495
0.0209964
0.0209934
0.0209873
0.020978
0.020965
0.0209487
0.0209297
0.0209089
0.0208858
0.0208593
0.0208281
0.020791
0.0207466
0.0206948
0.0206355
0.0205687
0.0204948
0.0204135
0.0203245
0.0202285
0.0201257
0.0200164
0.0199004
0.0197776
0.0196489
0.0195137
0.0193727
0.0192261
0.0190736
0.0189147
0.0187503
0.0185794
0.018403
0.0209474
0.0209439
0.020937
0.0209268
0.0209133
0.0208969
0.0208777
0.0208567
0.0208338
0.0208075
0.0207762
0.0207388
0.0206941
0.0206417
0.0205818
0.0205144
0.0204398
0.0203584
0.0202701
0.0201743
0.020071
0.0199609
0.0198439
0.0197203
0.0195907
0.019455
0.0193134
0.0191655
0.0190118
0.0188521
0.0186863
0.0185152
0.0183379
0.0208621
0.020859
0.0208525
0.0208432
0.0208301
0.0208132
0.0207941
0.0207727
0.0207483
0.0207202
0.0206869
0.0206472
0.0206011
0.020548
0.0204874
0.0204198
0.0203455
0.0202641
0.0201757
0.0200799
0.0199769
0.0198666
0.0197497
0.0196258
0.0194965
0.0193608
0.019219
0.019071
0.0189174
0.0187579
0.0185919
0.0184206
0.018243
0.0207192
0.0207155
0.0207087
0.0206986
0.0206847
0.0206677
0.0206477
0.0206238
0.0205959
0.0205641
0.0205275
0.0204848
0.0204365
0.0203824
0.0203222
0.0202549
0.0201811
0.0201007
0.0200135
0.019919
0.0198176
0.0197096
0.0195948
0.019474
0.0193465
0.0192125
0.0190725
0.0189263
0.0187738
0.0186151
0.0184496
0.018278
0.0181007
0.0204625
0.020459
0.0204521
0.0204413
0.0204269
0.020409
0.0203873
0.0203616
0.0203319
0.0202974
0.0202583
0.0202137
0.0201648
0.0201109
0.0200513
0.0199857
0.0199138
0.0198352
0.0197499
0.0196582
0.0195601
0.0194561
0.0193456
0.0192286
0.0191053
0.0189759
0.0188403
0.0186983
0.0185503
0.0183956
0.0182336
0.0180651
0.0178913
0.0200804
0.0200763
0.0200688
0.0200574
0.0200422
0.0200229
0.0199997
0.0199725
0.0199412
0.0199055
0.019865
0.0198199
0.0197702
0.0197161
0.0196569
0.0195919
0.0195217
0.0194461
0.0193645
0.0192765
0.019183
0.0190845
0.0189793
0.018868
0.018751
0.0186274
0.0184969
0.0183603
0.0182178
0.0180697
0.0179144
0.0177528
0.0175851
0.0195892
0.0195851
0.0195766
0.0195639
0.0195479
0.0195282
0.0195046
0.0194765
0.0194441
0.0194074
0.0193666
0.0193213
0.019271
0.0192163
0.0191566
0.0190921
0.0190225
0.0189479
0.0188683
0.0187834
0.0186933
0.0185984
0.0184981
0.0183914
0.0182794
0.0181616
0.0180373
0.0179068
0.0177712
0.0176296
0.0174811
0.0173266
0.0171663
0.0190227
0.0190183
0.019009
0.018996
0.0189789
0.018958
0.018933
0.0189039
0.0188704
0.0188321
0.0187902
0.0187438
0.0186925
0.0186363
0.0185755
0.0185107
0.0184411
0.0183669
0.018288
0.0182041
0.0181152
0.0180217
0.0179235
0.0178198
0.0177108
0.0175963
0.0174759
0.0173507
0.017221
0.0170849
0.0169427
0.0167943
0.0166401
0.0184361
0.0184308
0.0184208
0.0184073
0.0183899
0.0183685
0.0183429
0.0183129
0.0182779
0.0182379
0.0181933
0.0181447
0.0180914
0.0180337
0.0179718
0.0179059
0.0178354
0.0177601
0.0176812
0.0175978
0.0175095
0.0174162
0.0173178
0.0172145
0.0171056
0.0169923
0.0168747
0.0167522
0.0166243
0.0164913
0.0163527
0.0162083
0.0160582
0.0179999
0.0179946
0.0179847
0.0179706
0.0179525
0.0179302
0.0179032
0.0178722
0.0178361
0.0177954
0.01775
0.0176997
0.0176453
0.0175859
0.0175217
0.0174536
0.0173817
0.0173066
0.0172268
0.0171428
0.0170537
0.0169597
0.0168614
0.0167585
0.0166507
0.0165374
0.0164192
0.0162966
0.0161693
0.016037
0.0158997
0.0157566
0.0156085
0.0214534
0.0214505
0.0214432
0.0214326
0.0214194
0.0214049
0.021389
0.0213727
0.0213534
0.0213279
0.0212954
0.0212544
0.0212041
0.0211451
0.0210772
0.0210015
0.0209175
0.0208256
0.0207267
0.0206207
0.0205087
0.02039
0.0202657
0.0201353
0.0199992
0.0198577
0.0197108
0.0195579
0.0193996
0.0192354
0.0190663
0.0188924
0.0187135
0.0214533
0.0214512
0.0214451
0.0214357
0.0214229
0.0214053
0.0213859
0.0213657
0.021345
0.0213194
0.0212871
0.0212465
0.0211973
0.0211393
0.0210726
0.0209976
0.0209139
0.0208223
0.0207232
0.0206169
0.0205045
0.0203855
0.0202609
0.0201304
0.0199936
0.0198519
0.0197051
0.0195531
0.0193956
0.0192322
0.0190633
0.0188887
0.018709
0.0214449
0.0214424
0.021437
0.0214281
0.021415
0.0213981
0.0213788
0.0213587
0.021338
0.0213125
0.02128
0.0212393
0.0211899
0.021132
0.0210651
0.0209895
0.0209057
0.0208144
0.0207158
0.0206099
0.0204968
0.0203776
0.020252
0.0201214
0.0199855
0.0198439
0.0196962
0.0195431
0.0193851
0.0192222
0.0190542
0.0188811
0.0187028
0.0214429
0.0214388
0.0214325
0.0214208
0.0214056
0.0213874
0.0213688
0.0213506
0.0213299
0.021304
0.0212707
0.0212289
0.0211789
0.0211203
0.021053
0.0209767
0.0208924
0.0208009
0.0207021
0.0205961
0.0204829
0.0203636
0.0202377
0.0201065
0.0199695
0.0198263
0.0196785
0.0195259
0.0193684
0.0192057
0.0190378
0.0188646
0.0186857
0.0214313
0.0214305
0.0214279
0.0214201
0.0214057
0.0213844
0.0213592
0.0213349
0.021312
0.0212857
0.0212522
0.0212106
0.0211607
0.0211019
0.021034
0.0209579
0.0208738
0.0207816
0.0206817
0.020575
0.0204613
0.0203418
0.0202159
0.0200841
0.0199466
0.0198031
0.0196542
0.0195005
0.0193421
0.0191786
0.01901
0.0188361
0.0186568
0.0214199
0.0214167
0.0214101
0.0213995
0.0213844
0.0213637
0.0213415
0.02132
0.0212968
0.0212684
0.0212333
0.0211898
0.0211381
0.0210777
0.0210086
0.0209311
0.0208452
0.0207516
0.020651
0.0205434
0.0204292
0.0203086
0.0201818
0.0200493
0.0199106
0.0197664
0.0196172
0.0194629
0.0193035
0.0191387
0.018968
0.018792
0.0186101
0.0213766
0.0213728
0.0213649
0.0213525
0.021335
0.0213136
0.0212904
0.0212673
0.0212439
0.021216
0.0211812
0.0211387
0.0210872
0.0210267
0.0209576
0.0208802
0.0207943
0.0207007
0.0205992
0.0204909
0.0203756
0.0202539
0.0201258
0.0199921
0.0198532
0.0197089
0.0195591
0.0194031
0.0192416
0.0190753
0.0189041
0.018728
0.0185469
0.0212657
0.0212635
0.0212575
0.0212479
0.0212332
0.0212139
0.0211944
0.021173
0.0211483
0.0211181
0.0210814
0.0210377
0.0209855
0.0209253
0.0208567
0.0207791
0.0206938
0.020601
0.0205006
0.0203931
0.0202785
0.020158
0.0200309
0.0198982
0.0197596
0.0196151
0.0194651
0.019309
0.0191475
0.0189812
0.01881
0.018634
0.0184526
0.0210625
0.0210596
0.0210534
0.0210435
0.0210295
0.0210118
0.0209916
0.0209689
0.0209425
0.0209114
0.0208747
0.0208313
0.0207814
0.0207239
0.0206584
0.0205846
0.0205034
0.0204155
0.02032
0.0202168
0.0201064
0.0199899
0.0198676
0.0197389
0.0196034
0.0194617
0.0193147
0.0191612
0.0190022
0.018837
0.018667
0.0184914
0.0183097
0.0207273
0.0207243
0.0207182
0.0207085
0.0206948
0.0206779
0.0206573
0.0206326
0.0206043
0.0205717
0.0205348
0.0204925
0.0204444
0.0203904
0.02033
0.0202622
0.0201875
0.0201061
0.0200181
0.0199237
0.019822
0.0197135
0.0195978
0.0194758
0.0193477
0.0192138
0.0190738
0.0189273
0.0187742
0.018615
0.0184491
0.0182769
0.0180991
0.0202916
0.0202878
0.0202809
0.0202705
0.0202569
0.0202392
0.0202171
0.0201909
0.0201611
0.0201272
0.0200896
0.020047
0.0199994
0.0199469
0.0198887
0.0198244
0.0197543
0.019678
0.0195956
0.0195072
0.0194128
0.0193121
0.0192052
0.019092
0.0189726
0.018847
0.0187154
0.0185775
0.0184329
0.0182813
0.0181238
0.0179597
0.0177886
0.0197758
0.0197716
0.0197641
0.0197527
0.0197376
0.019719
0.0196963
0.0196691
0.0196384
0.0196031
0.0195638
0.0195194
0.0194705
0.019417
0.0193592
0.019296
0.0192272
0.0191533
0.0190743
0.0189896
0.0188996
0.0188042
0.0187033
0.0185961
0.018483
0.0183641
0.0182396
0.018109
0.0179727
0.0178305
0.0176822
0.017527
0.0173655
0.0191998
0.0191951
0.0191865
0.0191745
0.0191587
0.0191384
0.0191141
0.0190854
0.0190523
0.0190144
0.0189729
0.0189271
0.018877
0.0188227
0.0187633
0.0186996
0.0186308
0.0185568
0.0184785
0.0183951
0.0183062
0.0182126
0.0181146
0.0180112
0.0179017
0.0177871
0.0176674
0.0175421
0.0174119
0.0172765
0.0171346
0.0169864
0.0168315
0.0186093
0.0186047
0.0185961
0.0185836
0.0185667
0.0185454
0.0185194
0.0184889
0.0184544
0.018415
0.0183712
0.0183235
0.0182714
0.0182145
0.0181529
0.0180869
0.0180171
0.0179427
0.0178632
0.0177791
0.0176904
0.0175971
0.0174994
0.017397
0.0172896
0.0171773
0.0170594
0.0169373
0.0168106
0.016678
0.0165393
0.0163946
0.0162433
0.0181725
0.0181679
0.0181595
0.0181461
0.0181286
0.0181067
0.0180799
0.0180491
0.0180135
0.0179728
0.0179271
0.0178771
0.0178229
0.0177647
0.0177018
0.0176342
0.0175624
0.017486
0.017406
0.0173212
0.0172315
0.0171377
0.0170394
0.0169364
0.0168289
0.0167165
0.0165999
0.016478
0.0163515
0.0162192
0.0160815
0.0159377
0.0157888
0.0217859
0.0217881
0.021786
0.0217826
0.021774
0.0217577
0.0217346
0.0217095
0.02168
0.0216422
0.0215954
0.0215381
0.0214707
0.0213954
0.0213127
0.0212232
0.0211271
0.0210241
0.0209149
0.0208
0.02068
0.0205553
0.0204254
0.0202903
0.0201497
0.0200037
0.0198526
0.0196966
0.0195359
0.0193707
0.0192016
0.0190277
0.0188482
0.0217881
0.0217886
0.0217845
0.0217791
0.0217708
0.0217524
0.0217276
0.0216977
0.0216683
0.0216324
0.0215875
0.0215313
0.0214647
0.0213899
0.0213075
0.0212184
0.0211224
0.02102
0.0209111
0.0207964
0.0206767
0.0205516
0.0204214
0.0202855
0.0201444
0.0199983
0.0198474
0.019692
0.0195322
0.0193675
0.0191981
0.0190231
0.0188429
0.0217982
0.021797
0.021794
0.021788
0.0217769
0.0217582
0.0217317
0.0216984
0.0216657
0.0216276
0.0215812
0.0215247
0.0214579
0.0213829
0.0213005
0.021211
0.0211149
0.0210121
0.0209035
0.020789
0.020669
0.0205431
0.0204118
0.0202758
0.0201353
0.0199899
0.0198397
0.0196842
0.0195236
0.0193581
0.0191878
0.0190129
0.0188335
0.0217818
0.0217777
0.021776
0.0217683
0.0217563
0.0217383
0.0217138
0.0216872
0.0216577
0.0216202
0.0215736
0.0215164
0.0214493
0.0213736
0.0212905
0.0212003
0.0211036
0.0210003
0.020891
0.0207763
0.0206559
0.0205301
0.0203986
0.0202618
0.0201202
0.019974
0.0198236
0.0196683
0.0195082
0.0193426
0.0191719
0.0189963
0.0188159
0.0217777
0.0217747
0.0217713
0.0217617
0.0217441
0.0217179
0.0216849
0.021653
0.0216267
0.0215938
0.0215509
0.0214959
0.0214301
0.0213551
0.0212724
0.0211824
0.0210853
0.0209819
0.0208726
0.0207574
0.0206366
0.0205098
0.0203777
0.0202403
0.0200982
0.0199518
0.0198005
0.0196445
0.0194833
0.0193168
0.0191454
0.0189691
0.0187881
0.0217866
0.0217818
0.0217723
0.0217575
0.0217388
0.0217111
0.0216812
0.021653
0.0216229
0.0215849
0.0215376
0.0214789
0.0214103
0.0213331
0.0212491
0.0211579
0.0210598
0.0209555
0.0208446
0.0207277
0.0206053
0.020478
0.0203453
0.0202077
0.0200646
0.0199165
0.0197635
0.019606
0.0194442
0.0192774
0.0191057
0.0189285
0.0187462
0.0217489
0.0217449
0.0217361
0.0217224
0.021703
0.0216769
0.0216441
0.0216071
0.0215728
0.0215326
0.0214848
0.0214261
0.0213575
0.0212808
0.0211969
0.0211061
0.0210084
0.0209038
0.020793
0.020676
0.0205534
0.0204248
0.0202908
0.020152
0.0200087
0.0198604
0.0197072
0.0195485
0.0193847
0.019216
0.0190426
0.0188647
0.0186826
0.0215907
0.0215881
0.0215775
0.0215667
0.0215474
0.0215199
0.0214998
0.0214769
0.0214488
0.0214132
0.0213671
0.021311
0.0212456
0.0211721
0.0210903
0.0210012
0.0209051
0.0208028
0.0206939
0.0205785
0.0204572
0.0203302
0.020198
0.0200602
0.0199169
0.0197684
0.0196147
0.0194557
0.0192915
0.0191225
0.0189488
0.0187703
0.018587
0.0212746
0.0212727
0.0212669
0.0212577
0.0212432
0.0212245
0.0212052
0.0211835
0.0211584
0.0211279
0.0210903
0.0210451
0.0209916
0.0209302
0.0208611
0.0207832
0.0206973
0.0206038
0.0205029
0.020395
0.0202801
0.0201592
0.0200318
0.0198988
0.0197597
0.0196147
0.0194643
0.019308
0.0191453
0.0189781
0.0188062
0.0186294
0.0184474
0.0208799
0.0208772
0.0208713
0.0208621
0.0208493
0.0208333
0.0208146
0.0207931
0.0207681
0.0207387
0.0207038
0.0206628
0.0206152
0.020561
0.0205001
0.0204317
0.0203564
0.0202731
0.0201832
0.0200865
0.019983
0.0198721
0.0197547
0.0196305
0.0195002
0.0193637
0.0192212
0.0190719
0.0189165
0.0187559
0.0185889
0.0184165
0.0182378
0.0204248
0.0204211
0.0204143
0.0204042
0.0203911
0.0203744
0.0203542
0.0203303
0.0203023
0.0202701
0.0202342
0.0201937
0.0201476
0.0200962
0.0200387
0.0199751
0.0199056
0.0198291
0.0197463
0.019657
0.0195616
0.0194607
0.0193535
0.01924
0.0191202
0.018994
0.018861
0.0187221
0.0185765
0.0184245
0.0182656
0.0181006
0.0179294
0.0199027
0.0198994
0.0198916
0.0198807
0.019867
0.0198493
0.0198272
0.0198007
0.0197707
0.0197367
0.0196982
0.0196556
0.0196079
0.0195554
0.0194981
0.0194357
0.0193679
0.0192943
0.0192151
0.01913
0.0190399
0.0189443
0.0188436
0.0187374
0.0186248
0.018506
0.0183818
0.0182517
0.0181154
0.017973
0.0178237
0.0176679
0.0175055
0.0193268
0.0193228
0.0193152
0.0193037
0.019288
0.0192684
0.0192443
0.0192163
0.0191839
0.0191476
0.0191069
0.0190615
0.0190113
0.0189569
0.0188985
0.0188354
0.0187671
0.0186932
0.0186144
0.018531
0.0184433
0.0183504
0.0182529
0.0181502
0.018042
0.0179283
0.0178086
0.0176834
0.0175526
0.017416
0.0172732
0.0171244
0.0169693
0.0187403
0.0187364
0.0187281
0.0187154
0.0186989
0.0186777
0.0186517
0.0186214
0.0185868
0.0185481
0.0185047
0.018457
0.0184055
0.0183492
0.0182886
0.0182231
0.0181527
0.0180774
0.0179979
0.0179142
0.0178265
0.0177342
0.0176368
0.017534
0.0174267
0.0173142
0.0171972
0.0170752
0.0169479
0.0168151
0.0166761
0.0165312
0.01638
0.0183069
0.0183028
0.0182949
0.0182825
0.0182649
0.0182419
0.0182141
0.0181826
0.0181468
0.0181067
0.0180625
0.0180131
0.0179596
0.0179017
0.0178388
0.0177712
0.0176994
0.0176232
0.0175429
0.0174588
0.0173703
0.017277
0.0171785
0.0170748
0.0169664
0.0168539
0.0167372
0.0166149
0.016488
0.0163557
0.0162187
0.0160764
0.0159285
0.0219537
0.0219531
0.0219514
0.0219466
0.0219364
0.0219183
0.0218902
0.021854
0.0218149
0.0217698
0.0217163
0.0216532
0.0215811
0.0215008
0.021414
0.0213208
0.0212211
0.0211156
0.0210048
0.0208888
0.0207672
0.0206406
0.0205094
0.0203731
0.0202321
0.0200858
0.0199347
0.0197794
0.0196193
0.0194546
0.0192847
0.0191098
0.0189304
0.0219549
0.0219538
0.021951
0.0219452
0.0219342
0.0219157
0.0218874
0.0218503
0.021811
0.0217661
0.0217122
0.0216494
0.0215768
0.0214967
0.0214099
0.0213169
0.0212175
0.0211125
0.0210019
0.0208854
0.0207635
0.020637
0.0205054
0.0203689
0.0202273
0.020081
0.0199303
0.0197749
0.0196149
0.0194496
0.0192793
0.0191044
0.0189253
0.0219594
0.0219581
0.0219549
0.0219483
0.0219362
0.0219163
0.0218865
0.0218486
0.021808
0.021762
0.021708
0.0216445
0.0215714
0.0214907
0.0214035
0.0213098
0.0212103
0.0211051
0.020994
0.0208776
0.0207558
0.0206289
0.0204966
0.0203596
0.0202184
0.0200726
0.0199215
0.0197655
0.0196048
0.0194399
0.0192704
0.0190955
0.0189156
0.0219535
0.021952
0.0219485
0.0219414
0.021929
0.0219089
0.0218789
0.0218409
0.0218005
0.021754
0.0216996
0.0216358
0.0215624
0.0214815
0.0213939
0.0213
0.0211997
0.021094
0.0209827
0.0208654
0.0207429
0.0206158
0.0204838
0.0203465
0.0202044
0.0200581
0.0199068
0.0197508
0.0195895
0.0194233
0.0192526
0.0190778
0.0188982
0.0219518
0.0219491
0.0219436
0.0219342
0.0219193
0.0218971
0.0218658
0.0218272
0.0217866
0.0217402
0.0216858
0.0216218
0.0215484
0.0214674
0.0213795
0.0212852
0.0211844
0.0210781
0.0209661
0.0208481
0.0207247
0.0205968
0.020464
0.020326
0.0201832
0.0200363
0.0198846
0.0197277
0.0195656
0.0193989
0.0192278
0.019052
0.0188715
0.0219491
0.0219459
0.0219391
0.0219276
0.0219103
0.0218853
0.0218528
0.0218166
0.0217761
0.021728
0.0216711
0.0216047
0.0215297
0.0214472
0.0213575
0.0212614
0.0211597
0.0210522
0.0209388
0.0208201
0.0206962
0.0205668
0.0204325
0.0202938
0.0201504
0.0200018
0.0198486
0.0196911
0.019529
0.0193617
0.0191894
0.0190125
0.0188313
0.021908
0.0219047
0.0218976
0.0218858
0.0218681
0.0218423
0.0218074
0.0217653
0.0217228
0.0216745
0.021619
0.0215537
0.0214791
0.0213968
0.0213078
0.0212124
0.0211109
0.0210031
0.0208892
0.0207699
0.0206448
0.0205151
0.0203804
0.0202404
0.0200958
0.0199469
0.0197933
0.0196345
0.0194709
0.019303
0.0191302
0.0189529
0.0187702
0.0217547
0.0217504
0.0217411
0.0217268
0.0217081
0.0216799
0.0216491
0.0216199
0.0215872
0.021546
0.0214955
0.0214347
0.0213644
0.0212865
0.021201
0.0211085
0.021009
0.020903
0.0207914
0.0206741
0.0205507
0.0204216
0.0202876
0.0201492
0.0200058
0.0198569
0.0197027
0.0195434
0.0193791
0.0192104
0.0190375
0.0188598
0.0186773
0.021396
0.0213925
0.0213853
0.0213746
0.0213596
0.0213398
0.0213181
0.0212965
0.0212715
0.0212407
0.0212027
0.0211561
0.0211021
0.0210394
0.0209683
0.0208879
0.0207996
0.0207041
0.0206017
0.0204924
0.0203764
0.020254
0.0201257
0.0199912
0.0198511
0.0197056
0.0195548
0.0193983
0.0192358
0.0190681
0.0188949
0.0187171
0.0185345
0.0209778
0.0209748
0.0209678
0.0209576
0.0209442
0.0209279
0.0209095
0.0208886
0.0208647
0.0208363
0.0208026
0.0207627
0.0207155
0.0206608
0.0205987
0.02053
0.0204543
0.0203713
0.0202809
0.0201832
0.0200788
0.0199673
0.0198493
0.0197248
0.019594
0.0194569
0.0193139
0.0191643
0.0190089
0.0188474
0.0186797
0.0185072
0.0183288
0.020513
0.0205091
0.0205022
0.0204919
0.0204782
0.0204615
0.0204422
0.0204194
0.0203928
0.0203626
0.0203278
0.020288
0.0202425
0.0201909
0.0201328
0.0200688
0.019999
0.019923
0.0198408
0.0197519
0.0196565
0.0195548
0.0194466
0.0193326
0.0192126
0.0190864
0.0189539
0.018815
0.0186695
0.0185178
0.0183598
0.0181956
0.018025
0.0199913
0.0199884
0.0199812
0.0199701
0.0199554
0.0199373
0.0199152
0.0198895
0.01986
0.0198274
0.0197898
0.0197478
0.0197008
0.0196492
0.0195922
0.01953
0.0194626
0.0193892
0.0193106
0.0192263
0.0191366
0.019041
0.0189392
0.0188319
0.0187192
0.0186005
0.0184764
0.0183461
0.0182096
0.0180671
0.0179179
0.0177628
0.0176017
0.0194206
0.0194165
0.0194089
0.0193972
0.0193813
0.0193617
0.0193378
0.0193092
0.0192763
0.0192399
0.0191995
0.0191548
0.0191061
0.0190524
0.018994
0.0189312
0.018863
0.0187895
0.0187111
0.0186279
0.0185398
0.0184473
0.01835
0.0182476
0.0181393
0.0180253
0.0179053
0.0177798
0.0176489
0.0175127
0.0173708
0.0172224
0.0170682
0.0188392
0.0188347
0.0188264
0.0188133
0.0187964
0.0187748
0.0187491
0.0187188
0.0186838
0.0186447
0.0186015
0.0185544
0.0185031
0.0184469
0.0183863
0.0183213
0.0182519
0.0181779
0.018099
0.0180152
0.0179266
0.0178338
0.0177365
0.0176335
0.0175259
0.0174131
0.0172957
0.0171735
0.0170462
0.0169131
0.0167746
0.0166302
0.016481
0.0184094
0.0184047
0.0183956
0.0183822
0.0183648
0.0183426
0.018315
0.0182834
0.0182472
0.0182065
0.0181619
0.0181122
0.0180586
0.0180004
0.0179376
0.0178708
0.0177997
0.0177243
0.0176448
0.0175606
0.0174721
0.017379
0.0172804
0.0171768
0.0170689
0.0169563
0.0168391
0.0167171
0.0165896
0.0164578
0.0163214
0.0161802
0.0160329
0.0220087
0.0220075
0.0220045
0.0219981
0.0219863
0.0219665
0.0219372
0.0218995
0.0218597
0.021814
0.0217594
0.0216956
0.0216225
0.0215417
0.0214541
0.0213606
0.0212607
0.0211551
0.0210446
0.020929
0.0208079
0.0206819
0.0205515
0.0204162
0.0202754
0.0201295
0.0199788
0.0198238
0.0196649
0.0195013
0.0193324
0.0191584
0.0189799
0.0220091
0.0220077
0.0220043
0.0219974
0.0219849
0.0219647
0.0219351
0.0218973
0.0218568
0.0218105
0.0217563
0.0216925
0.0216195
0.0215389
0.0214512
0.0213573
0.0212579
0.0211529
0.0210419
0.0209254
0.0208041
0.0206782
0.0205475
0.0204115
0.0202705
0.0201249
0.0199752
0.0198209
0.0196614
0.0194968
0.0193273
0.0191532
0.0189752
0.0220104
0.0220088
0.0220048
0.021997
0.0219834
0.0219618
0.0219321
0.0218971
0.0218577
0.0218107
0.0217552
0.0216903
0.0216165
0.0215349
0.0214465
0.021352
0.0212518
0.021146
0.0210351
0.0209187
0.0207974
0.0206706
0.0205387
0.0204023
0.0202617
0.0201167
0.0199664
0.0198112
0.0196513
0.0194872
0.0193186
0.0191446
0.0189653
0.0220095
0.0220078
0.0220039
0.0219961
0.0219826
0.0219609
0.0219293
0.0218898
0.0218485
0.021801
0.0217458
0.0216808
0.0216069
0.0215248
0.021436
0.0213411
0.0212409
0.0211353
0.0210239
0.0209071
0.0207856
0.0206591
0.0205272
0.0203902
0.0202487
0.0201029
0.0199523
0.019797
0.0196363
0.0194708
0.0193008
0.0191268
0.0189481
0.0220081
0.0220062
0.0220017
0.0219935
0.0219794
0.0219572
0.0219253
0.0218845
0.0218417
0.0217924
0.0217353
0.0216695
0.0215947
0.0215119
0.0214228
0.0213278
0.0212266
0.02112
0.0210081
0.0208904
0.0207676
0.0206403
0.020508
0.0203706
0.0202284
0.0200819
0.0199304
0.0197742
0.0196127
0.0194463
0.0192755
0.0191008
0.0189214
0.0219998
0.0219976
0.0219925
0.0219833
0.0219678
0.021944
0.0219106
0.0218689
0.0218252
0.0217758
0.0217181
0.0216512
0.0215755
0.0214922
0.021402
0.0213058
0.0212036
0.0210959
0.0209825
0.0208641
0.0207406
0.0206116
0.0204779
0.0203397
0.0201968
0.0200487
0.0198956
0.019738
0.0195764
0.0194103
0.019239
0.019063
0.0188826
0.0219565
0.0219541
0.0219485
0.0219381
0.0219211
0.0218956
0.0218617
0.0218237
0.0217818
0.021732
0.0216736
0.0216057
0.0215293
0.0214454
0.0213552
0.0212592
0.0211567
0.0210486
0.0209346
0.0208154
0.0206909
0.0205617
0.0204276
0.0202881
0.020144
0.0199955
0.0198421
0.019684
0.0195209
0.0193532
0.0191813
0.0190046
0.0188231
0.0218079
0.0218058
0.0217993
0.021788
0.0217705
0.0217448
0.0217111
0.0216729
0.021637
0.0215947
0.0215444
0.0214837
0.0214131
0.0213346
0.0212486
0.021156
0.0210567
0.0209505
0.0208385
0.0207212
0.0205985
0.02047
0.0203361
0.0201975
0.0200545
0.0199065
0.0197535
0.019595
0.0194315
0.0192632
0.0190906
0.0189138
0.0187321
0.0214526
0.0214493
0.0214415
0.021429
0.0214124
0.0213923
0.02137
0.0213463
0.0213206
0.0212902
0.0212529
0.0212079
0.0211543
0.0210914
0.0210203
0.0209405
0.0208527
0.0207567
0.0206537
0.0205437
0.0204273
0.0203044
0.0201756
0.0200416
0.0199023
0.0197573
0.0196061
0.0194493
0.0192875
0.0191209
0.0189495
0.0187732
0.0185921
0.0210329
0.0210296
0.0210219
0.0210104
0.0209962
0.0209795
0.0209609
0.0209398
0.0209155
0.0208873
0.0208543
0.020815
0.0207685
0.0207148
0.0206537
0.0205851
0.0205093
0.020426
0.0203351
0.0202372
0.0201326
0.0200211
0.0199026
0.0197779
0.0196474
0.0195107
0.0193682
0.0192194
0.0190642
0.0189035
0.0187367
0.0185648
0.0183869
0.0205687
0.020565
0.0205576
0.0205465
0.0205322
0.0205155
0.0204958
0.020473
0.0204469
0.020417
0.0203826
0.020343
0.0202977
0.0202465
0.0201896
0.0201262
0.0200567
0.0199809
0.0198988
0.0198101
0.0197155
0.0196143
0.0195067
0.0193926
0.0192723
0.0191457
0.0190131
0.0188737
0.0187277
0.0185749
0.018417
0.0182531
0.0180834
0.0200494
0.0200462
0.0200388
0.0200277
0.0200125
0.0199941
0.0199723
0.0199475
0.0199187
0.0198855
0.019848
0.019806
0.0197594
0.0197082
0.0196515
0.0195899
0.0195226
0.0194498
0.0193716
0.0192879
0.0191981
0.0191027
0.0190017
0.0188951
0.0187823
0.0186637
0.018539
0.018408
0.0182707
0.0181279
0.0179793
0.0178246
0.0176635
0.0194821
0.0194779
0.0194702
0.0194583
0.0194422
0.0194226
0.019399
0.0193711
0.0193394
0.0193031
0.0192628
0.0192186
0.0191699
0.0191165
0.0190586
0.0189958
0.018928
0.0188546
0.0187764
0.0186934
0.0186047
0.0185118
0.0184144
0.0183115
0.018203
0.0180894
0.0179702
0.0178451
0.017714
0.0175773
0.0174357
0.0172887
0.0171354
0.0189052
0.0189011
0.0188928
0.0188801
0.0188628
0.0188413
0.0188159
0.018786
0.0187517
0.0187134
0.0186712
0.0186244
0.0185728
0.0185165
0.0184553
0.0183905
0.0183214
0.0182474
0.0181685
0.0180847
0.0179963
0.0179033
0.0178052
0.0177022
0.0175946
0.0174829
0.0173666
0.0172447
0.0171171
0.0169841
0.016845
0.0167007
0.0165508
0.0184787
0.0184748
0.0184663
0.0184533
0.0184355
0.018413
0.0183869
0.0183562
0.0183204
0.0182795
0.0182341
0.0181851
0.0181318
0.0180735
0.0180105
0.0179434
0.017872
0.0177964
0.0177168
0.0176328
0.0175439
0.01745
0.0173511
0.0172476
0.0171402
0.0170277
0.01691
0.0167881
0.0166614
0.0165292
0.0163921
0.0162498
0.0161022
0.0220223
0.0220209
0.0220175
0.0220106
0.0219984
0.0219784
0.0219491
0.0219116
0.0218721
0.0218264
0.0217724
0.0217089
0.0216364
0.0215556
0.0214682
0.0213748
0.0212761
0.021172
0.0210618
0.0209462
0.0208257
0.0207007
0.0205709
0.0204365
0.0202967
0.0201519
0.0200026
0.0198491
0.0196908
0.0195278
0.0193595
0.0191863
0.0190083
0.0220225
0.022021
0.0220174
0.0220103
0.0219977
0.0219772
0.0219474
0.0219094
0.021869
0.0218229
0.0217683
0.0217047
0.021632
0.021552
0.0214653
0.0213726
0.0212735
0.0211684
0.0210578
0.020942
0.0208218
0.020697
0.0205669
0.0204317
0.0202915
0.0201468
0.0199981
0.0198449
0.0196864
0.0195229
0.0193545
0.0191815
0.0190042
0.022023
0.0220214
0.0220174
0.0220098
0.0219965
0.0219751
0.0219441
0.0219056
0.0218652
0.0218187
0.0217637
0.0216999
0.0216268
0.0215461
0.021459
0.0213661
0.0212672
0.0211629
0.0210525
0.0209366
0.0208155
0.0206893
0.0205584
0.0204234
0.020284
0.0201394
0.0199899
0.0198355
0.0196766
0.0195134
0.0193454
0.0191726
0.0189945
0.022023
0.0220212
0.0220169
0.0220086
0.0219942
0.0219717
0.021941
0.0219051
0.021865
0.0218171
0.0217606
0.0216951
0.021621
0.0215395
0.0214514
0.0213572
0.0212572
0.0211519
0.0210416
0.0209261
0.0208051
0.0206787
0.0205473
0.020411
0.0202702
0.0201255
0.0199762
0.0198215
0.0196619
0.0194975
0.0193286
0.0191556
0.0189777
0.0220215
0.0220197
0.0220153
0.022007
0.0219926
0.02197
0.021938
0.0218976
0.0218554
0.021807
0.0217504
0.0216842
0.0216095
0.0215278
0.0214399
0.0213452
0.0212443
0.0211378
0.021026
0.0209095
0.020788
0.0206611
0.020529
0.020392
0.0202505
0.0201049
0.0199547
0.0197993
0.0196388
0.0194736
0.0193037
0.0191299
0.0189513
0.0220107
0.0220088
0.0220041
0.0219951
0.0219796
0.0219557
0.0219233
0.0218861
0.0218442
0.0217943
0.0217359
0.0216682
0.021592
0.0215084
0.0214183
0.0213222
0.0212204
0.0211136
0.0210014
0.0208835
0.0207603
0.0206322
0.0204995
0.0203619
0.0202198
0.0200726
0.0199204
0.0197637
0.019603
0.0194378
0.0192674
0.0190921
0.0189121
0.0219636
0.0219618
0.0219573
0.0219482
0.0219322
0.0219071
0.0218744
0.0218382
0.0217972
0.0217479
0.0216895
0.0216218
0.0215455
0.0214619
0.0213721
0.0212765
0.021175
0.0210674
0.020954
0.0208353
0.020712
0.0205837
0.0204501
0.0203114
0.0201681
0.0200204
0.0198678
0.0197106
0.0195484
0.0193813
0.0192098
0.0190341
0.0188538
0.0218109
0.0218113
0.021806
0.0217972
0.021782
0.0217597
0.0217348
0.0217048
0.0216685
0.021624
0.0215705
0.0215075
0.0214358
0.0213565
0.0212702
0.021177
0.0210774
0.0209716
0.0208605
0.020744
0.0206216
0.0204937
0.0203605
0.0202227
0.0200804
0.0199332
0.0197811
0.0196236
0.019461
0.0192935
0.0191214
0.0189447
0.0187636
0.0214721
0.021469
0.0214607
0.021448
0.0214331
0.0214167
0.0213993
0.0213787
0.0213529
0.021321
0.0212816
0.0212343
0.0211797
0.0211166
0.0210452
0.0209657
0.0208776
0.0207818
0.0206788
0.0205688
0.020453
0.0203308
0.0202028
0.0200694
0.0199305
0.0197856
0.0196351
0.0194797
0.0193193
0.0191539
0.0189836
0.0188084
0.0186284
0.0210593
0.0210554
0.0210471
0.0210354
0.0210213
0.021005
0.0209874
0.020967
0.0209431
0.0209155
0.0208827
0.020843
0.0207969
0.0207431
0.0206822
0.0206144
0.0205391
0.020456
0.0203654
0.0202674
0.0201627
0.0200511
0.019933
0.0198088
0.0196786
0.0195424
0.0194
0.0192517
0.0190974
0.0189369
0.0187712
0.0185996
0.0184233
0.0205981
0.0205945
0.0205866
0.0205752
0.0205602
0.0205429
0.0205234
0.0205008
0.0204748
0.0204455
0.0204118
0.0203726
0.0203282
0.0202779
0.0202211
0.0201586
0.0200901
0.0200147
0.0199323
0.0198433
0.0197477
0.0196463
0.0195385
0.0194248
0.0193049
0.0191788
0.0190464
0.0189078
0.0187626
0.0186112
0.0184541
0.0182908
0.0181215
0.0200848
0.0200805
0.0200726
0.0200608
0.0200453
0.0200263
0.0200046
0.0199795
0.0199509
0.0199182
0.0198816
0.0198401
0.019794
0.019743
0.0196874
0.0196258
0.0195587
0.0194858
0.0194075
0.0193233
0.0192336
0.019138
0.0190372
0.0189307
0.0188184
0.0187001
0.0185764
0.0184465
0.0183105
0.0181678
0.0180191
0.0178639
0.0177033
0.0195205
0.0195165
0.0195083
0.0194962
0.0194802
0.0194602
0.0194364
0.0194086
0.0193772
0.0193411
0.0193011
0.0192572
0.0192089
0.0191562
0.0190987
0.0190359
0.0189677
0.0188945
0.0188169
0.018734
0.0186459
0.0185522
0.0184538
0.0183504
0.0182422
0.0181287
0.0180104
0.0178861
0.0177558
0.0176201
0.0174784
0.0173303
0.0171765
0.018949
0.0189446
0.018936
0.0189232
0.0189058
0.0188843
0.0188589
0.0188292
0.0187951
0.0187571
0.0187151
0.0186685
0.0186169
0.0185608
0.0184999
0.0184345
0.0183649
0.0182906
0.0182115
0.0181276
0.0180393
0.0179463
0.0178486
0.0177463
0.0176387
0.0175268
0.0174102
0.0172884
0.0171614
0.0170286
0.0168902
0.0167459
0.0165969
0.0185255
0.0185216
0.0185132
0.0185002
0.0184823
0.01846
0.018434
0.0184035
0.0183677
0.0183269
0.0182815
0.0182326
0.0181792
0.0181208
0.0180576
0.0179901
0.0179183
0.0178422
0.0177623
0.0176781
0.0175892
0.0174955
0.0173972
0.0172949
0.0171872
0.0170749
0.016958
0.0168359
0.0167098
0.0165791
0.0164433
0.0163025
0.0161553
0.0220245
0.022023
0.0220194
0.0220123
0.0219998
0.0219795
0.0219499
0.0219122
0.0218727
0.0218274
0.0217734
0.0217105
0.0216382
0.021558
0.0214714
0.0213789
0.0212812
0.0211779
0.0210684
0.0209533
0.0208331
0.020708
0.0205786
0.0204451
0.020307
0.0201635
0.0200148
0.0198611
0.0197025
0.0195392
0.0193717
0.0192003
0.0190243
0.0220246
0.0220231
0.0220193
0.022012
0.0219991
0.0219784
0.0219485
0.0219107
0.0218704
0.0218242
0.0217702
0.0217071
0.0216354
0.0215561
0.0214703
0.0213779
0.0212792
0.0211746
0.0210645
0.0209492
0.0208292
0.020705
0.0205762
0.0204421
0.0203029
0.0201588
0.0200098
0.019856
0.0196979
0.0195357
0.0193691
0.0191972
0.0190202
0.0220251
0.0220235
0.0220197
0.0220122
0.021999
0.0219779
0.0219471
0.0219082
0.0218671
0.0218206
0.0217661
0.0217027
0.0216304
0.0215507
0.021464
0.021371
0.0212722
0.0211682
0.0210588
0.0209442
0.0208241
0.0206988
0.0205686
0.0204336
0.020294
0.0201502
0.0200017
0.0198487
0.0196906
0.0195276
0.0193596
0.0191867
0.0190092
0.0220253
0.0220236
0.0220195
0.0220116
0.0219978
0.0219758
0.021944
0.0219046
0.0218634
0.0218162
0.021761
0.0216966
0.0216238
0.0215436
0.021457
0.0213636
0.0212641
0.0211587
0.0210481
0.0209324
0.0208122
0.0206871
0.0205572
0.020422
0.0202817
0.0201366
0.0199868
0.0198328
0.0196748
0.0195122
0.0193443
0.0191711
0.0189928
0.0220235
0.0220217
0.0220172
0.0220086
0.0219937
0.0219707
0.0219393
0.0219028
0.0218621
0.0218133
0.0217559
0.0216897
0.0216152
0.0215334
0.0214453
0.0213513
0.021251
0.0211446
0.0210329
0.020916
0.0207945
0.0206687
0.0205383
0.0204025
0.0202618
0.0201162
0.019966
0.0198117
0.0196528
0.0194892
0.0193204
0.0191463
0.0189671
0.0220127
0.0220108
0.0220062
0.0219975
0.0219825
0.0219588
0.0219254
0.0218837
0.0218405
0.021791
0.0217337
0.0216675
0.0215926
0.0215103
0.0214218
0.0213267
0.0212256
0.021119
0.0210075
0.0208907
0.0207683
0.0206408
0.0205084
0.0203713
0.0202302
0.0200845
0.0199336
0.0197778
0.0196174
0.0194524
0.0192831
0.0191089
0.0189298
0.0219668
0.0219651
0.0219607
0.0219521
0.0219368
0.0219127
0.0218783
0.0218363
0.0217932
0.0217436
0.0216865
0.0216205
0.0215458
0.0214637
0.0213749
0.0212801
0.0211791
0.0210726
0.0209607
0.0208429
0.0207201
0.0205926
0.02046
0.0203226
0.02018
0.0200323
0.0198798
0.0197229
0.0195622
0.0193971
0.0192267
0.0190512
0.0188706
0.021818
0.0218163
0.0218121
0.0218031
0.0217883
0.0217653
0.0217334
0.0216957
0.0216593
0.0216164
0.0215654
0.0215048
0.0214349
0.0213574
0.0212731
0.0211819
0.0210837
0.0209793
0.0208687
0.0207524
0.0206312
0.0205047
0.020373
0.0202359
0.0200935
0.0199461
0.0197937
0.0196365
0.0194748
0.0193092
0.0191388
0.0189638
0.0187834
0.0214717
0.0214687
0.0214614
0.0214498
0.0214347
0.021416
0.0213953
0.0213726
0.0213484
0.021319
0.0212822
0.021237
0.0211834
0.0211212
0.0210509
0.020972
0.0208849
0.0207906
0.0206889
0.0205805
0.0204653
0.0203439
0.0202165
0.0200828
0.0199444
0.0198009
0.019652
0.0194975
0.0193372
0.0191716
0.0190014
0.0188266
0.0186469
0.0210631
0.021059
0.0210514
0.0210401
0.0210255
0.0210085
0.02099
0.02097
0.0209475
0.0209206
0.0208885
0.0208504
0.0208053
0.0207525
0.0206924
0.0206249
0.0205496
0.0204672
0.0203774
0.0202807
0.0201766
0.0200656
0.0199479
0.0198244
0.0196946
0.019559
0.0194177
0.0192705
0.019117
0.0189578
0.0187925
0.018622
0.0184454
0.0206067
0.0206028
0.0205949
0.0205838
0.0205698
0.0205527
0.0205328
0.0205102
0.0204855
0.0204571
0.020424
0.0203857
0.0203415
0.020292
0.0202367
0.0201747
0.0201062
0.020031
0.0199492
0.0198607
0.019766
0.0196644
0.0195573
0.0194442
0.0193249
0.0191992
0.0190672
0.0189289
0.0187845
0.0186337
0.0184769
0.0183145
0.0181454
0.0200976
0.0200934
0.020086
0.0200748
0.0200603
0.0200422
0.0200202
0.0199948
0.0199658
0.0199336
0.0198971
0.019856
0.0198104
0.0197605
0.0197054
0.0196447
0.0195784
0.0195061
0.0194276
0.0193436
0.0192545
0.0191599
0.019059
0.0189524
0.0188403
0.0187225
0.0185989
0.0184693
0.0183339
0.0181919
0.018044
0.0178902
0.0177292
0.0195383
0.0195341
0.0195265
0.0195148
0.0194989
0.0194795
0.0194559
0.0194286
0.0193973
0.0193621
0.0193223
0.0192777
0.0192291
0.0191764
0.0191189
0.0190566
0.0189892
0.018917
0.0188396
0.0187573
0.0186701
0.0185776
0.0184792
0.0183763
0.0182683
0.0181555
0.0180365
0.0179118
0.0177816
0.0176462
0.017505
0.0173573
0.017204
0.0189721
0.0189677
0.0189597
0.0189471
0.0189297
0.0189079
0.0188827
0.0188532
0.0188194
0.0187818
0.0187394
0.0186925
0.0186406
0.0185842
0.0185229
0.018458
0.0183889
0.0183152
0.0182367
0.0181535
0.0180658
0.0179733
0.017876
0.017774
0.0176667
0.017555
0.0174383
0.0173165
0.0171897
0.0170572
0.0169192
0.0167756
0.016627
0.0185525
0.0185488
0.0185399
0.0185267
0.0185087
0.0184865
0.0184607
0.0184302
0.0183946
0.0183539
0.0183085
0.0182595
0.018206
0.0181477
0.0180845
0.0180173
0.0179458
0.0178701
0.0177905
0.0177066
0.0176178
0.0175243
0.017426
0.0173234
0.0172164
0.0171047
0.0169883
0.0168665
0.0167408
0.0166105
0.0164752
0.0163348
0.016188
0.0220243
0.0220227
0.022019
0.0220117
0.0219988
0.0219782
0.0219486
0.021911
0.021871
0.0218252
0.0217716
0.0217087
0.0216372
0.0215586
0.0214735
0.0213824
0.0212848
0.0211812
0.0210717
0.0209568
0.0208367
0.0207117
0.0205822
0.0204485
0.020311
0.0201689
0.0200213
0.0198684
0.0197103
0.0195473
0.0193796
0.0192075
0.0190312
0.0220243
0.0220226
0.0220186
0.0220108
0.0219972
0.0219761
0.0219472
0.0219131
0.0218746
0.0218284
0.0217735
0.0217097
0.0216375
0.021558
0.021472
0.0213797
0.0212813
0.0211771
0.0210674
0.0209523
0.0208323
0.0207079
0.0205795
0.0204465
0.0203082
0.0201649
0.0200165
0.0198631
0.0197049
0.0195422
0.0193752
0.0192043
0.0190288
0.0220249
0.0220233
0.0220194
0.0220118
0.0219985
0.0219773
0.0219469
0.0219084
0.0218677
0.0218216
0.0217678
0.0217046
0.0216328
0.021553
0.0214664
0.0213734
0.0212746
0.0211703
0.0210612
0.0209468
0.0208276
0.0207031
0.0205735
0.0204389
0.0202994
0.0201552
0.0200067
0.019854
0.0196968
0.0195349
0.0193679
0.0191957
0.0190185
0.0220251
0.0220234
0.0220194
0.0220117
0.0219981
0.0219764
0.0219448
0.0219052
0.0218638
0.0218169
0.0217618
0.0216979
0.0216252
0.0215453
0.0214589
0.0213664
0.0212673
0.0211622
0.0210516
0.0209359
0.0208155
0.0206908
0.0205613
0.0204272
0.0202876
0.020143
0.0199934
0.0198391
0.0196805
0.0195177
0.0193509
0.0191795
0.0190024
0.0220231
0.0220212
0.0220169
0.0220085
0.021994
0.021971
0.021938
0.0218973
0.0218552
0.0218078
0.0217518
0.0216869
0.0216133
0.0215328
0.0214458
0.0213528
0.0212533
0.0211476
0.0210363
0.0209197
0.0207984
0.0206729
0.0205427
0.0204078
0.0202676
0.0201224
0.0199723
0.0198176
0.0196585
0.0194954
0.0193277
0.0191552
0.0189772
0.0220107
0.0220087
0.0220038
0.0219945
0.0219786
0.0219542
0.0219215
0.0218851
0.0218435
0.0217937
0.0217353
0.021668
0.0215927
0.0215106
0.0214226
0.0213289
0.0212292
0.0211239
0.0210124
0.0208953
0.0207728
0.0206454
0.0205131
0.0203762
0.0202349
0.0200897
0.0199399
0.0197849
0.0196249
0.0194601
0.0192907
0.0191167
0.0189385
0.0219608
0.0219589
0.0219545
0.0219456
0.0219298
0.0219048
0.0218717
0.0218354
0.021795
0.0217462
0.0216888
0.0216221
0.0215472
0.0214653
0.0213776
0.0212837
0.0211838
0.0210775
0.0209651
0.0208473
0.0207243
0.0205966
0.0204647
0.0203282
0.0201863
0.0200394
0.0198875
0.0197309
0.0195698
0.0194048
0.0192351
0.0190608
0.0188812
0.0218035
0.0218037
0.0217985
0.0217906
0.0217761
0.0217535
0.0217246
0.0216879
0.0216549
0.0216149
0.0215659
0.0215064
0.0214378
0.021361
0.0212772
0.0211867
0.0210889
0.0209845
0.0208739
0.0207579
0.020637
0.0205108
0.0203795
0.0202434
0.0201019
0.0199551
0.0198032
0.0196463
0.0194846
0.0193184
0.0191476
0.0189725
0.0187931
0.0214691
0.0214659
0.0214576
0.0214458
0.0214309
0.0214134
0.021394
0.0213722
0.0213488
0.0213196
0.0212834
0.0212391
0.0211865
0.0211252
0.0210553
0.0209769
0.0208904
0.0207965
0.0206953
0.0205871
0.0204721
0.0203514
0.0202246
0.0200922
0.0199544
0.0198111
0.0196618
0.0195071
0.0193476
0.0191834
0.0190144
0.0188405
0.0186615
0.0210627
0.0210589
0.0210509
0.0210393
0.0210249
0.0210084
0.0209906
0.0209711
0.0209488
0.0209226
0.0208909
0.0208535
0.0208093
0.0207574
0.020698
0.0206312
0.0205565
0.0204744
0.0203849
0.0202881
0.0201846
0.0200742
0.0199576
0.0198348
0.0197059
0.019571
0.0194298
0.0192828
0.0191298
0.0189706
0.0188062
0.0186358
0.0184604
0.0206099
0.0206062
0.0205985
0.0205874
0.0205728
0.0205558
0.0205366
0.0205141
0.0204888
0.02046
0.0204272
0.02039
0.0203468
0.0202982
0.0202436
0.0201821
0.020114
0.0200392
0.0199576
0.0198696
0.0197749
0.0196746
0.019568
0.0194556
0.0193369
0.019212
0.0190809
0.0189436
0.0187998
0.0186498
0.0184936
0.0183311
0.0181623
0.0201039
0.0201
0.0200921
0.0200806
0.0200657
0.0200473
0.0200259
0.0200008
0.0199719
0.0199399
0.0199036
0.0198627
0.0198174
0.0197671
0.0197119
0.0196514
0.0195854
0.019514
0.019437
0.0193545
0.0192658
0.0191714
0.0190713
0.0189657
0.0188542
0.018737
0.0186141
0.0184855
0.0183504
0.0182091
0.0180611
0.017907
0.0177464
0.0195484
0.0195441
0.0195363
0.0195244
0.0195084
0.0194886
0.019465
0.0194373
0.0194049
0.0193691
0.0193291
0.0192849
0.019237
0.0191841
0.0191263
0.0190643
0.0189984
0.0189271
0.0188508
0.0187697
0.0186831
0.0185915
0.0184946
0.0183922
0.0182842
0.0181709
0.0180519
0.017927
0.0177974
0.0176622
0.017522
0.0173763
0.0172241
0.0189856
0.0189808
0.0189716
0.0189582
0.0189413
0.0189203
0.0188947
0.0188647
0.0188302
0.018791
0.0187483
0.0187013
0.0186501
0.0185946
0.0185346
0.0184702
0.0184009
0.0183275
0.0182498
0.0181678
0.0180808
0.0179892
0.0178928
0.0177907
0.0176841
0.0175721
0.0174546
0.0173326
0.0172056
0.0170741
0.0169375
0.0167952
0.0166467
0.0185674
0.0185623
0.0185529
0.0185383
0.0185203
0.0184987
0.018472
0.0184409
0.0184051
0.0183645
0.0183199
0.0182706
0.0182171
0.0181593
0.018097
0.0180309
0.0179603
0.0178854
0.0178064
0.0177228
0.0176342
0.0175417
0.0174446
0.0173423
0.0172353
0.0171235
0.0170069
0.0168855
0.0167592
0.0166287
0.0164933
0.0163526
0.0162062
0.0220241
0.0220227
0.0220191
0.022012
0.0219995
0.0219793
0.0219499
0.0219124
0.0218731
0.0218281
0.0217744
0.0217115
0.0216401
0.0215607
0.0214747
0.0213828
0.0212855
0.0211824
0.0210739
0.0209596
0.0208399
0.0207151
0.0205855
0.0204514
0.0203132
0.020171
0.0200241
0.0198724
0.0197152
0.0195528
0.0193853
0.0192131
0.0190364
0.0220242
0.0220227
0.0220189
0.0220116
0.0219987
0.0219781
0.0219484
0.0219108
0.0218708
0.0218251
0.0217715
0.0217086
0.0216371
0.0215585
0.0214731
0.0213817
0.0212838
0.0211799
0.0210705
0.0209556
0.0208357
0.0207109
0.0205818
0.0204485
0.0203106
0.0201681
0.0200204
0.0198676
0.0197098
0.0195472
0.01938
0.0192084
0.0190328
0.0220246
0.0220229
0.0220191
0.0220115
0.0219984
0.0219773
0.0219471
0.0219088
0.0218683
0.0218223
0.0217689
0.0217061
0.0216344
0.0215553
0.0214691
0.0213765
0.0212778
0.0211732
0.0210633
0.0209484
0.0208292
0.0207053
0.0205762
0.0204421
0.0203031
0.0201591
0.0200105
0.0198575
0.0197004
0.0195388
0.0193725
0.0192009
0.0190241
0.0220246
0.0220228
0.0220185
0.0220103
0.0219962
0.0219741
0.0219438
0.0219084
0.0218687
0.0218216
0.0217666
0.0217025
0.0216293
0.0215489
0.0214621
0.0213696
0.0212706
0.0211656
0.0210549
0.020939
0.0208181
0.0206925
0.0205626
0.0204287
0.0202903
0.0201465
0.0199975
0.0198435
0.0196848
0.0195217
0.0193545
0.0191833
0.0190073
0.0220225
0.0220207
0.0220163
0.0220079
0.0219934
0.0219704
0.0219373
0.0218968
0.0218549
0.0218079
0.0217524
0.0216879
0.0216147
0.0215344
0.0214477
0.021355
0.0212557
0.0211503
0.0210392
0.0209227
0.0208012
0.0206751
0.0205449
0.0204101
0.0202707
0.020126
0.0199763
0.0198217
0.0196624
0.0194989
0.0193314
0.0191592
0.0189823
0.0220098
0.0220076
0.0220025
0.021993
0.0219768
0.0219522
0.0219195
0.0218841
0.0218434
0.0217949
0.0217377
0.0216712
0.0215959
0.0215137
0.0214258
0.0213319
0.021232
0.0211263
0.0210152
0.0208983
0.0207761
0.0206487
0.0205165
0.0203796
0.0202381
0.0200924
0.0199427
0.0197885
0.019629
0.0194645
0.0192952
0.0191212
0.0189427
0.0219599
0.0219576
0.0219524
0.021943
0.0219273
0.0219031
0.0218711
0.0218362
0.0217963
0.0217481
0.0216909
0.0216245
0.0215498
0.0214683
0.0213807
0.0212869
0.0211868
0.0210809
0.0209688
0.020851
0.0207279
0.0206
0.0204675
0.020331
0.0201899
0.0200436
0.0198921
0.0197357
0.0195745
0.0194086
0.0192385
0.0190644
0.0188857
0.0218035
0.0218005
0.0217949
0.0217871
0.0217709
0.0217495
0.0217227
0.0216953
0.0216633
0.0216226
0.0215723
0.0215117
0.0214421
0.021365
0.0212812
0.0211904
0.0210928
0.020989
0.0208786
0.0207624
0.0206408
0.0205142
0.020383
0.0202469
0.0201057
0.0199599
0.0198087
0.0196525
0.0194912
0.019325
0.0191539
0.0189779
0.018797
0.0214626
0.0214604
0.0214549
0.0214447
0.0214295
0.0214112
0.0213923
0.0213735
0.0213513
0.0213228
0.0212872
0.0212433
0.0211907
0.02113
0.0210605
0.0209823
0.0208959
0.0208017
0.0207005
0.0205923
0.0204776
0.0203566
0.0202298
0.0200975
0.0199594
0.0198152
0.0196664
0.0195128
0.0193543
0.0191907
0.0190217
0.0188473
0.0186668
0.0210616
0.0210578
0.0210503
0.0210392
0.0210245
0.0210081
0.0209901
0.020971
0.0209492
0.0209235
0.0208927
0.0208559
0.0208121
0.020761
0.020702
0.0206354
0.0205614
0.0204798
0.0203906
0.0202942
0.0201908
0.0200812
0.0199652
0.0198427
0.0197137
0.0195783
0.019437
0.0192893
0.0191361
0.0189771
0.0188121
0.0186424
0.0184671
0.0206097
0.0206067
0.0205993
0.0205881
0.0205734
0.0205559
0.0205366
0.0205143
0.0204893
0.0204608
0.0204284
0.0203915
0.020349
0.0203004
0.0202451
0.0201839
0.0201163
0.0200422
0.0199615
0.0198746
0.0197814
0.0196822
0.0195762
0.0194639
0.0193446
0.0192193
0.0190881
0.0189504
0.0188066
0.0186563
0.0184993
0.0183366
0.0181682
0.0201044
0.0201007
0.0200929
0.0200815
0.0200666
0.0200483
0.0200271
0.0200023
0.0199736
0.0199416
0.0199053
0.0198653
0.0198205
0.0197705
0.0197153
0.0196555
0.0195902
0.0195196
0.0194434
0.0193617
0.0192737
0.01918
0.0190803
0.018975
0.0188632
0.0187453
0.0186212
0.0184918
0.0183563
0.0182149
0.0180681
0.0179146
0.0177544
0.0195511
0.0195468
0.0195391
0.0195274
0.0195115
0.0194919
0.0194686
0.019441
0.0194088
0.019373
0.0193331
0.019289
0.019241
0.0191877
0.0191303
0.0190687
0.0190028
0.0189322
0.0188563
0.018775
0.0186893
0.0185987
0.0185027
0.0184014
0.018294
0.0181809
0.0180618
0.0179374
0.017808
0.0176726
0.0175315
0.0173841
0.0172315
0.0189908
0.0189859
0.0189766
0.0189633
0.0189469
0.0189262
0.0189009
0.0188711
0.0188366
0.0187973
0.0187545
0.0187073
0.0186556
0.0185994
0.0185394
0.0184744
0.0184057
0.0183327
0.0182554
0.0181738
0.0180877
0.0179965
0.0179
0.0177992
0.0176933
0.0175816
0.017465
0.0173436
0.0172174
0.0170856
0.0169488
0.0168064
0.0166582
0.0185735
0.018568
0.0185581
0.0185441
0.0185267
0.0185058
0.0184795
0.0184486
0.0184128
0.0183722
0.0183274
0.0182776
0.0182239
0.0181662
0.0181047
0.0180387
0.0179682
0.0178929
0.017813
0.017729
0.0176407
0.017548
0.017451
0.01735
0.0172436
0.0171324
0.0170168
0.0168959
0.0167704
0.0166407
0.0165063
0.016366
0.0162197
0.0220242
0.0220227
0.0220193
0.0220124
0.0220003
0.0219806
0.0219518
0.0219149
0.0218763
0.0218316
0.0217786
0.0217159
0.0216442
0.0215649
0.0214783
0.0213854
0.0212866
0.0211824
0.0210732
0.0209594
0.0208408
0.0207166
0.0205872
0.0204529
0.0203142
0.0201715
0.0200248
0.0198733
0.0197169
0.019555
0.0193878
0.0192156
0.0190387
0.0220243
0.0220228
0.0220192
0.0220123
0.0219999
0.0219798
0.0219505
0.0219131
0.0218739
0.0218287
0.0217754
0.0217126
0.0216411
0.0215613
0.0214748
0.0213821
0.0212838
0.0211805
0.0210719
0.0209575
0.0208378
0.0207129
0.0205832
0.0204489
0.0203104
0.0201681
0.0200213
0.0198691
0.0197117
0.0195493
0.019382
0.0192102
0.019034
0.0220246
0.022023
0.0220193
0.0220121
0.0219994
0.0219788
0.0219489
0.0219108
0.021871
0.0218255
0.0217715
0.0217085
0.0216363
0.0215563
0.0214701
0.0213778
0.0212798
0.0211756
0.0210658
0.0209507
0.0208308
0.0207064
0.0205773
0.0204437
0.0203049
0.0201611
0.0200125
0.0198592
0.0197016
0.01954
0.0193736
0.0192026
0.0190262
0.0220246
0.022023
0.022019
0.0220114
0.021998
0.0219766
0.0219459
0.0219071
0.0218661
0.0218197
0.0217654
0.0217017
0.0216294
0.021549
0.021462
0.021369
0.0212706
0.0211664
0.0210568
0.0209412
0.0208204
0.0206946
0.0205642
0.0204296
0.0202911
0.020148
0.0199995
0.0198457
0.019687
0.0195236
0.0193559
0.019184
0.0190081
0.0220224
0.0220207
0.0220166
0.0220087
0.0219948
0.0219727
0.0219404
0.0219
0.0218577
0.02181
0.0217542
0.021689
0.0216156
0.0215351
0.0214478
0.0213545
0.0212556
0.0211513
0.0210407
0.0209246
0.0208032
0.0206769
0.0205461
0.0204112
0.0202718
0.0201276
0.0199782
0.0198238
0.0196645
0.0195005
0.0193323
0.0191602
0.0189833
0.0220091
0.0220072
0.0220027
0.0219939
0.0219787
0.0219552
0.0219232
0.0218872
0.0218463
0.0217975
0.0217402
0.0216738
0.0215989
0.0215167
0.021428
0.0213331
0.0212324
0.021126
0.0210144
0.020898
0.0207765
0.0206501
0.0205184
0.0203816
0.0202401
0.020094
0.0199437
0.0197895
0.0196307
0.0194665
0.0192973
0.0191232
0.0189444
0.0219569
0.0219557
0.0219525
0.0219456
0.0219325
0.0219106
0.0218784
0.021838
0.0217959
0.0217481
0.021692
0.0216262
0.0215522
0.0214706
0.0213822
0.0212878
0.0211874
0.0210807
0.0209685
0.0208515
0.0207294
0.0206019
0.0204692
0.020332
0.0201907
0.0200446
0.019894
0.0197382
0.0195773
0.0194115
0.0192413
0.0190671
0.0188879
0.0217952
0.0217968
0.0217941
0.0217894
0.0217788
0.0217606
0.0217337
0.0216994
0.0216645
0.0216231
0.0215733
0.0215131
0.0214436
0.0213665
0.0212818
0.0211905
0.0210929
0.020989
0.0208789
0.0207634
0.0206426
0.020516
0.0203839
0.0202469
0.0201055
0.01996
0.0198097
0.0196547
0.0194941
0.0193282
0.0191571
0.0189808
0.0187994
0.0214653
0.0214623
0.0214548
0.0214428
0.0214266
0.0214081
0.0213883
0.0213673
0.0213451
0.0213178
0.0212834
0.021241
0.02119
0.0211295
0.02106
0.0209823
0.0208961
0.0208024
0.0207014
0.0205936
0.0204791
0.0203583
0.0202316
0.0200987
0.0199602
0.0198169
0.0196688
0.0195157
0.0193573
0.0191935
0.0190237
0.0188483
0.0186669
0.0210627
0.0210583
0.0210497
0.0210372
0.0210219
0.0210047
0.0209859
0.0209662
0.0209448
0.0209206
0.0208912
0.0208554
0.0208121
0.0207609
0.0207021
0.0206354
0.0205608
0.0204792
0.0203905
0.0202951
0.0201927
0.0200838
0.0199683
0.0198455
0.0197166
0.0195813
0.0194399
0.019292
0.0191382
0.0189794
0.0188145
0.0186448
0.018469
0.0206115
0.0206075
0.0205991
0.0205868
0.0205711
0.0205531
0.020533
0.0205105
0.0204858
0.020458
0.0204266
0.0203906
0.020349
0.0203006
0.0202458
0.0201845
0.0201171
0.0200433
0.0199634
0.0198768
0.0197845
0.0196855
0.0195799
0.0194671
0.0193478
0.0192221
0.0190902
0.0189523
0.0188082
0.0186571
0.0185008
0.0183385
0.0181702
0.0201047
0.0201008
0.0200927
0.0200809
0.0200658
0.0200473
0.020026
0.0200013
0.0199728
0.019941
0.0199055
0.0198662
0.0198221
0.0197726
0.0197178
0.0196582
0.019593
0.0195226
0.0194466
0.0193647
0.019277
0.019183
0.0190823
0.018976
0.0188641
0.0187465
0.0186229
0.0184936
0.0183586
0.0182172
0.0180701
0.0179172
0.0177575
0.0195514
0.0195471
0.0195395
0.0195277
0.0195119
0.0194924
0.0194691
0.0194414
0.0194097
0.0193743
0.0193348
0.0192909
0.0192428
0.01919
0.0191329
0.0190712
0.0190047
0.0189339
0.0188582
0.0187774
0.0186918
0.0186006
0.0185035
0.0184016
0.0182945
0.0181827
0.0180647
0.0179412
0.0178122
0.017677
0.0175357
0.0173881
0.0172352
0.0189921
0.0189871
0.018978
0.0189648
0.0189485
0.0189281
0.018903
0.0188734
0.0188391
0.0188
0.0187573
0.0187103
0.0186587
0.0186026
0.0185427
0.0184776
0.0184089
0.0183359
0.0182585
0.0181766
0.0180899
0.0179988
0.0179022
0.0178012
0.0176951
0.0175844
0.017469
0.0173484
0.0172226
0.0170908
0.0169534
0.0168102
0.0166625
0.0185753
0.0185699
0.0185601
0.0185463
0.0185293
0.0185086
0.0184825
0.0184517
0.0184158
0.0183748
0.0183296
0.0182802
0.0182268
0.0181692
0.018107
0.0180408
0.0179706
0.0178961
0.0178166
0.0177326
0.0176443
0.0175513
0.0174537
0.0173523
0.0172465
0.0171361
0.017021
0.0169003
0.0167754
0.0166455
0.01651
0.016369
0.0162228
)
;

boundaryField
{
    walls
    {
        type            zeroGradient;
    }
    procBoundary2to0
    {
        type            processor;
        value           nonuniform List<scalar> 
263
(
0.0119138
0.0119026
0.0118814
0.0129659
0.0129547
0.0129333
0.0129002
0.0128516
0.0139594
0.0139467
0.0139276
0.0138977
0.013852
0.0137847
0.0136978
0.0135871
0.0134428
0.0132636
0.0130432
0.0127704
0.0124531
0.0121135
0.0118492
0.0148754
0.0148663
0.0148486
0.0148212
0.0147765
0.0147147
0.014629
0.0145196
0.0143784
0.0141999
0.0139725
0.013687
0.0133441
0.0129711
0.0126839
0.0157129
0.0157022
0.015689
0.0156618
0.0156205
0.0155612
0.0154772
0.0153709
0.0152336
0.0150515
0.0148154
0.0145168
0.0141479
0.0137342
0.0134114
0.0164565
0.0164466
0.0164321
0.0164068
0.0163676
0.0163126
0.016235
0.016134
0.0159946
0.0158117
0.015564
0.0152462
0.0148446
0.014386
0.0140243
0.0170967
0.0170895
0.0170767
0.0170536
0.0170169
0.0169646
0.0168896
0.0167904
0.0166499
0.0164629
0.0162039
0.0158609
0.0154202
0.0149136
0.0145154
0.0176283
0.0176209
0.0176077
0.0175859
0.0175527
0.0175024
0.0174318
0.0173328
0.0171936
0.0170001
0.0167261
0.0163544
0.0158742
0.0153305
0.0149083
0.0180425
0.0180345
0.0180202
0.0179995
0.0179673
0.0179202
0.0178534
0.0177539
0.017613
0.017411
0.0171226
0.0167281
0.0162205
0.0156558
0.0152172
0.0183332
0.0183287
0.0183186
0.0182991
0.0182686
0.0182205
0.0181557
0.0180599
0.0179175
0.0177113
0.0174104
0.0169996
0.0164795
0.0159018
0.0154551
0.0185296
0.0185244
0.0185193
0.0185018
0.0184724
0.0184234
0.0183607
0.0182658
0.0181232
0.0179154
0.0176115
0.0171974
0.0166706
0.0160864
0.0156346
0.0186633
0.0186575
0.0186492
0.0186308
0.0186028
0.0185589
0.0184955
0.0183989
0.0182602
0.0180537
0.0177521
0.0173373
0.0168082
0.0162233
0.0157752
0.0187468
0.0187415
0.0187306
0.0187132
0.0186856
0.018645
0.0185824
0.0184892
0.018347
0.0181449
0.0178481
0.0174338
0.0169079
0.0163258
0.0158795
0.0187973
0.0187924
0.018781
0.0187636
0.0187363
0.0186969
0.0186361
0.0185455
0.0184059
0.0182044
0.0179081
0.0174961
0.0169758
0.0163953
0.0159494
0.0188258
0.0188219
0.0188111
0.0187941
0.0187671
0.0187275
0.0186679
0.018578
0.0184433
0.0182415
0.0179465
0.0175363
0.0170171
0.0164419
0.0160021
0.0188429
0.0188381
0.0188275
0.0188095
0.0187829
0.0187453
0.0186849
0.0185978
0.0184623
0.0182639
0.0179699
0.0175622
0.017045
0.0164725
0.0160352
0.018851
0.0188478
0.0188364
0.0188198
0.0187937
0.0187551
0.0186963
0.0186085
0.0184773
0.018279
0.0179872
0.0175794
0.0170655
0.016493
0.0160543
0.0188557
0.0188524
0.0188421
0.0188256
0.0187997
0.0187599
0.0187015
0.0186112
0.018481
0.0182853
0.0179942
0.0175885
0.0170728
0.0165043
0.0160677
0.0188574
0.0188539
0.0188444
0.0188272
0.0188015
0.0187611
0.0187039
0.0186129
0.0184804
0.0182875
0.0179959
0.0175918
0.0170769
0.0165089
0.016072
)
;
    }
    procBoundary2to1
    {
        type            processor;
        value           nonuniform List<scalar> 
561
(
0.0134762
0.0134705
0.0134595
0.0134443
0.0134234
0.0133957
0.0133638
0.0133277
0.0132848
0.0132362
0.0131841
0.0131278
0.0130666
0.0130003
0.0129295
0.012855
0.012775
0.0126907
0.0126008
0.0125073
0.0124099
0.0123084
0.0122028
0.0120938
0.0119822
0.0118662
0.0117474
0.0116262
0.0115024
0.0113743
0.0112443
0.0111119
0.0109763
0.013465
0.0134598
0.01345
0.013434
0.0134132
0.0133868
0.0133547
0.0133167
0.013273
0.013225
0.0131716
0.0131143
0.0130524
0.0129855
0.0129142
0.0128395
0.0127596
0.0126762
0.0125875
0.012493
0.0123953
0.0122946
0.0121911
0.0120834
0.011971
0.0118547
0.0117363
0.0116142
0.01149
0.0113627
0.0112315
0.011099
0.0109646
0.0134431
0.013437
0.0134254
0.013409
0.0133863
0.0133592
0.0133273
0.0132904
0.0132473
0.0131985
0.0131463
0.01309
0.0130286
0.0129622
0.0128908
0.0128153
0.0127365
0.0126527
0.0125636
0.0124704
0.0123733
0.0122721
0.012167
0.0120586
0.0119477
0.0118317
0.0117118
0.0115898
0.0114648
0.0113377
0.0112088
0.0110769
0.0109412
0.0145062
0.0145008
0.0144909
0.0144748
0.014454
0.0144278
0.0143957
0.014358
0.0143158
0.0142679
0.0142163
0.0141606
0.0141002
0.0140351
0.0139662
0.0138917
0.0138129
0.0137287
0.0136394
0.0135468
0.0134514
0.0133514
0.0132462
0.0131368
0.0130242
0.0129067
0.0127857
0.0126604
0.0125319
0.0124012
0.0122679
0.0121313
0.0119912
0.0145062
0.0145008
0.0144909
0.0144748
0.014454
0.0144278
0.0143957
0.014358
0.0143158
0.0142679
0.0142163
0.0141606
0.0141002
0.0140351
0.0139662
0.0138917
0.0138129
0.0137287
0.0136394
0.0135468
0.0134514
0.0133514
0.0132462
0.0131368
0.0130242
0.0129067
0.0127857
0.0126604
0.0125319
0.0124012
0.0122679
0.0121313
0.0119912
0.0144567
0.014451
0.0144402
0.0144252
0.0144047
0.0143789
0.0143475
0.0143097
0.0142669
0.0142205
0.0141696
0.0141133
0.0140524
0.0139861
0.013915
0.0138399
0.0137593
0.0136751
0.0135868
0.0134943
0.0133974
0.0132962
0.0131913
0.0130836
0.0129712
0.0128552
0.0127345
0.0126109
0.0124836
0.012352
0.0122175
0.0120801
0.0119406
0.0154197
0.0154151
0.0154052
0.0153895
0.0153685
0.0153431
0.0153134
0.0152782
0.0152374
0.0151911
0.0151405
0.0150853
0.0150255
0.0149617
0.0148932
0.0148203
0.0147417
0.0146578
0.0145707
0.0144804
0.014386
0.0142861
0.0141821
0.0140754
0.0139645
0.0138484
0.0137291
0.0136063
0.0134795
0.0133484
0.0132132
0.0130739
0.0129308
0.0154197
0.0154151
0.0154052
0.0153895
0.0153685
0.0153431
0.0153134
0.0152782
0.0152374
0.0151911
0.0151405
0.0150853
0.0150255
0.0149617
0.0148932
0.0148203
0.0147417
0.0146578
0.0145707
0.0144804
0.014386
0.0142861
0.0141821
0.0140754
0.0139645
0.0138484
0.0137291
0.0136063
0.0134795
0.0133484
0.0132132
0.0130739
0.0129308
0.0153299
0.0153245
0.0153145
0.0152996
0.0152799
0.0152548
0.0152241
0.0151882
0.0151469
0.0151002
0.0150492
0.0149939
0.0149341
0.0148704
0.0148021
0.0147293
0.0146508
0.0145669
0.0144793
0.0143882
0.0142938
0.0141947
0.0140907
0.0139832
0.0138712
0.013756
0.013637
0.0135134
0.0133865
0.013256
0.0131216
0.0129831
0.0128409
0.0152075
0.0152022
0.015192
0.0151779
0.0151587
0.0151342
0.0151042
0.0150682
0.0150272
0.0149809
0.0149302
0.014875
0.0148156
0.0147522
0.0146839
0.0146105
0.0145319
0.0144491
0.0143619
0.0142704
0.014175
0.0140761
0.0139725
0.0138644
0.013753
0.0136373
0.0135189
0.0133975
0.0132726
0.0131439
0.0130107
0.0128731
0.012731
0.0150527
0.0150483
0.0150385
0.015023
0.0150037
0.0149796
0.0149504
0.014916
0.0148759
0.01483
0.0147788
0.0147235
0.0146642
0.0146011
0.0145331
0.0144602
0.0143825
0.0143008
0.0142147
0.0141238
0.0140281
0.0139279
0.0138238
0.0137168
0.0136054
0.0134908
0.0133722
0.0132505
0.0131259
0.0129976
0.0128652
0.0127281
0.0125866
0.0148694
0.0148637
0.0148529
0.0148382
0.0148184
0.0147932
0.0147632
0.0147277
0.0146872
0.014643
0.0145939
0.0145391
0.0144798
0.0144161
0.0143476
0.0142751
0.0141981
0.0141174
0.0140323
0.0139421
0.0138472
0.0137477
0.0136438
0.0135362
0.0134257
0.0133107
0.0131924
0.0130701
0.0129447
0.0128164
0.0126844
0.0125482
0.012408
0.0146474
0.0146411
0.0146292
0.0146131
0.0145911
0.0145652
0.0145352
0.0145014
0.0144616
0.0144167
0.0143667
0.014312
0.0142526
0.0141887
0.014121
0.0140498
0.0139735
0.0138933
0.013808
0.0137173
0.0136228
0.0135248
0.0134231
0.0133167
0.0132061
0.0130923
0.012974
0.0128528
0.0127275
0.0125989
0.0124663
0.0123298
0.0121889
0.0143786
0.0143726
0.0143612
0.0143455
0.0143241
0.0142978
0.0142673
0.0142328
0.0141934
0.0141485
0.0140991
0.0140447
0.0139848
0.0139212
0.0138542
0.0137824
0.0137063
0.0136258
0.0135409
0.0134504
0.0133561
0.013258
0.0131561
0.0130502
0.0129408
0.0128272
0.012709
0.0125879
0.0124627
0.0123351
0.0122043
0.0120691
0.0119291
0.014066
0.0140617
0.0140518
0.0140361
0.0140162
0.0139914
0.0139614
0.0139259
0.0138856
0.0138412
0.0137913
0.0137374
0.0136793
0.0136165
0.0135489
0.013477
0.0134013
0.0133202
0.0132348
0.0131441
0.0130502
0.0129526
0.012851
0.0127453
0.0126362
0.012523
0.0124051
0.0122838
0.0121593
0.0120318
0.0119017
0.0117677
0.0116292
0.0137493
0.0137443
0.0137345
0.0137191
0.0136981
0.0136719
0.0136419
0.013608
0.0135688
0.0135239
0.0134744
0.0134203
0.0133621
0.0132991
0.0132314
0.013159
0.0130827
0.0130013
0.0129152
0.012826
0.0127334
0.0126368
0.0125358
0.0124303
0.0123201
0.0122056
0.0120872
0.011966
0.0118418
0.0117145
0.0115845
0.0114509
0.0113157
0.0135144
0.0135085
0.0134973
0.0134815
0.0134597
0.0134339
0.0134036
0.0133686
0.0133294
0.0132865
0.0132381
0.0131856
0.0131281
0.0130656
0.0129979
0.0129254
0.0128476
0.0127653
0.0126797
0.0125894
0.0124964
0.0123999
0.012299
0.0121936
0.0120835
0.011969
0.0118506
0.0117291
0.0116053
0.0114773
0.0113466
0.0112142
0.0110788
)
;
    }
}


// ************************************************************************* //
