/*--------------------------------*- C++ -*----------------------------------*\
| =========                 |                                                 |
| \\      /  F ield         | OpenFOAM: The Open Source CFD Toolbox           |
|  \\    /   O peration     | Version:  2312                                  |
|   \\  /    A nd           | Website:  www.openfoam.com                      |
|    \\/     M anipulation  |                                                 |
\*---------------------------------------------------------------------------*/
FoamFile
{
    version     2.0;
    format      ascii;
    arch        "LSB;label=32;scalar=64";
    class       volScalarField;
    location    "0.2";
    object      sigmaHyd;
}
// * * * * * * * * * * * * * * * * * * * * * * * * * * * * * * * * * * * * * //

dimensions      [1 -1 -2 0 0 0 0];

internalField   nonuniform List<scalar> 
3240
(
1356.98
1356.98
1356.98
1356.99
1356.99
1356.97
1356.98
1356.95
1356.93
1356.95
1356.98
1356.99
1356.97
1356.98
1356.99
1356.95
1356.98
1356.99
1356.98
1356.98
1356.98
1356.99
1356.99
1356.97
1356.98
1356.95
1356.93
1356.95
1356.98
1356.99
1356.97
1356.98
1356.99
1356.95
1356.98
1356.99
1356.98
1356.98
1356.98
1356.99
1356.99
1356.97
1356.98
1356.95
1356.93
1356.95
1356.98
1356.99
1356.97
1356.98
1356.99
1356.95
1356.98
1356.99
1356.98
1356.98
1356.98
1356.99
1356.99
1356.97
1356.98
1356.95
1356.93
1356.95
1356.98
1356.99
1356.97
1356.98
1356.99
1356.95
1356.98
1356.99
-66.1076
-66.1142
-66.1017
-66.0974
-66.1151
-66.126
-66.117
-66.0928
-66.1177
-66.1287
-66.106
-66.1155
-66.1183
-66.1093
-66.1028
-66.1064
-66.1133
-66.1145
-66.1076
-66.1143
-66.1018
-66.0975
-66.1151
-66.1259
-66.1168
-66.0926
-66.1177
-66.1287
-66.106
-66.1155
-66.1184
-66.1094
-66.103
-66.1065
-66.1134
-66.1146
-66.1077
-66.1143
-66.1017
-66.0974
-66.115
-66.1259
-66.1168
-66.0926
-66.1176
-66.1286
-66.1059
-66.1154
-66.1184
-66.1094
-66.1029
-66.1065
-66.1134
-66.1146
-66.1077
-66.1143
-66.1017
-66.0974
-66.115
-66.1258
-66.1167
-66.0924
-66.1175
-66.1285
-66.1058
-66.1153
-66.1182
-66.1093
-66.1029
-66.1065
-66.1134
-66.1146
-1511.52
-1511.52
-1511.52
-1511.51
-1511.53
-1511.54
-1511.52
-1511.49
-1511.51
-1511.54
-1511.51
-1511.52
-1511.52
-1511.5
-1511.5
-1511.52
-1511.52
-1511.52
-1511.52
-1511.52
-1511.52
-1511.51
-1511.53
-1511.54
-1511.52
-1511.49
-1511.51
-1511.54
-1511.51
-1511.52
-1511.52
-1511.5
-1511.5
-1511.52
-1511.52
-1511.52
-1511.52
-1511.52
-1511.52
-1511.51
-1511.53
-1511.54
-1511.52
-1511.49
-1511.51
-1511.54
-1511.51
-1511.52
-1511.52
-1511.5
-1511.5
-1511.52
-1511.52
-1511.52
-1511.52
-1511.52
-1511.52
-1511.51
-1511.53
-1511.54
-1511.52
-1511.49
-1511.51
-1511.53
-1511.51
-1511.52
-1511.52
-1511.5
-1511.5
-1511.52
-1511.52
-1511.52
279.967
279.951
279.952
279.948
279.963
279.961
279.955
279.957
279.946
279.942
279.934
279.958
279.952
279.948
279.972
279.943
279.941
279.961
279.967
279.951
279.952
279.948
279.963
279.96
279.955
279.957
279.946
279.942
279.934
279.958
279.952
279.948
279.971
279.943
279.941
279.961
279.967
279.951
279.952
279.948
279.963
279.961
279.955
279.957
279.946
279.942
279.934
279.958
279.952
279.948
279.971
279.943
279.941
279.961
279.967
279.951
279.952
279.948
279.963
279.961
279.955
279.957
279.946
279.942
279.934
279.958
279.952
279.948
279.971
279.943
279.941
279.961
-1104.28
-1104.27
-1104.29
-1104.28
-1104.27
-1104.28
-1104.27
-1104.27
-1104.27
-1104.28
-1104.27
-1104.27
-1104.29
-1104.28
-1104.28
-1104.28
-1104.28
-1104.28
-1104.28
-1104.27
-1104.29
-1104.28
-1104.27
-1104.28
-1104.27
-1104.27
-1104.27
-1104.28
-1104.27
-1104.27
-1104.29
-1104.28
-1104.28
-1104.28
-1104.28
-1104.28
-1104.28
-1104.27
-1104.29
-1104.28
-1104.27
-1104.28
-1104.27
-1104.27
-1104.27
-1104.28
-1104.27
-1104.27
-1104.29
-1104.28
-1104.28
-1104.28
-1104.28
-1104.28
-1104.28
-1104.27
-1104.29
-1104.28
-1104.27
-1104.28
-1104.27
-1104.27
-1104.27
-1104.28
-1104.27
-1104.27
-1104.29
-1104.28
-1104.28
-1104.28
-1104.28
-1104.28
-2789.91
-2789.91
-2789.91
-2789.92
-2789.93
-2789.93
-2789.91
-2789.9
-2789.92
-2789.91
-2789.88
-2789.89
-2789.9
-2789.91
-2789.91
-2789.92
-2789.92
-2789.92
-2789.91
-2789.91
-2789.91
-2789.92
-2789.93
-2789.93
-2789.91
-2789.9
-2789.92
-2789.91
-2789.88
-2789.89
-2789.9
-2789.91
-2789.91
-2789.92
-2789.92
-2789.92
-2789.91
-2789.91
-2789.91
-2789.92
-2789.93
-2789.93
-2789.91
-2789.9
-2789.92
-2789.91
-2789.88
-2789.89
-2789.9
-2789.91
-2789.91
-2789.92
-2789.92
-2789.92
-2789.91
-2789.91
-2789.91
-2789.92
-2789.93
-2789.93
-2789.91
-2789.9
-2789.92
-2789.91
-2789.88
-2789.89
-2789.9
-2789.91
-2789.91
-2789.92
-2789.92
-2789.92
106.768
106.763
106.765
106.748
106.756
106.78
106.762
106.772
106.746
106.774
106.757
106.763
106.757
106.744
106.759
106.755
106.74
106.754
106.767
106.763
106.765
106.748
106.755
106.781
106.764
106.773
106.745
106.774
106.757
106.764
106.756
106.742
106.758
106.755
106.74
106.754
106.768
106.763
106.765
106.748
106.755
106.781
106.764
106.773
106.745
106.774
106.757
106.764
106.756
106.742
106.758
106.755
106.74
106.754
106.768
106.763
106.765
106.748
106.755
106.781
106.764
106.773
106.745
106.774
106.757
106.764
106.756
106.742
106.758
106.755
106.74
106.754
-1190.28
-1190.27
-1190.28
-1190.27
-1190.26
-1190.28
-1190.25
-1190.28
-1190.27
-1190.28
-1190.27
-1190.27
-1190.29
-1190.27
-1190.3
-1190.28
-1190.27
-1190.27
-1190.28
-1190.27
-1190.28
-1190.27
-1190.26
-1190.28
-1190.25
-1190.28
-1190.27
-1190.28
-1190.27
-1190.27
-1190.29
-1190.27
-1190.3
-1190.28
-1190.27
-1190.27
-1190.28
-1190.27
-1190.28
-1190.27
-1190.26
-1190.28
-1190.25
-1190.28
-1190.27
-1190.28
-1190.27
-1190.27
-1190.29
-1190.27
-1190.3
-1190.28
-1190.27
-1190.27
-1190.28
-1190.27
-1190.28
-1190.27
-1190.26
-1190.28
-1190.25
-1190.28
-1190.27
-1190.28
-1190.27
-1190.27
-1190.29
-1190.27
-1190.3
-1190.28
-1190.27
-1190.27
-2970.48
-2970.47
-2970.47
-2970.47
-2970.47
-2970.46
-2970.47
-2970.46
-2970.49
-2970.48
-2970.47
-2970.48
-2970.48
-2970.49
-2970.49
-2970.47
-2970.47
-2970.47
-2970.48
-2970.47
-2970.47
-2970.47
-2970.47
-2970.46
-2970.47
-2970.46
-2970.49
-2970.48
-2970.47
-2970.48
-2970.48
-2970.49
-2970.49
-2970.47
-2970.47
-2970.47
-2970.48
-2970.47
-2970.47
-2970.47
-2970.47
-2970.46
-2970.47
-2970.46
-2970.49
-2970.48
-2970.47
-2970.48
-2970.48
-2970.49
-2970.49
-2970.47
-2970.47
-2970.47
-2970.48
-2970.47
-2970.47
-2970.47
-2970.47
-2970.46
-2970.47
-2970.46
-2970.49
-2970.48
-2970.47
-2970.48
-2970.48
-2970.49
-2970.49
-2970.47
-2970.47
-2970.47
24.981
24.9757
24.9762
24.9899
24.9786
24.979
24.9949
24.9997
24.9687
24.9813
24.9908
24.9966
24.9894
24.9859
24.9752
24.9734
24.9868
24.9865
24.9809
24.9756
24.9761
24.9898
24.9787
24.9793
24.9952
24.9997
24.9686
24.9812
24.9906
24.9963
24.9891
24.9861
24.9755
24.9736
24.987
24.9866
24.9809
24.9756
24.9762
24.9899
24.9788
24.9793
24.9952
24.9998
24.9686
24.9812
24.9906
24.9963
24.9891
24.9861
24.9755
24.9736
24.987
24.9867
24.981
24.9757
24.9762
24.9899
24.979
24.9793
24.9949
24.9996
24.9685
24.9811
24.9906
24.9963
24.9891
24.9861
24.9755
24.9736
24.987
24.9867
-1342.59
-1342.57
-1342.59
-1342.58
-1342.59
-1342.6
-1342.58
-1342.58
-1342.58
-1342.6
-1342.58
-1342.59
-1342.59
-1342.59
-1342.59
-1342.58
-1342.57
-1342.59
-1342.59
-1342.57
-1342.59
-1342.58
-1342.59
-1342.6
-1342.58
-1342.58
-1342.58
-1342.6
-1342.58
-1342.59
-1342.59
-1342.59
-1342.59
-1342.58
-1342.57
-1342.59
-1342.59
-1342.57
-1342.59
-1342.58
-1342.59
-1342.6
-1342.58
-1342.58
-1342.58
-1342.6
-1342.58
-1342.59
-1342.59
-1342.59
-1342.59
-1342.58
-1342.57
-1342.59
-1342.59
-1342.57
-1342.59
-1342.58
-1342.59
-1342.6
-1342.58
-1342.58
-1342.58
-1342.6
-1342.58
-1342.59
-1342.59
-1342.59
-1342.59
-1342.58
-1342.57
-1342.59
-3302.39
-3302.37
-3302.38
-3302.38
-3302.39
-3302.41
-3302.4
-3302.38
-3302.4
-3302.38
-3302.38
-3302.39
-3302.41
-3302.38
-3302.38
-3302.39
-3302.38
-3302.4
-3302.39
-3302.37
-3302.38
-3302.38
-3302.39
-3302.41
-3302.4
-3302.38
-3302.4
-3302.38
-3302.38
-3302.39
-3302.41
-3302.38
-3302.38
-3302.39
-3302.38
-3302.4
-3302.39
-3302.37
-3302.38
-3302.38
-3302.39
-3302.41
-3302.4
-3302.38
-3302.4
-3302.38
-3302.38
-3302.39
-3302.41
-3302.38
-3302.38
-3302.39
-3302.38
-3302.4
-3302.39
-3302.37
-3302.38
-3302.38
-3302.39
-3302.41
-3302.4
-3302.38
-3302.4
-3302.38
-3302.38
-3302.39
-3302.41
-3302.38
-3302.38
-3302.39
-3302.38
-3302.4
-47.0028
-47.003
-47.0129
-47.0103
-46.9942
-47.002
-46.9972
-46.9993
-46.997
-47.015
-47.003
-47.0113
-47.0127
-46.9876
-47.0058
-47.0151
-47.0077
-47.0068
-47.0028
-47.0031
-47.0129
-47.0103
-46.9941
-47.0018
-46.9969
-46.9991
-46.997
-47.015
-47.0031
-47.0115
-47.0129
-46.9879
-47.0058
-47.0151
-47.0077
-47.0068
-47.0028
-47.003
-47.0129
-47.0102
-46.9941
-47.0018
-46.9969
-46.9991
-46.9969
-47.015
-47.003
-47.0114
-47.0129
-46.9879
-47.0058
-47.0151
-47.0077
-47.0068
-47.0028
-47.003
-47.0129
-47.0102
-46.994
-47.0018
-46.9969
-46.9992
-46.997
-47.0151
-47.0031
-47.0115
-47.0129
-46.9879
-47.0058
-47.0151
-47.0077
-47.0068
-1478.31
-1478.28
-1478.31
-1478.31
-1478.3
-1478.3
-1478.32
-1478.3
-1478.29
-1478.3
-1478.3
-1478.31
-1478.3
-1478.3
-1478.31
-1478.29
-1478.28
-1478.3
-1478.31
-1478.28
-1478.31
-1478.31
-1478.3
-1478.3
-1478.32
-1478.3
-1478.29
-1478.3
-1478.3
-1478.31
-1478.3
-1478.3
-1478.31
-1478.29
-1478.28
-1478.3
-1478.31
-1478.28
-1478.31
-1478.31
-1478.3
-1478.3
-1478.32
-1478.3
-1478.29
-1478.3
-1478.3
-1478.31
-1478.3
-1478.3
-1478.31
-1478.29
-1478.28
-1478.3
-1478.31
-1478.28
-1478.31
-1478.31
-1478.3
-1478.3
-1478.32
-1478.3
-1478.29
-1478.3
-1478.3
-1478.31
-1478.3
-1478.3
-1478.31
-1478.29
-1478.28
-1478.3
-3608.13
-3608.13
-3608.11
-3608.13
-3608.12
-3608.13
-3608.14
-3608.12
-3608.12
-3608.12
-3608.13
-3608.13
-3608.14
-3608.13
-3608.12
-3608.12
-3608.1
-3608.13
-3608.13
-3608.13
-3608.11
-3608.13
-3608.12
-3608.14
-3608.14
-3608.12
-3608.12
-3608.12
-3608.13
-3608.13
-3608.14
-3608.13
-3608.12
-3608.12
-3608.1
-3608.13
-3608.13
-3608.13
-3608.11
-3608.13
-3608.12
-3608.14
-3608.14
-3608.12
-3608.12
-3608.12
-3608.13
-3608.13
-3608.14
-3608.13
-3608.12
-3608.12
-3608.1
-3608.13
-3608.13
-3608.13
-3608.11
-3608.13
-3608.12
-3608.14
-3608.14
-3608.12
-3608.12
-3608.12
-3608.13
-3608.13
-3608.14
-3608.13
-3608.12
-3608.12
-3608.1
-3608.13
-128.182
-128.184
-128.175
-128.177
-128.168
-128.175
-128.182
-128.177
-128.155
-128.172
-128.194
-128.196
-128.174
-128.167
-128.16
-128.177
-128.179
-128.178
-128.182
-128.184
-128.175
-128.177
-128.168
-128.175
-128.182
-128.177
-128.155
-128.172
-128.194
-128.196
-128.175
-128.167
-128.16
-128.177
-128.179
-128.178
-128.182
-128.184
-128.175
-128.177
-128.168
-128.175
-128.182
-128.177
-128.155
-128.172
-128.194
-128.196
-128.175
-128.167
-128.16
-128.177
-128.179
-128.178
-128.182
-128.184
-128.175
-128.177
-128.168
-128.175
-128.182
-128.177
-128.155
-128.173
-128.194
-128.196
-128.175
-128.167
-128.16
-128.177
-128.179
-128.178
-1628.36
-1628.35
-1628.35
-1628.36
-1628.35
-1628.37
-1628.36
-1628.36
-1628.35
-1628.36
-1628.36
-1628.36
-1628.35
-1628.34
-1628.36
-1628.35
-1628.34
-1628.37
-1628.36
-1628.35
-1628.35
-1628.36
-1628.35
-1628.37
-1628.36
-1628.36
-1628.35
-1628.36
-1628.36
-1628.36
-1628.35
-1628.34
-1628.36
-1628.35
-1628.34
-1628.37
-1628.36
-1628.35
-1628.35
-1628.36
-1628.35
-1628.37
-1628.36
-1628.36
-1628.35
-1628.36
-1628.36
-1628.36
-1628.35
-1628.34
-1628.36
-1628.35
-1628.34
-1628.37
-1628.36
-1628.35
-1628.35
-1628.36
-1628.35
-1628.37
-1628.36
-1628.36
-1628.35
-1628.36
-1628.36
-1628.36
-1628.35
-1628.34
-1628.36
-1628.35
-1628.34
-1628.37
-3900.88
-3900.88
-3900.87
-3900.86
-3900.87
-3900.89
-3900.88
-3900.87
-3900.89
-3900.89
-3900.9
-3900.88
-3900.87
-3900.87
-3900.87
-3900.88
-3900.87
-3900.88
-3900.88
-3900.88
-3900.87
-3900.86
-3900.87
-3900.89
-3900.88
-3900.87
-3900.89
-3900.89
-3900.89
-3900.88
-3900.87
-3900.87
-3900.87
-3900.88
-3900.87
-3900.88
-3900.88
-3900.88
-3900.87
-3900.86
-3900.87
-3900.89
-3900.88
-3900.87
-3900.89
-3900.89
-3900.89
-3900.88
-3900.87
-3900.87
-3900.87
-3900.88
-3900.87
-3900.88
-3900.88
-3900.88
-3900.87
-3900.86
-3900.87
-3900.89
-3900.88
-3900.87
-3900.89
-3900.89
-3900.89
-3900.88
-3900.87
-3900.87
-3900.87
-3900.88
-3900.87
-3900.88
-255.934
-255.94
-255.93
-255.929
-255.934
-255.935
-255.933
-255.935
-255.938
-255.927
-255.932
-255.961
-255.929
-255.931
-255.937
-255.934
-255.934
-255.943
-255.934
-255.94
-255.93
-255.93
-255.934
-255.935
-255.933
-255.935
-255.938
-255.927
-255.933
-255.961
-255.929
-255.931
-255.937
-255.934
-255.934
-255.943
-255.934
-255.94
-255.93
-255.929
-255.934
-255.934
-255.933
-255.935
-255.938
-255.927
-255.933
-255.961
-255.929
-255.931
-255.937
-255.934
-255.934
-255.943
-255.934
-255.94
-255.93
-255.929
-255.934
-255.934
-255.933
-255.935
-255.938
-255.927
-255.933
-255.961
-255.929
-255.931
-255.937
-255.934
-255.934
-255.943
-1807.12
-1807.11
-1807.1
-1807.12
-1807.1
-1807.1
-1807.11
-1807.12
-1807.13
-1807.11
-1807.1
-1807.08
-1807.1
-1807.1
-1807.11
-1807.1
-1807.12
-1807.12
-1807.12
-1807.11
-1807.1
-1807.12
-1807.1
-1807.1
-1807.11
-1807.12
-1807.13
-1807.11
-1807.1
-1807.08
-1807.1
-1807.1
-1807.11
-1807.1
-1807.12
-1807.12
-1807.12
-1807.11
-1807.1
-1807.12
-1807.1
-1807.1
-1807.11
-1807.12
-1807.13
-1807.11
-1807.1
-1807.08
-1807.1
-1807.1
-1807.11
-1807.1
-1807.12
-1807.12
-1807.12
-1807.11
-1807.1
-1807.12
-1807.1
-1807.1
-1807.11
-1807.12
-1807.13
-1807.11
-1807.1
-1807.08
-1807.1
-1807.1
-1807.11
-1807.1
-1807.12
-1807.12
-4184.54
-4184.53
-4184.54
-4184.53
-4184.54
-4184.56
-4184.54
-4184.55
-4184.55
-4184.54
-4184.53
-4184.51
-4184.52
-4184.54
-4184.55
-4184.55
-4184.55
-4184.52
-4184.54
-4184.53
-4184.54
-4184.53
-4184.54
-4184.56
-4184.54
-4184.55
-4184.55
-4184.54
-4184.53
-4184.51
-4184.52
-4184.54
-4184.55
-4184.55
-4184.55
-4184.52
-4184.54
-4184.53
-4184.54
-4184.53
-4184.54
-4184.56
-4184.54
-4184.55
-4184.55
-4184.54
-4184.53
-4184.51
-4184.52
-4184.54
-4184.55
-4184.55
-4184.55
-4184.52
-4184.54
-4184.53
-4184.54
-4184.53
-4184.54
-4184.56
-4184.54
-4184.55
-4184.55
-4184.54
-4184.52
-4184.51
-4184.52
-4184.54
-4184.55
-4184.55
-4184.55
-4184.52
-493.5
-493.512
-493.512
-493.512
-493.505
-493.497
-493.508
-493.506
-493.521
-493.512
-493.509
-493.517
-493.491
-493.501
-493.502
-493.502
-493.491
-493.503
-493.5
-493.512
-493.512
-493.512
-493.505
-493.497
-493.508
-493.506
-493.521
-493.512
-493.509
-493.517
-493.491
-493.501
-493.502
-493.502
-493.491
-493.503
-493.5
-493.512
-493.512
-493.512
-493.505
-493.497
-493.508
-493.506
-493.521
-493.512
-493.509
-493.517
-493.491
-493.501
-493.502
-493.502
-493.491
-493.503
-493.5
-493.512
-493.512
-493.512
-493.505
-493.497
-493.508
-493.506
-493.521
-493.512
-493.509
-493.517
-493.491
-493.501
-493.502
-493.502
-493.491
-493.503
-2036.48
-2036.48
-2036.45
-2036.48
-2036.47
-2036.45
-2036.46
-2036.47
-2036.48
-2036.46
-2036.46
-2036.45
-2036.46
-2036.48
-2036.45
-2036.47
-2036.47
-2036.45
-2036.48
-2036.48
-2036.45
-2036.48
-2036.47
-2036.45
-2036.46
-2036.47
-2036.48
-2036.46
-2036.46
-2036.45
-2036.46
-2036.48
-2036.45
-2036.47
-2036.47
-2036.45
-2036.48
-2036.48
-2036.45
-2036.48
-2036.47
-2036.45
-2036.46
-2036.47
-2036.48
-2036.46
-2036.46
-2036.45
-2036.46
-2036.48
-2036.45
-2036.47
-2036.47
-2036.45
-2036.48
-2036.48
-2036.45
-2036.48
-2036.47
-2036.45
-2036.46
-2036.47
-2036.48
-2036.46
-2036.46
-2036.45
-2036.46
-2036.48
-2036.45
-2036.47
-2036.47
-2036.45
-4453.6
-4453.61
-4453.58
-4453.57
-4453.6
-4453.6
-4453.6
-4453.6
-4453.58
-4453.59
-4453.59
-4453.59
-4453.61
-4453.61
-4453.61
-4453.6
-4453.59
-4453.58
-4453.6
-4453.61
-4453.58
-4453.57
-4453.6
-4453.6
-4453.6
-4453.61
-4453.58
-4453.59
-4453.59
-4453.59
-4453.61
-4453.61
-4453.61
-4453.6
-4453.59
-4453.58
-4453.6
-4453.61
-4453.58
-4453.57
-4453.6
-4453.6
-4453.6
-4453.61
-4453.58
-4453.59
-4453.59
-4453.59
-4453.61
-4453.61
-4453.61
-4453.6
-4453.59
-4453.58
-4453.6
-4453.61
-4453.58
-4453.57
-4453.6
-4453.6
-4453.6
-4453.61
-4453.58
-4453.59
-4453.59
-4453.59
-4453.61
-4453.61
-4453.61
-4453.6
-4453.59
-4453.58
-926.787
-926.798
-926.792
-926.775
-926.765
-926.787
-926.794
-926.789
-926.785
-926.792
-926.806
-926.798
-926.798
-926.8
-926.76
-926.773
-926.794
-926.791
-926.787
-926.798
-926.792
-926.775
-926.765
-926.787
-926.794
-926.789
-926.785
-926.792
-926.806
-926.798
-926.798
-926.8
-926.76
-926.773
-926.794
-926.791
-926.787
-926.798
-926.792
-926.775
-926.765
-926.787
-926.794
-926.789
-926.785
-926.792
-926.806
-926.798
-926.798
-926.8
-926.76
-926.773
-926.794
-926.791
-926.787
-926.798
-926.792
-926.775
-926.765
-926.787
-926.794
-926.789
-926.785
-926.792
-926.806
-926.798
-926.798
-926.8
-926.76
-926.773
-926.794
-926.791
-2344.78
-2344.76
-2344.75
-2344.77
-2344.78
-2344.76
-2344.77
-2344.76
-2344.77
-2344.78
-2344.78
-2344.77
-2344.78
-2344.76
-2344.75
-2344.77
-2344.78
-2344.76
-2344.78
-2344.76
-2344.75
-2344.77
-2344.78
-2344.76
-2344.77
-2344.76
-2344.77
-2344.78
-2344.78
-2344.77
-2344.78
-2344.76
-2344.75
-2344.77
-2344.78
-2344.76
-2344.78
-2344.76
-2344.75
-2344.77
-2344.78
-2344.76
-2344.77
-2344.76
-2344.77
-2344.78
-2344.78
-2344.77
-2344.78
-2344.76
-2344.75
-2344.77
-2344.78
-2344.76
-2344.78
-2344.76
-2344.75
-2344.77
-2344.78
-2344.76
-2344.77
-2344.76
-2344.77
-2344.78
-2344.78
-2344.77
-2344.78
-2344.76
-2344.75
-2344.77
-2344.78
-2344.76
-4682.7
-4682.69
-4682.7
-4682.7
-4682.67
-4682.69
-4682.7
-4682.69
-4682.67
-4682.72
-4682.72
-4682.7
-4682.7
-4682.69
-4682.7
-4682.67
-4682.68
-4682.71
-4682.7
-4682.69
-4682.7
-4682.7
-4682.67
-4682.69
-4682.7
-4682.69
-4682.67
-4682.72
-4682.72
-4682.7
-4682.7
-4682.69
-4682.7
-4682.67
-4682.68
-4682.71
-4682.7
-4682.69
-4682.7
-4682.7
-4682.67
-4682.69
-4682.7
-4682.69
-4682.67
-4682.72
-4682.72
-4682.7
-4682.7
-4682.69
-4682.7
-4682.67
-4682.68
-4682.71
-4682.7
-4682.69
-4682.7
-4682.7
-4682.67
-4682.69
-4682.7
-4682.69
-4682.67
-4682.72
-4682.72
-4682.7
-4682.7
-4682.69
-4682.7
-4682.67
-4682.68
-4682.71
-1668.29
-1668.28
-1668.28
-1668.26
-1668.27
-1668.3
-1668.31
-1668.27
-1668.26
-1668.26
-1668.27
-1668.29
-1668.31
-1668.32
-1668.26
-1668.26
-1668.28
-1668.29
-1668.29
-1668.28
-1668.28
-1668.26
-1668.27
-1668.3
-1668.31
-1668.27
-1668.26
-1668.26
-1668.27
-1668.29
-1668.31
-1668.32
-1668.27
-1668.26
-1668.28
-1668.29
-1668.29
-1668.28
-1668.28
-1668.26
-1668.27
-1668.3
-1668.31
-1668.27
-1668.26
-1668.26
-1668.27
-1668.29
-1668.31
-1668.32
-1668.27
-1668.26
-1668.28
-1668.29
-1668.29
-1668.28
-1668.28
-1668.26
-1668.27
-1668.3
-1668.31
-1668.27
-1668.26
-1668.26
-1668.27
-1668.28
-1668.31
-1668.32
-1668.27
-1668.26
-1668.28
-1668.29
-2758.6
-2758.6
-2758.6
-2758.59
-2758.61
-2758.61
-2758.61
-2758.59
-2758.59
-2758.59
-2758.61
-2758.61
-2758.64
-2758.59
-2758.59
-2758.59
-2758.6
-2758.61
-2758.6
-2758.6
-2758.6
-2758.59
-2758.61
-2758.61
-2758.61
-2758.59
-2758.59
-2758.59
-2758.61
-2758.61
-2758.64
-2758.59
-2758.59
-2758.59
-2758.6
-2758.61
-2758.6
-2758.6
-2758.6
-2758.59
-2758.61
-2758.61
-2758.61
-2758.59
-2758.59
-2758.59
-2758.61
-2758.61
-2758.64
-2758.59
-2758.59
-2758.59
-2758.6
-2758.61
-2758.6
-2758.6
-2758.6
-2758.59
-2758.61
-2758.61
-2758.61
-2758.59
-2758.59
-2758.59
-2758.61
-2758.61
-2758.64
-2758.59
-2758.59
-2758.59
-2758.6
-2758.61
-4806.95
-4806.94
-4806.96
-4806.94
-4806.92
-4806.96
-4806.97
-4806.97
-4806.92
-4806.96
-4806.93
-4806.93
-4806.93
-4806.94
-4806.92
-4806.95
-4806.94
-4806.97
-4806.95
-4806.94
-4806.96
-4806.94
-4806.92
-4806.96
-4806.97
-4806.97
-4806.92
-4806.96
-4806.93
-4806.93
-4806.93
-4806.94
-4806.92
-4806.95
-4806.94
-4806.97
-4806.95
-4806.94
-4806.96
-4806.94
-4806.92
-4806.96
-4806.97
-4806.97
-4806.92
-4806.96
-4806.93
-4806.93
-4806.93
-4806.94
-4806.92
-4806.95
-4806.94
-4806.97
-4806.95
-4806.94
-4806.96
-4806.94
-4806.92
-4806.96
-4806.97
-4806.97
-4806.92
-4806.96
-4806.93
-4806.94
-4806.93
-4806.94
-4806.92
-4806.95
-4806.94
-4806.97
-2802.21
-2802.18
-2802.19
-2802.19
-2802.19
-2802.22
-2802.23
-2802.21
-2802.19
-2802.17
-2802.19
-2802.18
-2802.2
-2802.24
-2802.2
-2802.21
-2802.22
-2802.18
-2802.21
-2802.18
-2802.19
-2802.19
-2802.19
-2802.22
-2802.23
-2802.21
-2802.19
-2802.17
-2802.19
-2802.18
-2802.2
-2802.24
-2802.2
-2802.21
-2802.22
-2802.18
-2802.21
-2802.18
-2802.19
-2802.19
-2802.19
-2802.22
-2802.23
-2802.21
-2802.19
-2802.17
-2802.19
-2802.18
-2802.2
-2802.24
-2802.2
-2802.21
-2802.22
-2802.18
-2802.21
-2802.18
-2802.19
-2802.19
-2802.19
-2802.22
-2802.23
-2802.21
-2802.19
-2802.17
-2802.19
-2802.18
-2802.2
-2802.24
-2802.2
-2802.21
-2802.22
-2802.18
-3229.76
-3229.77
-3229.78
-3229.76
-3229.79
-3229.79
-3229.78
-3229.78
-3229.75
-3229.78
-3229.78
-3229.78
-3229.78
-3229.77
-3229.8
-3229.8
-3229.77
-3229.77
-3229.76
-3229.77
-3229.78
-3229.76
-3229.79
-3229.79
-3229.78
-3229.78
-3229.75
-3229.78
-3229.78
-3229.78
-3229.78
-3229.77
-3229.8
-3229.8
-3229.77
-3229.77
-3229.76
-3229.77
-3229.78
-3229.76
-3229.79
-3229.79
-3229.78
-3229.78
-3229.75
-3229.78
-3229.78
-3229.78
-3229.78
-3229.77
-3229.8
-3229.8
-3229.77
-3229.77
-3229.76
-3229.77
-3229.78
-3229.76
-3229.79
-3229.79
-3229.78
-3229.78
-3229.75
-3229.78
-3229.78
-3229.78
-3229.78
-3229.77
-3229.8
-3229.8
-3229.77
-3229.77
-4656.86
-4656.87
-4656.86
-4656.88
-4656.84
-4656.88
-4656.87
-4656.91
-4656.87
-4656.89
-4656.87
-4656.87
-4656.86
-4656.86
-4656.87
-4656.91
-4656.87
-4656.88
-4656.86
-4656.87
-4656.86
-4656.88
-4656.84
-4656.88
-4656.87
-4656.91
-4656.87
-4656.89
-4656.87
-4656.87
-4656.86
-4656.86
-4656.87
-4656.91
-4656.87
-4656.88
-4656.86
-4656.87
-4656.86
-4656.88
-4656.84
-4656.88
-4656.87
-4656.91
-4656.87
-4656.89
-4656.87
-4656.87
-4656.86
-4656.86
-4656.87
-4656.91
-4656.87
-4656.88
-4656.86
-4656.87
-4656.86
-4656.88
-4656.84
-4656.88
-4656.87
-4656.91
-4656.87
-4656.89
-4656.87
-4656.87
-4656.86
-4656.86
-4656.87
-4656.91
-4656.87
-4656.88
-4043.46
-4043.47
-4043.49
-4043.42
-4043.43
-4043.45
-4043.39
-4043.44
-4043.53
-4043.47
-4043.41
-4043.39
-4043.43
-4043.47
-4043.45
-4043.46
-4043.49
-4043.46
-4043.46
-4043.47
-4043.48
-4043.42
-4043.43
-4043.45
-4043.39
-4043.44
-4043.53
-4043.47
-4043.41
-4043.39
-4043.43
-4043.47
-4043.45
-4043.46
-4043.49
-4043.46
-4043.46
-4043.47
-4043.49
-4043.42
-4043.43
-4043.45
-4043.39
-4043.44
-4043.53
-4043.47
-4043.41
-4043.39
-4043.43
-4043.47
-4043.45
-4043.46
-4043.49
-4043.46
-4043.46
-4043.47
-4043.49
-4043.42
-4043.43
-4043.45
-4043.39
-4043.44
-4043.53
-4043.47
-4043.41
-4043.39
-4043.43
-4043.47
-4043.45
-4043.46
-4043.49
-4043.46
-3461.04
-3461.06
-3461.04
-3461.02
-3461
-3461.04
-3461.04
-3461.07
-3461.06
-3461.03
-3461.05
-3461.04
-3461.04
-3461.02
-3461.08
-3461.05
-3461.04
-3461.03
-3461.04
-3461.06
-3461.04
-3461.02
-3461
-3461.04
-3461.04
-3461.07
-3461.06
-3461.03
-3461.05
-3461.04
-3461.04
-3461.02
-3461.08
-3461.05
-3461.04
-3461.03
-3461.04
-3461.06
-3461.04
-3461.02
-3461
-3461.04
-3461.04
-3461.07
-3461.06
-3461.03
-3461.05
-3461.04
-3461.04
-3461.02
-3461.08
-3461.05
-3461.04
-3461.03
-3461.04
-3461.06
-3461.04
-3461.02
-3461
-3461.04
-3461.04
-3461.07
-3461.06
-3461.03
-3461.05
-3461.04
-3461.04
-3461.02
-3461.08
-3461.05
-3461.04
-3461.03
-3849.93
-3849.95
-3849.93
-3849.94
-3849.94
-3849.96
-3849.97
-3849.96
-3849.96
-3849.97
-3849.94
-3849.95
-3849.94
-3849.95
-3849.95
-3849.95
-3849.93
-3849.94
-3849.93
-3849.95
-3849.94
-3849.94
-3849.94
-3849.96
-3849.97
-3849.96
-3849.96
-3849.97
-3849.94
-3849.95
-3849.94
-3849.95
-3849.95
-3849.95
-3849.93
-3849.94
-3849.93
-3849.95
-3849.93
-3849.94
-3849.93
-3849.96
-3849.97
-3849.96
-3849.96
-3849.97
-3849.94
-3849.95
-3849.94
-3849.95
-3849.95
-3849.95
-3849.93
-3849.94
-3849.93
-3849.95
-3849.93
-3849.94
-3849.93
-3849.96
-3849.97
-3849.96
-3849.96
-3849.97
-3849.94
-3849.95
-3849.94
-3849.95
-3849.95
-3849.95
-3849.93
-3849.94
-4452.67
-4452.52
-4452.57
-4452.52
-4452.51
-4452.65
-4452.61
-4452.32
-4452.62
-4452.72
-4452.42
-4452.57
-4452.65
-4452.48
-4452.47
-4452.53
-4452.57
-4452.67
-4452.67
-4452.52
-4452.57
-4452.52
-4452.5
-4452.65
-4452.61
-4452.32
-4452.62
-4452.72
-4452.42
-4452.57
-4452.65
-4452.48
-4452.47
-4452.53
-4452.57
-4452.67
-4452.67
-4452.52
-4452.57
-4452.52
-4452.51
-4452.65
-4452.61
-4452.32
-4452.62
-4452.72
-4452.42
-4452.57
-4452.65
-4452.48
-4452.47
-4452.53
-4452.57
-4452.67
-4452.67
-4452.52
-4452.57
-4452.52
-4452.51
-4452.65
-4452.61
-4452.32
-4452.62
-4452.72
-4452.42
-4452.57
-4452.65
-4452.48
-4452.47
-4452.54
-4452.57
-4452.67
-2945.11
-2945.09
-2945.09
-2945.1
-2945.1
-2945.12
-2945.18
-2945.12
-2945.07
-2945.11
-2945.14
-2945.14
-2945.1
-2945.1
-2945.11
-2945.1
-2945.1
-2945.12
-2945.11
-2945.09
-2945.09
-2945.1
-2945.1
-2945.12
-2945.18
-2945.12
-2945.07
-2945.11
-2945.14
-2945.14
-2945.1
-2945.1
-2945.11
-2945.1
-2945.1
-2945.12
-2945.1
-2945.09
-2945.09
-2945.1
-2945.1
-2945.12
-2945.18
-2945.12
-2945.07
-2945.11
-2945.14
-2945.14
-2945.1
-2945.1
-2945.11
-2945.1
-2945.1
-2945.12
-2945.11
-2945.09
-2945.09
-2945.1
-2945.1
-2945.12
-2945.18
-2945.12
-2945.07
-2945.11
-2945.14
-2945.14
-2945.1
-2945.1
-2945.11
-2945.1
-2945.1
-2945.12
-1909.22
-1909.21
-1909.21
-1909.21
-1909.27
-1909.25
-1909.24
-1909.18
-1909.26
-1909.22
-1909.21
-1909.25
-1909.21
-1909.25
-1909.2
-1909.21
-1909.21
-1909.22
-1909.22
-1909.21
-1909.21
-1909.21
-1909.27
-1909.25
-1909.24
-1909.18
-1909.25
-1909.22
-1909.21
-1909.25
-1909.21
-1909.25
-1909.2
-1909.21
-1909.21
-1909.22
-1909.22
-1909.22
-1909.21
-1909.21
-1909.27
-1909.25
-1909.24
-1909.18
-1909.25
-1909.22
-1909.21
-1909.25
-1909.21
-1909.25
-1909.2
-1909.21
-1909.21
-1909.22
-1909.22
-1909.22
-1909.21
-1909.21
-1909.27
-1909.25
-1909.24
-1909.18
-1909.25
-1909.22
-1909.21
-1909.25
-1909.21
-1909.25
-1909.2
-1909.21
-1909.21
-1909.22
-3760.4
-3762.06
-3762.04
-3761.67
-3761.56
-3761.02
-3760.41
-3762.29
-3761.55
-3760.91
-3762.23
-3760.71
-3760.93
-3761.28
-3761.62
-3762.29
-3762.22
-3760.68
-3760.4
-3762.06
-3762.04
-3761.67
-3761.56
-3761.02
-3760.41
-3762.29
-3761.55
-3760.91
-3762.23
-3760.71
-3760.93
-3761.28
-3761.62
-3762.29
-3762.22
-3760.68
-3760.4
-3762.06
-3762.04
-3761.67
-3761.56
-3761.02
-3760.41
-3762.29
-3761.56
-3760.91
-3762.23
-3760.71
-3760.93
-3761.28
-3761.62
-3762.29
-3762.22
-3760.68
-3760.4
-3762.06
-3762.04
-3761.67
-3761.56
-3761.02
-3760.41
-3762.29
-3761.56
-3760.91
-3762.23
-3760.71
-3760.93
-3761.28
-3761.62
-3762.29
-3762.22
-3760.68
-1603.69
-1603.71
-1603.72
-1603.72
-1603.8
-1603.63
-1603.77
-1603.91
-1603.56
-1603.68
-1603.98
-1603.62
-1603.71
-1603.92
-1603.69
-1603.71
-1603.69
-1603.7
-1603.69
-1603.71
-1603.72
-1603.72
-1603.8
-1603.63
-1603.77
-1603.91
-1603.56
-1603.68
-1603.98
-1603.62
-1603.71
-1603.92
-1603.69
-1603.71
-1603.69
-1603.7
-1603.69
-1603.71
-1603.72
-1603.72
-1603.8
-1603.63
-1603.77
-1603.91
-1603.56
-1603.68
-1603.98
-1603.62
-1603.71
-1603.92
-1603.69
-1603.71
-1603.69
-1603.7
-1603.69
-1603.71
-1603.72
-1603.72
-1603.8
-1603.63
-1603.77
-1603.91
-1603.56
-1603.68
-1603.98
-1603.62
-1603.71
-1603.92
-1603.69
-1603.71
-1603.69
-1603.7
1524.26
1524.3
1524.26
1524.21
1524.31
1524.14
1524.49
1524.13
1524.35
1524.31
1524.16
1524.48
1524.14
1524.34
1524.23
1524.31
1524.28
1524.26
1524.26
1524.3
1524.26
1524.21
1524.31
1524.14
1524.49
1524.13
1524.35
1524.31
1524.16
1524.48
1524.14
1524.34
1524.23
1524.31
1524.28
1524.26
1524.26
1524.3
1524.26
1524.21
1524.31
1524.14
1524.49
1524.13
1524.35
1524.31
1524.16
1524.48
1524.14
1524.34
1524.22
1524.31
1524.28
1524.26
1524.26
1524.3
1524.26
1524.21
1524.31
1524.14
1524.49
1524.13
1524.35
1524.31
1524.16
1524.48
1524.14
1524.34
1524.23
1524.31
1524.28
1524.26
2856.71
2874.2
2872.92
2865.42
2865.63
2868.32
2855.11
2873.11
2867.01
2867.69
2873.89
2855.3
2868.29
2864.41
2864.42
2873.28
2875.22
2857.5
2856.71
2874.2
2872.93
2865.42
2865.63
2868.32
2855.11
2873.11
2867.01
2867.69
2873.89
2855.3
2868.3
2864.41
2864.41
2873.28
2875.22
2857.5
2856.72
2874.2
2872.93
2865.42
2865.63
2868.33
2855.11
2873.11
2867.01
2867.69
2873.89
2855.3
2868.29
2864.41
2864.41
2873.28
2875.22
2857.5
2856.72
2874.2
2872.93
2865.42
2865.63
2868.32
2855.11
2873.11
2867.01
2867.69
2873.89
2855.3
2868.29
2864.41
2864.42
2873.28
2875.22
2857.5
3375.84
3375.84
3376.32
3375.21
3375.92
3375.45
3374.86
3376.19
3376.59
3375.52
3375.03
3375.22
3376.55
3376.1
3375.49
3376.41
3375.07
3375.73
3375.84
3375.84
3376.32
3375.21
3375.92
3375.45
3374.86
3376.19
3376.59
3375.52
3375.03
3375.22
3376.55
3376.1
3375.48
3376.41
3375.07
3375.73
3375.84
3375.84
3376.32
3375.21
3375.92
3375.45
3374.86
3376.19
3376.59
3375.52
3375.03
3375.22
3376.55
3376.1
3375.48
3376.41
3375.07
3375.73
3375.84
3375.84
3376.32
3375.21
3375.92
3375.45
3374.86
3376.19
3376.59
3375.52
3375.03
3375.22
3376.55
3376.1
3375.49
3376.41
3375.07
3375.73
2397.61
2397.82
2396.98
2398.15
2396.76
2398.5
2397.19
2397.53
2396.75
2398.01
2398.42
2396.93
2397.7
2396.98
2398.43
2396.9
2398.16
2397.21
2397.61
2397.82
2396.98
2398.15
2396.76
2398.49
2397.19
2397.53
2396.75
2398.01
2398.42
2396.93
2397.7
2396.98
2398.43
2396.9
2398.16
2397.21
2397.61
2397.82
2396.98
2398.15
2396.76
2398.49
2397.19
2397.53
2396.75
2398.01
2398.42
2396.93
2397.7
2396.98
2398.43
2396.9
2398.16
2397.21
2397.61
2397.83
2396.98
2398.15
2396.76
2398.5
2397.19
2397.53
2396.75
2398.01
2398.42
2396.93
2397.7
2396.98
2398.43
2396.9
2398.16
2397.21
)
;

boundaryField
{
    fixed
    {
        type            zeroGradient;
    }
    inside
    {
        type            zeroGradient;
    }
    outside
    {
        type            zeroGradient;
    }
}


// ************************************************************************* //
