/*--------------------------------*- C++ -*----------------------------------*\
| =========                 |                                                 |
| \\      /  F ield         | OpenFOAM: The Open Source CFD Toolbox           |
|  \\    /   O peration     | Version:  2312                                  |
|   \\  /    A nd           | Website:  www.openfoam.com                      |
|    \\/     M anipulation  |                                                 |
\*---------------------------------------------------------------------------*/
FoamFile
{
    version     2.0;
    format      ascii;
    arch        "LSB;label=32;scalar=64";
    class       volVectorField;
    location    "0.5";
    object      traction;
}
// * * * * * * * * * * * * * * * * * * * * * * * * * * * * * * * * * * * * * //

dimensions      [1 -1 -2 0 0 0 0];

internalField   uniform (0 0 0);

boundaryField
{
    fixed
    {
        type            calculated;
        value           nonuniform List<vector> 
216
(
(595.454 13953.1 16352)
(-622.947 13951.9 16351.9)
(-1836.55 13844.5 16352)
(-3036.13 13631.8 16352)
(-4212.67 13315.3 16351.9)
(-5357.2 12897.4 16351.9)
(-6460.91 12381.4 16352)
(-7515.41 11771.2 16351.9)
(-8512.76 11071.4 16351.9)
(-9445.3 10287.4 16351.9)
(-10306 9425.01 16352)
(-11088.2 8490.95 16352)
(-11786 7492.23 16351.9)
(-12394.1 6436.45 16351.9)
(-12908 5331.73 16352)
(-13323.6 4186.48 16352)
(-13637.7 3009.35 16352)
(-13848.1 1809.26 16352)
(-13953.1 595.454 16352)
(-13951.9 -622.947 16351.9)
(-13844.5 -1836.55 16352)
(-13631.8 -3036.13 16352)
(-13315.3 -4212.67 16351.9)
(-12897.4 -5357.2 16351.9)
(-12381.4 -6460.91 16352)
(-11771.2 -7515.41 16351.9)
(-11071.4 -8512.76 16351.9)
(-10287.4 -9445.3 16351.9)
(-9425.01 -10306 16352)
(-8490.95 -11088.2 16352)
(-7492.23 -11786 16351.9)
(-6436.45 -12394.1 16351.9)
(-5331.73 -12908 16352)
(-4186.48 -13323.6 16352)
(-3009.35 -13637.7 16352)
(-1809.26 -13848.1 16352)
(-595.454 -13953.1 16352)
(622.947 -13951.9 16351.9)
(1836.55 -13844.5 16352)
(3036.13 -13631.8 16352)
(4212.67 -13315.3 16351.9)
(5357.2 -12897.4 16351.9)
(6460.91 -12381.4 16352)
(7515.41 -11771.2 16351.9)
(8512.76 -11071.4 16351.9)
(9445.3 -10287.4 16351.9)
(10306 -9425.01 16352)
(11088.2 -8490.95 16352)
(11786 -7492.23 16351.9)
(12394.1 -6436.45 16351.9)
(12908 -5331.73 16352)
(13323.6 -4186.48 16352)
(13637.7 -3009.35 16352)
(13848.1 -1809.26 16352)
(13953.1 -595.454 16352)
(13951.9 622.947 16351.9)
(13844.5 1836.55 16352)
(13631.8 3036.13 16352)
(13315.3 4212.67 16351.9)
(12897.4 5357.2 16351.9)
(12381.4 6460.91 16352)
(11771.2 7515.41 16351.9)
(11071.4 8512.76 16351.9)
(10287.4 9445.3 16351.9)
(9425.01 10306 16352)
(8490.95 11088.2 16352)
(7492.23 11786 16351.9)
(6436.45 12394.1 16351.9)
(5331.73 12908 16352)
(4186.48 13323.6 16352)
(3009.35 13637.7 16352)
(1809.26 13848.1 16352)
(722.585 1357.42 -178.963)
(601.526 1415.25 -178.98)
(475.891 1462.3 -178.945)
(346.652 1498.15 -178.947)
(214.769 1522.63 -179.002)
(81.2389 1535.56 -179.022)
(-52.9294 1536.84 -178.989)
(-186.676 1526.39 -178.932)
(-319.045 1504.35 -178.983)
(-448.945 1470.84 -179.01)
(-575.385 1426.08 -178.97)
(-697.476 1370.49 -178.989)
(-814.219 1304.46 -179.007)
(-924.793 1228.53 -178.992)
(-1028.37 1143.26 -178.969)
(-1124.16 1049.29 -178.963)
(-1211.34 947.322 -178.976)
(-1289.29 838.143 -178.987)
(-1357.42 722.585 -178.963)
(-1415.25 601.526 -178.98)
(-1462.3 475.891 -178.945)
(-1498.15 346.652 -178.947)
(-1522.63 214.769 -179.002)
(-1535.56 81.2388 -179.022)
(-1536.84 -52.9294 -178.988)
(-1526.39 -186.678 -178.931)
(-1504.35 -319.044 -178.983)
(-1470.83 -448.945 -179.01)
(-1426.08 -575.385 -178.97)
(-1370.49 -697.476 -178.989)
(-1304.46 -814.218 -179.007)
(-1228.53 -924.793 -178.993)
(-1143.26 -1028.37 -178.97)
(-1049.29 -1124.16 -178.963)
(-947.322 -1211.34 -178.976)
(-838.143 -1289.29 -178.987)
(-722.585 -1357.42 -178.963)
(-601.526 -1415.25 -178.98)
(-475.891 -1462.3 -178.945)
(-346.652 -1498.15 -178.947)
(-214.769 -1522.63 -179.002)
(-81.2388 -1535.56 -179.022)
(52.9294 -1536.84 -178.988)
(186.678 -1526.39 -178.93)
(319.044 -1504.35 -178.982)
(448.945 -1470.83 -179.01)
(575.385 -1426.08 -178.97)
(697.476 -1370.49 -178.989)
(814.218 -1304.46 -179.007)
(924.793 -1228.53 -178.993)
(1028.37 -1143.26 -178.97)
(1124.16 -1049.29 -178.963)
(1211.34 -947.322 -178.977)
(1289.29 -838.143 -178.987)
(1357.42 -722.584 -178.963)
(1415.25 -601.526 -178.98)
(1462.3 -475.891 -178.945)
(1498.15 -346.652 -178.947)
(1522.63 -214.769 -179.002)
(1535.56 -81.2388 -179.021)
(1536.84 52.9294 -178.988)
(1526.39 186.678 -178.93)
(1504.35 319.044 -178.982)
(1470.83 448.945 -179.01)
(1426.08 575.385 -178.97)
(1370.49 697.476 -178.989)
(1304.46 814.218 -179.006)
(1228.53 924.793 -178.992)
(1143.26 1028.37 -178.969)
(1049.29 1124.16 -178.963)
(947.322 1211.34 -178.977)
(838.143 1289.29 -178.987)
(2948.65 -18203.2 6583.58)
(4523.92 -17876.9 6583.58)
(6064.74 -17414.6 6583.62)
(7559.43 -16819.7 6583.58)
(8996.67 -16096.9 6583.56)
(10365.4 -15251.5 6583.55)
(11655.2 -14290.1 6583.61)
(12856.3 -13219.9 6583.64)
(13959.6 -12049.1 6583.57)
(14956.5 -10786.6 6583.5)
(15839.7 -9442 6583.59)
(16602.4 -8025.52 6583.6)
(17238.7 -6548.01 6583.58)
(17743.8 -5020.63 6583.61)
(18113.9 -3454.99 6583.58)
(18346.1 -1863.12 6583.62)
(18438.6 -257.103 6583.59)
(18390.9 1350.9 6583.55)
(18203.2 2948.65 6583.58)
(17876.9 4523.92 6583.58)
(17414.6 6064.74 6583.62)
(16819.7 7559.43 6583.58)
(16096.9 8996.67 6583.56)
(15251.5 10365.4 6583.55)
(14290.1 11655.2 6583.62)
(13219.9 12856.3 6583.64)
(12049.1 13959.6 6583.57)
(10786.6 14956.5 6583.51)
(9442 15839.7 6583.59)
(8025.52 16602.4 6583.6)
(6548.01 17238.7 6583.58)
(5020.63 17743.8 6583.61)
(3454.99 18113.9 6583.58)
(1863.12 18346.1 6583.62)
(257.103 18438.6 6583.59)
(-1350.9 18390.9 6583.55)
(-2948.65 18203.2 6583.58)
(-4523.92 17876.9 6583.58)
(-6064.74 17414.6 6583.62)
(-7559.43 16819.7 6583.58)
(-8996.67 16096.9 6583.56)
(-10365.4 15251.5 6583.55)
(-11655.2 14290.1 6583.62)
(-12856.3 13219.9 6583.64)
(-13959.6 12049.1 6583.57)
(-14956.5 10786.6 6583.51)
(-15839.7 9442 6583.59)
(-16602.4 8025.52 6583.6)
(-17238.7 6548.01 6583.58)
(-17743.8 5020.63 6583.61)
(-18113.9 3454.99 6583.58)
(-18346.1 1863.12 6583.62)
(-18438.6 257.103 6583.59)
(-18390.9 -1350.9 6583.55)
(-18203.2 -2948.65 6583.58)
(-17876.9 -4523.92 6583.58)
(-17414.6 -6064.74 6583.62)
(-16819.7 -7559.43 6583.58)
(-16096.9 -8996.67 6583.56)
(-15251.5 -10365.4 6583.55)
(-14290.1 -11655.2 6583.62)
(-13219.9 -12856.3 6583.64)
(-12049.1 -13959.6 6583.57)
(-10786.6 -14956.5 6583.51)
(-9442 -15839.7 6583.59)
(-8025.52 -16602.4 6583.6)
(-6548.01 -17238.7 6583.58)
(-5020.63 -17743.8 6583.61)
(-3454.99 -18113.9 6583.58)
(-1863.12 -18346.1 6583.62)
(-257.103 -18438.6 6583.59)
(1350.9 -18390.9 6583.55)
)
;
    }
    inside
    {
        type            calculated;
        value           nonuniform List<vector> 
1080
(
(6524.88 -885.773 1990.47)
(6577.27 -313.729 1990.58)
(6579.54 260.663 1990.44)
(6531.79 833.136 1990.54)
(6434.36 1399.3 1990.51)
(6287.93 1954.83 1990.55)
(6093.57 2495.34 1990.37)
(5852.87 3016.96 1990.5)
(5567.72 3515.56 1990.52)
(5240.17 3987.41 1990.6)
(4872.62 4428.92 1990.49)
(4468.05 4836.87 1990.54)
(4029.55 5207.81 1990.4)
(3560.32 5539.2 1990.5)
(3063.99 5828.43 1990.5)
(2544.32 6073.34 1990.55)
(2005.37 6271.92 1990.46)
(1451.08 6422.87 1990.53)
(885.773 6524.88 1990.47)
(313.729 6577.27 1990.58)
(-260.663 6579.54 1990.44)
(-833.136 6531.79 1990.54)
(-1399.3 6434.36 1990.51)
(-1954.83 6287.93 1990.55)
(-2495.34 6093.57 1990.37)
(-3016.96 5852.87 1990.5)
(-3515.56 5567.72 1990.52)
(-3987.41 5240.17 1990.6)
(-4428.92 4872.62 1990.49)
(-4836.87 4468.05 1990.54)
(-5207.81 4029.55 1990.4)
(-5539.2 3560.32 1990.5)
(-5828.43 3063.99 1990.5)
(-6073.34 2544.32 1990.55)
(-6271.92 2005.37 1990.46)
(-6422.87 1451.08 1990.53)
(-6524.88 885.773 1990.47)
(-6577.27 313.729 1990.58)
(-6579.54 -260.663 1990.44)
(-6531.79 -833.136 1990.54)
(-6434.36 -1399.3 1990.51)
(-6287.93 -1954.83 1990.55)
(-6093.57 -2495.34 1990.37)
(-5852.87 -3016.96 1990.5)
(-5567.72 -3515.56 1990.52)
(-5240.17 -3987.41 1990.6)
(-4872.62 -4428.92 1990.49)
(-4468.05 -4836.87 1990.54)
(-4029.55 -5207.81 1990.4)
(-3560.32 -5539.2 1990.5)
(-3063.99 -5828.43 1990.5)
(-2544.32 -6073.34 1990.55)
(-2005.37 -6271.92 1990.46)
(-1451.08 -6422.87 1990.53)
(-885.773 -6524.88 1990.47)
(-313.729 -6577.27 1990.58)
(260.663 -6579.54 1990.44)
(833.136 -6531.79 1990.54)
(1399.3 -6434.36 1990.51)
(1954.83 -6287.93 1990.55)
(2495.34 -6093.57 1990.37)
(3016.96 -5852.87 1990.5)
(3515.56 -5567.72 1990.52)
(3987.41 -5240.17 1990.6)
(4428.92 -4872.62 1990.49)
(4836.87 -4468.05 1990.54)
(5207.81 -4029.55 1990.4)
(5539.2 -3560.32 1990.5)
(5828.43 -3063.99 1990.5)
(6073.34 -2544.32 1990.55)
(6271.92 -2005.37 1990.46)
(6422.87 -1451.08 1990.53)
(8975.48 203.905 2838.62)
(8923.52 985.333 2838.55)
(8803.69 1759.26 2838.52)
(8616.9 2519.85 2838.59)
(8364.5 3261.27 2838.48)
(8048.41 3977.99 2838.57)
(7671.06 4664.23 2838.45)
(7235.31 5315.11 2838.54)
(6744.52 5925.56 2838.55)
(6202.43 6490.73 2838.45)
(5613.1 7006.54 2838.52)
(4981.08 7469.18 2838.61)
(4311.2 7874.87 2838.48)
(3608.43 8220.73 2838.58)
(2878.25 8503.91 2838.5)
(2126.12 8722.39 2838.58)
(1357.87 8874.47 2838.56)
(579.258 8959.05 2838.46)
(-203.904 8975.48 2838.62)
(-985.333 8923.52 2838.55)
(-1759.26 8803.69 2838.52)
(-2519.85 8616.9 2838.59)
(-3261.27 8364.5 2838.48)
(-3977.99 8048.41 2838.57)
(-4664.23 7671.06 2838.45)
(-5315.11 7235.31 2838.54)
(-5925.56 6744.52 2838.55)
(-6490.73 6202.43 2838.45)
(-7006.54 5613.1 2838.52)
(-7469.18 4981.07 2838.61)
(-7874.87 4311.2 2838.48)
(-8220.73 3608.43 2838.58)
(-8503.91 2878.25 2838.5)
(-8722.39 2126.12 2838.58)
(-8874.47 1357.87 2838.56)
(-8959.05 579.259 2838.46)
(-8975.48 -203.904 2838.62)
(-8923.52 -985.332 2838.55)
(-8803.69 -1759.26 2838.52)
(-8616.9 -2519.85 2838.59)
(-8364.5 -3261.27 2838.48)
(-8048.41 -3977.99 2838.57)
(-7671.06 -4664.23 2838.45)
(-7235.31 -5315.11 2838.54)
(-6744.52 -5925.56 2838.55)
(-6202.43 -6490.73 2838.45)
(-5613.1 -7006.54 2838.52)
(-4981.07 -7469.18 2838.61)
(-4311.2 -7874.87 2838.48)
(-3608.43 -8220.73 2838.58)
(-2878.25 -8503.91 2838.5)
(-2126.12 -8722.39 2838.58)
(-1357.87 -8874.47 2838.56)
(-579.259 -8959.05 2838.46)
(203.904 -8975.48 2838.62)
(985.332 -8923.52 2838.55)
(1759.26 -8803.69 2838.52)
(2519.85 -8616.9 2838.59)
(3261.27 -8364.5 2838.48)
(3977.99 -8048.41 2838.57)
(4664.23 -7671.06 2838.45)
(5315.11 -7235.31 2838.54)
(5925.56 -6744.52 2838.55)
(6490.73 -6202.43 2838.45)
(7006.54 -5613.1 2838.52)
(7469.18 -4981.07 2838.61)
(7874.87 -4311.2 2838.48)
(8220.73 -3608.43 2838.58)
(8503.91 -2878.25 2838.5)
(8722.39 -2126.12 2838.58)
(8874.47 -1357.87 2838.56)
(8959.05 -579.258 2838.46)
(10579.1 3739.88 2093.34)
(10212.9 4647.74 2093.35)
(9768.91 5520.16 2093.3)
(9250.64 6350.56 2093.28)
(8661.98 7132.64 2093.35)
(8007.39 7860.38 2093.34)
(7291.84 8528.42 2093.33)
(6520.78 9131.43 2093.28)
(5700.11 9665.14 2093.43)
(4836.11 10125 2093.26)
(3935.15 10508.1 2093.38)
(3004.39 10811 2093.34)
(2050.7 11031.8 2093.33)
(1081.41 11168.5 2093.29)
(103.817 11220.3 2093.31)
(-874.455 11186.6 2093.33)
(-1846.06 11067.8 2093.3)
(-2803.64 10864.8 2093.35)
(-3739.88 10579.1 2093.34)
(-4647.74 10212.9 2093.35)
(-5520.16 9768.91 2093.3)
(-6350.56 9250.64 2093.28)
(-7132.64 8661.98 2093.35)
(-7860.38 8007.39 2093.34)
(-8528.42 7291.84 2093.33)
(-9131.43 6520.78 2093.28)
(-9665.14 5700.11 2093.44)
(-10125 4836.11 2093.26)
(-10508.1 3935.15 2093.38)
(-10811 3004.39 2093.34)
(-11031.8 2050.7 2093.33)
(-11168.5 1081.41 2093.29)
(-11220.3 103.817 2093.31)
(-11186.6 -874.456 2093.33)
(-11067.8 -1846.06 2093.3)
(-10864.8 -2803.64 2093.35)
(-10579.1 -3739.88 2093.34)
(-10212.9 -4647.74 2093.35)
(-9768.91 -5520.16 2093.3)
(-9250.64 -6350.56 2093.28)
(-8661.98 -7132.64 2093.35)
(-8007.39 -7860.38 2093.34)
(-7291.84 -8528.42 2093.33)
(-6520.78 -9131.43 2093.28)
(-5700.11 -9665.14 2093.44)
(-4836.11 -10125 2093.26)
(-3935.15 -10508.1 2093.38)
(-3004.39 -10811 2093.34)
(-2050.7 -11031.8 2093.33)
(-1081.41 -11168.5 2093.29)
(-103.817 -11220.3 2093.31)
(874.456 -11186.6 2093.33)
(1846.06 -11067.8 2093.3)
(2803.64 -10864.8 2093.35)
(3739.88 -10579.1 2093.34)
(4647.74 -10212.9 2093.35)
(5520.16 -9768.91 2093.3)
(6350.56 -9250.64 2093.28)
(7132.64 -8661.98 2093.35)
(7860.38 -8007.39 2093.34)
(8528.42 -7291.84 2093.33)
(9131.43 -6520.78 2093.28)
(9665.14 -5700.11 2093.44)
(10125 -4836.11 2093.26)
(10508.1 -3935.15 2093.38)
(10811 -3004.39 2093.34)
(11031.8 -2050.7 2093.33)
(11168.5 -1081.41 2093.29)
(11220.3 -103.817 2093.31)
(11186.6 874.456 2093.33)
(11067.8 1846.06 2093.3)
(10864.8 2803.64 2093.35)
(11816.4 7922.18 2054.73)
(11080.9 8921.96 2054.83)
(10261.2 9853.85 2054.87)
(9363.35 10710.6 2054.83)
(8394.21 11486 2054.96)
(7361.25 12173.8 2054.71)
(6272.16 12769.1 2054.82)
(5135.38 13267.1 2054.8)
(3959.51 13664.3 2054.79)
(2753.55 13957.3 2054.8)
(1526.62 14144.2 2054.84)
(288.045 14223.4 2054.77)
(-952.742 14194.5 2054.92)
(-2186.1 14057.3 2054.73)
(-3403.02 13813.4 2054.9)
(-4593.96 13464.2 2054.79)
(-5750.03 13012.5 2054.83)
(-6862.33 12461.9 2054.9)
(-7922.18 11816.4 2054.73)
(-8921.96 11080.9 2054.83)
(-9853.84 10261.2 2054.87)
(-10710.6 9363.35 2054.83)
(-11486 8394.21 2054.96)
(-12173.8 7361.25 2054.71)
(-12769.1 6272.16 2054.82)
(-13267.1 5135.38 2054.8)
(-13664.3 3959.51 2054.79)
(-13957.3 2753.55 2054.8)
(-14144.2 1526.62 2054.84)
(-14223.4 288.045 2054.77)
(-14194.5 -952.743 2054.92)
(-14057.3 -2186.1 2054.72)
(-13813.4 -3403.02 2054.89)
(-13464.2 -4593.96 2054.79)
(-13012.5 -5750.03 2054.83)
(-12461.9 -6862.33 2054.9)
(-11816.4 -7922.18 2054.73)
(-11080.9 -8921.96 2054.83)
(-10261.2 -9853.84 2054.87)
(-9363.35 -10710.6 2054.83)
(-8394.21 -11486 2054.96)
(-7361.25 -12173.8 2054.71)
(-6272.16 -12769.1 2054.82)
(-5135.38 -13267.1 2054.8)
(-3959.51 -13664.3 2054.79)
(-2753.55 -13957.3 2054.8)
(-1526.62 -14144.2 2054.84)
(-288.045 -14223.4 2054.77)
(952.743 -14194.5 2054.92)
(2186.1 -14057.3 2054.72)
(3403.02 -13813.4 2054.89)
(4593.96 -13464.2 2054.79)
(5750.03 -13012.5 2054.83)
(6862.33 -12461.9 2054.9)
(7922.18 -11816.4 2054.73)
(8921.96 -11080.9 2054.83)
(9853.85 -10261.2 2054.87)
(10710.6 -9363.35 2054.83)
(11486 -8394.21 2054.95)
(12173.8 -7361.25 2054.71)
(12769.1 -6272.16 2054.82)
(13267.1 -5135.38 2054.8)
(13664.3 -3959.51 2054.79)
(13957.3 -2753.55 2054.8)
(14144.2 -1526.62 2054.84)
(14223.4 -288.045 2054.77)
(14194.5 952.743 2054.92)
(14057.3 2186.1 2054.72)
(13813.4 3403.02 2054.89)
(13464.2 4593.96 2054.79)
(13012.5 5750.03 2054.83)
(12461.9 6862.33 2054.9)
(12523.7 11885.6 2581.99)
(11440.1 12931.9 2581.94)
(10269.4 13879.9 2582.17)
(9020.66 14721.9 2581.9)
(7703.2 15452.2 2582.06)
(6327.22 16064.8 2581.94)
(4903.01 16555.1 2582.13)
(3441.49 16919.3 2581.93)
(1953.71 17155 2582.03)
(451.158 17259.9 2581.97)
(-1054.9 17233.6 2582.1)
(-2552.75 17076 2581.94)
(-4031.46 16788.7 2582.09)
(-5479.34 16373.3 2581.93)
(-6885.58 15833.5 2582.08)
(-8239.15 15173.1 2581.85)
(-9530.38 14397.3 2582.07)
(-10748.9 13511.9 2582.04)
(-11885.6 12523.7 2581.99)
(-12931.9 11440.1 2581.94)
(-13879.9 10269.4 2582.17)
(-14721.9 9020.66 2581.9)
(-15452.2 7703.2 2582.06)
(-16064.8 6327.22 2581.94)
(-16555.1 4903.01 2582.13)
(-16919.3 3441.49 2581.93)
(-17155 1953.71 2582.03)
(-17259.9 451.158 2581.97)
(-17233.6 -1054.9 2582.1)
(-17076 -2552.75 2581.94)
(-16788.7 -4031.46 2582.09)
(-16373.3 -5479.34 2581.93)
(-15833.5 -6885.58 2582.08)
(-15173.1 -8239.15 2581.85)
(-14397.3 -9530.38 2582.07)
(-13511.9 -10748.9 2582.04)
(-12523.7 -11885.6 2581.99)
(-11440.1 -12931.9 2581.94)
(-10269.4 -13879.9 2582.17)
(-9020.66 -14721.9 2581.9)
(-7703.2 -15452.2 2582.06)
(-6327.22 -16064.8 2581.94)
(-4903.01 -16555.1 2582.13)
(-3441.49 -16919.3 2581.93)
(-1953.71 -17155 2582.03)
(-451.158 -17259.9 2581.97)
(1054.9 -17233.6 2582.1)
(2552.75 -17076 2581.94)
(4031.46 -16788.7 2582.09)
(5479.34 -16373.3 2581.93)
(6885.58 -15833.5 2582.08)
(8239.15 -15173.1 2581.85)
(9530.38 -14397.3 2582.07)
(10748.9 -13511.9 2582.04)
(11885.6 -12523.7 2581.99)
(12931.9 -11440.1 2581.94)
(13879.9 -10269.4 2582.17)
(14721.9 -9020.66 2581.9)
(15452.2 -7703.2 2582.06)
(16064.8 -6327.22 2581.94)
(16555.1 -4903.01 2582.13)
(16919.3 -3441.49 2581.93)
(17155 -1953.71 2582.03)
(17259.9 -451.158 2581.97)
(17233.6 1054.9 2582.1)
(17076 2552.75 2581.94)
(16788.7 4031.46 2582.09)
(16373.3 5479.34 2581.93)
(15833.5 6885.58 2582.08)
(15173.1 8239.15 2581.85)
(14397.3 9530.38 2582.07)
(13511.9 10748.9 2582.04)
(12788.1 15062.6 3344.05)
(11426.6 16119.6 3343.76)
(9978.17 17054.4 3344.11)
(8453.85 17858.9 3343.8)
(6865.15 18527.9 3344.01)
(5224.22 19055.8 3344.02)
(3543.51 19438.5 3343.91)
(1835.83 19673.4 3343.95)
(114.238 19758.6 3344.05)
(-1608.22 19693.3 3343.84)
(-3318.53 19478.2 3343.94)
(-5003.61 19114.9 3343.93)
(-6650.43 18606 3343.9)
(-8246.75 17955.6 3343.9)
(-9780.44 17168.5 3344.09)
(-11239.4 16250.7 3343.74)
(-12613.2 15209.4 3344.11)
(-13890.6 14052.2 3343.8)
(-15062.6 12788.1 3344.05)
(-16119.6 11426.6 3343.76)
(-17054.4 9978.17 3344.11)
(-17858.9 8453.85 3343.8)
(-18527.9 6865.15 3344.01)
(-19055.8 5224.22 3344.02)
(-19438.5 3543.51 3343.91)
(-19673.4 1835.83 3343.95)
(-19758.6 114.238 3344.05)
(-19693.3 -1608.22 3343.84)
(-19478.2 -3318.53 3343.94)
(-19114.9 -5003.61 3343.93)
(-18606 -6650.43 3343.9)
(-17955.6 -8246.75 3343.9)
(-17168.5 -9780.44 3344.09)
(-16250.7 -11239.4 3343.74)
(-15209.4 -12613.2 3344.11)
(-14052.2 -13890.6 3343.8)
(-12788.1 -15062.6 3344.05)
(-11426.6 -16119.6 3343.76)
(-9978.17 -17054.4 3344.11)
(-8453.85 -17858.9 3343.8)
(-6865.15 -18527.9 3344.01)
(-5224.22 -19055.8 3344.02)
(-3543.51 -19438.5 3343.91)
(-1835.83 -19673.4 3343.95)
(-114.238 -19758.6 3344.05)
(1608.22 -19693.3 3343.84)
(3318.53 -19478.2 3343.94)
(5003.61 -19114.9 3343.93)
(6650.43 -18606 3343.9)
(8246.75 -17955.6 3343.9)
(9780.44 -17168.5 3344.09)
(11239.4 -16250.7 3343.74)
(12613.2 -15209.4 3344.11)
(13890.6 -14052.2 3343.8)
(15062.6 -12788.1 3344.05)
(16119.6 -11426.6 3343.76)
(17054.4 -9978.17 3344.11)
(17858.9 -8453.85 3343.8)
(18527.9 -6865.15 3344.01)
(19055.8 -5224.22 3344.02)
(19438.5 -3543.51 3343.91)
(19673.4 -1835.83 3343.95)
(19758.6 -114.238 3344.05)
(19693.3 1608.22 3343.84)
(19478.2 3318.53 3343.94)
(19114.9 5003.61 3343.93)
(18606 6650.43 3343.9)
(17955.6 8246.75 3343.9)
(17168.5 9780.44 3344.09)
(16250.7 11239.4 3343.74)
(15209.4 12613.2 3344.11)
(14052.2 13890.6 3343.8)
(12882.7 17457.5 4142.12)
(11312.1 18513.7 4141.92)
(9655.54 19429.2 4142.05)
(7925.41 20196.8 4141.94)
(6135.01 20810.7 4142.05)
(4297.9 21266.2 4141.95)
(2428.03 21559.9 4141.93)
(539.668 21689.5 4142.2)
(-1352.69 21653.9 4141.94)
(-3234.82 21453.7 4142.05)
(-5092.24 21090 4141.83)
(-6911.13 20566 4142.08)
(-8677.22 19885.4 4142.03)
(-10377.2 19053.5 4141.93)
(-11998.5 18076.6 4142.04)
(-13528.2 16962.1 4142)
(-14955.2 15718.4 4142.08)
(-16268.1 14355.2 4141.86)
(-17457.5 12882.7 4142.12)
(-18513.7 11312.1 4141.92)
(-19429.2 9655.54 4142.05)
(-20196.8 7925.41 4141.94)
(-20810.7 6135.01 4142.05)
(-21266.2 4297.9 4141.95)
(-21559.9 2428.03 4141.93)
(-21689.5 539.669 4142.2)
(-21653.9 -1352.68 4141.94)
(-21453.7 -3234.81 4142.05)
(-21090 -5092.24 4141.83)
(-20566 -6911.13 4142.08)
(-19885.4 -8677.22 4142.03)
(-19053.5 -10377.2 4141.93)
(-18076.6 -11998.5 4142.04)
(-16962.1 -13528.2 4142)
(-15718.5 -14955.2 4142.08)
(-14355.2 -16268.1 4141.86)
(-12882.7 -17457.5 4142.12)
(-11312.1 -18513.7 4141.92)
(-9655.55 -19429.2 4142.05)
(-7925.41 -20196.8 4141.94)
(-6135.01 -20810.7 4142.05)
(-4297.9 -21266.2 4141.95)
(-2428.03 -21559.9 4141.93)
(-539.669 -21689.5 4142.2)
(1352.68 -21653.9 4141.94)
(3234.81 -21453.7 4142.05)
(5092.24 -21090 4141.83)
(6911.13 -20566 4142.08)
(8677.22 -19885.4 4142.03)
(10377.2 -19053.5 4141.93)
(11998.5 -18076.6 4142.04)
(13528.2 -16962.1 4142)
(14955.2 -15718.5 4142.08)
(16268.1 -14355.2 4141.86)
(17457.5 -12882.7 4142.12)
(18513.7 -11312.1 4141.92)
(19429.2 -9655.54 4142.05)
(20196.8 -7925.41 4141.94)
(20810.7 -6135 4142.05)
(21266.2 -4297.9 4141.95)
(21559.9 -2428.04 4141.93)
(21689.6 -539.67 4142.2)
(21653.9 1352.68 4141.94)
(21453.7 3234.81 4142.06)
(21090 5092.24 4141.83)
(20566 6911.13 4142.08)
(19885.4 8677.22 4142.03)
(19053.5 10377.2 4141.93)
(18076.6 11998.5 4142.04)
(16962.1 13528.2 4142)
(15718.5 14955.2 4142.08)
(14355.2 16268.1 4141.86)
(13047.2 19300.2 4912.48)
(11315.4 20364 4912.45)
(9497.5 21272.7 4912.45)
(7607.34 22019.5 4912.53)
(5659.31 22598.7 4912.5)
(3668.22 23005.9 4912.4)
(1649.12 23238.1 4912.49)
(-382.51 23293.4 4912.57)
(-2411.18 23171.3 4912.33)
(-4421.64 22873.2 4912.63)
(-6398.16 22400.6 4912.42)
(-8326.2 21757.8 4912.5)
(-10190.9 20949.4 4912.59)
(-11977.9 19981.4 4912.43)
(-13673.8 18861.5 4912.43)
(-15265.8 17597.9 4912.49)
(-16741.5 16200.4 4912.5)
(-18089.7 14679.7 4912.5)
(-19300.2 13047.2 4912.48)
(-20364 11315.4 4912.45)
(-21272.7 9497.5 4912.45)
(-22019.5 7607.34 4912.53)
(-22598.7 5659.31 4912.5)
(-23005.9 3668.22 4912.4)
(-23238.1 1649.12 4912.49)
(-23293.4 -382.51 4912.57)
(-23171.3 -2411.18 4912.33)
(-22873.2 -4421.64 4912.63)
(-22400.6 -6398.16 4912.42)
(-21757.8 -8326.19 4912.5)
(-20949.4 -10190.9 4912.59)
(-19981.4 -11977.9 4912.43)
(-18861.5 -13673.8 4912.43)
(-17597.9 -15265.8 4912.49)
(-16200.4 -16741.5 4912.5)
(-14679.7 -18089.7 4912.5)
(-13047.2 -19300.2 4912.48)
(-11315.4 -20364 4912.45)
(-9497.5 -21272.7 4912.45)
(-7607.34 -22019.5 4912.53)
(-5659.31 -22598.7 4912.5)
(-3668.22 -23005.9 4912.4)
(-1649.12 -23238.1 4912.49)
(382.51 -23293.4 4912.57)
(2411.18 -23171.3 4912.33)
(4421.64 -22873.2 4912.63)
(6398.16 -22400.6 4912.42)
(8326.19 -21757.8 4912.5)
(10190.9 -20949.4 4912.59)
(11977.9 -19981.4 4912.43)
(13673.8 -18861.5 4912.43)
(15265.8 -17597.9 4912.49)
(16741.5 -16200.4 4912.5)
(18089.7 -14679.7 4912.5)
(19300.2 -13047.2 4912.48)
(20364 -11315.4 4912.45)
(21272.7 -9497.5 4912.45)
(22019.5 -7607.34 4912.53)
(22598.7 -5659.32 4912.5)
(23005.9 -3668.22 4912.4)
(23238.1 -1649.12 4912.49)
(23293.4 382.51 4912.57)
(23171.3 2411.18 4912.33)
(22873.2 4421.64 4912.63)
(22400.6 6398.16 4912.43)
(21757.8 8326.2 4912.5)
(20949.4 10190.9 4912.59)
(19981.4 11977.9 4912.43)
(18861.5 13673.8 4912.43)
(17597.9 15265.8 4912.49)
(16200.4 16741.5 4912.5)
(14679.7 18089.7 4912.5)
(13310.4 20676.8 5608.13)
(11457.6 21758.4 5608.25)
(9517.64 22674.1 5608.32)
(7505.17 23417.4 5608.35)
(5435.62 23982.4 5608.19)
(3324.76 24364.9 5608.31)
(1188.64 24561.9 5608.2)
(-956.595 24572 5608.4)
(-3094.45 24395.1 5608.11)
(-5208.98 24032.8 5608.52)
(-7283.63 23487.2 5608.19)
(-9303.06 22763 5608.32)
(-11251.5 21865.5 5608.18)
(-13114.6 20801.7 5608.3)
(-14877.5 19579.5 5608.2)
(-16527.5 18208.4 5608.23)
(-18051.5 16698.7 5608.32)
(-19438.2 15061.8 5608.45)
(-20676.8 13310.4 5608.13)
(-21758.4 11457.6 5608.25)
(-22674.1 9517.64 5608.32)
(-23417.4 7505.17 5608.35)
(-23982.4 5435.62 5608.19)
(-24364.9 3324.76 5608.31)
(-24561.9 1188.64 5608.2)
(-24572 -956.595 5608.4)
(-24395.1 -3094.45 5608.11)
(-24032.8 -5208.98 5608.52)
(-23487.2 -7283.63 5608.19)
(-22763 -9303.06 5608.32)
(-21865.5 -11251.5 5608.18)
(-20801.7 -13114.6 5608.3)
(-19579.5 -14877.5 5608.19)
(-18208.4 -16527.5 5608.23)
(-16698.7 -18051.5 5608.32)
(-15061.8 -19438.2 5608.45)
(-13310.4 -20676.8 5608.13)
(-11457.6 -21758.4 5608.25)
(-9517.64 -22674.1 5608.32)
(-7505.17 -23417.4 5608.35)
(-5435.62 -23982.4 5608.19)
(-3324.76 -24364.9 5608.31)
(-1188.64 -24561.9 5608.2)
(956.595 -24572 5608.4)
(3094.45 -24395.1 5608.11)
(5208.98 -24032.8 5608.52)
(7283.63 -23487.2 5608.19)
(9303.06 -22763 5608.32)
(11251.5 -21865.5 5608.18)
(13114.6 -20801.7 5608.3)
(14877.5 -19579.5 5608.19)
(16527.5 -18208.4 5608.23)
(18051.5 -16698.7 5608.32)
(19438.2 -15061.8 5608.45)
(20676.8 -13310.4 5608.13)
(21758.4 -11457.6 5608.25)
(22674.1 -9517.64 5608.32)
(23417.4 -7505.17 5608.35)
(23982.4 -5435.62 5608.19)
(24364.9 -3324.76 5608.31)
(24561.9 -1188.64 5608.2)
(24572 956.594 5608.4)
(24395.1 3094.45 5608.11)
(24032.8 5208.98 5608.52)
(23487.2 7283.63 5608.19)
(22763 9303.06 5608.32)
(21865.5 11251.5 5608.18)
(20801.7 13114.6 5608.3)
(19579.5 14877.5 5608.19)
(18208.4 16527.5 5608.23)
(16698.7 18051.5 5608.32)
(15061.8 19438.2 5608.45)
(13464.3 21145.6 6188.43)
(11570.1 22238.8 6188.75)
(9587.79 23162.5 6188.54)
(7532.52 23910.1 6188.74)
(5420 24475.4 6188.58)
(3266.18 24854.8 6188.74)
(1087.54 25044.9 6188.51)
(-1099.49 25044.4 6188.75)
(-3278.03 24853.2 6188.52)
(-5431.76 24473 6188.77)
(-7543.92 23906.4 6188.53)
(-9598.89 23158 6188.74)
(-11580.6 22233.2 6188.53)
(-13474.3 21139.3 6188.72)
(-15265.4 19884.5 6188.55)
(-16940.5 18478.4 6188.71)
(-18486.4 16931.6 6188.55)
(-19891.9 15256 6188.84)
(-21145.6 13464.3 6188.43)
(-22238.8 11570.1 6188.75)
(-23162.5 9587.79 6188.54)
(-23910.1 7532.52 6188.74)
(-24475.4 5420 6188.58)
(-24854.8 3266.18 6188.74)
(-25044.9 1087.54 6188.51)
(-25044.4 -1099.49 6188.75)
(-24853.2 -3278.03 6188.52)
(-24473 -5431.76 6188.77)
(-23906.4 -7543.92 6188.53)
(-23158 -9598.89 6188.74)
(-22233.2 -11580.6 6188.53)
(-21139.3 -13474.3 6188.72)
(-19884.5 -15265.4 6188.55)
(-18478.4 -16940.5 6188.71)
(-16931.6 -18486.4 6188.55)
(-15256 -19891.9 6188.84)
(-13464.3 -21145.6 6188.43)
(-11570.1 -22238.8 6188.75)
(-9587.79 -23162.5 6188.54)
(-7532.52 -23910.1 6188.74)
(-5420 -24475.4 6188.58)
(-3266.18 -24854.8 6188.74)
(-1087.54 -25044.9 6188.51)
(1099.49 -25044.4 6188.75)
(3278.03 -24853.2 6188.52)
(5431.76 -24473 6188.77)
(7543.92 -23906.4 6188.53)
(9598.89 -23158 6188.74)
(11580.6 -22233.2 6188.53)
(13474.3 -21139.3 6188.72)
(15265.4 -19884.5 6188.55)
(16940.5 -18478.4 6188.71)
(18486.4 -16931.6 6188.55)
(19891.9 -15256 6188.84)
(21145.6 -13464.3 6188.42)
(22238.8 -11570.1 6188.75)
(23162.5 -9587.79 6188.54)
(23910.1 -7532.52 6188.74)
(24475.4 -5420 6188.58)
(24854.8 -3266.18 6188.74)
(25044.9 -1087.54 6188.51)
(25044.4 1099.49 6188.75)
(24853.2 3278.03 6188.52)
(24473 5431.76 6188.77)
(23906.4 7543.92 6188.53)
(23158 9598.89 6188.74)
(22233.2 11580.6 6188.53)
(21139.3 13474.3 6188.72)
(19884.5 15265.4 6188.55)
(18478.4 16940.5 6188.71)
(16931.6 18486.4 6188.55)
(15256 19891.9 6188.84)
(13035.8 19396.1 6378.16)
(11295.6 20458.6 6378.45)
(9469.64 21365.1 6378.26)
(7571.49 22109.2 6378.43)
(5615.73 22684.8 6378.23)
(3617.18 23088.1 6378.42)
(1591.29 23315.4 6378.22)
(-446.891 23365.5 6378.38)
(-2481.6 23237.6 6378.16)
(-4497.61 22933 6378.5)
(-6479.11 22453.6 6378.27)
(-8411.47 21803.5 6378.41)
(-10279.7 20987.4 6378.21)
(-12069.8 20011.6 6378.46)
(-13767.9 18883.5 6378.22)
(-15361.4 17611.8 6378.39)
(-16837.8 16205.8 6378.22)
(-18186.4 14676.6 6378.5)
(-19396.1 13035.8 6378.16)
(-20458.6 11295.6 6378.45)
(-21365.1 9469.64 6378.26)
(-22109.2 7571.49 6378.43)
(-22684.8 5615.73 6378.23)
(-23088.1 3617.18 6378.42)
(-23315.4 1591.29 6378.22)
(-23365.5 -446.891 6378.38)
(-23237.6 -2481.6 6378.16)
(-22933 -4497.61 6378.5)
(-22453.6 -6479.1 6378.27)
(-21803.5 -8411.47 6378.41)
(-20987.4 -10279.7 6378.21)
(-20011.6 -12069.8 6378.46)
(-18883.5 -13767.9 6378.22)
(-17611.8 -15361.4 6378.39)
(-16205.8 -16837.8 6378.22)
(-14676.6 -18186.4 6378.5)
(-13035.8 -19396.1 6378.16)
(-11295.6 -20458.6 6378.45)
(-9469.64 -21365.1 6378.26)
(-7571.49 -22109.2 6378.43)
(-5615.73 -22684.8 6378.23)
(-3617.18 -23088.1 6378.42)
(-1591.29 -23315.4 6378.22)
(446.89 -23365.5 6378.38)
(2481.6 -23237.6 6378.16)
(4497.61 -22933 6378.5)
(6479.1 -22453.6 6378.27)
(8411.47 -21803.5 6378.41)
(10279.7 -20987.4 6378.21)
(12069.8 -20011.6 6378.46)
(13767.9 -18883.5 6378.22)
(15361.4 -17611.8 6378.39)
(16837.8 -16205.8 6378.22)
(18186.4 -14676.6 6378.5)
(19396.1 -13035.8 6378.16)
(20458.6 -11295.6 6378.45)
(21365.1 -9469.64 6378.26)
(22109.2 -7571.49 6378.43)
(22684.8 -5615.73 6378.23)
(23088.1 -3617.18 6378.42)
(23315.4 -1591.29 6378.22)
(23365.5 446.89 6378.38)
(23237.6 2481.6 6378.16)
(22933 4497.61 6378.5)
(22453.6 6479.1 6378.27)
(21803.5 8411.47 6378.41)
(20987.4 10279.7 6378.21)
(20011.6 12069.8 6378.46)
(18883.5 13767.9 6378.22)
(17611.8 15361.4 6378.39)
(16205.8 16837.8 6378.22)
(14676.6 18186.4 6378.5)
(11729.3 13610.8 5706.5)
(10498.5 14581.5 5706.71)
(9187.67 15440.9 5706.53)
(7806.92 16182.9 5706.69)
(6366.8 16801.7 5706.52)
(4878.19 17292.9 5706.75)
(3352.48 17652.1 5706.49)
(1801.18 17877.2 5706.68)
(236.301 17966.1 5706.49)
(-1330.47 17918.4 5706.68)
(-2887.1 17734.2 5706.55)
(-4421.79 17415.1 5706.7)
(-5922.72 16963.4 5706.46)
(-7378.64 16382.6 5706.71)
(-8778.48 15677.2 5706.55)
(-10111.4 14852.5 5706.68)
(-11367.3 13914.6 5706.47)
(-12536.8 12870.9 5706.74)
(-13610.8 11729.3 5706.5)
(-14581.5 10498.5 5706.71)
(-15440.9 9187.67 5706.53)
(-16182.9 7806.92 5706.69)
(-16801.7 6366.8 5706.53)
(-17292.9 4878.19 5706.76)
(-17652.1 3352.48 5706.49)
(-17877.2 1801.18 5706.68)
(-17966.1 236.301 5706.49)
(-17918.4 -1330.47 5706.68)
(-17734.2 -2887.1 5706.55)
(-17415.1 -4421.79 5706.7)
(-16963.4 -5922.72 5706.46)
(-16382.6 -7378.64 5706.71)
(-15677.2 -8778.48 5706.55)
(-14852.5 -10111.4 5706.68)
(-13914.6 -11367.3 5706.47)
(-12870.9 -12536.8 5706.74)
(-11729.3 -13610.8 5706.5)
(-10498.5 -14581.5 5706.71)
(-9187.67 -15440.9 5706.53)
(-7806.92 -16182.9 5706.69)
(-6366.8 -16801.7 5706.53)
(-4878.19 -17292.9 5706.76)
(-3352.48 -17652.1 5706.49)
(-1801.18 -17877.2 5706.68)
(-236.301 -17966.1 5706.49)
(1330.47 -17918.4 5706.68)
(2887.1 -17734.2 5706.55)
(4421.79 -17415.1 5706.7)
(5922.72 -16963.4 5706.46)
(7378.64 -16382.6 5706.71)
(8778.48 -15677.2 5706.55)
(10111.4 -14852.5 5706.68)
(11367.3 -13914.6 5706.47)
(12536.8 -12870.9 5706.74)
(13610.8 -11729.3 5706.5)
(14581.5 -10498.5 5706.71)
(15440.9 -9187.67 5706.53)
(16182.9 -7806.92 5706.69)
(16801.7 -6366.8 5706.53)
(17292.9 -4878.19 5706.76)
(17652.1 -3352.48 5706.49)
(17877.2 -1801.18 5706.68)
(17966.1 -236.301 5706.49)
(17918.4 1330.47 5706.68)
(17734.2 2887.1 5706.55)
(17415.1 4421.79 5706.7)
(16963.4 5922.72 5706.46)
(16382.6 7378.64 5706.71)
(15677.2 8778.48 5706.55)
(14852.5 10111.4 5706.68)
(13914.6 11367.3 5706.47)
(12870.9 12536.8 5706.74)
(10561.9 3964.69 5076.84)
(10176.1 4870.15 5076.88)
(9712.85 5738.51 5076.79)
(9175.9 6563.17 5076.95)
(8568.89 7338.2 5076.79)
(7896.76 8056.97 5076.87)
(7164.48 8714.55 5076.89)
(6377.69 9305.78 5076.91)
(5542.37 9826.26 5076.9)
(4664.87 10271.8 5076.86)
(3751.87 10639.4 5076.89)
(2810.33 10925.9 5076.89)
(1847.4 11129.2 5076.87)
(870.38 11247.9 5076.86)
(-113.136 11280.8 5076.87)
(-1096.04 11228.2 5076.95)
(-2070.39 11089.8 5076.88)
(-3029.05 10867.2 5076.86)
(-3964.69 10561.9 5076.84)
(-4870.15 10176.1 5076.88)
(-5738.5 9712.85 5076.8)
(-6563.17 9175.9 5076.95)
(-7338.2 8568.89 5076.79)
(-8056.97 7896.76 5076.88)
(-8714.55 7164.48 5076.89)
(-9305.78 6377.69 5076.91)
(-9826.25 5542.37 5076.9)
(-10271.8 4664.87 5076.86)
(-10639.4 3751.87 5076.89)
(-10925.9 2810.33 5076.89)
(-11129.2 1847.4 5076.87)
(-11247.9 870.38 5076.86)
(-11280.8 -113.137 5076.87)
(-11228.2 -1096.04 5076.95)
(-11089.8 -2070.39 5076.88)
(-10867.2 -3029.05 5076.86)
(-10561.9 -3964.69 5076.84)
(-10176.1 -4870.14 5076.88)
(-9712.85 -5738.5 5076.79)
(-9175.9 -6563.17 5076.95)
(-8568.89 -7338.2 5076.79)
(-7896.76 -8056.97 5076.87)
(-7164.48 -8714.55 5076.89)
(-6377.69 -9305.78 5076.91)
(-5542.37 -9826.26 5076.9)
(-4664.87 -10271.8 5076.86)
(-3751.87 -10639.4 5076.89)
(-2810.33 -10925.9 5076.89)
(-1847.4 -11129.2 5076.87)
(-870.379 -11247.9 5076.86)
(113.137 -11280.8 5076.87)
(1096.05 -11228.2 5076.95)
(2070.39 -11089.8 5076.88)
(3029.05 -10867.2 5076.86)
(3964.69 -10561.9 5076.84)
(4870.15 -10176.1 5076.88)
(5738.5 -9712.85 5076.8)
(6563.17 -9175.9 5076.95)
(7338.2 -8568.89 5076.79)
(8056.97 -7896.76 5076.88)
(8714.55 -7164.48 5076.89)
(9305.78 -6377.69 5076.91)
(9826.26 -5542.37 5076.9)
(10271.8 -4664.87 5076.86)
(10639.4 -3751.87 5076.89)
(10925.9 -2810.33 5076.89)
(11129.2 -1847.4 5076.87)
(11247.9 -870.38 5076.87)
(11280.8 113.136 5076.87)
(11228.2 1096.04 5076.95)
(11089.8 2070.39 5076.88)
(10867.2 3029.05 5076.86)
(9120.84 -4475.55 4218.06)
(9476.02 -3663.6 4218.01)
(9759.7 -2823.55 4218.18)
(9968.68 -1962.2 4218.18)
(10101.6 -1085.94 4218.16)
(10157.7 -201.567 4218.02)
(10137 684.476 4218.55)
(10038.3 1565.74 4218.06)
(9864.06 2434.38 4218.41)
(9614.08 3284.89 4218.15)
(9291.43 4110.39 4218.2)
(8897.85 4904.18 4218.45)
(8436.37 5661.64 4218.24)
(7911.05 6374.91 4218.3)
(7325.07 7040.19 4218.13)
(6683.72 7651.73 4218.2)
(5991.45 8205.53 4218.35)
(5253.4 8696.29 4218.18)
(4475.55 9120.84 4218.06)
(3663.6 9476.02 4218.01)
(2823.55 9759.7 4218.18)
(1962.2 9968.68 4218.18)
(1085.94 10101.6 4218.16)
(201.566 10157.7 4218.02)
(-684.477 10137 4218.54)
(-1565.74 10038.3 4218.05)
(-2434.38 9864.05 4218.4)
(-3284.89 9614.08 4218.14)
(-4110.39 9291.43 4218.2)
(-4904.18 8897.85 4218.45)
(-5661.64 8436.37 4218.24)
(-6374.91 7911.05 4218.3)
(-7040.19 7325.07 4218.13)
(-7651.73 6683.72 4218.2)
(-8205.53 5991.45 4218.35)
(-8696.29 5253.4 4218.18)
(-9120.84 4475.55 4218.06)
(-9476.02 3663.6 4218.01)
(-9759.7 2823.56 4218.18)
(-9968.67 1962.2 4218.18)
(-10101.6 1085.94 4218.16)
(-10157.7 201.564 4218.02)
(-10137 -684.477 4218.54)
(-10038.3 -1565.74 4218.05)
(-9864.06 -2434.38 4218.4)
(-9614.08 -3284.89 4218.15)
(-9291.43 -4110.39 4218.2)
(-8897.85 -4904.18 4218.45)
(-8436.37 -5661.64 4218.24)
(-7911.05 -6374.91 4218.3)
(-7325.07 -7040.19 4218.13)
(-6683.72 -7651.73 4218.2)
(-5991.45 -8205.53 4218.35)
(-5253.4 -8696.29 4218.18)
(-4475.55 -9120.84 4218.06)
(-3663.6 -9476.02 4218.02)
(-2823.56 -9759.7 4218.18)
(-1962.2 -9968.68 4218.18)
(-1085.94 -10101.6 4218.16)
(-201.564 -10157.7 4218.02)
(684.478 -10137 4218.54)
(1565.74 -10038.3 4218.06)
(2434.38 -9864.06 4218.4)
(3284.89 -9614.08 4218.15)
(4110.39 -9291.43 4218.2)
(4904.18 -8897.85 4218.45)
(5661.64 -8436.37 4218.24)
(6374.91 -7911.05 4218.3)
(7040.19 -7325.07 4218.13)
(7651.73 -6683.73 4218.2)
(8205.53 -5991.45 4218.35)
(8696.29 -5253.4 4218.18)
(7803.87 -4917.23 -1088.85)
(8202.42 -4218.08 -1088.91)
(8539.71 -3487.08 -1088.85)
(8810.36 -2729.68 -1088.53)
(9015.37 -1950.86 -1089.7)
(9150.52 -1159.01 -1089.64)
(9216.81 -356.686 -1089.08)
(9212.86 448.636 -1086.59)
(9138.68 1251.02 -1088.86)
(8995.49 2041.1 -1090.29)
(8782.99 2816.44 -1089.81)
(8504.11 3572.34 -1088.05)
(8160.12 4300.29 -1087.72)
(7754.51 4995.31 -1089.34)
(7289.69 5651.17 -1088.75)
(6769.15 6265.56 -1089.61)
(6197.89 6831.27 -1088.35)
(5578.24 7345.98 -1089.19)
(4917.25 7803.86 -1088.86)
(4218.08 8202.42 -1088.91)
(3487.08 8539.71 -1088.84)
(2729.68 8810.36 -1088.52)
(1950.86 9015.37 -1089.7)
(1159.01 9150.52 -1089.64)
(356.686 9216.81 -1089.08)
(-448.636 9212.86 -1086.59)
(-1251.02 9138.68 -1088.86)
(-2041.1 8995.49 -1090.29)
(-2816.44 8782.99 -1089.82)
(-3572.34 8504.11 -1088.05)
(-4300.29 8160.12 -1087.72)
(-4995.31 7754.51 -1089.34)
(-5651.17 7289.69 -1088.75)
(-6265.56 6769.15 -1089.61)
(-6831.27 6197.89 -1088.35)
(-7345.98 5578.24 -1089.2)
(-7803.86 4917.25 -1088.86)
(-8202.42 4218.08 -1088.91)
(-8539.71 3487.08 -1088.84)
(-8810.36 2729.68 -1088.53)
(-9015.37 1950.86 -1089.7)
(-9150.52 1159.01 -1089.65)
(-9216.81 356.685 -1089.08)
(-9212.86 -448.637 -1086.59)
(-9138.68 -1251.02 -1088.86)
(-8995.49 -2041.1 -1090.29)
(-8782.99 -2816.44 -1089.82)
(-8504.11 -3572.34 -1088.05)
(-8160.12 -4300.3 -1087.72)
(-7754.51 -4995.31 -1089.34)
(-7289.69 -5651.17 -1088.75)
(-6769.15 -6265.56 -1089.61)
(-6197.89 -6831.27 -1088.35)
(-5578.24 -7345.98 -1089.19)
(-4917.25 -7803.86 -1088.86)
(-4218.08 -8202.42 -1088.91)
(-3487.08 -8539.72 -1088.84)
(-2729.68 -8810.36 -1088.52)
(-1950.86 -9015.37 -1089.7)
(-1159.01 -9150.52 -1089.64)
(-356.686 -9216.81 -1089.08)
(448.636 -9212.86 -1086.59)
(1251.02 -9138.68 -1088.86)
(2041.1 -8995.49 -1090.29)
(2816.44 -8782.99 -1089.81)
(3572.34 -8504.11 -1088.05)
(4300.29 -8160.12 -1087.72)
(4995.31 -7754.51 -1089.34)
(5651.17 -7289.69 -1088.75)
(6265.56 -6769.15 -1089.61)
(6831.27 -6197.89 -1088.35)
(7345.98 -5578.24 -1089.2)
)
;
    }
    outside
    {
        type            calculated;
        value           nonuniform List<vector> 
1080
(
(1401.26 -2023.97 -2365.39)
(1572.33 -1894.28 -2365.59)
(1731.41 -1749.93 -2365.42)
(1877.37 -1592.32 -2365.38)
(2009.04 -1422.72 -2365.51)
(2125.36 -1242.18 -2365.46)
(2225.6 -1052.29 -2365.62)
(2308.75 -854.292 -2365.48)
(2374.38 -649.84 -2365.43)
(2421.96 -440.376 -2365.35)
(2451.21 -227.576 -2365.46)
(2461.69 -13.0308 -2365.4)
(2453.49 201.512 -2365.47)
(2426.58 414.599 -2365.47)
(2381.3 624.509 -2365.58)
(2317.73 829.594 -2365.47)
(2236.51 1028.52 -2365.32)
(2138.52 1219.54 -2365.59)
(2023.97 1401.26 -2365.39)
(1894.28 1572.33 -2365.59)
(1749.93 1731.41 -2365.42)
(1592.32 1877.37 -2365.38)
(1422.72 2009.04 -2365.51)
(1242.18 2125.36 -2365.46)
(1052.29 2225.6 -2365.62)
(854.292 2308.75 -2365.48)
(649.839 2374.38 -2365.43)
(440.376 2421.96 -2365.35)
(227.576 2451.21 -2365.46)
(13.0311 2461.69 -2365.4)
(-201.511 2453.49 -2365.47)
(-414.598 2426.58 -2365.47)
(-624.509 2381.3 -2365.58)
(-829.594 2317.73 -2365.47)
(-1028.52 2236.51 -2365.32)
(-1219.54 2138.52 -2365.59)
(-1401.26 2023.97 -2365.39)
(-1572.33 1894.28 -2365.59)
(-1731.41 1749.93 -2365.42)
(-1877.37 1592.32 -2365.38)
(-2009.04 1422.72 -2365.51)
(-2125.36 1242.18 -2365.46)
(-2225.6 1052.29 -2365.62)
(-2308.75 854.292 -2365.48)
(-2374.38 649.839 -2365.43)
(-2421.96 440.376 -2365.35)
(-2451.21 227.576 -2365.46)
(-2461.69 13.0311 -2365.4)
(-2453.49 -201.511 -2365.47)
(-2426.58 -414.598 -2365.47)
(-2381.3 -624.509 -2365.58)
(-2317.73 -829.594 -2365.47)
(-2236.51 -1028.52 -2365.32)
(-2138.52 -1219.54 -2365.59)
(-2023.97 -1401.26 -2365.39)
(-1894.28 -1572.33 -2365.59)
(-1749.93 -1731.41 -2365.42)
(-1592.32 -1877.37 -2365.38)
(-1422.72 -2009.04 -2365.51)
(-1242.18 -2125.36 -2365.46)
(-1052.29 -2225.6 -2365.62)
(-854.292 -2308.75 -2365.48)
(-649.839 -2374.38 -2365.43)
(-440.376 -2421.96 -2365.35)
(-227.576 -2451.21 -2365.46)
(-13.0312 -2461.69 -2365.4)
(201.511 -2453.49 -2365.47)
(414.598 -2426.58 -2365.47)
(624.509 -2381.3 -2365.58)
(829.594 -2317.73 -2365.47)
(1028.52 -2236.51 -2365.32)
(1219.54 -2138.52 -2365.59)
(101.179 -2303.15 -2584.12)
(301.494 -2285.64 -2584.22)
(499.493 -2250.53 -2583.96)
(693.742 -2198.47 -2584.02)
(882.748 -2129.6 -2584)
(1065.02 -2044.59 -2584.07)
(1239.17 -1943.99 -2584.07)
(1403.91 -1828.62 -2584.14)
(1557.93 -1699.33 -2584.15)
(1700.1 -1557.1 -2584.16)
(1829.24 -1402.97 -2583.97)
(1944.57 -1238.14 -2583.94)
(2045.11 -1063.97 -2584.01)
(2130.1 -881.677 -2584.08)
(2198.85 -692.624 -2584.09)
(2250.91 -498.441 -2584.21)
(2285.58 -300.374 -2583.83)
(2303.19 -99.961 -2584.09)
(2303.15 101.179 -2584.12)
(2285.64 301.494 -2584.22)
(2250.53 499.493 -2583.96)
(2198.47 693.742 -2584.02)
(2129.6 882.748 -2584)
(2044.59 1065.02 -2584.07)
(1943.99 1239.17 -2584.07)
(1828.62 1403.91 -2584.14)
(1699.33 1557.93 -2584.15)
(1557.1 1700.1 -2584.16)
(1402.97 1829.24 -2583.96)
(1238.14 1944.57 -2583.94)
(1063.97 2045.11 -2584.01)
(881.677 2130.1 -2584.08)
(692.625 2198.85 -2584.09)
(498.441 2250.91 -2584.21)
(300.374 2285.58 -2583.83)
(99.9608 2303.19 -2584.09)
(-101.179 2303.15 -2584.12)
(-301.494 2285.64 -2584.22)
(-499.493 2250.53 -2583.96)
(-693.742 2198.47 -2584.02)
(-882.748 2129.6 -2584)
(-1065.02 2044.59 -2584.07)
(-1239.17 1943.99 -2584.07)
(-1403.91 1828.62 -2584.14)
(-1557.93 1699.33 -2584.15)
(-1700.1 1557.1 -2584.16)
(-1829.24 1402.97 -2583.96)
(-1944.57 1238.14 -2583.94)
(-2045.11 1063.97 -2584.01)
(-2130.1 881.677 -2584.08)
(-2198.85 692.625 -2584.09)
(-2250.91 498.441 -2584.21)
(-2285.58 300.374 -2583.83)
(-2303.19 99.9607 -2584.09)
(-2303.15 -101.179 -2584.12)
(-2285.64 -301.494 -2584.22)
(-2250.53 -499.493 -2583.96)
(-2198.47 -693.742 -2584.02)
(-2129.6 -882.748 -2584)
(-2044.59 -1065.02 -2584.07)
(-1943.99 -1239.17 -2584.07)
(-1828.62 -1403.91 -2584.14)
(-1699.33 -1557.93 -2584.15)
(-1557.1 -1700.1 -2584.16)
(-1402.97 -1829.24 -2583.96)
(-1238.14 -1944.57 -2583.94)
(-1063.97 -2045.11 -2584.01)
(-881.678 -2130.1 -2584.08)
(-692.625 -2198.85 -2584.09)
(-498.442 -2250.91 -2584.21)
(-300.374 -2285.58 -2583.83)
(-99.9608 -2303.19 -2584.09)
(-167.762 -1914.59 -1506.11)
(-0.273112 -1921.94 -1506.13)
(167.207 -1914.58 -1505.99)
(333.447 -1892.85 -1506.2)
(497.088 -1856.46 -1505.94)
(657.113 -1806.1 -1506.12)
(812.042 -1742.02 -1506.23)
(960.695 -1664.53 -1506)
(1102.15 -1574.55 -1506.14)
(1235.18 -1472.43 -1506.08)
(1358.92 -1359.27 -1506.34)
(1472.08 -1235.6 -1506.03)
(1574.18 -1102.61 -1506.08)
(1664.28 -961.244 -1506.08)
(1741.69 -812.482 -1506)
(1806.02 -657.609 -1506.26)
(1856.31 -497.76 -1505.96)
(1892.59 -334.046 -1505.91)
(1914.59 -167.762 -1506.11)
(1921.94 -0.273572 -1506.13)
(1914.58 167.206 -1505.99)
(1892.85 333.446 -1506.2)
(1856.46 497.086 -1505.94)
(1806.1 657.114 -1506.12)
(1742.02 812.048 -1506.23)
(1664.53 960.697 -1506)
(1574.56 1102.14 -1506.14)
(1472.43 1235.18 -1506.08)
(1359.27 1358.92 -1506.33)
(1235.59 1472.08 -1506.03)
(1102.62 1574.18 -1506.08)
(961.247 1664.28 -1506.08)
(812.483 1741.69 -1506)
(657.608 1806.02 -1506.26)
(497.759 1856.31 -1505.96)
(334.045 1892.59 -1505.91)
(167.762 1914.59 -1506.11)
(0.273478 1921.94 -1506.13)
(-167.206 1914.58 -1505.99)
(-333.447 1892.85 -1506.2)
(-497.086 1856.46 -1505.94)
(-657.114 1806.1 -1506.12)
(-812.048 1742.02 -1506.23)
(-960.697 1664.53 -1506)
(-1102.14 1574.56 -1506.14)
(-1235.18 1472.43 -1506.08)
(-1358.92 1359.27 -1506.33)
(-1472.08 1235.59 -1506.03)
(-1574.18 1102.62 -1506.08)
(-1664.28 961.247 -1506.08)
(-1741.69 812.483 -1506)
(-1806.02 657.608 -1506.26)
(-1856.31 497.759 -1505.96)
(-1892.59 334.045 -1505.91)
(-1914.59 167.762 -1506.11)
(-1921.94 0.273168 -1506.13)
(-1914.58 -167.207 -1505.99)
(-1892.85 -333.447 -1506.2)
(-1856.46 -497.086 -1505.94)
(-1806.1 -657.114 -1506.12)
(-1742.02 -812.047 -1506.23)
(-1664.53 -960.696 -1506)
(-1574.56 -1102.14 -1506.14)
(-1472.43 -1235.18 -1506.08)
(-1359.27 -1358.92 -1506.33)
(-1235.59 -1472.08 -1506.03)
(-1102.62 -1574.18 -1506.08)
(-961.247 -1664.28 -1506.08)
(-812.483 -1741.69 -1506)
(-657.608 -1806.02 -1506.26)
(-497.759 -1856.31 -1505.96)
(-334.045 -1892.59 -1505.91)
(-626.6 -1472.1 202.197)
(-495.936 -1521.08 202.281)
(-361.527 -1558.43 202.468)
(-224.246 -1584.11 202.204)
(-85.3706 -1597.59 202.328)
(54.1449 -1598.9 202.458)
(193.411 -1588.17 202.184)
(331.043 -1565.19 202.388)
(466.222 -1530.48 202.23)
(597.701 -1483.93 202.567)
(724.912 -1426.22 202.253)
(846.41 -1357.59 202.365)
(961.584 -1278.68 202.2)
(1069.3 -1190 202.34)
(1168.93 -1092.3 202.374)
(1259.78 -986.272 202.174)
(1340.86 -872.693 202.356)
(1411.81 -752.513 202.363)
(1472.1 -626.6 202.197)
(1521.08 -495.936 202.281)
(1558.43 -361.527 202.469)
(1584.11 -224.247 202.204)
(1597.59 -85.3707 202.328)
(1598.9 54.145 202.459)
(1588.17 193.411 202.184)
(1565.19 331.044 202.388)
(1530.48 466.222 202.229)
(1483.93 597.7 202.567)
(1426.22 724.912 202.254)
(1357.59 846.409 202.367)
(1278.68 961.583 202.201)
(1190 1069.3 202.338)
(1092.3 1168.93 202.373)
(986.272 1259.78 202.174)
(872.693 1340.87 202.356)
(752.513 1411.81 202.363)
(626.6 1472.1 202.197)
(495.936 1521.08 202.281)
(361.527 1558.43 202.468)
(224.247 1584.11 202.204)
(85.3707 1597.59 202.328)
(-54.145 1598.9 202.459)
(-193.411 1588.17 202.184)
(-331.044 1565.19 202.388)
(-466.222 1530.48 202.229)
(-597.701 1483.93 202.567)
(-724.912 1426.22 202.254)
(-846.409 1357.59 202.367)
(-961.583 1278.68 202.201)
(-1069.3 1190 202.338)
(-1168.93 1092.3 202.373)
(-1259.78 986.272 202.174)
(-1340.87 872.693 202.356)
(-1411.81 752.513 202.363)
(-1472.1 626.6 202.197)
(-1521.08 495.936 202.281)
(-1558.43 361.527 202.468)
(-1584.11 224.246 202.203)
(-1597.59 85.3699 202.326)
(-1598.9 -54.1452 202.458)
(-1588.17 -193.411 202.185)
(-1565.19 -331.043 202.388)
(-1530.48 -466.221 202.229)
(-1483.93 -597.7 202.567)
(-1426.22 -724.912 202.254)
(-1357.59 -846.409 202.367)
(-1278.68 -961.583 202.201)
(-1190 -1069.3 202.338)
(-1092.3 -1168.93 202.373)
(-986.272 -1259.78 202.174)
(-872.693 -1340.87 202.356)
(-752.513 -1411.81 202.363)
(-1119.88 -1464.64 1516.67)
(-987.947 -1556.7 1516.59)
(-848.577 -1636.81 1516.81)
(-702.659 -1704.58 1516.66)
(-551.387 -1759.34 1516.63)
(-396.002 -1800.67 1516.76)
(-237.56 -1828.36 1516.71)
(-77.2274 -1842.16 1516.48)
(83.6153 -1841.86 1516.57)
(243.754 -1827.53 1516.77)
(402.079 -1799.32 1516.82)
(557.436 -1757.47 1516.61)
(708.47 -1702.19 1516.66)
(854.142 -1633.91 1516.68)
(993.268 -1553.28 1516.74)
(1124.95 -1460.84 1516.54)
(1247.91 -1357.22 1516.72)
(1361.44 -1243.28 1516.76)
(1464.64 -1119.88 1516.67)
(1556.7 -987.947 1516.59)
(1636.81 -848.577 1516.81)
(1704.58 -702.659 1516.66)
(1759.34 -551.387 1516.63)
(1800.67 -396.002 1516.76)
(1828.36 -237.56 1516.71)
(1842.16 -77.2272 1516.48)
(1841.86 83.6155 1516.57)
(1827.53 243.754 1516.77)
(1799.32 402.079 1516.82)
(1757.47 557.436 1516.61)
(1702.19 708.47 1516.66)
(1633.91 854.141 1516.68)
(1553.28 993.268 1516.74)
(1460.84 1124.95 1516.54)
(1357.22 1247.91 1516.72)
(1243.28 1361.44 1516.76)
(1119.88 1464.64 1516.67)
(987.947 1556.7 1516.59)
(848.577 1636.81 1516.81)
(702.659 1704.58 1516.66)
(551.387 1759.34 1516.63)
(396.002 1800.67 1516.76)
(237.56 1828.36 1516.71)
(77.2272 1842.16 1516.48)
(-83.6155 1841.86 1516.57)
(-243.754 1827.53 1516.77)
(-402.079 1799.32 1516.82)
(-557.436 1757.47 1516.61)
(-708.47 1702.19 1516.66)
(-854.142 1633.91 1516.68)
(-993.268 1553.28 1516.74)
(-1124.95 1460.84 1516.54)
(-1247.91 1357.22 1516.72)
(-1361.44 1243.28 1516.76)
(-1464.64 1119.88 1516.67)
(-1556.7 987.947 1516.59)
(-1636.81 848.577 1516.81)
(-1704.58 702.659 1516.66)
(-1759.34 551.387 1516.63)
(-1800.67 396.002 1516.76)
(-1828.36 237.56 1516.71)
(-1842.16 77.227 1516.48)
(-1841.86 -83.6157 1516.57)
(-1827.53 -243.754 1516.77)
(-1799.32 -402.079 1516.82)
(-1757.47 -557.436 1516.61)
(-1702.19 -708.47 1516.66)
(-1633.91 -854.142 1516.68)
(-1553.28 -993.268 1516.74)
(-1460.84 -1124.95 1516.54)
(-1357.22 -1247.91 1516.72)
(-1243.28 -1361.44 1516.76)
(-1677.08 -2054.25 2173.88)
(-1491.64 -2192.63 2173.77)
(-1294.88 -2314.23 2173.98)
(-1088.19 -2418.32 2173.74)
(-873.323 -2503.92 2173.99)
(-651.762 -2570.54 2173.89)
(-425.323 -2617.58 2174.01)
(-195.515 -2644.71 2173.79)
(35.7463 -2651.63 2173.88)
(266.758 -2638.46 2173.73)
(495.589 -2605.16 2174.04)
(720.809 -2552.09 2173.83)
(940.489 -2479.51 2173.92)
(1153.05 -2388.07 2173.83)
(1356.73 -2278.49 2174.05)
(1550.23 -2151.61 2173.76)
(1731.8 -2008.34 2173.96)
(1900.28 -1849.73 2173.84)
(2054.25 -1677.08 2173.88)
(2192.63 -1491.64 2173.77)
(2314.23 -1294.88 2173.98)
(2418.32 -1088.19 2173.74)
(2503.92 -873.323 2173.99)
(2570.54 -651.762 2173.89)
(2617.58 -425.323 2174.01)
(2644.71 -195.515 2173.79)
(2651.62 35.7465 2173.88)
(2638.46 266.758 2173.73)
(2605.16 495.589 2174.04)
(2552.09 720.81 2173.83)
(2479.51 940.489 2173.92)
(2388.07 1153.05 2173.83)
(2278.49 1356.73 2174.06)
(2151.61 1550.23 2173.76)
(2008.34 1731.8 2173.96)
(1849.73 1900.28 2173.84)
(1677.08 2054.25 2173.88)
(1491.64 2192.63 2173.77)
(1294.88 2314.23 2173.98)
(1088.19 2418.32 2173.74)
(873.323 2503.92 2173.99)
(651.762 2570.54 2173.89)
(425.323 2617.58 2174.01)
(195.515 2644.71 2173.79)
(-35.7465 2651.63 2173.88)
(-266.758 2638.46 2173.73)
(-495.589 2605.16 2174.04)
(-720.81 2552.09 2173.83)
(-940.489 2479.51 2173.92)
(-1153.05 2388.07 2173.83)
(-1356.73 2278.49 2174.05)
(-1550.23 2151.61 2173.76)
(-1731.8 2008.34 2173.96)
(-1900.28 1849.73 2173.84)
(-2054.25 1677.08 2173.88)
(-2192.63 1491.64 2173.77)
(-2314.23 1294.88 2173.98)
(-2418.32 1088.19 2173.74)
(-2503.92 873.323 2173.99)
(-2570.54 651.762 2173.89)
(-2617.58 425.323 2174.01)
(-2644.71 195.515 2173.79)
(-2651.62 -35.7465 2173.88)
(-2638.46 -266.758 2173.73)
(-2605.16 -495.589 2174.04)
(-2552.09 -720.81 2173.83)
(-2479.51 -940.489 2173.92)
(-2388.07 -1153.05 2173.83)
(-2278.49 -1356.73 2174.06)
(-2151.61 -1550.23 2173.76)
(-2008.34 -1731.8 2173.96)
(-1849.73 -1900.28 2173.84)
(-2389.05 -3334.28 2276.9)
(-2089.32 -3529.82 2276.76)
(-1773.74 -3698.47 2276.9)
(-1444.61 -3839 2276.63)
(-1104.53 -3950.28 2276.87)
(-756.023 -4031.51 2276.83)
(-401.83 -4082.09 2276.91)
(-44.5137 -4101.63 2276.69)
(313.129 -4089.86 2276.8)
(668.401 -4046.99 2276.84)
(1018.57 -3973.37 2276.77)
(1360.99 -3869.51 2276.7)
(1693.06 -3736.09 2276.85)
(2012.28 -3574.3 2276.69)
(2316.1 -3385.35 2277.01)
(2602.37 -3170.63 2276.71)
(2868.77 -2931.75 2276.89)
(3113.38 -2670.56 2276.83)
(3334.28 -2389.05 2276.9)
(3529.82 -2089.32 2276.76)
(3698.47 -1773.74 2276.9)
(3839 -1444.61 2276.63)
(3950.28 -1104.53 2276.87)
(4031.51 -756.023 2276.83)
(4082.09 -401.83 2276.91)
(4101.63 -44.5138 2276.69)
(4089.86 313.129 2276.8)
(4046.99 668.401 2276.84)
(3973.37 1018.57 2276.77)
(3869.51 1360.99 2276.7)
(3736.09 1693.06 2276.85)
(3574.3 2012.28 2276.69)
(3385.35 2316.1 2277.01)
(3170.63 2602.37 2276.71)
(2931.75 2868.77 2276.89)
(2670.56 3113.38 2276.83)
(2389.05 3334.28 2276.9)
(2089.32 3529.82 2276.76)
(1773.74 3698.47 2276.9)
(1444.61 3839 2276.63)
(1104.53 3950.28 2276.87)
(756.023 4031.51 2276.83)
(401.83 4082.09 2276.91)
(44.5138 4101.63 2276.69)
(-313.129 4089.86 2276.8)
(-668.401 4046.99 2276.84)
(-1018.57 3973.37 2276.77)
(-1360.99 3869.51 2276.7)
(-1693.06 3736.09 2276.85)
(-2012.28 3574.3 2276.69)
(-2316.1 3385.35 2277.01)
(-2602.37 3170.63 2276.71)
(-2868.77 2931.75 2276.89)
(-3113.38 2670.56 2276.83)
(-3334.28 2389.05 2276.9)
(-3529.82 2089.32 2276.76)
(-3698.47 1773.74 2276.9)
(-3839 1444.61 2276.63)
(-3950.28 1104.53 2276.87)
(-4031.51 756.023 2276.83)
(-4082.09 401.831 2276.91)
(-4101.63 44.5141 2276.69)
(-4089.86 -313.129 2276.8)
(-4046.99 -668.401 2276.84)
(-3973.37 -1018.57 2276.77)
(-3869.51 -1360.99 2276.7)
(-3736.09 -1693.06 2276.85)
(-3574.3 -2012.28 2276.69)
(-3385.35 -2316.1 2277.01)
(-3170.63 -2602.37 2276.71)
(-2931.75 -2868.77 2276.89)
(-2670.56 -3113.38 2276.83)
(-3143.89 -5189.08 2114.87)
(-2679.65 -5443.32 2114.83)
(-2195.04 -5656.16 2114.98)
(-1693.73 -5825.96 2114.82)
(-1179.49 -5951.36 2114.97)
(-656.279 -6031.51 2114.87)
(-128.116 -6065.76 2115.09)
(401.008 -6053.87 2114.91)
(927.107 -5995.89 2114.83)
(1446.17 -5892.28 2115.05)
(1954.19 -5743.83 2115.01)
(2447.35 -5551.65 2114.83)
(2921.92 -5317.14 2114.97)
(3374.24 -5042.25 2114.88)
(3800.86 -4728.99 2115.03)
(4198.56 -4379.8 2114.85)
(4564.3 -3997.19 2114.9)
(4895.29 -3584.16 2114.83)
(5189.08 -3143.89 2114.87)
(5443.32 -2679.65 2114.83)
(5656.16 -2195.04 2114.98)
(5825.96 -1693.73 2114.82)
(5951.35 -1179.49 2114.97)
(6031.51 -656.279 2114.87)
(6065.76 -128.116 2115.09)
(6053.87 401.008 2114.91)
(5995.89 927.107 2114.83)
(5892.28 1446.17 2115.05)
(5743.83 1954.19 2115.01)
(5551.65 2447.35 2114.83)
(5317.14 2921.92 2114.97)
(5042.25 3374.24 2114.88)
(4728.99 3800.86 2115.03)
(4379.8 4198.56 2114.85)
(3997.19 4564.3 2114.9)
(3584.16 4895.29 2114.83)
(3143.89 5189.08 2114.87)
(2679.65 5443.32 2114.83)
(2195.04 5656.16 2114.98)
(1693.73 5825.96 2114.82)
(1179.49 5951.36 2114.97)
(656.279 6031.51 2114.87)
(128.116 6065.76 2115.09)
(-401.008 6053.87 2114.91)
(-927.107 5995.89 2114.83)
(-1446.17 5892.28 2115.05)
(-1954.19 5743.83 2115.01)
(-2447.35 5551.65 2114.83)
(-2921.92 5317.14 2114.97)
(-3374.24 5042.25 2114.88)
(-3800.86 4728.99 2115.03)
(-4198.56 4379.8 2114.85)
(-4564.3 3997.19 2114.9)
(-4895.29 3584.16 2114.83)
(-5189.08 3143.89 2114.87)
(-5443.32 2679.65 2114.83)
(-5656.16 2195.04 2114.98)
(-5825.96 1693.73 2114.82)
(-5951.36 1179.49 2114.97)
(-6031.51 656.279 2114.87)
(-6065.76 128.116 2115.09)
(-6053.87 -401.008 2114.91)
(-5995.89 -927.107 2114.83)
(-5892.28 -1446.17 2115.05)
(-5743.83 -1954.19 2115.01)
(-5551.65 -2447.35 2114.83)
(-5317.14 -2921.92 2114.97)
(-5042.25 -3374.24 2114.88)
(-4728.99 -3800.86 2115.03)
(-4379.8 -4198.56 2114.85)
(-3997.19 -4564.3 2114.9)
(-3584.16 -4895.29 2114.83)
(-3591.11 -7250.53 1972.46)
(-2945.59 -7535.95 1972.31)
(-2277.5 -7763.93 1972.43)
(-1592.1 -7932.86 1972.42)
(-894.635 -8041.39 1972.46)
(-190.436 -8088.83 1972.4)
(515.283 -8074.63 1972.41)
(1217.08 -7999.01 1972.38)
(1909.59 -7862.49 1972.32)
(2587.6 -7666.16 1972.4)
(3245.89 -7411.49 1972.41)
(3879.47 -7100.39 1972.41)
(4483.55 -6735.26 1972.35)
(5053.51 -6318.78 1972.39)
(5585.04 -5854.21 1972.46)
(6074.02 -5345.22 1972.47)
(6516.81 -4795.63 1972.43)
(6909.95 -4209.4 1972.38)
(7250.53 -3591.11 1972.46)
(7535.95 -2945.59 1972.31)
(7763.93 -2277.5 1972.43)
(7932.86 -1592.1 1972.42)
(8041.39 -894.634 1972.46)
(8088.83 -190.436 1972.4)
(8074.63 515.283 1972.41)
(7999.01 1217.08 1972.38)
(7862.49 1909.59 1972.32)
(7666.16 2587.6 1972.4)
(7411.49 3245.89 1972.41)
(7100.39 3879.47 1972.41)
(6735.26 4483.55 1972.35)
(6318.78 5053.51 1972.39)
(5854.21 5585.04 1972.46)
(5345.22 6074.02 1972.47)
(4795.63 6516.81 1972.43)
(4209.4 6909.95 1972.38)
(3591.11 7250.53 1972.46)
(2945.59 7535.95 1972.31)
(2277.5 7763.93 1972.43)
(1592.1 7932.86 1972.42)
(894.634 8041.39 1972.46)
(190.436 8088.83 1972.4)
(-515.283 8074.63 1972.41)
(-1217.08 7999.01 1972.38)
(-1909.59 7862.49 1972.32)
(-2587.6 7666.16 1972.4)
(-3245.89 7411.49 1972.41)
(-3879.47 7100.39 1972.41)
(-4483.55 6735.26 1972.35)
(-5053.51 6318.78 1972.39)
(-5585.04 5854.21 1972.46)
(-6074.02 5345.22 1972.47)
(-6516.81 4795.63 1972.43)
(-6909.95 4209.4 1972.38)
(-7250.53 3591.11 1972.46)
(-7535.95 2945.59 1972.31)
(-7763.93 2277.5 1972.43)
(-7932.86 1592.1 1972.42)
(-8041.39 894.634 1972.46)
(-8088.83 190.436 1972.4)
(-8074.62 -515.283 1972.41)
(-7999.01 -1217.08 1972.38)
(-7862.49 -1909.59 1972.32)
(-7666.16 -2587.61 1972.4)
(-7411.49 -3245.89 1972.41)
(-7100.39 -3879.47 1972.41)
(-6735.26 -4483.55 1972.35)
(-6318.78 -5053.51 1972.39)
(-5854.21 -5585.04 1972.46)
(-5345.22 -6074.02 1972.47)
(-4795.63 -6516.81 1972.43)
(-4209.4 -6909.95 1972.38)
(-3214.79 -8800.8 2109.69)
(-2435.52 -9047.54 2109.72)
(-1637.73 -9225.3 2109.59)
(-827.328 -9332.92 2109.73)
(-10.8302 -9369.56 2109.69)
(805.772 -9334.9 2109.75)
(1616.31 -9229.15 2109.73)
(2414.57 -9053.13 2109.64)
(3194.41 -8808.2 2109.6)
(3949.99 -8496.22 2109.71)
(4675.4 -8119.68 2109.65)
(5365.29 -7681.33 2109.74)
(6014.31 -7184.56 2109.75)
(6617.63 -6633.06 2109.68)
(7170.5 -6030.89 2109.58)
(7668.91 -5382.88 2109.74)
(8108.84 -4694.13 2109.7)
(8487.16 -3969.57 2109.73)
(8800.8 -3214.79 2109.69)
(9047.54 -2435.52 2109.72)
(9225.3 -1637.73 2109.59)
(9332.92 -827.328 2109.73)
(9369.56 -10.83 2109.69)
(9334.9 805.773 2109.75)
(9229.15 1616.31 2109.73)
(9053.13 2414.57 2109.64)
(8808.2 3194.41 2109.6)
(8496.22 3949.99 2109.71)
(8119.68 4675.4 2109.65)
(7681.33 5365.29 2109.74)
(7184.56 6014.31 2109.75)
(6633.06 6617.63 2109.68)
(6030.89 7170.5 2109.58)
(5382.88 7668.91 2109.74)
(4694.13 8108.84 2109.7)
(3969.57 8487.16 2109.73)
(3214.79 8800.8 2109.69)
(2435.52 9047.54 2109.72)
(1637.73 9225.3 2109.59)
(827.328 9332.92 2109.73)
(10.83 9369.56 2109.69)
(-805.773 9334.9 2109.75)
(-1616.31 9229.15 2109.73)
(-2414.57 9053.13 2109.64)
(-3194.41 8808.2 2109.6)
(-3949.99 8496.22 2109.71)
(-4675.4 8119.68 2109.65)
(-5365.29 7681.33 2109.74)
(-6014.31 7184.56 2109.75)
(-6617.63 6633.06 2109.68)
(-7170.5 6030.89 2109.58)
(-7668.91 5382.88 2109.74)
(-8108.84 4694.13 2109.7)
(-8487.16 3969.57 2109.73)
(-8800.8 3214.79 2109.69)
(-9047.54 2435.52 2109.72)
(-9225.3 1637.73 2109.59)
(-9332.92 827.328 2109.73)
(-9369.56 10.8302 2109.69)
(-9334.9 -805.773 2109.75)
(-9229.15 -1616.31 2109.73)
(-9053.13 -2414.57 2109.64)
(-8808.2 -3194.41 2109.6)
(-8496.23 -3949.99 2109.72)
(-8119.68 -4675.4 2109.65)
(-7681.33 -5365.29 2109.74)
(-7184.56 -6014.31 2109.75)
(-6633.06 -6617.63 2109.68)
(-6030.89 -7170.5 2109.58)
(-5382.88 -7668.91 2109.74)
(-4694.13 -8108.84 2109.7)
(-3969.57 -8487.16 2109.73)
(-1630.82 -9224.27 3126.39)
(-820.53 -9331.44 3126.49)
(-4.28454 -9367.36 3126.36)
(812.293 -9332.15 3126.52)
(1622.44 -9225.87 3126.43)
(2420.33 -9049.36 3126.43)
(3199.85 -8804.02 3126.47)
(3954.99 -8491.62 3126.43)
(4680 -8114.51 3126.36)
(5369.53 -7675.68 3126.43)
(6018.04 -7178.57 3126.42)
(6620.78 -6626.73 3126.42)
(7173.16 -6024.51 3126.47)
(7670.95 -5376.53 3126.48)
(8110.25 -4687.45 3126.35)
(8488.03 -3962.61 3126.47)
(8800.99 -3207.86 3126.37)
(9047.13 -2428.39 3126.51)
(9224.27 -1630.82 3126.4)
(9331.44 -820.531 3126.49)
(9367.36 -4.28507 3126.36)
(9332.15 812.293 3126.52)
(9225.87 1622.44 3126.43)
(9049.36 2420.33 3126.43)
(8804.02 3199.85 3126.47)
(8491.62 3954.99 3126.43)
(8114.51 4680 3126.36)
(7675.68 5369.53 3126.43)
(7178.57 6018.04 3126.42)
(6626.73 6620.78 3126.42)
(6024.51 7173.16 3126.47)
(5376.53 7670.95 3126.48)
(4687.45 8110.25 3126.35)
(3962.61 8488.02 3126.48)
(3207.86 8800.99 3126.38)
(2428.39 9047.14 3126.5)
(1630.82 9224.27 3126.39)
(820.53 9331.44 3126.49)
(4.28431 9367.36 3126.36)
(-812.293 9332.15 3126.52)
(-1622.44 9225.87 3126.43)
(-2420.33 9049.36 3126.43)
(-3199.85 8804.02 3126.47)
(-3954.99 8491.62 3126.43)
(-4680 8114.51 3126.36)
(-5369.53 7675.68 3126.43)
(-6018.04 7178.57 3126.42)
(-6620.78 6626.73 3126.42)
(-7173.16 6024.51 3126.47)
(-7670.95 5376.53 3126.48)
(-8110.25 4687.45 3126.35)
(-8488.02 3962.61 3126.48)
(-8800.99 3207.86 3126.38)
(-9047.14 2428.39 3126.5)
(-9224.27 1630.82 3126.39)
(-9331.44 820.53 3126.49)
(-9367.36 4.28446 3126.36)
(-9332.15 -812.293 3126.52)
(-9225.87 -1622.44 3126.43)
(-9049.36 -2420.33 3126.43)
(-8804.02 -3199.85 3126.47)
(-8491.62 -3954.99 3126.43)
(-8114.51 -4680 3126.36)
(-7675.68 -5369.53 3126.43)
(-7178.57 -6018.04 3126.42)
(-6626.73 -6620.78 3126.42)
(-6024.51 -7173.16 3126.47)
(-5376.53 -7670.95 3126.48)
(-4687.45 -8110.25 3126.35)
(-3962.61 -8488.02 3126.48)
(-3207.86 -8800.99 3126.38)
(-2428.39 -9047.14 3126.5)
(582.996 -8785.36 5392.07)
(1346.54 -8701.23 5392.09)
(2099.63 -8550.64 5392.1)
(2837.09 -8335.13 5392.05)
(3552.66 -8056.21 5392.07)
(4241.2 -7715.87 5392.08)
(4897.52 -7316.71 5392.01)
(5516.69 -6862.13 5392.16)
(6093.68 -6355.36 5392.25)
(6624.56 -5800.05 5392.12)
(7104.66 -5200.43 5392.06)
(7530.97 -4561.35 5392.06)
(7899.88 -3887.78 5392.07)
(8208.62 -3184.51 5392.13)
(8454.8 -2456.91 5392.15)
(8637.04 -1710.63 5392.15)
(8753.12 -951.507 5392.16)
(8802.79 -184.86 5392.13)
(8785.35 582.997 5392.07)
(8701.23 1346.54 5392.09)
(8550.63 2099.63 5392.1)
(8335.13 2837.09 5392.05)
(8056.21 3552.66 5392.07)
(7715.87 4241.2 5392.08)
(7316.71 4897.52 5392.02)
(6862.13 5516.69 5392.16)
(6355.36 6093.68 5392.25)
(5800.05 6624.56 5392.12)
(5200.43 7104.66 5392.06)
(4561.35 7530.97 5392.06)
(3887.78 7899.88 5392.07)
(3184.51 8208.62 5392.13)
(2456.91 8454.8 5392.15)
(1710.63 8637.04 5392.15)
(951.509 8753.12 5392.16)
(184.862 8802.79 5392.13)
(-582.996 8785.35 5392.07)
(-1346.54 8701.23 5392.09)
(-2099.63 8550.63 5392.1)
(-2837.09 8335.13 5392.05)
(-3552.66 8056.21 5392.07)
(-4241.2 7715.87 5392.08)
(-4897.52 7316.71 5392.01)
(-5516.69 6862.13 5392.16)
(-6093.68 6355.36 5392.25)
(-6624.56 5800.05 5392.12)
(-7104.65 5200.43 5392.06)
(-7530.97 4561.35 5392.06)
(-7899.88 3887.78 5392.07)
(-8208.62 3184.51 5392.13)
(-8454.8 2456.91 5392.15)
(-8637.04 1710.63 5392.15)
(-8753.12 951.509 5392.16)
(-8802.79 184.862 5392.13)
(-8785.35 -582.996 5392.07)
(-8701.23 -1346.54 5392.09)
(-8550.63 -2099.63 5392.1)
(-8335.13 -2837.09 5392.05)
(-8056.21 -3552.66 5392.07)
(-7715.87 -4241.2 5392.08)
(-7316.71 -4897.52 5392.01)
(-6862.13 -5516.69 5392.16)
(-6355.36 -6093.68 5392.25)
(-5800.05 -6624.56 5392.12)
(-5200.43 -7104.65 5392.06)
(-4561.35 -7530.97 5392.06)
(-3887.78 -7899.88 5392.07)
(-3184.51 -8208.62 5392.13)
(-2456.91 -8454.8 5392.15)
(-1710.63 -8637.04 5392.15)
(-951.508 -8753.12 5392.16)
(-184.862 -8802.79 5392.13)
(2357.13 -6642.56 8095.08)
(2927.19 -6411.68 8094.71)
(3474.76 -6132 8094.74)
(3996.06 -5805.76 8094.67)
(4486.89 -5435.38 8094.66)
(4943.56 -5023.79 8094.92)
(5362.55 -4573.73 8095.1)
(5740.76 -4089.15 8094.61)
(6075.34 -3573.72 8094.81)
(6363.59 -3029.81 8095.01)
(6603.27 -2463.09 8094.58)
(6793.34 -1879.22 8094.84)
(6931.25 -1280.08 8095.1)
(7016.14 -670.765 8094.86)
(7047.86 -56.8492 8094.79)
(7026.09 557.616 8094.75)
(6950.47 1168.13 8094.8)
(6822.67 1769.29 8094.9)
(6642.56 2357.13 8095.08)
(6411.68 2927.19 8094.71)
(6132 3474.76 8094.74)
(5805.77 3996.05 8094.67)
(5435.38 4486.89 8094.66)
(5023.79 4943.56 8094.92)
(4573.73 5362.55 8095.1)
(4089.15 5740.76 8094.61)
(3573.71 6075.34 8094.81)
(3029.81 6363.59 8095.01)
(2463.09 6603.27 8094.58)
(1879.22 6793.34 8094.84)
(1280.08 6931.25 8095.1)
(670.765 7016.14 8094.86)
(56.8492 7047.86 8094.79)
(-557.616 7026.09 8094.75)
(-1168.13 6950.47 8094.8)
(-1769.29 6822.67 8094.9)
(-2357.13 6642.56 8095.08)
(-2927.19 6411.68 8094.71)
(-3474.76 6132 8094.74)
(-3996.06 5805.76 8094.67)
(-4486.89 5435.38 8094.66)
(-4943.56 5023.79 8094.92)
(-5362.55 4573.73 8095.1)
(-5740.76 4089.15 8094.61)
(-6075.34 3573.72 8094.81)
(-6363.59 3029.81 8095.01)
(-6603.27 2463.09 8094.58)
(-6793.34 1879.22 8094.84)
(-6931.25 1280.08 8095.1)
(-7016.14 670.765 8094.86)
(-7047.86 56.8493 8094.79)
(-7026.09 -557.615 8094.75)
(-6950.48 -1168.13 8094.8)
(-6822.67 -1769.29 8094.9)
(-6642.56 -2357.13 8095.08)
(-6411.68 -2927.19 8094.71)
(-6132 -3474.76 8094.74)
(-5805.76 -3996.06 8094.67)
(-5435.38 -4486.89 8094.66)
(-5023.79 -4943.56 8094.92)
(-4573.73 -5362.55 8095.1)
(-4089.15 -5740.76 8094.61)
(-3573.72 -6075.34 8094.81)
(-3029.81 -6363.59 8095.02)
(-2463.09 -6603.27 8094.58)
(-1879.22 -6793.34 8094.84)
(-1280.08 -6931.25 8095.1)
(-670.765 -7016.14 8094.86)
(-56.8492 -7047.86 8094.79)
(557.616 -7026.09 8094.75)
(1168.13 -6950.48 8094.81)
(1769.29 -6822.68 8094.9)
(6667.58 -1993.95 10064.3)
(6815.33 -1409.05 10067.2)
(6912.43 -809.916 10067.5)
(6956.34 -202.567 10067.3)
(6947.69 401.332 10067.1)
(6886.28 1006.75 10066)
(6770.69 1608.28 10064.8)
(6607.01 2184.9 10068.5)
(6392.72 2751.73 10066.5)
(6123.98 3305.88 10065.3)
(5814.71 3822.97 10068.7)
(5461.77 4313.28 10065.5)
(5061.49 4776.24 10065.9)
(4625.99 5199.03 10066.5)
(4158.32 5580.76 10066.4)
(3655.43 5922.13 10068)
(3125.73 6217.47 10068.9)
(2571.55 6466.92 10065.5)
(1993.97 6667.58 10064.3)
(1409.05 6815.33 10067.2)
(809.915 6912.43 10067.5)
(202.558 6956.35 10067.3)
(-401.332 6947.69 10067.1)
(-1006.75 6886.28 10066)
(-1608.29 6770.69 10064.8)
(-2184.9 6607.01 10068.5)
(-2751.74 6392.72 10066.5)
(-3305.88 6123.99 10065.3)
(-3822.96 5814.72 10068.7)
(-4313.28 5461.77 10065.5)
(-4776.24 5061.49 10065.9)
(-5199.03 4625.99 10066.5)
(-5580.76 4158.32 10066.4)
(-5922.13 3655.43 10068)
(-6217.46 3125.74 10068.9)
(-6466.92 2571.55 10065.5)
(-6667.58 1993.97 10064.3)
(-6815.33 1409.05 10067.2)
(-6912.43 809.915 10067.5)
(-6956.35 202.558 10067.3)
(-6947.69 -401.331 10067.1)
(-6886.28 -1006.75 10066)
(-6770.7 -1608.29 10064.8)
(-6607.01 -2184.9 10068.5)
(-6392.72 -2751.73 10066.5)
(-6123.98 -3305.88 10065.3)
(-5814.71 -3822.97 10068.7)
(-5461.77 -4313.28 10065.5)
(-5061.49 -4776.24 10065.9)
(-4625.99 -5199.02 10066.5)
(-4158.32 -5580.76 10066.4)
(-3655.42 -5922.14 10068)
(-3125.72 -6217.47 10068.9)
(-2571.55 -6466.91 10065.5)
(-1993.97 -6667.58 10064.3)
(-1409.05 -6815.33 10067.2)
(-809.915 -6912.43 10067.5)
(-202.555 -6956.35 10067.3)
(401.334 -6947.7 10067.1)
(1006.75 -6886.28 10066)
(1608.29 -6770.69 10064.8)
(2184.9 -6607.01 10068.5)
(2751.73 -6392.71 10066.5)
(3305.88 -6123.98 10065.3)
(3822.97 -5814.71 10068.7)
(4313.28 -5461.77 10065.5)
(4776.24 -5061.49 10065.9)
(5199.02 -4625.99 10066.5)
(5580.76 -4158.32 10066.4)
(5922.13 -3655.43 10068)
(6217.47 -3125.74 10068.9)
(6466.92 -2571.55 10065.5)
(11710.4 12049.2 -21688.1)
(10622.6 13036.6 -21735.9)
(9447.46 13913.3 -21748)
(8197.26 14678.9 -21723.8)
(6885.31 15335.9 -21722.9)
(5524.62 15881.9 -21732)
(4113.54 16290.3 -21693.2)
(2685.29 16601.5 -21734.5)
(1222.21 16767.4 -21727.9)
(-238.778 16811.1 -21726.1)
(-1706.11 16733 -21749)
(-3155.51 16504.2 -21699.4)
(-4581.92 16177.6 -21723.4)
(-5977.31 15711.1 -21721.3)
(-7319.92 15133.1 -21712)
(-8617.25 14439.5 -21738.3)
(-9843.91 13640.7 -21757.6)
(-10987.4 12717.5 -21710.1)
(-12049.2 11710.4 -21688.1)
(-13036.6 10622.6 -21735.9)
(-13913.3 9447.46 -21748)
(-14678.9 8197.26 -21723.8)
(-15335.9 6885.31 -21722.9)
(-15881.9 5524.62 -21732)
(-16290.3 4113.54 -21693.2)
(-16601.5 2685.29 -21734.5)
(-16767.4 1222.21 -21727.9)
(-16811.1 -238.779 -21726.1)
(-16733 -1706.11 -21749)
(-16504.2 -3155.51 -21699.4)
(-16177.6 -4581.92 -21723.4)
(-15711.1 -5977.31 -21721.3)
(-15133.1 -7319.92 -21712)
(-14439.5 -8617.25 -21738.3)
(-13640.7 -9843.91 -21757.6)
(-12717.5 -10987.4 -21710.1)
(-11710.4 -12049.2 -21688.1)
(-10622.6 -13036.6 -21735.9)
(-9447.46 -13913.3 -21748)
(-8197.26 -14678.9 -21723.8)
(-6885.31 -15335.9 -21722.9)
(-5524.62 -15881.9 -21732)
(-4113.54 -16290.3 -21693.2)
(-2685.29 -16601.5 -21734.5)
(-1222.21 -16767.4 -21727.9)
(238.779 -16811.1 -21726.1)
(1706.11 -16733 -21749)
(3155.51 -16504.2 -21699.4)
(4581.92 -16177.6 -21723.4)
(5977.31 -15711.1 -21721.3)
(7319.92 -15133.1 -21712)
(8617.25 -14439.5 -21738.3)
(9843.91 -13640.7 -21757.5)
(10987.4 -12717.6 -21710.1)
(12049.3 -11710.4 -21688.1)
(13036.6 -10622.6 -21735.9)
(13913.3 -9447.46 -21748)
(14678.9 -8197.26 -21723.8)
(15335.9 -6885.31 -21722.9)
(15881.9 -5524.62 -21732)
(16290.3 -4113.54 -21693.2)
(16601.5 -2685.29 -21734.5)
(16767.4 -1222.21 -21727.9)
(16811.1 238.779 -21726.1)
(16733 1706.11 -21749)
(16504.2 3155.51 -21699.4)
(16177.6 4581.92 -21723.4)
(15711.1 5977.31 -21721.3)
(15133.1 7319.92 -21712)
(14439.5 8617.25 -21738.3)
(13640.7 9843.91 -21757.6)
(12717.5 10987.4 -21710.1)
)
;
    }
}


// ************************************************************************* //
