/*--------------------------------*- C++ -*----------------------------------*\
| =========                 |                                                 |
| \\      /  F ield         | OpenFOAM: The Open Source CFD Toolbox           |
|  \\    /   O peration     | Version:  2312                                  |
|   \\  /    A nd           | Website:  www.openfoam.com                      |
|    \\/     M anipulation  |                                                 |
\*---------------------------------------------------------------------------*/
FoamFile
{
    version     2.0;
    format      ascii;
    arch        "LSB;label=32;scalar=64";
    class       pointVectorField;
    location    "0.1";
    object      pointD;
}
// * * * * * * * * * * * * * * * * * * * * * * * * * * * * * * * * * * * * * //

dimensions      [0 1 0 0 0 0 0];

internalField   nonuniform List<vector> 
2164
(
(0 0 0)
(0 0 0)
(0 0 0)
(0 0 0)
(0 0 0)
(0 0 0)
(0 0 0)
(0 0 0)
(0 0 0)
(0 0 0)
(0 0 0)
(0 0 0)
(0 0 0)
(0 0 0)
(0 0 0)
(0 0 0)
(0 0 0)
(0 0 0)
(0 0 0)
(0 0 0)
(0 0 0)
(0 0 0)
(0 0 0)
(0 0 0)
(0 0 0)
(0 0 0)
(0 0 0)
(0 0 0)
(0 0 0)
(0 0 0)
(0 0 0)
(0 0 0)
(0 0 0)
(0 0 0)
(0 0 0)
(0 0 0)
(3.94166e-05 0.000274565 2.94467e-05)
(-8.85985e-06 0.000277239 2.94467e-05)
(-5.68672e-05 0.000271488 2.94469e-05)
(-0.000103147 0.000257489 2.9447e-05)
(-0.000146292 0.000235666 2.9447e-05)
(-0.000184992 0.000206682 2.94469e-05)
(-0.000218072 0.000171418 2.94469e-05)
(-0.000244526 0.000130947 2.94467e-05)
(-0.000263549 8.64956e-05 2.94467e-05)
(-0.000274565 3.94166e-05 2.94467e-05)
(-0.000277239 -8.85987e-06 2.94467e-05)
(-0.000271488 -5.68672e-05 2.94469e-05)
(-0.000257489 -0.000103147 2.9447e-05)
(-0.000235666 -0.000146292 2.9447e-05)
(-0.000206682 -0.000184992 2.94469e-05)
(-0.000171418 -0.000218072 2.94469e-05)
(-0.000130947 -0.000244526 2.94467e-05)
(-8.64956e-05 -0.000263549 2.94467e-05)
(-3.94166e-05 -0.000274565 2.94467e-05)
(8.85987e-06 -0.000277239 2.94467e-05)
(5.68672e-05 -0.000271488 2.94469e-05)
(0.000103147 -0.000257489 2.9447e-05)
(0.000146292 -0.000235666 2.9447e-05)
(0.000184992 -0.000206682 2.94469e-05)
(0.000218072 -0.000171418 2.94469e-05)
(0.000244526 -0.000130947 2.94467e-05)
(0.000263549 -8.64956e-05 2.94467e-05)
(0.000274565 -3.94166e-05 2.94467e-05)
(0.000277239 8.85985e-06 2.94467e-05)
(0.000271488 5.68672e-05 2.94469e-05)
(0.000257489 0.000103147 2.9447e-05)
(0.000235666 0.000146292 2.9447e-05)
(0.000206682 0.000184992 2.94469e-05)
(0.000171418 0.000218072 2.94469e-05)
(0.000130947 0.000244526 2.94467e-05)
(8.64956e-05 0.000263549 2.94467e-05)
(2.32691e-05 0.000260012 3.40911e-05)
(-2.22351e-05 0.000260103 3.40911e-05)
(-6.70634e-05 0.00025229 3.40912e-05)
(-0.000109854 0.000236812 3.40913e-05)
(-0.000149308 0.000214138 3.40913e-05)
(-0.000184224 0.000184958 3.40912e-05)
(-0.000213543 0.000150158 3.40912e-05)
(-0.000236373 0.000110795 3.40911e-05)
(-0.000252022 6.80663e-05 3.40911e-05)
(-0.000260012 2.32691e-05 3.40911e-05)
(-0.000260103 -2.22351e-05 3.40911e-05)
(-0.00025229 -6.70634e-05 3.40912e-05)
(-0.000236812 -0.000109854 3.40913e-05)
(-0.000214138 -0.000149308 3.40913e-05)
(-0.000184958 -0.000184224 3.40912e-05)
(-0.000150158 -0.000213543 3.40912e-05)
(-0.000110795 -0.000236373 3.40911e-05)
(-6.80663e-05 -0.000252022 3.40911e-05)
(-2.32691e-05 -0.000260012 3.40911e-05)
(2.22351e-05 -0.000260103 3.40911e-05)
(6.70634e-05 -0.00025229 3.40912e-05)
(0.000109854 -0.000236812 3.40913e-05)
(0.000149308 -0.000214138 3.40913e-05)
(0.000184224 -0.000184958 3.40912e-05)
(0.000213543 -0.000150158 3.40912e-05)
(0.000236373 -0.000110795 3.40911e-05)
(0.000252022 -6.80663e-05 3.40911e-05)
(0.000260012 -2.32691e-05 3.40911e-05)
(0.000260103 2.22351e-05 3.40911e-05)
(0.000252291 6.70634e-05 3.40912e-05)
(0.000236812 0.000109854 3.40913e-05)
(0.000214138 0.000149308 3.40913e-05)
(0.000184958 0.000184224 3.40912e-05)
(0.000150158 0.000213543 3.40912e-05)
(0.000110795 0.000236373 3.40911e-05)
(6.80663e-05 0.000252022 3.40911e-05)
(0 0 0)
(0 0 0)
(0 0 0)
(0 0 0)
(0 0 0)
(0 0 0)
(0 0 0)
(0 0 0)
(0 0 0)
(0 0 0)
(0 0 0)
(0 0 0)
(0 0 0)
(0 0 0)
(0 0 0)
(0 0 0)
(0 0 0)
(0 0 0)
(0 0 0)
(0 0 0)
(0 0 0)
(0 0 0)
(0 0 0)
(0 0 0)
(0 0 0)
(0 0 0)
(0 0 0)
(0 0 0)
(0 0 0)
(0 0 0)
(0 0 0)
(0 0 0)
(0 0 0)
(0 0 0)
(0 0 0)
(0 0 0)
(5.13031e-06 0.000245047 3.6697e-05)
(-3.74996e-05 0.000242215 3.66971e-05)
(-7.89901e-05 0.000232024 3.66971e-05)
(-0.00011808 0.000214782 3.66971e-05)
(-0.000153583 0.000191015 3.66971e-05)
(-0.000184419 0.000161443 3.66971e-05)
(-0.000209652 0.000126967 3.6697e-05)
(-0.000228514 8.86319e-05 3.6697e-05)
(-0.000240433 4.76044e-05 3.6697e-05)
(-0.000245047 5.13029e-06 3.6697e-05)
(-0.000242215 -3.74996e-05 3.66971e-05)
(-0.000232024 -7.89901e-05 3.66971e-05)
(-0.000214782 -0.00011808 3.66971e-05)
(-0.000191015 -0.000153583 3.66971e-05)
(-0.000161443 -0.000184419 3.66971e-05)
(-0.000126967 -0.000209652 3.6697e-05)
(-8.86319e-05 -0.000228514 3.6697e-05)
(-4.76044e-05 -0.000240433 3.6697e-05)
(-5.13029e-06 -0.000245047 3.6697e-05)
(3.74996e-05 -0.000242215 3.66971e-05)
(7.89901e-05 -0.000232024 3.66971e-05)
(0.00011808 -0.000214782 3.66971e-05)
(0.000153583 -0.000191015 3.66971e-05)
(0.000184419 -0.000161443 3.66971e-05)
(0.000209652 -0.000126967 3.6697e-05)
(0.000228514 -8.86319e-05 3.6697e-05)
(0.000240433 -4.76044e-05 3.6697e-05)
(0.000245047 -5.13031e-06 3.6697e-05)
(0.000242215 3.74996e-05 3.66971e-05)
(0.000232024 7.89901e-05 3.66971e-05)
(0.000214782 0.00011808 3.66971e-05)
(0.000191015 0.000153583 3.66971e-05)
(0.000161443 0.000184419 3.66971e-05)
(0.000126967 0.000209652 3.6697e-05)
(8.86319e-05 0.000228514 3.6697e-05)
(4.76045e-05 0.000240433 3.6697e-05)
(0 0 0)
(0 0 0)
(0 0 0)
(0 0 0)
(0 0 0)
(0 0 0)
(0 0 0)
(0 0 0)
(0 0 0)
(0 0 0)
(0 0 0)
(0 0 0)
(0 0 0)
(0 0 0)
(0 0 0)
(0 0 0)
(0 0 0)
(0 0 0)
(0 0 0)
(0 0 0)
(0 0 0)
(0 0 0)
(0 0 0)
(0 0 0)
(0 0 0)
(0 0 0)
(0 0 0)
(0 0 0)
(0 0 0)
(0 0 0)
(0 0 0)
(0 0 0)
(0 0 0)
(0 0 0)
(0 0 0)
(0 0 0)
(-1.47902e-05 0.000229159 3.73491e-05)
(-5.43584e-05 0.000223109 3.73491e-05)
(-9.22751e-05 0.000210281 3.73491e-05)
(-0.000127388 0.000191062 3.73491e-05)
(-0.00015863 0.000166039 3.73491e-05)
(-0.000185053 0.00013597 3.73491e-05)
(-0.000205853 0.000101771 3.73491e-05)
(-0.000220397 6.44786e-05 3.73491e-05)
(-0.000228246 2.52276e-05 3.73491e-05)
(-0.000229159 -1.47902e-05 3.73491e-05)
(-0.000223109 -5.43584e-05 3.73491e-05)
(-0.000210281 -9.22751e-05 3.73491e-05)
(-0.000191062 -0.000127388 3.73491e-05)
(-0.000166039 -0.00015863 3.73491e-05)
(-0.00013597 -0.000185053 3.73491e-05)
(-0.000101771 -0.000205853 3.73491e-05)
(-6.44786e-05 -0.000220397 3.73491e-05)
(-2.52276e-05 -0.000228246 3.73491e-05)
(1.47902e-05 -0.000229159 3.73491e-05)
(5.43584e-05 -0.000223109 3.73491e-05)
(9.22751e-05 -0.000210281 3.73491e-05)
(0.000127388 -0.000191062 3.73491e-05)
(0.00015863 -0.000166039 3.73491e-05)
(0.000185053 -0.00013597 3.73491e-05)
(0.000205853 -0.000101771 3.73491e-05)
(0.000220397 -6.44786e-05 3.73491e-05)
(0.000228246 -2.52276e-05 3.73491e-05)
(0.000229159 1.47902e-05 3.73491e-05)
(0.000223109 5.43584e-05 3.73491e-05)
(0.000210281 9.22751e-05 3.73491e-05)
(0.000191062 0.000127388 3.73491e-05)
(0.000166039 0.00015863 3.73491e-05)
(0.00013597 0.000185053 3.73491e-05)
(0.000101771 0.000205853 3.73491e-05)
(6.44786e-05 0.000220397 3.73491e-05)
(2.52276e-05 0.000228246 3.73491e-05)
(0 0 0)
(0 0 0)
(0 0 0)
(0 0 0)
(0 0 0)
(0 0 0)
(0 0 0)
(0 0 0)
(0 0 0)
(0 0 0)
(0 0 0)
(0 0 0)
(0 0 0)
(0 0 0)
(0 0 0)
(0 0 0)
(0 0 0)
(0 0 0)
(0 0 0)
(0 0 0)
(0 0 0)
(0 0 0)
(0 0 0)
(0 0 0)
(0 0 0)
(0 0 0)
(0 0 0)
(0 0 0)
(0 0 0)
(0 0 0)
(0 0 0)
(0 0 0)
(0 0 0)
(0 0 0)
(0 0 0)
(0 0 0)
(4.90547e-05 0.00054937 8.74291e-05)
(-4.70877e-05 0.000549543 8.74292e-05)
(-0.000141799 0.000533017 8.74295e-05)
(-0.000232202 0.000500296 8.74297e-05)
(-0.00031555 0.000452374 8.74297e-05)
(-0.00038931 0.000390707 8.74297e-05)
(-0.000451241 0.000317168 8.74295e-05)
(-0.000499462 0.000233992 8.74292e-05)
(-0.000532506 0.000143706 8.74291e-05)
(-0.00054937 4.90547e-05 8.74291e-05)
(-0.000549543 -4.70877e-05 8.74292e-05)
(-0.000533017 -0.000141799 8.74295e-05)
(-0.000500296 -0.000232202 8.74297e-05)
(-0.000452374 -0.00031555 8.74297e-05)
(-0.000390707 -0.00038931 8.74296e-05)
(-0.000317168 -0.000451241 8.74295e-05)
(-0.000233992 -0.000499462 8.74292e-05)
(-0.000143706 -0.000532506 8.74291e-05)
(-4.90547e-05 -0.00054937 8.74291e-05)
(4.70877e-05 -0.000549543 8.74292e-05)
(0.000141799 -0.000533017 8.74295e-05)
(0.000232202 -0.000500296 8.74297e-05)
(0.00031555 -0.000452374 8.74297e-05)
(0.00038931 -0.000390707 8.74296e-05)
(0.000451241 -0.000317168 8.74295e-05)
(0.000499462 -0.000233992 8.74293e-05)
(0.000532506 -0.000143707 8.74291e-05)
(0.00054937 -4.90547e-05 8.74291e-05)
(0.000549543 4.70877e-05 8.74292e-05)
(0.000533017 0.000141799 8.74295e-05)
(0.000500296 0.000232202 8.74297e-05)
(0.000452374 0.00031555 8.74298e-05)
(0.000390707 0.00038931 8.74297e-05)
(0.000317168 0.000451241 8.74295e-05)
(0.000233992 0.000499462 8.74293e-05)
(0.000143707 0.000532506 8.74291e-05)
(3.04652e-05 0.000515887 9.38478e-05)
(-5.95807e-05 0.00051334 9.38479e-05)
(-0.000147816 0.000495195 9.3848e-05)
(-0.00023156 0.000462004 9.38481e-05)
(-0.000308268 0.000414775 9.38482e-05)
(-0.00037561 0.000354944 9.38481e-05)
(-0.000431539 0.000284327 9.3848e-05)
(-0.000474356 0.000205071 9.38478e-05)
(-0.000502759 0.000119585 9.38478e-05)
(-0.000515887 3.04652e-05 9.38478e-05)
(-0.00051334 -5.95807e-05 9.38479e-05)
(-0.000495195 -0.000147816 9.3848e-05)
(-0.000462004 -0.00023156 9.38481e-05)
(-0.000414775 -0.000308268 9.38482e-05)
(-0.000354944 -0.00037561 9.3848e-05)
(-0.000284327 -0.000431539 9.3848e-05)
(-0.000205071 -0.000474356 9.38478e-05)
(-0.000119585 -0.000502759 9.38478e-05)
(-3.04651e-05 -0.000515887 9.38478e-05)
(5.95808e-05 -0.00051334 9.38479e-05)
(0.000147816 -0.000495195 9.3848e-05)
(0.00023156 -0.000462004 9.38481e-05)
(0.000308268 -0.000414775 9.38482e-05)
(0.00037561 -0.000354944 9.38481e-05)
(0.000431539 -0.000284327 9.3848e-05)
(0.000474356 -0.000205071 9.38478e-05)
(0.000502759 -0.000119585 9.38478e-05)
(0.000515887 -3.04652e-05 9.38478e-05)
(0.00051334 5.95807e-05 9.38479e-05)
(0.000495195 0.000147816 9.3848e-05)
(0.000462004 0.00023156 9.38481e-05)
(0.000414775 0.000308268 9.38482e-05)
(0.000354944 0.00037561 9.38481e-05)
(0.000284327 0.000431539 9.3848e-05)
(0.000205071 0.000474356 9.38478e-05)
(0.000119585 0.000502759 9.38478e-05)
(9.71561e-06 0.000481693 9.92407e-05)
(-7.40766e-05 0.000476062 9.92407e-05)
(-0.000155619 0.000455967 9.92408e-05)
(-0.000232432 0.000422016 9.92408e-05)
(-0.000302184 0.000375243 9.92408e-05)
(-0.000362753 0.000317069 9.92408e-05)
(-0.000412301 0.00024926 9.92407e-05)
(-0.00044932 0.000173879 9.92406e-05)
(-0.000472688 9.32133e-05 9.92406e-05)
(-0.000481693 9.71557e-06 9.92407e-05)
(-0.000476062 -7.40766e-05 9.92407e-05)
(-0.000455967 -0.000155619 9.92408e-05)
(-0.000422016 -0.000232432 9.92408e-05)
(-0.000375243 -0.000302184 9.92408e-05)
(-0.000317069 -0.000362753 9.92408e-05)
(-0.00024926 -0.000412301 9.92407e-05)
(-0.000173879 -0.00044932 9.92406e-05)
(-9.32133e-05 -0.000472688 9.92406e-05)
(-9.71556e-06 -0.000481693 9.92407e-05)
(7.40766e-05 -0.000476062 9.92407e-05)
(0.000155619 -0.000455967 9.92408e-05)
(0.000232432 -0.000422017 9.92408e-05)
(0.000302184 -0.000375243 9.92408e-05)
(0.000362753 -0.000317069 9.92408e-05)
(0.000412301 -0.00024926 9.92407e-05)
(0.00044932 -0.000173879 9.92406e-05)
(0.000472688 -9.32133e-05 9.92406e-05)
(0.000481693 -9.7156e-06 9.92407e-05)
(0.000476062 7.40766e-05 9.92407e-05)
(0.000455967 0.000155619 9.92408e-05)
(0.000422017 0.000232432 9.92408e-05)
(0.000375243 0.000302184 9.92408e-05)
(0.000317069 0.000362753 9.92408e-05)
(0.00024926 0.000412301 9.92407e-05)
(0.000173879 0.00044932 9.92406e-05)
(9.32133e-05 0.000472688 9.92406e-05)
(-1.26417e-05 0.000445994 0.000103612)
(-8.98956e-05 0.000437023 0.000103612)
(-0.000164418 0.000414774 0.000103612)
(-0.000233945 0.000379922 0.000103612)
(-0.000296363 0.000333526 0.000103612)
(-0.000349777 0.000276996 0.000103612)
(-0.000392562 0.000212049 0.000103612)
(-0.00042342 0.00014066 0.000103612)
(-0.000441413 6.49967e-05 0.000103612)
(-0.000445994 -1.26417e-05 0.000103612)
(-0.000437023 -8.98957e-05 0.000103612)
(-0.000414774 -0.000164418 0.000103612)
(-0.000379922 -0.000233945 0.000103612)
(-0.000333526 -0.000296363 0.000103612)
(-0.000276996 -0.000349777 0.000103612)
(-0.000212049 -0.000392562 0.000103612)
(-0.00014066 -0.00042342 0.000103612)
(-6.49967e-05 -0.000441413 0.000103612)
(1.26417e-05 -0.000445994 0.000103612)
(8.98957e-05 -0.000437023 0.000103612)
(0.000164418 -0.000414774 0.000103612)
(0.000233945 -0.000379922 0.000103612)
(0.000296363 -0.000333526 0.000103612)
(0.000349777 -0.000276996 0.000103612)
(0.000392562 -0.000212049 0.000103612)
(0.00042342 -0.00014066 0.000103612)
(0.000441413 -6.49967e-05 0.000103612)
(0.000445994 1.26417e-05 0.000103612)
(0.000437023 8.98957e-05 0.000103612)
(0.000414774 0.000164418 0.000103612)
(0.000379922 0.000233945 0.000103612)
(0.000333526 0.000296363 0.000103612)
(0.000276996 0.000349777 0.000103612)
(0.000212049 0.000392562 0.000103612)
(0.00014066 0.00042342 0.000103612)
(6.49967e-05 0.000441413 0.000103612)
(4.49724e-05 0.000814999 0.000172151)
(-9.72339e-05 0.000810426 0.000172151)
(-0.000236486 0.000781229 0.000172152)
(-0.000368552 0.000728295 0.000172152)
(-0.00048942 0.000653232 0.000172152)
(-0.000595417 0.000558322 0.000172152)
(-0.000683323 0.000446446 0.000172152)
(-0.000750467 0.000321005 0.000172151)
(-0.000794807 0.000185812 0.000172151)
(-0.000814999 4.49724e-05 0.000172151)
(-0.000810426 -9.7234e-05 0.000172151)
(-0.000781229 -0.000236486 0.000172152)
(-0.000728295 -0.000368552 0.000172152)
(-0.000653232 -0.00048942 0.000172152)
(-0.000558321 -0.000595417 0.000172152)
(-0.000446446 -0.000683323 0.000172152)
(-0.000321005 -0.000750467 0.000172151)
(-0.000185812 -0.000794808 0.000172151)
(-4.49723e-05 -0.000814999 0.000172151)
(9.7234e-05 -0.000810426 0.000172151)
(0.000236486 -0.000781229 0.000172152)
(0.000368552 -0.000728295 0.000172152)
(0.00048942 -0.000653232 0.000172152)
(0.000595417 -0.000558322 0.000172152)
(0.000683323 -0.000446446 0.000172152)
(0.000750467 -0.000321005 0.000172151)
(0.000794808 -0.000185812 0.000172151)
(0.000814999 -4.49724e-05 0.000172151)
(0.000810426 9.72339e-05 0.000172151)
(0.000781229 0.000236486 0.000172152)
(0.000728295 0.000368552 0.000172152)
(0.000653232 0.00048942 0.000172152)
(0.000558322 0.000595417 0.000172152)
(0.000446446 0.000683323 0.000172152)
(0.000321006 0.000750467 0.000172151)
(0.000185812 0.000794807 0.000172151)
(2.48818e-05 0.00076031 0.000179946)
(-0.000107523 0.00075308 0.000179946)
(-0.00023666 0.000722968 0.000179946)
(-0.000358607 0.000670889 0.000179946)
(-0.000469657 0.000598425 0.000179946)
(-0.000566437 0.000507779 0.000179946)
(-0.000646007 0.000401703 0.000179946)
(-0.000705947 0.000283423 0.000179946)
(-0.000744438 0.00015653 0.000179946)
(-0.00076031 2.48818e-05 0.000179946)
(-0.00075308 -0.000107523 0.000179946)
(-0.000722968 -0.00023666 0.000179946)
(-0.000670889 -0.000358607 0.000179946)
(-0.000598425 -0.000469657 0.000179946)
(-0.000507779 -0.000566437 0.000179946)
(-0.000401703 -0.000646007 0.000179946)
(-0.000283423 -0.000705948 0.000179946)
(-0.00015653 -0.000744438 0.000179946)
(-2.48818e-05 -0.00076031 0.000179946)
(0.000107523 -0.00075308 0.000179946)
(0.00023666 -0.000722968 0.000179946)
(0.000358607 -0.000670889 0.000179946)
(0.000469657 -0.000598425 0.000179946)
(0.000566437 -0.000507779 0.000179946)
(0.000646007 -0.000401703 0.000179946)
(0.000705948 -0.000283423 0.000179946)
(0.000744438 -0.00015653 0.000179946)
(0.00076031 -2.48818e-05 0.000179946)
(0.00075308 0.000107523 0.000179946)
(0.000722968 0.00023666 0.000179946)
(0.000670889 0.000358607 0.000179946)
(0.000598425 0.000469657 0.000179946)
(0.000507779 0.000566437 0.000179946)
(0.000401703 0.000646007 0.000179946)
(0.000283423 0.000705947 0.000179946)
(0.00015653 0.000744438 0.000179946)
(2.62158e-06 0.000704905 0.000186827)
(-0.000119824 0.000694651 0.000186827)
(-0.000238628 0.000663291 0.000186827)
(-0.000350182 0.000611777 0.000186827)
(-0.000451096 0.000541674 0.000186827)
(-0.000538304 0.000455112 0.000186827)
(-0.000609155 0.000354723 0.000186827)
(-0.000661498 0.000243555 0.000186827)
(-0.000693741 0.000124987 0.000186827)
(-0.000704905 2.62153e-06 0.000186827)
(-0.000694651 -0.000119824 0.000186827)
(-0.000663291 -0.000238628 0.000186827)
(-0.000611777 -0.000350182 0.000186827)
(-0.000541674 -0.000451096 0.000186827)
(-0.000455112 -0.000538304 0.000186827)
(-0.000354723 -0.000609155 0.000186827)
(-0.000243555 -0.000661498 0.000186827)
(-0.000124987 -0.000693741 0.000186827)
(-2.6215e-06 -0.000704905 0.000186827)
(0.000119824 -0.000694651 0.000186827)
(0.000238628 -0.000663291 0.000186827)
(0.000350182 -0.000611777 0.000186827)
(0.000451096 -0.000541674 0.000186827)
(0.000538304 -0.000455112 0.000186827)
(0.000609155 -0.000354723 0.000186827)
(0.000661498 -0.000243555 0.000186827)
(0.000693741 -0.000124987 0.000186827)
(0.000704905 -2.62156e-06 0.000186827)
(0.000694651 0.000119824 0.000186827)
(0.000663291 0.000238628 0.000186827)
(0.000611777 0.000350182 0.000186827)
(0.000541674 0.000451096 0.000186827)
(0.000455112 0.000538304 0.000186827)
(0.000354723 0.000609155 0.000186827)
(0.000243555 0.000661498 0.000186827)
(0.000124987 0.000693741 0.000186827)
(-2.09052e-05 0.000647743 0.000192771)
(-0.000133066 0.000634272 0.000192771)
(-0.000241185 0.000601529 0.000192771)
(-0.000341975 0.000550509 0.000192771)
(-0.000432375 0.000482762 0.000192771)
(-0.000509637 0.000400347 0.000192771)
(-0.000571414 0.000305767 0.000192771)
(-0.000615829 0.000201897 0.000192771)
(-0.000641532 9.18919e-05 0.000192771)
(-0.000647743 -2.09052e-05 0.000192771)
(-0.000634272 -0.000133067 0.000192771)
(-0.000601529 -0.000241185 0.000192771)
(-0.000550509 -0.000341975 0.000192771)
(-0.000482762 -0.000432375 0.000192771)
(-0.000400347 -0.000509637 0.000192771)
(-0.000305767 -0.000571414 0.000192771)
(-0.000201897 -0.000615829 0.000192771)
(-9.18919e-05 -0.000641532 0.000192771)
(2.09053e-05 -0.000647743 0.000192771)
(0.000133067 -0.000634272 0.000192771)
(0.000241185 -0.000601529 0.000192771)
(0.000341975 -0.000550509 0.000192771)
(0.000432375 -0.000482763 0.000192771)
(0.000509637 -0.000400347 0.000192771)
(0.000571414 -0.000305767 0.000192771)
(0.000615829 -0.000201897 0.000192771)
(0.000641532 -9.1892e-05 0.000192771)
(0.000647743 2.09052e-05 0.000192771)
(0.000634272 0.000133066 0.000192771)
(0.000601529 0.000241185 0.000192771)
(0.000550509 0.000341975 0.000192771)
(0.000482763 0.000432375 0.000192771)
(0.000400347 0.000509637 0.000192771)
(0.000305767 0.000571414 0.000192771)
(0.000201897 0.000615829 0.000192771)
(9.1892e-05 0.000641532 0.000192771)
(2.28445e-05 0.00106568 0.000273935)
(-0.000162556 0.00105345 0.000273935)
(-0.000343016 0.00100922 0.000273936)
(-0.000513054 0.000934324 0.000273936)
(-0.000667502 0.000831038 0.000273936)
(-0.00080167 0.000702503 0.000273936)
(-0.000911479 0.000552621 0.000273936)
(-0.000993594 0.000385948 0.000273935)
(-0.00104552 0.000207549 0.000273935)
(-0.00106568 2.28444e-05 0.000273935)
(-0.00105345 -0.000162556 0.000273935)
(-0.00100922 -0.000343016 0.000273935)
(-0.000934324 -0.000513054 0.000273936)
(-0.000831038 -0.000667503 0.000273936)
(-0.000702503 -0.00080167 0.000273936)
(-0.000552621 -0.000911479 0.000273936)
(-0.000385948 -0.000993594 0.000273935)
(-0.000207549 -0.00104552 0.000273935)
(-2.28444e-05 -0.00106568 0.000273935)
(0.000162556 -0.00105345 0.000273935)
(0.000343016 -0.00100922 0.000273935)
(0.000513054 -0.000934324 0.000273936)
(0.000667503 -0.000831038 0.000273936)
(0.00080167 -0.000702503 0.000273936)
(0.000911479 -0.000552621 0.000273936)
(0.000993594 -0.000385948 0.000273935)
(0.00104552 -0.000207549 0.000273935)
(0.00106568 -2.28445e-05 0.000273935)
(0.00105345 0.000162556 0.000273935)
(0.00100922 0.000343016 0.000273936)
(0.000934324 0.000513054 0.000273936)
(0.000831038 0.000667502 0.000273936)
(0.000702503 0.00080167 0.000273936)
(0.000552621 0.000911479 0.000273936)
(0.000385949 0.000993594 0.000273936)
(0.000207549 0.00104552 0.000273935)
(4.08796e-06 0.000988004 0.000282087)
(-0.000167539 0.000973704 0.000282087)
(-0.000334076 0.000929818 0.000282087)
(-0.000490461 0.000857681 0.000282087)
(-0.000631945 0.000759483 0.000282087)
(-0.000754227 0.000638208 0.000282087)
(-0.000853592 0.000497543 0.000282087)
(-0.000927022 0.000341759 0.000282087)
(-0.000972284 0.000175591 0.000282087)
(-0.000988004 4.08789e-06 0.000282087)
(-0.000973704 -0.00016754 0.000282087)
(-0.000929818 -0.000334076 0.000282087)
(-0.000857681 -0.000490461 0.000282087)
(-0.000759483 -0.000631945 0.000282087)
(-0.000638208 -0.000754227 0.000282087)
(-0.000497543 -0.000853592 0.000282087)
(-0.000341759 -0.000927022 0.000282087)
(-0.000175591 -0.000972284 0.000282087)
(-4.08786e-06 -0.000988004 0.000282087)
(0.00016754 -0.000973704 0.000282087)
(0.000334076 -0.000929818 0.000282087)
(0.000490461 -0.000857681 0.000282087)
(0.000631945 -0.000759483 0.000282087)
(0.000754227 -0.000638208 0.000282087)
(0.000853592 -0.000497543 0.000282087)
(0.000927022 -0.000341759 0.000282087)
(0.000972284 -0.000175591 0.000282087)
(0.000988004 -4.08795e-06 0.000282087)
(0.000973704 0.000167539 0.000282087)
(0.000929818 0.000334076 0.000282087)
(0.000857681 0.000490461 0.000282087)
(0.000759483 0.000631945 0.000282087)
(0.000638208 0.000754227 0.000282087)
(0.000497543 0.000853592 0.000282087)
(0.000341759 0.000927022 0.000282087)
(0.000175591 0.000972284 0.000282087)
(-1.66878e-05 0.000909831 0.000289314)
(-0.000174424 0.00089311 0.000289314)
(-0.000326862 0.000849253 0.000289314)
(-0.000469367 0.000779592 0.000289314)
(-0.00059761 0.000686244 0.000289314)
(-0.000707696 0.000572045 0.000289314)
(-0.00079628 0.000440463 0.000289314)
(-0.000860668 0.0002955 0.000289314)
(-0.000898905 0.000141556 0.000289314)
(-0.000909831 -1.66878e-05 0.000289314)
(-0.00089311 -0.000174424 0.000289314)
(-0.000849253 -0.000326862 0.000289314)
(-0.000779592 -0.000469367 0.000289314)
(-0.000686244 -0.00059761 0.000289314)
(-0.000572045 -0.000707696 0.000289314)
(-0.000440463 -0.00079628 0.000289314)
(-0.0002955 -0.000860668 0.000289314)
(-0.000141556 -0.000898906 0.000289314)
(1.66879e-05 -0.000909831 0.000289314)
(0.000174424 -0.00089311 0.000289314)
(0.000326862 -0.000849253 0.000289314)
(0.000469367 -0.000779592 0.000289314)
(0.00059761 -0.000686244 0.000289314)
(0.000707696 -0.000572045 0.000289314)
(0.00079628 -0.000440463 0.000289314)
(0.000860668 -0.0002955 0.000289314)
(0.000898906 -0.000141556 0.000289314)
(0.000909831 1.66878e-05 0.000289314)
(0.00089311 0.000174424 0.000289314)
(0.000849253 0.000326862 0.000289314)
(0.000779592 0.000469367 0.000289314)
(0.000686244 0.00059761 0.000289314)
(0.000572045 0.000707696 0.000289314)
(0.000440463 0.00079628 0.000289314)
(0.0002955 0.000860668 0.000289314)
(0.000141556 0.000898905 0.000289314)
(-3.86057e-05 0.000829828 0.000295511)
(-0.000182117 0.000810517 0.000295511)
(-0.000320095 0.00076658 0.000295511)
(-0.000448348 0.000699349 0.000295511)
(-0.000562976 0.00061087 0.000295511)
(-0.0006605 0.000503829 0.000295511)
(-0.000737954 0.00038148 0.000295511)
(-0.000792987 0.000247541 0.000295511)
(-0.000823924 0.000106079 0.000295511)
(-0.000829828 -3.86057e-05 0.000295511)
(-0.000810517 -0.000182117 0.000295511)
(-0.000766579 -0.000320095 0.000295511)
(-0.000699349 -0.000448348 0.000295511)
(-0.00061087 -0.000562976 0.000295511)
(-0.000503829 -0.0006605 0.00029551)
(-0.00038148 -0.000737954 0.000295511)
(-0.000247541 -0.000792987 0.000295511)
(-0.000106079 -0.000823925 0.000295511)
(3.86058e-05 -0.000829828 0.000295511)
(0.000182117 -0.000810517 0.000295511)
(0.000320095 -0.00076658 0.000295511)
(0.000448348 -0.000699349 0.000295511)
(0.000562976 -0.00061087 0.000295511)
(0.0006605 -0.000503829 0.000295511)
(0.000737954 -0.00038148 0.000295511)
(0.000792987 -0.000247541 0.000295511)
(0.000823925 -0.000106079 0.000295511)
(0.000829828 3.86057e-05 0.000295511)
(0.000810517 0.000182117 0.000295511)
(0.00076658 0.000320095 0.000295511)
(0.000699349 0.000448348 0.000295511)
(0.00061087 0.000562976 0.000295511)
(0.000503829 0.0006605 0.000295511)
(0.00038148 0.000737954 0.000295511)
(0.000247541 0.000792987 0.000295511)
(0.000106079 0.000823925 0.000295511)
(-1.6197e-05 0.00129622 0.000389133)
(-0.000241038 0.00127372 0.000389133)
(-0.000458554 0.00121251 0.000389133)
(-0.000662138 0.00111446 0.000389133)
(-0.000845603 0.000982553 0.000389133)
(-0.00100338 0.000820787 0.000389133)
(-0.00113066 0.000634084 0.000389133)
(-0.00122359 0.000428114 0.000389133)
(-0.00127934 0.000209135 0.000389133)
(-0.00129622 -1.61971e-05 0.000389133)
(-0.00127372 -0.000241038 0.000389133)
(-0.00121251 -0.000458554 0.000389133)
(-0.00111446 -0.000662138 0.000389133)
(-0.000982553 -0.000845603 0.000389133)
(-0.000820787 -0.00100338 0.000389133)
(-0.000634084 -0.00113066 0.000389133)
(-0.000428114 -0.00122359 0.000389133)
(-0.000209135 -0.00127934 0.000389133)
(1.61971e-05 -0.00129622 0.000389133)
(0.000241038 -0.00127372 0.000389133)
(0.000458554 -0.00121251 0.000389133)
(0.000662138 -0.00111446 0.000389133)
(0.000845603 -0.000982553 0.000389133)
(0.00100338 -0.000820788 0.000389133)
(0.00113066 -0.000634084 0.000389133)
(0.00122359 -0.000428114 0.000389133)
(0.00127934 -0.000209136 0.000389133)
(0.00129622 1.6197e-05 0.000389133)
(0.00127372 0.000241038 0.000389133)
(0.00121251 0.000458554 0.000389133)
(0.00111446 0.000662138 0.000389133)
(0.000982553 0.000845603 0.000389133)
(0.000820788 0.00100338 0.000389133)
(0.000634084 0.00113066 0.000389133)
(0.000428114 0.00122359 0.000389133)
(0.000209136 0.00127934 0.000389133)
(-3.1076e-05 0.00119405 0.000396419)
(-0.000237949 0.00117052 0.000396419)
(-0.000437592 0.00111141 0.000396419)
(-0.000623938 0.00101854 0.000396419)
(-0.000791327 0.000894722 0.000396419)
(-0.000934671 0.000743717 0.000396419)
(-0.00104962 0.000570114 0.000396419)
(-0.00113267 0.000379189 0.000396419)
(-0.00118131 0.000176741 0.000396419)
(-0.00119405 -3.10761e-05 0.000396419)
(-0.00117052 -0.000237949 0.000396419)
(-0.00111141 -0.000437592 0.000396419)
(-0.00101854 -0.000623938 0.000396419)
(-0.000894722 -0.000791327 0.000396419)
(-0.000743717 -0.000934672 0.000396419)
(-0.000570114 -0.00104962 0.000396419)
(-0.000379189 -0.00113267 0.000396419)
(-0.000176741 -0.00118131 0.000396419)
(3.10761e-05 -0.00119405 0.000396419)
(0.000237949 -0.00117052 0.000396419)
(0.000437592 -0.00111141 0.000396419)
(0.000623938 -0.00101854 0.000396419)
(0.000791327 -0.000894722 0.000396419)
(0.000934672 -0.000743717 0.000396419)
(0.00104962 -0.000570114 0.000396419)
(0.00113267 -0.000379189 0.000396419)
(0.00118131 -0.000176741 0.000396419)
(0.00119405 3.1076e-05 0.000396419)
(0.00117052 0.000237949 0.000396419)
(0.00111141 0.000437592 0.000396419)
(0.00101854 0.000623938 0.000396419)
(0.000894722 0.000791327 0.000396419)
(0.000743717 0.000934672 0.000396419)
(0.000570114 0.00104962 0.000396419)
(0.000379189 0.00113267 0.000396419)
(0.000176741 0.00118131 0.000396419)
(-4.78368e-05 0.00109172 0.000402749)
(-0.000236684 0.00106683 0.000402749)
(-0.000418341 0.00100952 0.000402749)
(-0.000587286 0.000921538 0.000402749)
(-0.000738388 0.000805556 0.000402749)
(-0.000867053 0.000665098 0.000402749)
(-0.000969374 0.000504431 0.000402749)
(-0.00104224 0.000328439 0.000402749)
(-0.00108344 0.000142465 0.000402749)
(-0.00109172 -4.78369e-05 0.000402749)
(-0.00106683 -0.000236684 0.000402749)
(-0.00100952 -0.000418341 0.000402749)
(-0.000921538 -0.000587286 0.000402749)
(-0.000805556 -0.000738388 0.000402749)
(-0.000665098 -0.000867053 0.000402749)
(-0.000504431 -0.000969374 0.000402749)
(-0.000328439 -0.00104224 0.000402749)
(-0.000142465 -0.00108344 0.000402749)
(4.78369e-05 -0.00109172 0.000402749)
(0.000236684 -0.00106683 0.000402749)
(0.000418341 -0.00100952 0.000402749)
(0.000587286 -0.000921538 0.000402749)
(0.000738388 -0.000805556 0.000402749)
(0.000867053 -0.000665099 0.000402749)
(0.000969374 -0.000504431 0.000402749)
(0.00104224 -0.000328439 0.000402749)
(0.00108344 -0.000142465 0.000402749)
(0.00109172 4.78368e-05 0.000402749)
(0.00106683 0.000236684 0.000402749)
(0.00100952 0.000418341 0.000402749)
(0.000921538 0.000587286 0.000402749)
(0.000805556 0.000738388 0.000402749)
(0.000665099 0.000867053 0.000402749)
(0.000504431 0.000969374 0.000402749)
(0.000328439 0.00104224 0.000402749)
(0.000142465 0.00108344 0.000402749)
(-6.56118e-05 0.000987634 0.000407908)
(-0.000236117 0.000961236 0.000407908)
(-0.000399446 0.000905631 0.000407909)
(-0.000550638 0.000822511 0.000407908)
(-0.000685101 0.000714397 0.000407908)
(-0.000798745 0.000584578 0.000407908)
(-0.000888122 0.000436996 0.000407908)
(-0.000950513 0.000276136 0.000407908)
(-0.000984023 0.000106885 0.000407909)
(-0.000987634 -6.56119e-05 0.000407908)
(-0.000961236 -0.000236117 0.000407908)
(-0.000905631 -0.000399447 0.000407909)
(-0.00082251 -0.000550638 0.000407908)
(-0.000714397 -0.000685101 0.000407908)
(-0.000584578 -0.000798745 0.000407908)
(-0.000436996 -0.000888122 0.000407908)
(-0.000276135 -0.000950513 0.000407908)
(-0.000106885 -0.000984023 0.000407909)
(6.56119e-05 -0.000987634 0.000407908)
(0.000236117 -0.000961236 0.000407908)
(0.000399447 -0.000905631 0.000407909)
(0.000550638 -0.000822511 0.000407908)
(0.000685101 -0.000714397 0.000407908)
(0.000798746 -0.000584578 0.000407908)
(0.000888122 -0.000436996 0.000407908)
(0.000950513 -0.000276136 0.000407908)
(0.000984023 -0.000106886 0.000407909)
(0.000987634 6.56118e-05 0.000407908)
(0.000961237 0.000236117 0.000407908)
(0.000905631 0.000399446 0.000407909)
(0.000822511 0.000550638 0.000407908)
(0.000714397 0.000685101 0.000407908)
(0.000584578 0.000798745 0.000407908)
(0.000436996 0.000888122 0.000407908)
(0.000276136 0.000950513 0.000407908)
(0.000106886 0.000984023 0.000407909)
(-6.97471e-05 0.00150147 0.000515048)
(-0.000329415 0.00146655 0.000515048)
(-0.000579073 0.00138706 0.000515048)
(-0.000811136 0.00126544 0.000515048)
(-0.00101855 0.00110536 0.000515048)
(-0.00119502 0.000911695 0.000515048)
(-0.00133518 0.000690331 0.000515048)
(-0.00143477 0.000447991 0.000515048)
(-0.00149077 0.000192039 0.000515048)
(-0.00150147 -6.97472e-05 0.000515048)
(-0.00146655 -0.000329415 0.000515048)
(-0.00138706 -0.000579073 0.000515048)
(-0.00126544 -0.000811136 0.000515048)
(-0.00110536 -0.00101855 0.000515048)
(-0.000911695 -0.00119502 0.000515048)
(-0.000690331 -0.00133518 0.000515048)
(-0.000447991 -0.00143477 0.000515048)
(-0.000192039 -0.00149077 0.000515048)
(6.97473e-05 -0.00150147 0.000515048)
(0.000329415 -0.00146655 0.000515048)
(0.000579073 -0.00138706 0.000515048)
(0.000811136 -0.00126544 0.000515048)
(0.00101855 -0.00110536 0.000515048)
(0.00119502 -0.000911695 0.000515048)
(0.00133518 -0.000690332 0.000515048)
(0.00143477 -0.000447991 0.000515048)
(0.00149077 -0.000192039 0.000515048)
(0.00150147 6.97471e-05 0.000515048)
(0.00146655 0.000329415 0.000515048)
(0.00138706 0.000579073 0.000515048)
(0.00126544 0.000811136 0.000515048)
(0.00110536 0.00101855 0.000515048)
(0.000911695 0.00119502 0.000515048)
(0.000690332 0.00133518 0.000515048)
(0.000447991 0.00143477 0.000515048)
(0.000192039 0.00149077 0.000515048)
(-7.83521e-05 0.00137353 0.000520065)
(-0.000315672 0.00133905 0.000520065)
(-0.0005434 0.00126389 0.000520065)
(-0.000754618 0.00115033 0.000520065)
(-0.000942906 0.00100182 0.000520065)
(-0.00110254 0.000822865 0.000520065)
(-0.00122868 0.000618909 0.000520065)
(-0.00131749 0.000396147 0.000520065)
(-0.00136626 0.000161349 0.000520065)
(-0.00137353 -7.83522e-05 0.000520065)
(-0.00133905 -0.000315672 0.000520065)
(-0.00126389 -0.0005434 0.000520065)
(-0.00115033 -0.000754618 0.000520065)
(-0.00100182 -0.000942906 0.000520065)
(-0.000822865 -0.00110255 0.000520065)
(-0.000618909 -0.00122868 0.000520065)
(-0.000396147 -0.00131749 0.000520065)
(-0.000161349 -0.00136626 0.000520065)
(7.83522e-05 -0.00137353 0.000520065)
(0.000315673 -0.00133905 0.000520065)
(0.0005434 -0.00126389 0.000520065)
(0.000754618 -0.00115033 0.000520065)
(0.000942907 -0.00100182 0.000520065)
(0.00110255 -0.000822865 0.000520065)
(0.00122868 -0.000618909 0.000520065)
(0.00131749 -0.000396147 0.000520065)
(0.00136626 -0.000161349 0.000520065)
(0.00137353 7.83521e-05 0.000520065)
(0.00133905 0.000315672 0.000520065)
(0.00126389 0.0005434 0.000520065)
(0.00115033 0.000754618 0.000520065)
(0.00100182 0.000942906 0.000520065)
(0.000822865 0.00110254 0.000520065)
(0.000618909 0.00122868 0.000520065)
(0.000396147 0.00131749 0.000520065)
(0.000161349 0.00136626 0.000520065)
(-8.8725e-05 0.00124587 0.000524106)
(-0.000303722 0.00121154 0.000524106)
(-0.000509488 0.00114039 0.000524106)
(-0.000699774 0.00103459 0.000524106)
(-0.000868799 0.000897362 0.000524106)
(-0.00101142 0.000732863 0.000524106)
(-0.00112332 0.000546098 0.000524106)
(-0.00120108 0.000342738 0.000524106)
(-0.00124235 0.000128966 0.000524106)
(-0.00124587 -8.87251e-05 0.000524106)
(-0.00121154 -0.000303722 0.000524106)
(-0.00114039 -0.000509488 0.000524106)
(-0.00103459 -0.000699774 0.000524106)
(-0.000897362 -0.000868799 0.000524106)
(-0.000732863 -0.00101142 0.000524106)
(-0.000546098 -0.00112332 0.000524106)
(-0.000342738 -0.00120108 0.000524106)
(-0.000128966 -0.00124235 0.000524106)
(8.87252e-05 -0.00124587 0.000524106)
(0.000303722 -0.00121154 0.000524106)
(0.000509488 -0.00114039 0.000524106)
(0.000699774 -0.00103459 0.000524106)
(0.000868799 -0.000897362 0.000524106)
(0.00101142 -0.000732863 0.000524106)
(0.00112332 -0.000546098 0.000524106)
(0.00120108 -0.000342738 0.000524106)
(0.00124235 -0.000128966 0.000524106)
(0.00124587 8.8725e-05 0.000524106)
(0.00121154 0.000303722 0.000524106)
(0.00114039 0.000509488 0.000524106)
(0.00103459 0.000699774 0.000524106)
(0.000897362 0.000868799 0.000524106)
(0.000732863 0.00101142 0.000524106)
(0.000546098 0.00112332 0.000524106)
(0.000342738 0.00120108 0.000524106)
(0.000128966 0.00124235 0.000524106)
(-9.99536e-05 0.00111668 0.000526841)
(-0.000292345 0.00108236 0.000526841)
(-0.000475851 0.00101515 0.000526841)
(-0.000644901 0.000917095 0.000526841)
(-0.000794355 0.000791177 0.000526841)
(-0.000919674 0.000641218 0.000526841)
(-0.00101705 0.000471778 0.000526841)
(-0.00108352 0.000288002 0.000526841)
(-0.00111707 9.54744e-05 0.000526841)
(-0.00111668 -9.99537e-05 0.000526841)
(-0.00108236 -0.000292345 0.000526841)
(-0.00101515 -0.000475852 0.000526841)
(-0.000917095 -0.000644901 0.000526841)
(-0.000791176 -0.000794355 0.000526841)
(-0.000641218 -0.000919674 0.000526841)
(-0.000471778 -0.00101705 0.000526841)
(-0.000288002 -0.00108352 0.000526841)
(-9.54744e-05 -0.00111707 0.000526841)
(9.99537e-05 -0.00111668 0.000526841)
(0.000292345 -0.00108236 0.000526841)
(0.000475852 -0.00101515 0.000526841)
(0.000644901 -0.000917095 0.000526841)
(0.000794355 -0.000791177 0.000526841)
(0.000919674 -0.000641218 0.000526841)
(0.00101705 -0.000471778 0.000526841)
(0.00108352 -0.000288002 0.000526841)
(0.00111707 -9.54745e-05 0.000526841)
(0.00111668 9.99536e-05 0.000526841)
(0.00108236 0.000292345 0.000526841)
(0.00101515 0.000475852 0.000526841)
(0.000917095 0.000644901 0.000526841)
(0.000791177 0.000794355 0.000526841)
(0.000641218 0.000919674 0.000526841)
(0.000471778 0.00101705 0.000526841)
(0.000288002 0.00108352 0.000526841)
(9.54745e-05 0.00111707 0.000526841)
(-0.000134047 0.00167593 0.000650078)
(-0.000423033 0.00162719 0.000650078)
(-0.000699163 0.00152901 0.000650078)
(-0.000954052 0.00138437 0.000650078)
(-0.00117995 0.00119767 0.000650078)
(-0.00137 0.000974577 0.000650078)
(-0.00151842 0.000721874 0.000650078)
(-0.0016207 0.000447236 0.000650078)
(-0.00167374 0.00015901 0.000650078)
(-0.00167593 -0.000134047 0.000650078)
(-0.00162719 -0.000423033 0.000650078)
(-0.00152901 -0.000699163 0.000650078)
(-0.00138437 -0.000954052 0.000650078)
(-0.00119767 -0.00117995 0.000650078)
(-0.000974577 -0.00137 0.000650078)
(-0.000721874 -0.00151842 0.000650078)
(-0.000447236 -0.0016207 0.000650078)
(-0.00015901 -0.00167374 0.000650078)
(0.000134047 -0.00167593 0.000650078)
(0.000423033 -0.00162719 0.000650078)
(0.000699163 -0.00152901 0.000650078)
(0.000954052 -0.00138437 0.000650078)
(0.00117995 -0.00119767 0.000650078)
(0.00137 -0.000974577 0.000650078)
(0.00151842 -0.000721874 0.000650078)
(0.0016207 -0.000447236 0.000650078)
(0.00167374 -0.00015901 0.000650078)
(0.00167593 0.000134047 0.000650078)
(0.00162719 0.000423033 0.000650078)
(0.00152901 0.000699163 0.000650078)
(0.00138437 0.000954052 0.000650078)
(0.00119767 0.00117995 0.000650078)
(0.000974577 0.00137 0.000650078)
(0.000721874 0.00151842 0.000650078)
(0.000447236 0.0016207 0.000650078)
(0.00015901 0.00167374 0.000650078)
(-0.000134112 0.00152124 0.000651274)
(-0.000396235 0.00147484 0.000651273)
(-0.000646319 0.00138362 0.000651273)
(-0.000876764 0.00125037 0.000651273)
(-0.00108057 0.00107913 0.000651273)
(-0.00125154 0.000875095 0.000651274)
(-0.00138449 0.000644473 0.000651273)
(-0.00147536 0.000394267 0.000651274)
(-0.00152141 0.000132084 0.000651274)
(-0.00152124 -0.000134113 0.000651274)
(-0.00147484 -0.000396236 0.000651273)
(-0.00138362 -0.000646319 0.000651273)
(-0.00125037 -0.000876764 0.000651273)
(-0.00107913 -0.00108057 0.000651273)
(-0.000875095 -0.00125154 0.000651273)
(-0.000644472 -0.00138449 0.000651273)
(-0.000394267 -0.00147536 0.000651273)
(-0.000132084 -0.00152141 0.000651274)
(0.000134113 -0.00152124 0.000651273)
(0.000396236 -0.00147484 0.000651273)
(0.000646319 -0.00138362 0.000651273)
(0.000876764 -0.00125037 0.000651273)
(0.00108057 -0.00107913 0.000651273)
(0.00125154 -0.000875095 0.000651273)
(0.00138449 -0.000644473 0.000651273)
(0.00147536 -0.000394268 0.000651274)
(0.00152141 -0.000132084 0.000651274)
(0.00152124 0.000134112 0.000651274)
(0.00147484 0.000396235 0.000651273)
(0.00138362 0.000646319 0.000651274)
(0.00125037 0.000876764 0.000651273)
(0.00107913 0.00108057 0.000651273)
(0.000875095 0.00125154 0.000651274)
(0.000644473 0.00138449 0.000651273)
(0.000394268 0.00147536 0.000651274)
(0.000132084 0.00152141 0.000651274)
(-0.000135851 0.00136736 0.000651495)
(-0.000371225 0.001323 0.000651495)
(-0.000595322 0.00123843 0.000651495)
(-0.00080133 0.00111624 0.000651495)
(-0.000982988 0.000960137 0.000651495)
(-0.00113478 0.000774855 0.000651495)
(-0.00125209 0.00056603 0.000651495)
(-0.00133136 0.000340008 0.000651495)
(-0.00137018 0.000103653 0.000651495)
(-0.00136736 -0.000135851 0.000651495)
(-0.001323 -0.000371226 0.000651495)
(-0.00123843 -0.000595323 0.000651495)
(-0.00111624 -0.00080133 0.000651495)
(-0.000960136 -0.000982988 0.000651495)
(-0.000774855 -0.00113478 0.000651495)
(-0.00056603 -0.00125209 0.000651495)
(-0.000340008 -0.00133136 0.000651495)
(-0.000103653 -0.00137018 0.000651495)
(0.000135851 -0.00136736 0.000651495)
(0.000371226 -0.001323 0.000651495)
(0.000595323 -0.00123843 0.000651495)
(0.00080133 -0.00111624 0.000651495)
(0.000982988 -0.000960137 0.000651495)
(0.00113478 -0.000774855 0.000651495)
(0.00125209 -0.00056603 0.000651495)
(0.00133136 -0.000340008 0.000651495)
(0.00137018 -0.000103653 0.000651495)
(0.00136736 0.000135851 0.000651495)
(0.001323 0.000371225 0.000651495)
(0.00123843 0.000595322 0.000651495)
(0.00111624 0.00080133 0.000651495)
(0.000960137 0.000982988 0.000651495)
(0.000774855 0.00113478 0.000651495)
(0.00056603 0.00125209 0.000651495)
(0.000340008 0.00133136 0.000651495)
(0.000103653 0.00137018 0.000651495)
(-0.000138237 0.00121231 0.000650285)
(-0.000346652 0.00116989 0.000650285)
(-0.000544535 0.00109192 0.000650285)
(-0.000725873 0.000980773 0.000650285)
(-0.000885154 0.000839827 0.000650285)
(-0.00101754 0.000673362 0.000650285)
(-0.00111901 0.000486438 0.000650285)
(-0.00118648 0.000284734 0.000650285)
(-0.0012179 7.43781e-05 0.000650285)
(-0.00121231 -0.000138238 0.000650285)
(-0.00116989 -0.000346653 0.000650285)
(-0.00109192 -0.000544535 0.000650285)
(-0.000980773 -0.000725873 0.000650285)
(-0.000839827 -0.000885154 0.000650285)
(-0.000673362 -0.00101754 0.000650285)
(-0.000486438 -0.00111901 0.000650285)
(-0.000284734 -0.00118648 0.000650285)
(-7.43781e-05 -0.0012179 0.000650285)
(0.000138238 -0.00121231 0.000650285)
(0.000346653 -0.00116989 0.000650285)
(0.000544536 -0.00109192 0.000650285)
(0.000725873 -0.000980773 0.000650285)
(0.000885154 -0.000839827 0.000650285)
(0.00101754 -0.000673363 0.000650285)
(0.00111901 -0.000486438 0.000650285)
(0.00118648 -0.000284734 0.000650285)
(0.0012179 -7.43782e-05 0.000650285)
(0.00121231 0.000138237 0.000650285)
(0.00116989 0.000346652 0.000650285)
(0.00109192 0.000544535 0.000650285)
(0.000980773 0.000725873 0.000650285)
(0.000839827 0.000885154 0.000650285)
(0.000673363 0.00101754 0.000650285)
(0.000486438 0.00111901 0.000650285)
(0.000284734 0.00118648 0.000650285)
(7.43782e-05 0.0012179 0.000650285)
(-0.000204086 0.00181325 0.000793403)
(-0.000515853 0.00175027 0.000793403)
(-0.000811948 0.0016341 0.000793403)
(-0.00108337 0.00146828 0.000793403)
(-0.00132188 0.00125785 0.000793403)
(-0.00152022 0.0010092 0.000793403)
(-0.00167237 0.000729883 0.000793403)
(-0.0017737 0.000428392 0.000793403)
(-0.00182115 0.000113883 0.000793404)
(-0.00181325 -0.000204086 0.000793403)
(-0.00175027 -0.000515853 0.000793403)
(-0.0016341 -0.000811948 0.000793403)
(-0.00146828 -0.00108337 0.000793403)
(-0.00125785 -0.00132188 0.000793403)
(-0.0010092 -0.00152022 0.000793403)
(-0.000729883 -0.00167237 0.000793403)
(-0.000428391 -0.0017737 0.000793403)
(-0.000113883 -0.00182115 0.000793404)
(0.000204086 -0.00181325 0.000793403)
(0.000515853 -0.00175027 0.000793403)
(0.000811948 -0.0016341 0.000793403)
(0.00108337 -0.00146828 0.000793403)
(0.00132188 -0.00125785 0.000793403)
(0.00152022 -0.0010092 0.000793403)
(0.00167237 -0.000729883 0.000793403)
(0.0017737 -0.000428392 0.000793403)
(0.00182115 -0.000113883 0.000793404)
(0.00181325 0.000204086 0.000793403)
(0.00175027 0.000515853 0.000793403)
(0.0016341 0.000811948 0.000793403)
(0.00146828 0.00108337 0.000793403)
(0.00125785 0.00132188 0.000793403)
(0.0010092 0.00152022 0.000793403)
(0.000729883 0.00167237 0.000793403)
(0.000428392 0.0017737 0.000793403)
(0.000113883 0.00182115 0.000793404)
(-0.000193487 0.00163131 0.000789041)
(-0.000473822 0.00157293 0.000789041)
(-0.00073976 0.00146675 0.000789041)
(-0.00098322 0.00131601 0.000789041)
(-0.00119681 0.00112529 0.000789041)
(-0.00137403 0.000900367 0.000789041)
(-0.0015095 0.000648091 0.000789041)
(-0.00159911 0.000376122 0.000789041)
(-0.00164013 9.27262e-05 0.000789041)
(-0.00163131 -0.000193487 0.000789041)
(-0.00157293 -0.000473823 0.000789041)
(-0.00146675 -0.00073976 0.000789041)
(-0.00131601 -0.00098322 0.000789041)
(-0.00112529 -0.00119681 0.000789041)
(-0.000900367 -0.00137403 0.000789041)
(-0.000648091 -0.0015095 0.000789041)
(-0.000376122 -0.00159911 0.000789041)
(-9.27261e-05 -0.00164013 0.000789041)
(0.000193487 -0.00163131 0.000789041)
(0.000473823 -0.00157293 0.000789041)
(0.00073976 -0.00146675 0.000789041)
(0.000983221 -0.00131601 0.000789041)
(0.00119681 -0.00112529 0.000789041)
(0.00137403 -0.000900367 0.000789041)
(0.0015095 -0.000648091 0.000789041)
(0.00159911 -0.000376122 0.000789041)
(0.00164013 -9.27264e-05 0.000789041)
(0.00163131 0.000193487 0.000789041)
(0.00157293 0.000473822 0.000789041)
(0.00146675 0.00073976 0.000789041)
(0.00131601 0.00098322 0.000789041)
(0.00112529 0.00119681 0.000789041)
(0.000900367 0.00137403 0.000789041)
(0.000648091 0.0015095 0.000789041)
(0.000376122 0.00159911 0.000789041)
(9.27263e-05 0.00164013 0.000789041)
(-0.000184451 0.00145073 0.000783729)
(-0.000433566 0.00139666 0.000783729)
(-0.000669506 0.00130015 0.000783729)
(-0.000885103 0.00116414 0.000783729)
(-0.00107381 0.000992758 0.000783729)
(-0.00122988 0.000791211 0.000783729)
(-0.00134859 0.000565623 0.000783729)
(-0.00142632 0.000322849 0.000783729)
(-0.00146072 7.02663e-05 0.000783729)
(-0.00145073 -0.000184452 0.000783729)
(-0.00139666 -0.000433566 0.000783729)
(-0.00130015 -0.000669507 0.000783729)
(-0.00116414 -0.000885103 0.000783729)
(-0.000992757 -0.00107381 0.000783729)
(-0.000791211 -0.00122988 0.000783729)
(-0.000565623 -0.00134859 0.000783729)
(-0.000322849 -0.00142632 0.000783729)
(-7.02662e-05 -0.00146072 0.000783729)
(0.000184452 -0.00145073 0.000783729)
(0.000433566 -0.00139666 0.000783729)
(0.000669507 -0.00130015 0.000783729)
(0.000885103 -0.00116414 0.000783729)
(0.00107381 -0.000992758 0.000783729)
(0.00122988 -0.000791211 0.000783729)
(0.00134859 -0.000565623 0.000783729)
(0.00142632 -0.000322849 0.000783729)
(0.00146072 -7.02664e-05 0.000783729)
(0.00145073 0.000184451 0.000783729)
(0.00139666 0.000433566 0.000783729)
(0.00130015 0.000669506 0.000783729)
(0.00116414 0.000885103 0.000783729)
(0.000992758 0.00107381 0.000783729)
(0.000791211 0.00122988 0.000783729)
(0.000565623 0.00134859 0.000783729)
(0.000322849 0.00142632 0.000783729)
(7.02664e-05 0.00146072 0.000783729)
(-0.000175836 0.00126955 0.000776843)
(-0.000393618 0.00121972 0.000776843)
(-0.000599442 0.00113284 0.000776843)
(-0.000787051 0.00101154 0.000776844)
(-0.000950746 0.000859502 0.000776844)
(-0.00108555 0.00068135 0.000776843)
(-0.00118738 0.000482493 0.000776843)
(-0.00125312 0.000268978 0.000776843)
(-0.00128079 4.72892e-05 0.000776843)
(-0.00126955 -0.000175836 0.000776843)
(-0.00121972 -0.000393619 0.000776843)
(-0.00113284 -0.000599442 0.000776843)
(-0.00101154 -0.000787051 0.000776843)
(-0.000859502 -0.000950746 0.000776844)
(-0.000681349 -0.00108555 0.000776843)
(-0.000482493 -0.00118738 0.000776843)
(-0.000268978 -0.00125312 0.000776843)
(-4.72891e-05 -0.00128079 0.000776843)
(0.000175836 -0.00126955 0.000776843)
(0.000393619 -0.00121972 0.000776843)
(0.000599442 -0.00113284 0.000776843)
(0.000787051 -0.00101154 0.000776843)
(0.000950746 -0.000859503 0.000776844)
(0.00108555 -0.00068135 0.000776843)
(0.00118738 -0.000482493 0.000776843)
(0.00125312 -0.000268978 0.000776843)
(0.00128079 -4.72893e-05 0.000776843)
(0.00126955 0.000175836 0.000776843)
(0.00121972 0.000393618 0.000776843)
(0.00113284 0.000599442 0.000776843)
(0.00101154 0.000787051 0.000776844)
(0.000859503 0.000950746 0.000776844)
(0.00068135 0.00108555 0.000776843)
(0.000482493 0.00118738 0.000776843)
(0.000268978 0.00125312 0.000776843)
(4.72893e-05 0.00128079 0.000776843)
(-0.000273348 0.00190476 0.000944597)
(-0.000599953 0.00182835 0.000944597)
(-0.000908329 0.0016964 0.000944597)
(-0.0011891 0.00151289 0.000944597)
(-0.00143375 0.00128342 0.000944597)
(-0.00163483 0.00101496 0.000944597)
(-0.00178624 0.000715653 0.000944597)
(-0.00188338 0.000394603 0.000944597)
(-0.00192329 6.15625e-05 0.000944597)
(-0.00190476 -0.000273348 0.000944597)
(-0.00182835 -0.000599953 0.000944597)
(-0.0016964 -0.000908329 0.000944597)
(-0.00151289 -0.0011891 0.000944597)
(-0.00128342 -0.00143375 0.000944597)
(-0.00101496 -0.00163483 0.000944597)
(-0.000715653 -0.00178624 0.000944597)
(-0.000394603 -0.00188338 0.000944597)
(-6.15624e-05 -0.00192329 0.000944597)
(0.000273349 -0.00190476 0.000944597)
(0.000599953 -0.00182835 0.000944597)
(0.000908329 -0.0016964 0.000944597)
(0.0011891 -0.00151289 0.000944597)
(0.00143375 -0.00128342 0.000944597)
(0.00163483 -0.00101496 0.000944597)
(0.00178624 -0.000715653 0.000944597)
(0.00188338 -0.000394603 0.000944597)
(0.00192329 -6.15626e-05 0.000944597)
(0.00190476 0.000273348 0.000944597)
(0.00182835 0.000599953 0.000944597)
(0.0016964 0.000908328 0.000944597)
(0.00151289 0.0011891 0.000944597)
(0.00128342 0.00143375 0.000944597)
(0.00101496 0.00163483 0.000944597)
(0.000715653 0.00178624 0.000944597)
(0.000394603 0.00188338 0.000944597)
(6.15626e-05 0.00192329 0.000944597)
(-0.00025027 0.00169618 0.000932667)
(-0.000541008 0.00162695 0.000932667)
(-0.000815305 0.00150829 0.000932667)
(-0.00106483 0.0013438 0.000932666)
(-0.001282 0.00113848 0.000932666)
(-0.00146022 0.000898564 0.000932667)
(-0.00159407 0.000631349 0.000932667)
(-0.00167949 0.000344949 0.000932667)
(-0.00171387 4.80698e-05 0.000932667)
(-0.00169618 -0.000250271 0.000932667)
(-0.00162695 -0.000541008 0.000932667)
(-0.00150829 -0.000815305 0.000932667)
(-0.0013438 -0.00106483 0.000932666)
(-0.00113848 -0.001282 0.000932666)
(-0.000898564 -0.00146022 0.000932667)
(-0.000631349 -0.00159407 0.000932667)
(-0.000344949 -0.00167949 0.000932667)
(-4.80697e-05 -0.00171387 0.000932667)
(0.000250271 -0.00169618 0.000932667)
(0.000541008 -0.00162695 0.000932667)
(0.000815305 -0.00150829 0.000932667)
(0.00106483 -0.0013438 0.000932666)
(0.001282 -0.00113848 0.000932666)
(0.00146022 -0.000898564 0.000932667)
(0.00159407 -0.00063135 0.000932667)
(0.00167949 -0.00034495 0.000932667)
(0.00171387 -4.807e-05 0.000932667)
(0.00169618 0.00025027 0.000932667)
(0.00162695 0.000541008 0.000932667)
(0.00150829 0.000815305 0.000932667)
(0.0013438 0.00106483 0.000932666)
(0.00113848 0.001282 0.000932666)
(0.000898564 0.00146022 0.000932667)
(0.00063135 0.00159407 0.000932667)
(0.00034495 0.00167949 0.000932667)
(4.80699e-05 0.00171387 0.000932667)
(-0.000228614 0.00148949 0.000919833)
(-0.000483788 0.00142716 0.000919833)
(-0.000724262 0.00132147 0.000919833)
(-0.000942729 0.00117563 0.000919833)
(-0.00113255 0.000994062 0.000919833)
(-0.00128796 0.000782295 0.000919833)
(-0.00140424 0.000546758 0.000919833)
(-0.00147785 0.000294606 0.000919833)
(-0.00150656 3.35055e-05 0.000919833)
(-0.00148949 -0.000228614 0.000919833)
(-0.00142716 -0.000483788 0.000919833)
(-0.00132147 -0.000724262 0.000919833)
(-0.00117563 -0.000942729 0.000919833)
(-0.000994062 -0.00113255 0.000919833)
(-0.000782295 -0.00128796 0.000919833)
(-0.000546758 -0.00140424 0.000919833)
(-0.000294606 -0.00147785 0.000919833)
(-3.35054e-05 -0.00150656 0.000919833)
(0.000228614 -0.00148949 0.000919833)
(0.000483788 -0.00142716 0.000919833)
(0.000724262 -0.00132147 0.000919833)
(0.000942729 -0.00117563 0.000919833)
(0.00113255 -0.000994062 0.000919833)
(0.00128796 -0.000782295 0.000919833)
(0.00140424 -0.000546758 0.000919833)
(0.00147785 -0.000294606 0.000919833)
(0.00150656 -3.35056e-05 0.000919833)
(0.00148949 0.000228613 0.000919833)
(0.00142716 0.000483788 0.000919833)
(0.00132147 0.000724262 0.000919833)
(0.00117563 0.000942729 0.000919833)
(0.000994062 0.00113255 0.000919833)
(0.000782295 0.00128796 0.000919833)
(0.000546758 0.00140424 0.000919833)
(0.000294606 0.00147785 0.000919833)
(3.35056e-05 0.00150656 0.000919833)
(-0.000207163 0.00128302 0.000905192)
(-0.00042681 0.00122756 0.000905192)
(-0.00063349 0.00113479 0.000905193)
(-0.000820919 0.00100755 0.000905193)
(-0.000983406 0.000849688 0.000905193)
(-0.00111601 0.000666014 0.000905193)
(-0.00121471 0.000462101 0.000905192)
(-0.0012765 0.000244149 0.000905192)
(-0.0012995 1.87778e-05 0.000905192)
(-0.00128302 -0.000207164 0.000905192)
(-0.00122756 -0.00042681 0.000905192)
(-0.00113479 -0.00063349 0.000905192)
(-0.00100755 -0.000820919 0.000905193)
(-0.000849688 -0.000983406 0.000905193)
(-0.000666014 -0.00111601 0.000905192)
(-0.000462101 -0.00121471 0.000905192)
(-0.000244149 -0.0012765 0.000905192)
(-1.87777e-05 -0.0012995 0.000905192)
(0.000207164 -0.00128302 0.000905192)
(0.00042681 -0.00122756 0.000905192)
(0.00063349 -0.00113479 0.000905192)
(0.000820919 -0.00100755 0.000905193)
(0.000983406 -0.000849688 0.000905193)
(0.00111601 -0.000666015 0.000905193)
(0.00121471 -0.000462101 0.000905192)
(0.0012765 -0.000244149 0.000905192)
(0.0012995 -1.8778e-05 0.000905192)
(0.00128302 0.000207163 0.000905192)
(0.00122756 0.00042681 0.000905192)
(0.00113479 0.00063349 0.000905193)
(0.00100755 0.000820919 0.000905193)
(0.000849689 0.000983406 0.000905193)
(0.000666015 0.00111601 0.000905193)
(0.000462101 0.00121471 0.000905192)
(0.000244149 0.0012765 0.000905192)
(1.8778e-05 0.0012995 0.000905192)
(-0.000333336 0.00193721 0.0011033)
(-0.000664666 0.0018499 0.0011033)
(-0.0009758 0.00170637 0.0011033)
(-0.00125728 0.001511 0.0011033)
(-0.00150057 0.00126972 0.0011033)
(-0.00169825 0.000989865 0.0011033)
(-0.00184434 0.000679927 0.0011033)
(-0.00193439 0.00034933 0.0011033)
(-0.00196566 8.12052e-06 0.0011033)
(-0.00193721 -0.000333336 0.0011033)
(-0.0018499 -0.000664666 0.0011033)
(-0.00170637 -0.000975801 0.0011033)
(-0.001511 -0.00125728 0.0011033)
(-0.00126972 -0.00150057 0.0011033)
(-0.000989865 -0.00169825 0.0011033)
(-0.000679927 -0.00184434 0.0011033)
(-0.00034933 -0.00193439 0.0011033)
(-8.12037e-06 -0.00196566 0.0011033)
(0.000333336 -0.00193721 0.0011033)
(0.000664666 -0.0018499 0.0011033)
(0.000975801 -0.00170637 0.0011033)
(0.00125728 -0.001511 0.0011033)
(0.00150057 -0.00126972 0.0011033)
(0.00169825 -0.000989865 0.0011033)
(0.00184434 -0.000679927 0.0011033)
(0.00193439 -0.000349331 0.0011033)
(0.00196566 -8.12069e-06 0.0011033)
(0.00193721 0.000333336 0.0011033)
(0.0018499 0.000664666 0.0011033)
(0.00170637 0.0009758 0.0011033)
(0.001511 0.00125728 0.0011033)
(0.00126972 0.00150057 0.0011033)
(0.000989865 0.00169825 0.0011033)
(0.000679927 0.00184434 0.0011033)
(0.00034933 0.00193439 0.0011033)
(8.1206e-06 0.00196566 0.0011033)
(-0.000296767 0.00170516 0.00108134)
(-0.000588356 0.00162772 0.00108134)
(-0.000862067 0.00150082 0.00108134)
(-0.00110959 0.00132833 0.00108134)
(-0.00132339 0.00111547 0.00108134)
(-0.00149698 0.000868717 0.00108134)
(-0.00162509 0.000595571 0.00108135)
(-0.00170382 0.000304329 0.00108134)
(-0.00173078 3.83924e-06 0.00108134)
(-0.00170516 -0.000296767 0.00108134)
(-0.00162772 -0.000588356 0.00108134)
(-0.00150082 -0.000862068 0.00108134)
(-0.00132833 -0.00110959 0.00108134)
(-0.00111547 -0.00132339 0.00108134)
(-0.000868716 -0.00149698 0.00108134)
(-0.000595571 -0.00162509 0.00108134)
(-0.000304329 -0.00170382 0.00108134)
(-3.83911e-06 -0.00173078 0.00108134)
(0.000296767 -0.00170516 0.00108134)
(0.000588356 -0.00162772 0.00108134)
(0.000862068 -0.00150082 0.00108134)
(0.00110959 -0.00132833 0.00108134)
(0.00132339 -0.00111547 0.00108134)
(0.00149698 -0.000868717 0.00108134)
(0.00162509 -0.000595571 0.00108135)
(0.00170382 -0.000304329 0.00108134)
(0.00173078 -3.83941e-06 0.00108134)
(0.00170516 0.000296767 0.00108134)
(0.00162772 0.000588356 0.00108134)
(0.00150082 0.000862067 0.00108134)
(0.00132833 0.00110959 0.00108134)
(0.00111547 0.00132339 0.00108134)
(0.000868717 0.00149698 0.00108134)
(0.000595571 0.00162509 0.00108135)
(0.000304329 0.00170382 0.00108134)
(3.83935e-06 0.00173078 0.00108134)
(-0.000261408 0.00147537 0.0010585)
(-0.000513633 0.00140756 0.0010585)
(-0.000750249 0.00129699 0.0010585)
(-0.000964072 0.001147 0.0010585)
(-0.0011486 0.00096217 0.0010585)
(-0.00129823 0.000748098 0.0010585)
(-0.00140841 0.0005113 0.0010585)
(-0.0014758 0.000258963 0.0010585)
(-0.00149835 -1.24164e-06 0.0010585)
(-0.00147537 -0.000261408 0.0010585)
(-0.00140756 -0.000513633 0.0010585)
(-0.00129699 -0.000750249 0.0010585)
(-0.001147 -0.000964072 0.0010585)
(-0.00096217 -0.0011486 0.0010585)
(-0.000748098 -0.00129823 0.0010585)
(-0.0005113 -0.00140841 0.0010585)
(-0.000258963 -0.0014758 0.0010585)
(1.24175e-06 -0.00149835 0.0010585)
(0.000261409 -0.00147537 0.0010585)
(0.000513633 -0.00140756 0.0010585)
(0.000750249 -0.00129699 0.0010585)
(0.000964072 -0.001147 0.0010585)
(0.0011486 -0.00096217 0.0010585)
(0.00129823 -0.000748099 0.0010585)
(0.00140841 -0.0005113 0.0010585)
(0.0014758 -0.000258963 0.0010585)
(0.00149835 1.24148e-06 0.0010585)
(0.00147537 0.000261408 0.0010585)
(0.00140756 0.000513633 0.0010585)
(0.00129699 0.000750249 0.0010585)
(0.001147 0.000964072 0.0010585)
(0.00096217 0.0011486 0.0010585)
(0.000748099 0.00129823 0.0010585)
(0.0005113 0.00140841 0.0010585)
(0.000258963 0.0014758 0.0010585)
(-1.24151e-06 0.00149835 0.0010585)
(-0.000226215 0.001247 0.0010335)
(-0.000439317 0.00118877 0.0010335)
(-0.00063907 0.00109442 0.0010335)
(-0.000819406 0.000966824 0.0010335)
(-0.000974846 0.000809846 0.0010335)
(-0.00110066 0.000628263 0.0010335)
(-0.00119304 0.000427591 0.0010335)
(-0.00124916 0.000213925 0.0010335)
(-0.00126733 -6.23993e-06 0.0010335)
(-0.001247 -0.000226215 0.0010335)
(-0.00118877 -0.000439318 0.0010335)
(-0.00109442 -0.00063907 0.0010335)
(-0.000966824 -0.000819406 0.0010335)
(-0.000809846 -0.000974846 0.0010335)
(-0.000628263 -0.00110066 0.0010335)
(-0.000427591 -0.00119304 0.0010335)
(-0.000213925 -0.00124916 0.0010335)
(6.24002e-06 -0.00126733 0.0010335)
(0.000226215 -0.001247 0.0010335)
(0.000439318 -0.00118877 0.0010335)
(0.00063907 -0.00109442 0.0010335)
(0.000819406 -0.000966825 0.0010335)
(0.000974846 -0.000809846 0.0010335)
(0.00110066 -0.000628263 0.0010335)
(0.00119304 -0.000427591 0.0010335)
(0.00124916 -0.000213925 0.0010335)
(0.00126733 6.23978e-06 0.0010335)
(0.001247 0.000226215 0.0010335)
(0.00118877 0.000439317 0.0010335)
(0.00109442 0.00063907 0.0010335)
(0.000966825 0.000819406 0.0010335)
(0.000809846 0.000974846 0.0010335)
(0.000628263 0.00110066 0.0010335)
(0.000427591 0.00119304 0.0010335)
(0.000213925 0.00124916 0.0010335)
(-6.23978e-06 0.00126733 0.0010335)
(-0.00037269 0.00188977 0.00126864)
(-0.000695186 0.00179634 0.00126864)
(-0.000996556 0.00164833 0.00126864)
(-0.00126765 0.00145024 0.00126864)
(-0.00150022 0.00120808 0.00126864)
(-0.00168721 0.000929222 0.00126864)
(-0.00182294 0.000622126 0.00126864)
(-0.00190327 0.000296124 0.00126864)
(-0.00192578 -3.88738e-05 0.00126864)
(-0.00188977 -0.00037269 0.00126864)
(-0.00179634 -0.000695186 0.00126864)
(-0.00164833 -0.000996556 0.00126864)
(-0.00145024 -0.00126765 0.00126864)
(-0.00120808 -0.00150022 0.00126864)
(-0.000929222 -0.00168721 0.00126864)
(-0.000622126 -0.00182294 0.00126864)
(-0.000296123 -0.00190327 0.00126864)
(3.8874e-05 -0.00192578 0.00126864)
(0.000372691 -0.00188977 0.00126864)
(0.000695186 -0.00179634 0.00126864)
(0.000996556 -0.00164833 0.00126864)
(0.00126765 -0.00145024 0.00126864)
(0.00150022 -0.00120808 0.00126864)
(0.00168721 -0.000929222 0.00126864)
(0.00182294 -0.000622126 0.00126864)
(0.00190327 -0.000296124 0.00126864)
(0.00192578 3.88736e-05 0.00126864)
(0.00188977 0.00037269 0.00126864)
(0.00179634 0.000695186 0.00126864)
(0.00164833 0.000996556 0.00126864)
(0.00145024 0.00126765 0.00126864)
(0.00120809 0.00150022 0.00126864)
(0.000929222 0.00168721 0.00126864)
(0.000622126 0.00182294 0.00126864)
(0.000296124 0.00190327 0.00126864)
(-3.88737e-05 0.00192578 0.00126864)
(-0.000323404 0.00164212 0.00123342)
(-0.000603644 0.00156102 0.00123342)
(-0.000865539 0.00143248 0.00123342)
(-0.00110114 0.00126042 0.00123342)
(-0.00130328 0.00105006 0.00123342)
(-0.00146582 0.000807793 0.00123342)
(-0.00158382 0.000540986 0.00123342)
(-0.0016537 0.000257739 0.00123342)
(-0.00167333 -3.33391e-05 0.00123342)
(-0.00164212 -0.000323404 0.00123342)
(-0.00156102 -0.000603644 0.00123342)
(-0.00143248 -0.00086554 0.00123342)
(-0.00126042 -0.00110114 0.00123342)
(-0.00105006 -0.00130328 0.00123342)
(-0.000807793 -0.00146582 0.00123342)
(-0.000540986 -0.00158382 0.00123342)
(-0.000257739 -0.0016537 0.00123342)
(3.33393e-05 -0.00167334 0.00123342)
(0.000323405 -0.00164212 0.00123342)
(0.000603644 -0.00156102 0.00123342)
(0.00086554 -0.00143248 0.00123342)
(0.00110114 -0.00126042 0.00123342)
(0.00130328 -0.00105006 0.00123342)
(0.00146582 -0.000807793 0.00123342)
(0.00158382 -0.000540986 0.00123342)
(0.0016537 -0.000257739 0.00123342)
(0.00167334 3.3339e-05 0.00123342)
(0.00164212 0.000323404 0.00123342)
(0.00156102 0.000603644 0.00123342)
(0.00143248 0.000865539 0.00123342)
(0.00126042 0.00110114 0.00123342)
(0.00105006 0.00130328 0.00123342)
(0.000807793 0.00146582 0.00123342)
(0.000540986 0.00158382 0.00123342)
(0.000257739 0.0016537 0.00123342)
(-3.33391e-05 0.00167333 0.00123342)
(-0.000275122 0.00139699 0.00119735)
(-0.000513528 0.001328 0.00119735)
(-0.00073633 0.00121865 0.00119735)
(-0.000936759 0.00107227 0.00119735)
(-0.00110873 0.000893314 0.00119735)
(-0.00124701 0.000687215 0.00119735)
(-0.0013474 0.000460236 0.00119735)
(-0.00140684 0.000219271 0.00119735)
(-0.00142355 -2.83562e-05 0.00119735)
(-0.00139699 -0.000275122 0.00119735)
(-0.001328 -0.000513528 0.00119735)
(-0.00121865 -0.00073633 0.00119735)
(-0.00107227 -0.000936759 0.00119735)
(-0.000893314 -0.00110873 0.00119735)
(-0.000687215 -0.00124701 0.00119735)
(-0.000460236 -0.0013474 0.00119735)
(-0.000219271 -0.00140684 0.00119735)
(2.83563e-05 -0.00142355 0.00119735)
(0.000275122 -0.00139699 0.00119735)
(0.000513529 -0.001328 0.00119735)
(0.00073633 -0.00121865 0.00119735)
(0.00093676 -0.00107227 0.00119735)
(0.00110873 -0.000893315 0.00119735)
(0.00124701 -0.000687215 0.00119735)
(0.0013474 -0.000460236 0.00119735)
(0.00140684 -0.000219271 0.00119735)
(0.00142355 2.8356e-05 0.00119735)
(0.00139699 0.000275122 0.00119735)
(0.001328 0.000513528 0.00119735)
(0.00121865 0.00073633 0.00119735)
(0.00107227 0.000936759 0.00119735)
(0.000893315 0.00110873 0.00119735)
(0.000687215 0.00124701 0.00119735)
(0.000460236 0.0013474 0.00119735)
(0.000219271 0.00140684 0.00119735)
(-2.83561e-05 0.00142355 0.00119735)
(-0.000227352 0.00115469 0.00115863)
(-0.000424408 0.00109767 0.00115863)
(-0.00060857 0.0010073 0.00115863)
(-0.00077424 0.000886318 0.00115863)
(-0.000916384 0.000738409 0.00115863)
(-0.00103069 0.000568062 0.00115863)
(-0.00111367 0.000380455 0.00115863)
(-0.00116282 0.000181288 0.00115863)
(-0.00117663 -2.33875e-05 0.00115863)
(-0.00115469 -0.000227352 0.00115863)
(-0.00109767 -0.000424408 0.00115863)
(-0.0010073 -0.00060857 0.00115863)
(-0.000886318 -0.00077424 0.00115863)
(-0.000738409 -0.000916385 0.00115863)
(-0.000568062 -0.00103069 0.00115863)
(-0.000380454 -0.00111367 0.00115863)
(-0.000181288 -0.00116282 0.00115863)
(2.33877e-05 -0.00117663 0.00115863)
(0.000227352 -0.00115469 0.00115863)
(0.000424409 -0.00109767 0.00115863)
(0.00060857 -0.0010073 0.00115863)
(0.00077424 -0.000886318 0.00115863)
(0.000916385 -0.000738409 0.00115863)
(0.00103069 -0.000568062 0.00115863)
(0.00111367 -0.000380455 0.00115863)
(0.00116282 -0.000181288 0.00115863)
(0.00117663 2.33874e-05 0.00115863)
(0.00115469 0.000227352 0.00115863)
(0.00109767 0.000424408 0.00115863)
(0.0010073 0.000608569 0.00115863)
(0.000886318 0.00077424 0.00115863)
(0.000738409 0.000916384 0.00115863)
(0.000568062 0.00103069 0.00115863)
(0.000380455 0.00111367 0.00115863)
(0.000181288 0.00116282 0.00115863)
(-2.33874e-05 0.00117663 0.00115863)
(-0.00037587 0.00173022 0.0014381)
(-0.000670613 0.00163867 0.0014381)
(-0.000944976 0.00149732 0.0014381)
(-0.00119063 0.00131048 0.0014381)
(-0.0014001 0.00108382 0.0014381)
(-0.00156704 0.000824233 0.0014381)
(-0.00168636 0.000539601 0.0014381)
(-0.00175444 0.000238571 0.0014381)
(-0.00176921 -6.97085e-05 0.0014381)
(-0.00173022 -0.00037587 0.0014381)
(-0.00163867 -0.000670613 0.0014381)
(-0.00149732 -0.000944977 0.0014381)
(-0.00131048 -0.00119063 0.0014381)
(-0.00108382 -0.0014001 0.0014381)
(-0.000824233 -0.00156704 0.0014381)
(-0.0005396 -0.00168636 0.0014381)
(-0.00023857 -0.00175444 0.0014381)
(6.97087e-05 -0.00176921 0.0014381)
(0.000375871 -0.00173022 0.0014381)
(0.000670613 -0.00163867 0.0014381)
(0.000944977 -0.00149732 0.0014381)
(0.00119063 -0.00131048 0.0014381)
(0.0014001 -0.00108382 0.0014381)
(0.00156704 -0.000824233 0.0014381)
(0.00168636 -0.000539601 0.0014381)
(0.00175444 -0.000238571 0.0014381)
(0.00176921 6.97083e-05 0.0014381)
(0.00173022 0.00037587 0.0014381)
(0.00163867 0.000670612 0.0014381)
(0.00149732 0.000944976 0.0014381)
(0.00131048 0.00119063 0.0014381)
(0.00108382 0.0014001 0.0014381)
(0.000824233 0.00156704 0.0014381)
(0.000539601 0.00168636 0.0014381)
(0.000238571 0.00175444 0.0014381)
(-6.97085e-05 0.00176921 0.0014381)
(-0.000318228 0.00148269 0.00138521)
(-0.00057086 0.00140491 0.00138521)
(-0.000806148 0.00128443 0.00138521)
(-0.00101694 0.00112493 0.00138521)
(-0.00119683 0.000931253 0.00138521)
(-0.00134036 0.000709278 0.00138521)
(-0.00144316 0.000465751 0.00138521)
(-0.00150212 0.000208074 0.00138521)
(-0.00151543 -5.59265e-05 0.00138521)
(-0.00148269 -0.000318228 0.00138521)
(-0.00140491 -0.00057086 0.00138521)
(-0.00128443 -0.000806149 0.00138521)
(-0.00112493 -0.00101694 0.00138521)
(-0.000931253 -0.00119683 0.00138521)
(-0.000709278 -0.00134036 0.00138521)
(-0.00046575 -0.00144316 0.00138521)
(-0.000208074 -0.00150212 0.00138521)
(5.59267e-05 -0.00151543 0.00138521)
(0.000318229 -0.00148269 0.00138521)
(0.00057086 -0.00140491 0.00138521)
(0.000806149 -0.00128443 0.00138521)
(0.00101694 -0.00112493 0.00138521)
(0.00119683 -0.000931253 0.00138521)
(0.00134036 -0.000709279 0.00138521)
(0.00144316 -0.000465751 0.00138521)
(0.00150212 -0.000208074 0.00138521)
(0.00151543 5.59263e-05 0.00138521)
(0.00148269 0.000318228 0.00138521)
(0.00140491 0.000570859 0.00138521)
(0.00128443 0.000806148 0.00138521)
(0.00112493 0.00101694 0.00138521)
(0.000931253 0.00119683 0.00138521)
(0.000709279 0.00134036 0.00138521)
(0.000465751 0.00144316 0.00138521)
(0.000208074 0.00150212 0.00138521)
(-5.59264e-05 0.00151543 0.00138521)
(-0.000261529 0.00123764 0.0013316)
(-0.000472472 0.00117343 0.0013316)
(-0.000669056 0.00107356 0.0013316)
(-0.000845314 0.000941063 0.0013316)
(-0.000995884 0.000779982 0.0013316)
(-0.0011162 0.000595198 0.0013316)
(-0.0012026 0.000392331 0.0013316)
(-0.00125245 0.000177541 0.0013316)
(-0.00126425 -4.26419e-05 0.0013316)
(-0.00123764 -0.00026153 0.0013316)
(-0.00117343 -0.000472472 0.0013316)
(-0.00107356 -0.000669056 0.0013316)
(-0.000941063 -0.000845314 0.0013316)
(-0.000779982 -0.000995884 0.0013316)
(-0.000595198 -0.0011162 0.0013316)
(-0.000392331 -0.0012026 0.0013316)
(-0.000177541 -0.00125245 0.0013316)
(4.2642e-05 -0.00126425 0.0013316)
(0.00026153 -0.00123764 0.0013316)
(0.000472472 -0.00117343 0.0013316)
(0.000669057 -0.00107356 0.0013316)
(0.000845315 -0.000941063 0.0013316)
(0.000995884 -0.000779982 0.0013316)
(0.0011162 -0.000595198 0.0013316)
(0.0012026 -0.000392332 0.0013316)
(0.00125245 -0.000177542 0.0013316)
(0.00126425 4.26417e-05 0.0013316)
(0.00123764 0.000261529 0.0013316)
(0.00117343 0.000472472 0.0013316)
(0.00107356 0.000669056 0.0013316)
(0.000941063 0.000845314 0.0013316)
(0.000779982 0.000995884 0.0013316)
(0.000595198 0.0011162 0.0013316)
(0.000392332 0.0012026 0.0013316)
(0.000177542 0.00125245 0.0013316)
(-4.26417e-05 0.00126425 0.0013316)
(-0.000206317 0.000996695 0.00127509)
(-0.000376256 0.000945729 0.00127509)
(-0.000534763 0.000866023 0.00127509)
(-0.000677023 0.000760006 0.00127509)
(-0.000798712 0.000630895 0.00127509)
(-0.000896131 0.000482615 0.00127509)
(-0.000966324 0.000319672 0.00127509)
(-0.00100715 0.000147016 0.00127509)
(-0.00101738 -3.01083e-05 0.00127509)
(-0.000996694 -0.000206317 0.00127509)
(-0.000945729 -0.000376256 0.00127509)
(-0.000866023 -0.000534763 0.00127509)
(-0.000760006 -0.000677023 0.00127509)
(-0.000630895 -0.000798712 0.00127509)
(-0.000482615 -0.000896132 0.00127509)
(-0.000319672 -0.000966324 0.00127509)
(-0.000147015 -0.00100715 0.00127509)
(3.01084e-05 -0.00101738 0.00127509)
(0.000206317 -0.000996695 0.00127509)
(0.000376256 -0.000945729 0.00127509)
(0.000534763 -0.000866023 0.00127509)
(0.000677023 -0.000760006 0.00127509)
(0.000798712 -0.000630895 0.00127509)
(0.000896132 -0.000482615 0.00127509)
(0.000966325 -0.000319672 0.00127509)
(0.00100715 -0.000147016 0.00127509)
(0.00101738 3.01081e-05 0.00127509)
(0.000996695 0.000206317 0.00127509)
(0.000945729 0.000376256 0.00127509)
(0.000866023 0.000534763 0.00127509)
(0.000760006 0.000677023 0.00127509)
(0.000630895 0.000798712 0.00127509)
(0.000482615 0.000896131 0.00127509)
(0.000319672 0.000966324 0.00127509)
(0.000147016 0.00100715 0.00127509)
(-3.01081e-05 0.00101738 0.00127509)
(-0.000322739 0.00141157 0.00160388)
(-0.000562957 0.00133408 0.00160388)
(-0.000786065 0.00121606 0.00160388)
(-0.000985292 0.00106109 0.00160388)
(-0.00115458 0.000873872 0.00160388)
(-0.00128879 0.000660106 0.00160388)
(-0.00138383 0.000426288 0.00160388)
(-0.00143683 0.000179512 0.00160388)
(-0.00144617 -7.27174e-05 0.00160388)
(-0.00141157 -0.000322739 0.00160388)
(-0.00133408 -0.000562957 0.00160388)
(-0.00121606 -0.000786066 0.00160388)
(-0.00106109 -0.000985292 0.00160388)
(-0.000873872 -0.00115458 0.00160388)
(-0.000660106 -0.00128879 0.00160388)
(-0.000426288 -0.00138383 0.00160388)
(-0.000179512 -0.00143683 0.00160388)
(7.27176e-05 -0.00144617 0.00160388)
(0.00032274 -0.00141157 0.00160388)
(0.000562958 -0.00133408 0.00160388)
(0.000786066 -0.00121606 0.00160388)
(0.000985292 -0.00106109 0.00160388)
(0.00115458 -0.000873873 0.00160388)
(0.00128879 -0.000660106 0.00160388)
(0.00138383 -0.000426288 0.00160388)
(0.00143683 -0.000179513 0.00160388)
(0.00144617 7.27171e-05 0.00160388)
(0.00141157 0.000322739 0.00160388)
(0.00133408 0.000562957 0.00160388)
(0.00121606 0.000786065 0.00160388)
(0.00106109 0.000985292 0.00160388)
(0.000873873 0.00115458 0.00160388)
(0.000660106 0.00128879 0.00160388)
(0.000426288 0.00138383 0.00160388)
(0.000179512 0.00143683 0.00160388)
(-7.27174e-05 0.00144617 0.00160388)
(-0.000267649 0.00119147 0.00152786)
(-0.000470482 0.00112689 0.00152786)
(-0.000659018 0.00102807 0.00152786)
(-0.000827528 0.000898019 0.00152786)
(-0.000970897 0.000740675 0.00152786)
(-0.00108476 0.000560832 0.00152786)
(-0.00116567 0.000363945 0.00152786)
(-0.00121116 0.000156 0.00152786)
(-0.00121985 -5.66854e-05 0.00152786)
(-0.00119147 -0.000267649 0.00152786)
(-0.00112689 -0.000470482 0.00152786)
(-0.00102807 -0.000659018 0.00152786)
(-0.000898019 -0.000827528 0.00152786)
(-0.000740675 -0.000970898 0.00152786)
(-0.000560831 -0.00108476 0.00152786)
(-0.000363945 -0.00116567 0.00152786)
(-0.000155999 -0.00121116 0.00152786)
(5.66856e-05 -0.00121985 0.00152786)
(0.000267649 -0.00119147 0.00152786)
(0.000470482 -0.00112689 0.00152786)
(0.000659018 -0.00102807 0.00152786)
(0.000827528 -0.000898019 0.00152786)
(0.000970898 -0.000740676 0.00152786)
(0.00108476 -0.000560832 0.00152786)
(0.00116567 -0.000363946 0.00152786)
(0.00121116 -0.000156 0.00152786)
(0.00121985 5.66852e-05 0.00152786)
(0.00119147 0.000267649 0.00152786)
(0.00112689 0.000470482 0.00152786)
(0.00102807 0.000659018 0.00152786)
(0.000898019 0.000827528 0.00152786)
(0.000740676 0.000970897 0.00152786)
(0.000560832 0.00108476 0.00152786)
(0.000363946 0.00116567 0.00152786)
(0.000156 0.00121116 0.00152786)
(-5.66853e-05 0.00121985 0.00152786)
(-0.000212986 0.000972656 0.00145183)
(-0.000378651 0.000920897 0.00145183)
(-0.00053281 0.000841154 0.00145183)
(-0.00067078 0.000735851 0.00145183)
(-0.000788368 0.000608193 0.00145183)
(-0.000882006 0.000462054 0.00145183)
(-0.000948841 0.000301877 0.00145183)
(-0.000986844 0.000132527 0.00145183)
(-0.000994864 -4.085e-05 0.00145183)
(-0.000972656 -0.000212986 0.00145183)
(-0.000920897 -0.000378651 0.00145183)
(-0.000841154 -0.00053281 0.00145183)
(-0.000735851 -0.00067078 0.00145183)
(-0.000608193 -0.000788369 0.00145183)
(-0.000462054 -0.000882006 0.00145183)
(-0.000301877 -0.000948841 0.00145183)
(-0.000132527 -0.000986844 0.00145183)
(4.08501e-05 -0.000994864 0.00145183)
(0.000212986 -0.000972656 0.00145183)
(0.000378651 -0.000920897 0.00145183)
(0.00053281 -0.000841154 0.00145183)
(0.00067078 -0.000735851 0.00145183)
(0.000788369 -0.000608193 0.00145183)
(0.000882006 -0.000462055 0.00145183)
(0.000948842 -0.000301877 0.00145183)
(0.000986844 -0.000132527 0.00145183)
(0.000994864 4.08498e-05 0.00145183)
(0.000972656 0.000212986 0.00145183)
(0.000920897 0.00037865 0.00145183)
(0.000841154 0.000532809 0.00145183)
(0.000735851 0.00067078 0.00145183)
(0.000608193 0.000788368 0.00145183)
(0.000462055 0.000882006 0.00145183)
(0.000301877 0.000948841 0.00145183)
(0.000132527 0.000986844 0.00145183)
(-4.08498e-05 0.000994864 0.00145183)
(-0.000160855 0.000757465 0.00137419)
(-0.000289944 0.000718023 0.00137419)
(-0.000410223 0.000656768 0.00137419)
(-0.000518038 0.000575555 0.00137419)
(-0.00061011 0.000476857 0.00137419)
(-0.000683647 0.000363667 0.00137419)
(-0.00073641 0.000239427 0.00137419)
(-0.0007668 0.000107913 0.00137419)
(-0.000773887 -2.68797e-05 0.00137419)
(-0.000757465 -0.000160856 0.00137419)
(-0.000718023 -0.000289944 0.00137419)
(-0.000656768 -0.000410223 0.00137419)
(-0.000575555 -0.000518038 0.00137419)
(-0.000476857 -0.000610111 0.00137419)
(-0.000363667 -0.000683647 0.00137419)
(-0.000239427 -0.00073641 0.00137419)
(-0.000107913 -0.0007668 0.00137419)
(2.68798e-05 -0.000773887 0.00137419)
(0.000160856 -0.000757465 0.00137419)
(0.000289944 -0.000718024 0.00137419)
(0.000410223 -0.000656768 0.00137419)
(0.000518038 -0.000575556 0.00137419)
(0.000610111 -0.000476857 0.00137419)
(0.000683648 -0.000363667 0.00137419)
(0.00073641 -0.000239427 0.00137419)
(0.0007668 -0.000107913 0.00137419)
(0.000773887 2.68795e-05 0.00137419)
(0.000757465 0.000160855 0.00137419)
(0.000718024 0.000289944 0.00137419)
(0.000656768 0.000410223 0.00137419)
(0.000575556 0.000518038 0.00137419)
(0.000476857 0.00061011 0.00137419)
(0.000363667 0.000683647 0.00137419)
(0.000239427 0.00073641 0.00137419)
(0.000107913 0.0007668 0.00137419)
(-2.68795e-05 0.000773887 0.00137419)
(-0.000187839 0.000879858 0.00175821)
(-0.000337777 0.000833868 0.00175821)
(-0.000477452 0.000762547 0.00175821)
(-0.00060261 0.000668058 0.00175821)
(-0.000709458 0.000553265 0.00175821)
(-0.000794757 0.000421661 0.00175821)
(-0.000855908 0.00027725 0.00175821)
(-0.000891048 0.000124418 0.00175821)
(-0.000899114 -3.21983e-05 0.00175821)
(-0.000879858 -0.000187839 0.00175821)
(-0.000833868 -0.000337777 0.00175821)
(-0.000762546 -0.000477452 0.00175821)
(-0.000668058 -0.000602611 0.00175821)
(-0.000553265 -0.000709459 0.00175821)
(-0.000421661 -0.000794757 0.00175821)
(-0.00027725 -0.000855908 0.00175821)
(-0.000124417 -0.000891049 0.00175821)
(3.21984e-05 -0.000899114 0.00175821)
(0.000187839 -0.000879859 0.00175821)
(0.000337777 -0.000833869 0.00175821)
(0.000477452 -0.000762547 0.00175821)
(0.000602611 -0.000668058 0.00175821)
(0.000709459 -0.000553266 0.00175821)
(0.000794757 -0.000421661 0.00175821)
(0.000855908 -0.00027725 0.00175821)
(0.000891049 -0.000124418 0.00175821)
(0.000899114 3.21979e-05 0.00175821)
(0.000879859 0.000187839 0.00175821)
(0.000833869 0.000337777 0.00175821)
(0.000762547 0.000477451 0.00175821)
(0.000668058 0.00060261 0.00175821)
(0.000553266 0.000709458 0.00175821)
(0.000421661 0.000794757 0.00175821)
(0.00027725 0.000855908 0.00175821)
(0.000124418 0.000891048 0.00175821)
(-3.21982e-05 0.000899114 0.00175821)
(-0.000158655 0.000728451 0.00164273)
(-0.00028274 0.000689834 0.00164273)
(-0.000398235 0.000630253 0.00164273)
(-0.000501629 0.000551529 0.00164273)
(-0.000589779 0.000456044 0.00164273)
(-0.000660008 0.000346699 0.00164273)
(-0.000710189 0.000226824 0.00164273)
(-0.000738786 0.000100057 0.00164273)
(-0.000744935 -2.97503e-05 0.00164273)
(-0.000728451 -0.000158655 0.00164273)
(-0.000689833 -0.000282741 0.00164273)
(-0.000630252 -0.000398235 0.00164273)
(-0.000551529 -0.00050163 0.00164273)
(-0.000456043 -0.00058978 0.00164273)
(-0.000346699 -0.000660008 0.00164273)
(-0.000226824 -0.00071019 0.00164273)
(-0.000100057 -0.000738786 0.00164273)
(2.97505e-05 -0.000744935 0.00164273)
(0.000158655 -0.000728451 0.00164273)
(0.000282741 -0.000689834 0.00164273)
(0.000398235 -0.000630253 0.00164273)
(0.00050163 -0.000551529 0.00164273)
(0.00058978 -0.000456044 0.00164273)
(0.000660008 -0.000346699 0.00164273)
(0.00071019 -0.000226824 0.00164273)
(0.000738787 -0.000100057 0.00164273)
(0.000744935 2.975e-05 0.00164273)
(0.000728452 0.000158655 0.00164273)
(0.000689834 0.00028274 0.00164273)
(0.000630253 0.000398235 0.00164273)
(0.000551529 0.000501629 0.00164273)
(0.000456044 0.000589779 0.00164273)
(0.000346699 0.000660008 0.00164273)
(0.000226824 0.000710189 0.00164273)
(0.000100057 0.000738786 0.00164273)
(-2.97502e-05 0.000744935 0.00164273)
(-0.000127052 0.000571875 0.00153675)
(-0.000224428 0.000541123 0.00153675)
(-0.000314983 0.000493933 0.00153675)
(-0.000395969 0.000431731 0.00153675)
(-0.000464922 0.000356414 0.00153675)
(-0.000519751 0.000270266 0.00153675)
(-0.000558784 0.000175907 0.00153675)
(-0.000580841 7.62021e-05 0.00153675)
(-0.000585251 -2.58176e-05 0.00153675)
(-0.000571874 -0.000127053 0.00153675)
(-0.000541123 -0.000224428 0.00153675)
(-0.000493933 -0.000314984 0.00153675)
(-0.00043173 -0.000395969 0.00153675)
(-0.000356414 -0.000464922 0.00153675)
(-0.000270266 -0.000519751 0.00153675)
(-0.000175907 -0.000558784 0.00153675)
(-7.6202e-05 -0.000580841 0.00153675)
(2.58178e-05 -0.000585251 0.00153675)
(0.000127053 -0.000571875 0.00153675)
(0.000224428 -0.000541123 0.00153675)
(0.000314984 -0.000493933 0.00153675)
(0.000395969 -0.000431731 0.00153675)
(0.000464922 -0.000356414 0.00153675)
(0.000519751 -0.000270267 0.00153675)
(0.000558784 -0.000175907 0.00153675)
(0.000580842 -7.62024e-05 0.00153675)
(0.000585251 2.58174e-05 0.00153675)
(0.000571875 0.000127052 0.00153675)
(0.000541123 0.000224428 0.00153675)
(0.000493933 0.000314983 0.00153675)
(0.000431731 0.000395969 0.00153675)
(0.000356414 0.000464922 0.00153675)
(0.000270267 0.000519751 0.00153675)
(0.000175907 0.000558784 0.00153675)
(7.62024e-05 0.000580841 0.00153675)
(-2.58174e-05 0.000585251 0.00153675)
(-9.39135e-05 0.000412175 0.00144134)
(-0.00016406 0.000389604 0.00144134)
(-0.000229221 0.000355198 0.00144134)
(-0.000287418 0.000309998 0.00144134)
(-0.000336882 0.000255377 0.00144134)
(-0.00037611 0.000192999 0.00144134)
(-0.000403909 0.000124755 0.00144134)
(-0.000419438 5.27219e-05 0.00144134)
(-0.000422219 -2.09138e-05 0.00144134)
(-0.000412175 -9.39138e-05 0.00144134)
(-0.000389604 -0.00016406 0.00144134)
(-0.000355197 -0.000229222 0.00144134)
(-0.000309997 -0.000287418 0.00144134)
(-0.000255377 -0.000336883 0.00144134)
(-0.000192999 -0.000376111 0.00144134)
(-0.000124755 -0.000403909 0.00144134)
(-5.27218e-05 -0.000419438 0.00144134)
(2.09138e-05 -0.000422219 0.00144134)
(9.39139e-05 -0.000412175 0.00144134)
(0.00016406 -0.000389604 0.00144134)
(0.000229222 -0.000355198 0.00144134)
(0.000287418 -0.000309998 0.00144134)
(0.000336883 -0.000255378 0.00144134)
(0.000376111 -0.000192999 0.00144134)
(0.000403909 -0.000124756 0.00144134)
(0.000419438 -5.27221e-05 0.00144134)
(0.000422219 2.09135e-05 0.00144134)
(0.000412175 9.39136e-05 0.00144134)
(0.000389604 0.00016406 0.00144134)
(0.000355198 0.000229221 0.00144134)
(0.000309998 0.000287418 0.00144134)
(0.000255378 0.000336882 0.00144134)
(0.000192999 0.00037611 0.00144134)
(0.000124756 0.000403909 0.00144134)
(5.27222e-05 0.000419438 0.00144134)
(-2.09135e-05 0.000422219 0.00144134)
(2.63212e-10 -2.13099e-10 0.00183826)
(2.35324e-10 -1.81569e-10 0.00169323)
(2.07921e-10 -1.47513e-10 0.00156296)
(1.85279e-10 -1.19804e-10 0.00146094)
)
;

boundaryField
{
    fixed
    {
        type            fixedValue;
        value           uniform (0 0 0);
    }
    inside
    {
        type            calculated;
    }
    outside
    {
        type            calculated;
    }
}


// ************************************************************************* //
