/*--------------------------------*- C++ -*----------------------------------*\
| =========                 |                                                 |
| \\      /  F ield         | OpenFOAM: The Open Source CFD Toolbox           |
|  \\    /   O peration     | Version:  2312                                  |
|   \\  /    A nd           | Website:  www.openfoam.com                      |
|    \\/     M anipulation  |                                                 |
\*---------------------------------------------------------------------------*/
FoamFile
{
    version     2.0;
    format      ascii;
    arch        "LSB;label=32;scalar=64";
    class       volScalarField;
    location    "0";
    object      alphaRadians;
}
// * * * * * * * * * * * * * * * * * * * * * * * * * * * * * * * * * * * * * //

dimensions      [0 0 0 0 0 0 0];

internalField   nonuniform List<scalar> 
1620
(
-1.08652
-1.08652
-1.08652
-1.08652
-1.08652
-1.08652
-1.08652
-1.08652
-1.08652
-1.08652
-1.08652
-1.08652
-1.08652
-1.08652
-1.08652
-1.08652
-1.08652
-1.08652
-1.08652
-1.08652
-1.08652
-1.08652
-1.08652
-1.08652
-1.08652
-1.08652
-1.08652
-1.08652
-1.08652
-1.08652
-1.08652
-1.08652
-1.08652
-1.08652
-1.08652
-1.08652
-0.139295
-0.139295
-0.139294
-0.139298
-0.139302
-0.139298
-0.139294
-0.139295
-0.139295
-0.139295
-0.139295
-0.139294
-0.139298
-0.139302
-0.139298
-0.139294
-0.139295
-0.139295
-0.139295
-0.139295
-0.139294
-0.139298
-0.139302
-0.139298
-0.139294
-0.139295
-0.139295
-0.139295
-0.139295
-0.139294
-0.139298
-0.139302
-0.139298
-0.139294
-0.139295
-0.139295
0.936866
0.936866
0.936867
0.936866
0.936862
0.936866
0.936867
0.936866
0.936866
0.936866
0.936866
0.936867
0.936866
0.936862
0.936866
0.936867
0.936866
0.936866
0.936866
0.936866
0.936867
0.936866
0.936862
0.936866
0.936867
0.936866
0.936866
0.936866
0.936866
0.936867
0.936866
0.936862
0.936866
0.936867
0.936866
0.936866
-1.16607
-1.16607
-1.16607
-1.16607
-1.16607
-1.16607
-1.16607
-1.16607
-1.16607
-1.16607
-1.16607
-1.16607
-1.16607
-1.16607
-1.16607
-1.16607
-1.16607
-1.16607
-1.16607
-1.16607
-1.16607
-1.16607
-1.16607
-1.16607
-1.16607
-1.16607
-1.16607
-1.16607
-1.16607
-1.16607
-1.16607
-1.16607
-1.16607
-1.16607
-1.16607
-1.16607
-0.181784
-0.181788
-0.181786
-0.181789
-0.181788
-0.181789
-0.181786
-0.181788
-0.181784
-0.181784
-0.181788
-0.181786
-0.181789
-0.181788
-0.181789
-0.181786
-0.181788
-0.181784
-0.181784
-0.181788
-0.181786
-0.181789
-0.181788
-0.181789
-0.181786
-0.181788
-0.181784
-0.181784
-0.181788
-0.181786
-0.181789
-0.181788
-0.181789
-0.181786
-0.181788
-0.181784
0.921258
0.921258
0.921258
0.921259
0.921257
0.921259
0.921258
0.921258
0.921258
0.921258
0.921258
0.921258
0.921259
0.921257
0.921259
0.921258
0.921258
0.921258
0.921258
0.921258
0.921258
0.921259
0.921257
0.921259
0.921258
0.921258
0.921258
0.921258
0.921258
0.921258
0.921259
0.921257
0.921259
0.921258
0.921258
0.921258
-1.16578
-1.16578
-1.16578
-1.16578
-1.16577
-1.16578
-1.16578
-1.16578
-1.16578
-1.16578
-1.16578
-1.16578
-1.16578
-1.16577
-1.16578
-1.16578
-1.16578
-1.16578
-1.16578
-1.16578
-1.16578
-1.16578
-1.16577
-1.16578
-1.16578
-1.16578
-1.16578
-1.16578
-1.16578
-1.16578
-1.16578
-1.16577
-1.16578
-1.16578
-1.16578
-1.16578
-0.191326
-0.191328
-0.191329
-0.191329
-0.191324
-0.191329
-0.191329
-0.191328
-0.191326
-0.191326
-0.191328
-0.191329
-0.191329
-0.191324
-0.191329
-0.191329
-0.191328
-0.191326
-0.191326
-0.191328
-0.191329
-0.191329
-0.191324
-0.191329
-0.191329
-0.191328
-0.191326
-0.191326
-0.191328
-0.191329
-0.191329
-0.191324
-0.191329
-0.191329
-0.191328
-0.191326
0.914067
0.914066
0.914066
0.914066
0.914066
0.914066
0.914066
0.914066
0.914067
0.914067
0.914066
0.914066
0.914066
0.914066
0.914066
0.914066
0.914066
0.914067
0.914067
0.914066
0.914066
0.914066
0.914066
0.914066
0.914066
0.914066
0.914067
0.914067
0.914066
0.914066
0.914066
0.914066
0.914066
0.914066
0.914066
0.914067
-1.15885
-1.15885
-1.15884
-1.15885
-1.15885
-1.15885
-1.15884
-1.15885
-1.15885
-1.15885
-1.15885
-1.15884
-1.15885
-1.15885
-1.15885
-1.15884
-1.15885
-1.15885
-1.15885
-1.15885
-1.15884
-1.15885
-1.15885
-1.15885
-1.15884
-1.15885
-1.15885
-1.15885
-1.15885
-1.15884
-1.15885
-1.15885
-1.15885
-1.15884
-1.15885
-1.15885
-0.194658
-0.194657
-0.194656
-0.194658
-0.194659
-0.194658
-0.194656
-0.194657
-0.194658
-0.194658
-0.194657
-0.194656
-0.194658
-0.194659
-0.194658
-0.194656
-0.194657
-0.194658
-0.194658
-0.194657
-0.194656
-0.194658
-0.194659
-0.194658
-0.194656
-0.194657
-0.194658
-0.194658
-0.194657
-0.194656
-0.194658
-0.194659
-0.194658
-0.194656
-0.194657
-0.194658
0.908784
0.908784
0.908784
0.908785
0.908783
0.908785
0.908784
0.908784
0.908784
0.908784
0.908784
0.908784
0.908785
0.908783
0.908785
0.908784
0.908784
0.908784
0.908784
0.908784
0.908784
0.908785
0.908783
0.908785
0.908784
0.908784
0.908784
0.908784
0.908784
0.908784
0.908785
0.908783
0.908785
0.908784
0.908784
0.908784
-1.15254
-1.15253
-1.15254
-1.15253
-1.15254
-1.15253
-1.15254
-1.15253
-1.15254
-1.15254
-1.15253
-1.15254
-1.15253
-1.15254
-1.15253
-1.15254
-1.15253
-1.15254
-1.15254
-1.15253
-1.15254
-1.15253
-1.15254
-1.15253
-1.15254
-1.15253
-1.15254
-1.15254
-1.15253
-1.15254
-1.15253
-1.15254
-1.15253
-1.15254
-1.15253
-1.15254
-0.198297
-0.198297
-0.198295
-0.198295
-0.198298
-0.198295
-0.198295
-0.198297
-0.198297
-0.198297
-0.198297
-0.198295
-0.198295
-0.198298
-0.198295
-0.198295
-0.198297
-0.198297
-0.198297
-0.198297
-0.198295
-0.198295
-0.198298
-0.198295
-0.198295
-0.198297
-0.198297
-0.198297
-0.198297
-0.198295
-0.198295
-0.198298
-0.198295
-0.198295
-0.198297
-0.198297
0.903047
0.903049
0.903048
0.90305
0.903049
0.90305
0.903048
0.903049
0.903047
0.903047
0.903049
0.903048
0.90305
0.903049
0.90305
0.903048
0.903049
0.903047
0.903047
0.903049
0.903048
0.90305
0.903049
0.90305
0.903048
0.903049
0.903047
0.903047
0.903049
0.903048
0.90305
0.903049
0.90305
0.903048
0.903049
0.903047
-1.14783
-1.14784
-1.14784
-1.14783
-1.14783
-1.14783
-1.14784
-1.14784
-1.14783
-1.14783
-1.14784
-1.14784
-1.14783
-1.14783
-1.14783
-1.14784
-1.14784
-1.14783
-1.14783
-1.14784
-1.14784
-1.14783
-1.14783
-1.14783
-1.14784
-1.14784
-1.14783
-1.14783
-1.14784
-1.14784
-1.14783
-1.14783
-1.14783
-1.14784
-1.14784
-1.14783
-0.203382
-0.203383
-0.203384
-0.203382
-0.203381
-0.203382
-0.203384
-0.203383
-0.203382
-0.203382
-0.203383
-0.203384
-0.203382
-0.203381
-0.203382
-0.203384
-0.203383
-0.203382
-0.203382
-0.203383
-0.203384
-0.203382
-0.203381
-0.203382
-0.203384
-0.203383
-0.203382
-0.203382
-0.203383
-0.203384
-0.203382
-0.203381
-0.203382
-0.203384
-0.203383
-0.203382
0.896383
0.896384
0.896383
0.896384
0.896384
0.896384
0.896383
0.896384
0.896383
0.896383
0.896384
0.896383
0.896384
0.896384
0.896384
0.896383
0.896384
0.896383
0.896383
0.896384
0.896383
0.896384
0.896384
0.896384
0.896383
0.896384
0.896383
0.896383
0.896384
0.896383
0.896384
0.896384
0.896384
0.896383
0.896384
0.896383
-1.14555
-1.14555
-1.14555
-1.14554
-1.14554
-1.14554
-1.14555
-1.14555
-1.14555
-1.14555
-1.14555
-1.14555
-1.14554
-1.14554
-1.14554
-1.14555
-1.14555
-1.14555
-1.14555
-1.14555
-1.14555
-1.14554
-1.14554
-1.14554
-1.14555
-1.14555
-1.14555
-1.14555
-1.14555
-1.14555
-1.14554
-1.14554
-1.14554
-1.14555
-1.14555
-1.14555
-0.210066
-0.210068
-0.210069
-0.210067
-0.210068
-0.210067
-0.210069
-0.210068
-0.210066
-0.210066
-0.210068
-0.210069
-0.210067
-0.210068
-0.210067
-0.210069
-0.210068
-0.210066
-0.210066
-0.210068
-0.210069
-0.210067
-0.210068
-0.210067
-0.210069
-0.210068
-0.210066
-0.210066
-0.210068
-0.210069
-0.210067
-0.210068
-0.210067
-0.210069
-0.210068
-0.210066
0.888891
0.88889
0.888889
0.888891
0.888891
0.888891
0.888889
0.88889
0.888891
0.888891
0.88889
0.888889
0.888891
0.888891
0.888891
0.888889
0.88889
0.888891
0.888891
0.88889
0.888889
0.888891
0.888891
0.888891
0.888889
0.88889
0.888891
0.888891
0.88889
0.888889
0.888891
0.888891
0.888891
0.888889
0.88889
0.888891
-1.14657
-1.14657
-1.14657
-1.14657
-1.14657
-1.14657
-1.14657
-1.14657
-1.14657
-1.14657
-1.14657
-1.14657
-1.14657
-1.14657
-1.14657
-1.14657
-1.14657
-1.14657
-1.14657
-1.14657
-1.14657
-1.14657
-1.14657
-1.14657
-1.14657
-1.14657
-1.14657
-1.14657
-1.14657
-1.14657
-1.14657
-1.14657
-1.14657
-1.14657
-1.14657
-1.14657
-0.218625
-0.218629
-0.218626
-0.218627
-0.218626
-0.218627
-0.218626
-0.218629
-0.218625
-0.218625
-0.218629
-0.218626
-0.218627
-0.218626
-0.218627
-0.218626
-0.218629
-0.218625
-0.218625
-0.218629
-0.218626
-0.218627
-0.218626
-0.218627
-0.218626
-0.218629
-0.218625
-0.218625
-0.218629
-0.218626
-0.218627
-0.218626
-0.218627
-0.218626
-0.218629
-0.218625
0.88053
0.88053
0.88053
0.880531
0.880532
0.880531
0.88053
0.88053
0.88053
0.88053
0.88053
0.88053
0.880531
0.880532
0.880531
0.88053
0.88053
0.88053
0.88053
0.88053
0.88053
0.880531
0.880532
0.880531
0.88053
0.88053
0.88053
0.88053
0.88053
0.88053
0.880531
0.880532
0.880531
0.88053
0.88053
0.88053
-1.15256
-1.15256
-1.15256
-1.15256
-1.15256
-1.15256
-1.15256
-1.15256
-1.15256
-1.15256
-1.15256
-1.15256
-1.15256
-1.15256
-1.15256
-1.15256
-1.15256
-1.15256
-1.15256
-1.15256
-1.15256
-1.15256
-1.15256
-1.15256
-1.15256
-1.15256
-1.15256
-1.15256
-1.15256
-1.15256
-1.15256
-1.15256
-1.15256
-1.15256
-1.15256
-1.15256
-0.229728
-0.229729
-0.229728
-0.229733
-0.229731
-0.229733
-0.229728
-0.229729
-0.229728
-0.229728
-0.229729
-0.229728
-0.229733
-0.229731
-0.229733
-0.229728
-0.229729
-0.229728
-0.229728
-0.229729
-0.229728
-0.229733
-0.229731
-0.229733
-0.229728
-0.229729
-0.229728
-0.229728
-0.229729
-0.229728
-0.229733
-0.229731
-0.229733
-0.229728
-0.229729
-0.229728
0.871096
0.871095
0.871096
0.871095
0.871093
0.871095
0.871096
0.871095
0.871096
0.871096
0.871095
0.871096
0.871095
0.871093
0.871095
0.871096
0.871095
0.871096
0.871096
0.871095
0.871096
0.871095
0.871093
0.871095
0.871096
0.871095
0.871096
0.871096
0.871095
0.871096
0.871095
0.871093
0.871095
0.871096
0.871095
0.871096
-1.16663
-1.16663
-1.16663
-1.16663
-1.16663
-1.16663
-1.16663
-1.16663
-1.16663
-1.16663
-1.16663
-1.16663
-1.16663
-1.16663
-1.16663
-1.16663
-1.16663
-1.16663
-1.16663
-1.16663
-1.16663
-1.16663
-1.16663
-1.16663
-1.16663
-1.16663
-1.16663
-1.16663
-1.16663
-1.16663
-1.16663
-1.16663
-1.16663
-1.16663
-1.16663
-1.16663
-0.245034
-0.245033
-0.245032
-0.245033
-0.245034
-0.245033
-0.245032
-0.245033
-0.245034
-0.245034
-0.245033
-0.245032
-0.245033
-0.245034
-0.245033
-0.245032
-0.245033
-0.245034
-0.245034
-0.245033
-0.245032
-0.245033
-0.245034
-0.245033
-0.245032
-0.245033
-0.245034
-0.245034
-0.245033
-0.245032
-0.245033
-0.245034
-0.245033
-0.245032
-0.245033
-0.245034
0.860223
0.860222
0.860225
0.860222
0.860222
0.860222
0.860225
0.860222
0.860223
0.860223
0.860222
0.860225
0.860222
0.860222
0.860222
0.860225
0.860222
0.860223
0.860223
0.860222
0.860225
0.860222
0.860222
0.860222
0.860225
0.860222
0.860223
0.860223
0.860222
0.860225
0.860222
0.860222
0.860222
0.860225
0.860222
0.860223
-1.19376
-1.19375
-1.19375
-1.19376
-1.19376
-1.19376
-1.19375
-1.19375
-1.19376
-1.19376
-1.19375
-1.19375
-1.19376
-1.19376
-1.19376
-1.19375
-1.19375
-1.19376
-1.19376
-1.19375
-1.19375
-1.19376
-1.19376
-1.19376
-1.19375
-1.19375
-1.19376
-1.19376
-1.19375
-1.19375
-1.19376
-1.19376
-1.19376
-1.19375
-1.19375
-1.19376
-0.267448
-0.267447
-0.267446
-0.267447
-0.267447
-0.267447
-0.267446
-0.267447
-0.267448
-0.267448
-0.267447
-0.267446
-0.267447
-0.267447
-0.267447
-0.267446
-0.267447
-0.267448
-0.267448
-0.267447
-0.267446
-0.267447
-0.267447
-0.267447
-0.267446
-0.267447
-0.267448
-0.267448
-0.267447
-0.267446
-0.267447
-0.267447
-0.267447
-0.267446
-0.267447
-0.267448
0.846747
0.846747
0.846748
0.846747
0.846746
0.846747
0.846748
0.846747
0.846747
0.846747
0.846747
0.846748
0.846747
0.846746
0.846747
0.846748
0.846747
0.846747
0.846747
0.846747
0.846748
0.846747
0.846746
0.846747
0.846748
0.846747
0.846747
0.846747
0.846747
0.846748
0.846747
0.846746
0.846747
0.846748
0.846747
0.846747
-1.24156
-1.24156
-1.24156
-1.24156
-1.24156
-1.24156
-1.24156
-1.24156
-1.24156
-1.24156
-1.24156
-1.24156
-1.24156
-1.24156
-1.24156
-1.24156
-1.24156
-1.24156
-1.24156
-1.24156
-1.24156
-1.24156
-1.24156
-1.24156
-1.24156
-1.24156
-1.24156
-1.24156
-1.24156
-1.24156
-1.24156
-1.24156
-1.24156
-1.24156
-1.24156
-1.24156
-0.302601
-0.3026
-0.302602
-0.3026
-0.302601
-0.3026
-0.302602
-0.3026
-0.302601
-0.302601
-0.3026
-0.302602
-0.3026
-0.302601
-0.3026
-0.302602
-0.3026
-0.302601
-0.302601
-0.3026
-0.302602
-0.3026
-0.302601
-0.3026
-0.302602
-0.3026
-0.302601
-0.302601
-0.3026
-0.302602
-0.3026
-0.302601
-0.3026
-0.302602
-0.3026
-0.302601
0.828618
0.828617
0.828618
0.828617
0.828618
0.828617
0.828618
0.828617
0.828618
0.828618
0.828617
0.828618
0.828617
0.828618
0.828617
0.828618
0.828617
0.828618
0.828618
0.828617
0.828618
0.828617
0.828618
0.828617
0.828618
0.828617
0.828618
0.828618
0.828617
0.828618
0.828617
0.828618
0.828617
0.828618
0.828617
0.828618
-1.3178
-1.3178
-1.31781
-1.3178
-1.3178
-1.3178
-1.31781
-1.3178
-1.3178
-1.3178
-1.3178
-1.31781
-1.3178
-1.3178
-1.3178
-1.31781
-1.3178
-1.3178
-1.3178
-1.3178
-1.31781
-1.3178
-1.3178
-1.3178
-1.31781
-1.3178
-1.3178
-1.3178
-1.3178
-1.31781
-1.3178
-1.3178
-1.3178
-1.31781
-1.3178
-1.3178
-0.357661
-0.357661
-0.357663
-0.357659
-0.357662
-0.357659
-0.357663
-0.357661
-0.357661
-0.357661
-0.357661
-0.357663
-0.357659
-0.357662
-0.357659
-0.357663
-0.357661
-0.357661
-0.357661
-0.357661
-0.357663
-0.357659
-0.357662
-0.357659
-0.357663
-0.357661
-0.357661
-0.357661
-0.357661
-0.357663
-0.357659
-0.357662
-0.357659
-0.357663
-0.357661
-0.357661
0.803199
0.803198
0.803199
0.803197
0.8032
0.803197
0.803199
0.803198
0.803199
0.803199
0.803198
0.803199
0.803197
0.8032
0.803197
0.803199
0.803198
0.803199
0.803199
0.803198
0.803199
0.803197
0.8032
0.803197
0.803199
0.803198
0.803199
0.803199
0.803198
0.803199
0.803197
0.8032
0.803197
0.803199
0.803198
0.803199
-1.41673
-1.41673
-1.41673
-1.41673
-1.41673
-1.41673
-1.41673
-1.41673
-1.41673
-1.41673
-1.41673
-1.41673
-1.41673
-1.41673
-1.41673
-1.41673
-1.41673
-1.41673
-1.41673
-1.41673
-1.41673
-1.41673
-1.41673
-1.41673
-1.41673
-1.41673
-1.41673
-1.41673
-1.41673
-1.41673
-1.41673
-1.41673
-1.41673
-1.41673
-1.41673
-1.41673
-0.436534
-0.436534
-0.436535
-0.436533
-0.436535
-0.436533
-0.436535
-0.436534
-0.436534
-0.436534
-0.436534
-0.436535
-0.436533
-0.436535
-0.436533
-0.436535
-0.436534
-0.436534
-0.436534
-0.436534
-0.436535
-0.436533
-0.436535
-0.436533
-0.436535
-0.436534
-0.436534
-0.436534
-0.436534
-0.436535
-0.436533
-0.436535
-0.436533
-0.436535
-0.436534
-0.436534
0.768725
0.768725
0.768725
0.768724
0.768725
0.768724
0.768725
0.768725
0.768725
0.768725
0.768725
0.768725
0.768724
0.768725
0.768724
0.768725
0.768725
0.768725
0.768725
0.768725
0.768725
0.768724
0.768725
0.768724
0.768725
0.768725
0.768725
0.768725
0.768725
0.768725
0.768724
0.768725
0.768724
0.768725
0.768725
0.768725
-1.56781
-1.56781
-1.56781
-1.56781
-1.56781
-1.56781
-1.56781
-1.56781
-1.56781
-1.56781
-1.56781
-1.56781
-1.56781
-1.56781
-1.56781
-1.56781
-1.56781
-1.56781
-1.56781
-1.56781
-1.56781
-1.56781
-1.56781
-1.56781
-1.56781
-1.56781
-1.56781
-1.56781
-1.56781
-1.56781
-1.56781
-1.56781
-1.56781
-1.56781
-1.56781
-1.56781
-0.528339
-0.528339
-0.528339
-0.528339
-0.528339
-0.528339
-0.528339
-0.528339
-0.528339
-0.528339
-0.528339
-0.528339
-0.528339
-0.528339
-0.528339
-0.528339
-0.528339
-0.528339
-0.528339
-0.528339
-0.528339
-0.528339
-0.528339
-0.528339
-0.528339
-0.528339
-0.528339
-0.528339
-0.528339
-0.528339
-0.528339
-0.528339
-0.528339
-0.528339
-0.528339
-0.528339
0.733388
0.733388
0.733388
0.733389
0.733389
0.733389
0.733388
0.733388
0.733388
0.733388
0.733388
0.733388
0.733389
0.733389
0.733389
0.733388
0.733388
0.733388
0.733388
0.733388
0.733388
0.733389
0.733389
0.733389
0.733388
0.733388
0.733388
0.733388
0.733388
0.733388
0.733389
0.733389
0.733389
0.733388
0.733388
0.733388
)
;

boundaryField
{
    fixed
    {
        type            calculated;
        value           nonuniform List<scalar> 
108
(
-1.08652
-1.08652
-1.08652
-1.08652
-1.08652
-1.08652
-1.08652
-1.08652
-1.08652
-1.08652
-1.08652
-1.08652
-1.08652
-1.08652
-1.08652
-1.08652
-1.08652
-1.08652
-1.08652
-1.08652
-1.08652
-1.08652
-1.08652
-1.08652
-1.08652
-1.08652
-1.08652
-1.08652
-1.08652
-1.08652
-1.08652
-1.08652
-1.08652
-1.08652
-1.08652
-1.08652
-0.139295
-0.139295
-0.139294
-0.139298
-0.139302
-0.139298
-0.139294
-0.139295
-0.139295
-0.139295
-0.139295
-0.139294
-0.139298
-0.139302
-0.139298
-0.139294
-0.139295
-0.139295
-0.139295
-0.139295
-0.139294
-0.139298
-0.139302
-0.139298
-0.139294
-0.139295
-0.139295
-0.139295
-0.139295
-0.139294
-0.139298
-0.139302
-0.139298
-0.139294
-0.139295
-0.139295
0.936866
0.936866
0.936867
0.936866
0.936862
0.936866
0.936867
0.936866
0.936866
0.936866
0.936866
0.936867
0.936866
0.936862
0.936866
0.936867
0.936866
0.936866
0.936866
0.936866
0.936867
0.936866
0.936862
0.936866
0.936867
0.936866
0.936866
0.936866
0.936866
0.936867
0.936866
0.936862
0.936866
0.936867
0.936866
0.936866
)
;
    }
    inside
    {
        type            calculated;
        value           uniform 1.5708;
    }
    outside
    {
        type            calculated;
        value           uniform -1.5708;
    }
}


// ************************************************************************* //
