/*--------------------------------*- C++ -*----------------------------------*\
| =========                 |                                                 |
| \\      /  F ield         | OpenFOAM: The Open Source CFD Toolbox           |
|  \\    /   O peration     | Version:  2312                                  |
|   \\  /    A nd           | Website:  www.openfoam.com                      |
|    \\/     M anipulation  |                                                 |
\*---------------------------------------------------------------------------*/
FoamFile
{
    version     2.0;
    format      ascii;
    arch        "LSB;label=32;scalar=64";
    class       volScalarField;
    location    "0";
    object      rs;
}
// * * * * * * * * * * * * * * * * * * * * * * * * * * * * * * * * * * * * * //

dimensions      [0 0 0 0 0 0 0];

internalField   nonuniform List<scalar> 
1620
(
0.00953755
0.00953755
0.00953755
0.00953755
0.00953755
0.00953755
0.00953755
0.00953755
0.00953755
0.00953755
0.00953755
0.00953755
0.00953755
0.00953755
0.00953755
0.00953755
0.00953755
0.00953755
0.00953755
0.00953755
0.00953755
0.00953755
0.00953755
0.00953755
0.00953755
0.00953755
0.00953755
0.00953755
0.00953755
0.00953755
0.00953755
0.00953755
0.00953755
0.00953755
0.00953755
0.00953755
0.00863302
0.00863302
0.00863302
0.00863302
0.00863302
0.00863302
0.00863302
0.00863302
0.00863302
0.00863302
0.00863302
0.00863302
0.00863302
0.00863302
0.00863302
0.00863302
0.00863302
0.00863302
0.00863302
0.00863302
0.00863302
0.00863302
0.00863302
0.00863302
0.00863302
0.00863302
0.00863302
0.00863302
0.00863302
0.00863302
0.00863302
0.00863302
0.00863302
0.00863302
0.00863302
0.00863302
0.00760536
0.00760536
0.00760536
0.00760536
0.00760536
0.00760536
0.00760536
0.00760536
0.00760536
0.00760536
0.00760536
0.00760536
0.00760536
0.00760536
0.00760536
0.00760536
0.00760536
0.00760536
0.00760536
0.00760536
0.00760536
0.00760536
0.00760536
0.00760536
0.00760536
0.00760536
0.00760536
0.00760536
0.00760536
0.00760536
0.00760536
0.00760536
0.00760536
0.00760536
0.00760536
0.00760536
0.00961351
0.00961352
0.00961351
0.00961352
0.00961352
0.00961352
0.00961351
0.00961352
0.00961351
0.00961351
0.00961352
0.00961351
0.00961352
0.00961352
0.00961352
0.00961351
0.00961352
0.00961351
0.00961351
0.00961352
0.00961351
0.00961352
0.00961352
0.00961352
0.00961351
0.00961352
0.00961351
0.00961351
0.00961352
0.00961351
0.00961352
0.00961352
0.00961352
0.00961351
0.00961352
0.00961351
0.00867359
0.00867359
0.00867359
0.0086736
0.00867359
0.0086736
0.00867359
0.00867359
0.00867359
0.00867359
0.00867359
0.00867359
0.0086736
0.00867359
0.0086736
0.00867359
0.00867359
0.00867359
0.00867359
0.00867359
0.00867359
0.0086736
0.00867359
0.0086736
0.00867359
0.00867359
0.00867359
0.00867359
0.00867359
0.00867359
0.0086736
0.00867359
0.0086736
0.00867359
0.00867359
0.00867359
0.00762026
0.00762026
0.00762026
0.00762026
0.00762026
0.00762026
0.00762026
0.00762026
0.00762026
0.00762026
0.00762026
0.00762026
0.00762026
0.00762026
0.00762026
0.00762026
0.00762026
0.00762026
0.00762026
0.00762026
0.00762026
0.00762026
0.00762026
0.00762026
0.00762026
0.00762026
0.00762026
0.00762026
0.00762026
0.00762026
0.00762026
0.00762026
0.00762026
0.00762026
0.00762026
0.00762026
0.00961323
0.00961324
0.00961324
0.00961324
0.00961323
0.00961324
0.00961324
0.00961324
0.00961323
0.00961323
0.00961324
0.00961324
0.00961324
0.00961323
0.00961324
0.00961324
0.00961324
0.00961323
0.00961323
0.00961324
0.00961324
0.00961324
0.00961323
0.00961324
0.00961324
0.00961324
0.00961323
0.00961323
0.00961324
0.00961324
0.00961324
0.00961323
0.00961324
0.00961324
0.00961324
0.00961323
0.0086827
0.00868271
0.00868271
0.00868271
0.0086827
0.00868271
0.00868271
0.00868271
0.0086827
0.0086827
0.00868271
0.00868271
0.00868271
0.0086827
0.00868271
0.00868271
0.00868271
0.0086827
0.0086827
0.00868271
0.00868271
0.00868271
0.0086827
0.00868271
0.00868271
0.00868271
0.0086827
0.0086827
0.00868271
0.00868271
0.00868271
0.0086827
0.00868271
0.00868271
0.00868271
0.0086827
0.00762713
0.00762713
0.00762713
0.00762713
0.00762713
0.00762713
0.00762713
0.00762713
0.00762713
0.00762713
0.00762713
0.00762713
0.00762713
0.00762713
0.00762713
0.00762713
0.00762713
0.00762713
0.00762713
0.00762713
0.00762713
0.00762713
0.00762713
0.00762713
0.00762713
0.00762713
0.00762713
0.00762713
0.00762713
0.00762713
0.00762713
0.00762713
0.00762713
0.00762713
0.00762713
0.00762713
0.00960662
0.00960662
0.00960662
0.00960662
0.00960662
0.00960662
0.00960662
0.00960662
0.00960662
0.00960662
0.00960662
0.00960662
0.00960662
0.00960662
0.00960662
0.00960662
0.00960662
0.00960662
0.00960662
0.00960662
0.00960662
0.00960662
0.00960662
0.00960662
0.00960662
0.00960662
0.00960662
0.00960662
0.00960662
0.00960662
0.00960662
0.00960662
0.00960662
0.00960662
0.00960662
0.00960662
0.00868588
0.00868588
0.00868588
0.00868588
0.00868589
0.00868588
0.00868588
0.00868588
0.00868588
0.00868588
0.00868588
0.00868588
0.00868588
0.00868589
0.00868588
0.00868588
0.00868588
0.00868588
0.00868588
0.00868588
0.00868588
0.00868588
0.00868589
0.00868588
0.00868588
0.00868588
0.00868588
0.00868588
0.00868588
0.00868588
0.00868588
0.00868589
0.00868588
0.00868588
0.00868588
0.00868588
0.00763217
0.00763218
0.00763218
0.00763217
0.00763218
0.00763217
0.00763218
0.00763218
0.00763217
0.00763217
0.00763218
0.00763218
0.00763217
0.00763218
0.00763217
0.00763218
0.00763218
0.00763217
0.00763217
0.00763218
0.00763218
0.00763217
0.00763218
0.00763217
0.00763218
0.00763218
0.00763217
0.00763217
0.00763218
0.00763218
0.00763217
0.00763218
0.00763217
0.00763218
0.00763218
0.00763217
0.00960059
0.00960059
0.00960059
0.00960059
0.00960059
0.00960059
0.00960059
0.00960059
0.00960059
0.00960059
0.00960059
0.00960059
0.00960059
0.00960059
0.00960059
0.00960059
0.00960059
0.00960059
0.00960059
0.00960059
0.00960059
0.00960059
0.00960059
0.00960059
0.00960059
0.00960059
0.00960059
0.00960059
0.00960059
0.00960059
0.00960059
0.00960059
0.00960059
0.00960059
0.00960059
0.00960059
0.00868936
0.00868936
0.00868936
0.00868936
0.00868936
0.00868936
0.00868936
0.00868936
0.00868936
0.00868936
0.00868936
0.00868936
0.00868936
0.00868936
0.00868936
0.00868936
0.00868936
0.00868936
0.00868936
0.00868936
0.00868936
0.00868936
0.00868936
0.00868936
0.00868936
0.00868936
0.00868936
0.00868936
0.00868936
0.00868936
0.00868936
0.00868936
0.00868936
0.00868936
0.00868936
0.00868936
0.00763765
0.00763765
0.00763765
0.00763765
0.00763765
0.00763765
0.00763765
0.00763765
0.00763765
0.00763765
0.00763765
0.00763765
0.00763765
0.00763765
0.00763765
0.00763765
0.00763765
0.00763765
0.00763765
0.00763765
0.00763765
0.00763765
0.00763765
0.00763765
0.00763765
0.00763765
0.00763765
0.00763765
0.00763765
0.00763765
0.00763765
0.00763765
0.00763765
0.00763765
0.00763765
0.00763765
0.0095961
0.0095961
0.0095961
0.0095961
0.0095961
0.0095961
0.0095961
0.0095961
0.0095961
0.0095961
0.0095961
0.0095961
0.0095961
0.0095961
0.0095961
0.0095961
0.0095961
0.0095961
0.0095961
0.0095961
0.0095961
0.0095961
0.0095961
0.0095961
0.0095961
0.0095961
0.0095961
0.0095961
0.0095961
0.0095961
0.0095961
0.0095961
0.0095961
0.0095961
0.0095961
0.0095961
0.00869422
0.00869422
0.00869422
0.00869422
0.00869422
0.00869422
0.00869422
0.00869422
0.00869422
0.00869422
0.00869422
0.00869422
0.00869422
0.00869422
0.00869422
0.00869422
0.00869422
0.00869422
0.00869422
0.00869422
0.00869422
0.00869422
0.00869422
0.00869422
0.00869422
0.00869422
0.00869422
0.00869422
0.00869422
0.00869422
0.00869422
0.00869422
0.00869422
0.00869422
0.00869422
0.00869422
0.00764402
0.00764402
0.00764402
0.00764402
0.00764402
0.00764402
0.00764402
0.00764402
0.00764402
0.00764402
0.00764402
0.00764402
0.00764402
0.00764402
0.00764402
0.00764402
0.00764402
0.00764402
0.00764402
0.00764402
0.00764402
0.00764402
0.00764402
0.00764402
0.00764402
0.00764402
0.00764402
0.00764402
0.00764402
0.00764402
0.00764402
0.00764402
0.00764402
0.00764402
0.00764402
0.00764402
0.00959391
0.00959392
0.00959392
0.00959391
0.00959391
0.00959391
0.00959392
0.00959392
0.00959391
0.00959391
0.00959392
0.00959392
0.00959391
0.00959391
0.00959391
0.00959392
0.00959392
0.00959391
0.00959391
0.00959392
0.00959392
0.00959391
0.00959391
0.00959391
0.00959392
0.00959392
0.00959391
0.00959391
0.00959392
0.00959392
0.00959391
0.00959391
0.00959391
0.00959392
0.00959392
0.00959391
0.0087006
0.0087006
0.0087006
0.0087006
0.0087006
0.0087006
0.0087006
0.0087006
0.0087006
0.0087006
0.0087006
0.0087006
0.0087006
0.0087006
0.0087006
0.0087006
0.0087006
0.0087006
0.0087006
0.0087006
0.0087006
0.0087006
0.0087006
0.0087006
0.0087006
0.0087006
0.0087006
0.0087006
0.0087006
0.0087006
0.0087006
0.0087006
0.0087006
0.0087006
0.0087006
0.0087006
0.00765117
0.00765117
0.00765117
0.00765117
0.00765117
0.00765117
0.00765117
0.00765117
0.00765117
0.00765117
0.00765117
0.00765117
0.00765117
0.00765117
0.00765117
0.00765117
0.00765117
0.00765117
0.00765117
0.00765117
0.00765117
0.00765117
0.00765117
0.00765117
0.00765117
0.00765117
0.00765117
0.00765117
0.00765117
0.00765117
0.00765117
0.00765117
0.00765117
0.00765117
0.00765117
0.00765117
0.00959489
0.0095949
0.00959489
0.00959489
0.00959489
0.00959489
0.00959489
0.0095949
0.00959489
0.00959489
0.0095949
0.00959489
0.00959489
0.00959489
0.00959489
0.00959489
0.0095949
0.00959489
0.00959489
0.0095949
0.00959489
0.00959489
0.00959489
0.00959489
0.00959489
0.0095949
0.00959489
0.00959489
0.0095949
0.00959489
0.00959489
0.00959489
0.00959489
0.00959489
0.0095949
0.00959489
0.00870877
0.00870878
0.00870877
0.00870877
0.00870877
0.00870877
0.00870877
0.00870878
0.00870877
0.00870877
0.00870878
0.00870877
0.00870877
0.00870877
0.00870877
0.00870877
0.00870878
0.00870877
0.00870877
0.00870878
0.00870877
0.00870877
0.00870877
0.00870877
0.00870877
0.00870878
0.00870877
0.00870877
0.00870878
0.00870877
0.00870877
0.00870877
0.00870877
0.00870877
0.00870878
0.00870877
0.00765916
0.00765916
0.00765916
0.00765916
0.00765915
0.00765916
0.00765916
0.00765916
0.00765916
0.00765916
0.00765916
0.00765916
0.00765916
0.00765915
0.00765916
0.00765916
0.00765916
0.00765916
0.00765916
0.00765916
0.00765916
0.00765916
0.00765915
0.00765916
0.00765916
0.00765916
0.00765916
0.00765916
0.00765916
0.00765916
0.00765916
0.00765915
0.00765916
0.00765916
0.00765916
0.00765916
0.00960061
0.00960062
0.00960061
0.00960062
0.00960062
0.00960062
0.00960061
0.00960062
0.00960061
0.00960061
0.00960062
0.00960061
0.00960062
0.00960062
0.00960062
0.00960061
0.00960062
0.00960061
0.00960061
0.00960062
0.00960061
0.00960062
0.00960062
0.00960062
0.00960061
0.00960062
0.00960061
0.00960061
0.00960062
0.00960061
0.00960062
0.00960062
0.00960062
0.00960061
0.00960062
0.00960061
0.00871937
0.00871938
0.00871937
0.00871938
0.00871938
0.00871938
0.00871937
0.00871938
0.00871937
0.00871937
0.00871938
0.00871937
0.00871938
0.00871938
0.00871938
0.00871937
0.00871938
0.00871937
0.00871937
0.00871938
0.00871937
0.00871938
0.00871938
0.00871938
0.00871937
0.00871938
0.00871937
0.00871937
0.00871938
0.00871937
0.00871938
0.00871938
0.00871938
0.00871937
0.00871938
0.00871937
0.00766816
0.00766817
0.00766816
0.00766817
0.00766817
0.00766817
0.00766816
0.00766817
0.00766816
0.00766816
0.00766817
0.00766816
0.00766817
0.00766817
0.00766817
0.00766816
0.00766817
0.00766816
0.00766816
0.00766817
0.00766816
0.00766817
0.00766817
0.00766817
0.00766816
0.00766817
0.00766816
0.00766816
0.00766817
0.00766816
0.00766817
0.00766817
0.00766817
0.00766816
0.00766817
0.00766816
0.00961405
0.00961405
0.00961405
0.00961405
0.00961405
0.00961405
0.00961405
0.00961405
0.00961405
0.00961405
0.00961405
0.00961405
0.00961405
0.00961405
0.00961405
0.00961405
0.00961405
0.00961405
0.00961405
0.00961405
0.00961405
0.00961405
0.00961405
0.00961405
0.00961405
0.00961405
0.00961405
0.00961405
0.00961405
0.00961405
0.00961405
0.00961405
0.00961405
0.00961405
0.00961405
0.00961405
0.00873399
0.00873399
0.00873399
0.00873399
0.00873399
0.00873399
0.00873399
0.00873399
0.00873399
0.00873399
0.00873399
0.00873399
0.00873399
0.00873399
0.00873399
0.00873399
0.00873399
0.00873399
0.00873399
0.00873399
0.00873399
0.00873399
0.00873399
0.00873399
0.00873399
0.00873399
0.00873399
0.00873399
0.00873399
0.00873399
0.00873399
0.00873399
0.00873399
0.00873399
0.00873399
0.00873399
0.00767855
0.00767855
0.00767855
0.00767855
0.00767855
0.00767855
0.00767855
0.00767855
0.00767855
0.00767855
0.00767855
0.00767855
0.00767855
0.00767855
0.00767855
0.00767855
0.00767855
0.00767855
0.00767855
0.00767855
0.00767855
0.00767855
0.00767855
0.00767855
0.00767855
0.00767855
0.00767855
0.00767855
0.00767855
0.00767855
0.00767855
0.00767855
0.00767855
0.00767855
0.00767855
0.00767855
0.00963996
0.00963995
0.00963995
0.00963995
0.00963995
0.00963995
0.00963995
0.00963995
0.00963996
0.00963996
0.00963995
0.00963995
0.00963995
0.00963995
0.00963995
0.00963995
0.00963995
0.00963996
0.00963996
0.00963995
0.00963995
0.00963995
0.00963995
0.00963995
0.00963995
0.00963995
0.00963996
0.00963996
0.00963995
0.00963995
0.00963995
0.00963995
0.00963995
0.00963995
0.00963995
0.00963996
0.00875539
0.00875539
0.00875539
0.00875539
0.00875539
0.00875539
0.00875539
0.00875539
0.00875539
0.00875539
0.00875539
0.00875539
0.00875539
0.00875539
0.00875539
0.00875539
0.00875539
0.00875539
0.00875539
0.00875539
0.00875539
0.00875539
0.00875539
0.00875539
0.00875539
0.00875539
0.00875539
0.00875539
0.00875539
0.00875539
0.00875539
0.00875539
0.00875539
0.00875539
0.00875539
0.00875539
0.00769142
0.00769142
0.00769142
0.00769142
0.00769142
0.00769142
0.00769142
0.00769142
0.00769142
0.00769142
0.00769142
0.00769142
0.00769142
0.00769142
0.00769142
0.00769142
0.00769142
0.00769142
0.00769142
0.00769142
0.00769142
0.00769142
0.00769142
0.00769142
0.00769142
0.00769142
0.00769142
0.00769142
0.00769142
0.00769142
0.00769142
0.00769142
0.00769142
0.00769142
0.00769142
0.00769142
0.00968561
0.0096856
0.00968561
0.0096856
0.0096856
0.0096856
0.00968561
0.0096856
0.00968561
0.00968561
0.0096856
0.00968561
0.0096856
0.0096856
0.0096856
0.00968561
0.0096856
0.00968561
0.00968561
0.0096856
0.00968561
0.0096856
0.0096856
0.0096856
0.00968561
0.0096856
0.00968561
0.00968561
0.0096856
0.00968561
0.0096856
0.0096856
0.0096856
0.00968561
0.0096856
0.00968561
0.00878896
0.00878896
0.00878896
0.00878896
0.00878896
0.00878896
0.00878896
0.00878896
0.00878896
0.00878896
0.00878896
0.00878896
0.00878896
0.00878896
0.00878896
0.00878896
0.00878896
0.00878896
0.00878896
0.00878896
0.00878896
0.00878896
0.00878896
0.00878896
0.00878896
0.00878896
0.00878896
0.00878896
0.00878896
0.00878896
0.00878896
0.00878896
0.00878896
0.00878896
0.00878896
0.00878896
0.00770873
0.00770873
0.00770873
0.00770873
0.00770873
0.00770873
0.00770873
0.00770873
0.00770873
0.00770873
0.00770873
0.00770873
0.00770873
0.00770873
0.00770873
0.00770873
0.00770873
0.00770873
0.00770873
0.00770873
0.00770873
0.00770873
0.00770873
0.00770873
0.00770873
0.00770873
0.00770873
0.00770873
0.00770873
0.00770873
0.00770873
0.00770873
0.00770873
0.00770873
0.00770873
0.00770873
0.00975841
0.00975841
0.00975841
0.00975841
0.00975841
0.00975841
0.00975841
0.00975841
0.00975841
0.00975841
0.00975841
0.00975841
0.00975841
0.00975841
0.00975841
0.00975841
0.00975841
0.00975841
0.00975841
0.00975841
0.00975841
0.00975841
0.00975841
0.00975841
0.00975841
0.00975841
0.00975841
0.00975841
0.00975841
0.00975841
0.00975841
0.00975841
0.00975841
0.00975841
0.00975841
0.00975841
0.00884154
0.00884154
0.00884154
0.00884154
0.00884154
0.00884154
0.00884154
0.00884154
0.00884154
0.00884154
0.00884154
0.00884154
0.00884154
0.00884154
0.00884154
0.00884154
0.00884154
0.00884154
0.00884154
0.00884154
0.00884154
0.00884154
0.00884154
0.00884154
0.00884154
0.00884154
0.00884154
0.00884154
0.00884154
0.00884154
0.00884154
0.00884154
0.00884154
0.00884154
0.00884154
0.00884154
0.007733
0.007733
0.007733
0.007733
0.007733
0.007733
0.007733
0.007733
0.007733
0.007733
0.007733
0.007733
0.007733
0.007733
0.007733
0.007733
0.007733
0.007733
0.007733
0.007733
0.007733
0.007733
0.007733
0.007733
0.007733
0.007733
0.007733
0.007733
0.007733
0.007733
0.007733
0.007733
0.007733
0.007733
0.007733
0.007733
0.00985287
0.00985288
0.00985288
0.00985288
0.00985288
0.00985288
0.00985288
0.00985288
0.00985287
0.00985287
0.00985288
0.00985288
0.00985288
0.00985288
0.00985288
0.00985288
0.00985288
0.00985287
0.00985287
0.00985288
0.00985288
0.00985288
0.00985288
0.00985288
0.00985288
0.00985288
0.00985287
0.00985287
0.00985288
0.00985288
0.00985288
0.00985288
0.00985288
0.00985288
0.00985288
0.00985287
0.00891686
0.00891686
0.00891686
0.00891686
0.00891686
0.00891686
0.00891686
0.00891686
0.00891686
0.00891686
0.00891686
0.00891686
0.00891686
0.00891686
0.00891686
0.00891686
0.00891686
0.00891686
0.00891686
0.00891686
0.00891686
0.00891686
0.00891686
0.00891686
0.00891686
0.00891686
0.00891686
0.00891686
0.00891686
0.00891686
0.00891686
0.00891686
0.00891686
0.00891686
0.00891686
0.00891686
0.00776592
0.00776592
0.00776592
0.00776592
0.00776592
0.00776592
0.00776592
0.00776592
0.00776592
0.00776592
0.00776592
0.00776592
0.00776592
0.00776592
0.00776592
0.00776592
0.00776592
0.00776592
0.00776592
0.00776592
0.00776592
0.00776592
0.00776592
0.00776592
0.00776592
0.00776592
0.00776592
0.00776592
0.00776592
0.00776592
0.00776592
0.00776592
0.00776592
0.00776592
0.00776592
0.00776592
0.00999715
0.00999715
0.00999715
0.00999715
0.00999715
0.00999715
0.00999715
0.00999715
0.00999715
0.00999715
0.00999715
0.00999715
0.00999715
0.00999715
0.00999715
0.00999715
0.00999715
0.00999715
0.00999715
0.00999715
0.00999715
0.00999715
0.00999715
0.00999715
0.00999715
0.00999715
0.00999715
0.00999715
0.00999715
0.00999715
0.00999715
0.00999715
0.00999715
0.00999715
0.00999715
0.00999715
0.00900453
0.00900453
0.00900453
0.00900453
0.00900453
0.00900453
0.00900453
0.00900453
0.00900453
0.00900453
0.00900453
0.00900453
0.00900453
0.00900453
0.00900453
0.00900453
0.00900453
0.00900453
0.00900453
0.00900453
0.00900453
0.00900453
0.00900453
0.00900453
0.00900453
0.00900453
0.00900453
0.00900453
0.00900453
0.00900453
0.00900453
0.00900453
0.00900453
0.00900453
0.00900453
0.00900453
0.00779967
0.00779967
0.00779967
0.00779967
0.00779966
0.00779967
0.00779967
0.00779967
0.00779967
0.00779967
0.00779967
0.00779967
0.00779967
0.00779966
0.00779967
0.00779967
0.00779967
0.00779967
0.00779967
0.00779967
0.00779967
0.00779967
0.00779966
0.00779967
0.00779967
0.00779967
0.00779967
0.00779967
0.00779967
0.00779967
0.00779967
0.00779966
0.00779967
0.00779967
0.00779967
0.00779967
)
;

boundaryField
{
    fixed
    {
        type            calculated;
        value           nonuniform List<scalar> 
108
(
0.00953755
0.00953755
0.00953755
0.00953755
0.00953755
0.00953755
0.00953755
0.00953755
0.00953755
0.00953755
0.00953755
0.00953755
0.00953755
0.00953755
0.00953755
0.00953755
0.00953755
0.00953755
0.00953755
0.00953755
0.00953755
0.00953755
0.00953755
0.00953755
0.00953755
0.00953755
0.00953755
0.00953755
0.00953755
0.00953755
0.00953755
0.00953755
0.00953755
0.00953755
0.00953755
0.00953755
0.00863302
0.00863302
0.00863302
0.00863302
0.00863302
0.00863302
0.00863302
0.00863302
0.00863302
0.00863302
0.00863302
0.00863302
0.00863302
0.00863302
0.00863302
0.00863302
0.00863302
0.00863302
0.00863302
0.00863302
0.00863302
0.00863302
0.00863302
0.00863302
0.00863302
0.00863302
0.00863302
0.00863302
0.00863302
0.00863302
0.00863302
0.00863302
0.00863302
0.00863302
0.00863302
0.00863302
0.00760536
0.00760536
0.00760536
0.00760536
0.00760536
0.00760536
0.00760536
0.00760536
0.00760536
0.00760536
0.00760536
0.00760536
0.00760536
0.00760536
0.00760536
0.00760536
0.00760536
0.00760536
0.00760536
0.00760536
0.00760536
0.00760536
0.00760536
0.00760536
0.00760536
0.00760536
0.00760536
0.00760536
0.00760536
0.00760536
0.00760536
0.00760536
0.00760536
0.00760536
0.00760536
0.00760536
)
;
    }
    inside
    {
        type            calculated;
        value           uniform 0.007;
    }
    outside
    {
        type            calculated;
        value           uniform 0.01;
    }
}


// ************************************************************************* //
