/*--------------------------------*- C++ -*----------------------------------*\
| =========                 |                                                 |
| \\      /  F ield         | OpenFOAM: The Open Source CFD Toolbox           |
|  \\    /   O peration     | Version:  2312                                  |
|   \\  /    A nd           | Website:  www.openfoam.com                      |
|    \\/     M anipulation  |                                                 |
\*---------------------------------------------------------------------------*/
FoamFile
{
    version     2.0;
    format      ascii;
    arch        "LSB;label=32;scalar=64";
    class       volScalarField;
    location    "0";
    object      rl;
}
// * * * * * * * * * * * * * * * * * * * * * * * * * * * * * * * * * * * * * //

dimensions      [0 0 0 0 0 0 0];

internalField   nonuniform List<scalar> 
1620
(
0.0959213
0.0959213
0.0959213
0.0959213
0.0959213
0.0959213
0.0959213
0.0959213
0.0959213
0.0959213
0.0959213
0.0959213
0.0959213
0.0959213
0.0959213
0.0959213
0.0959213
0.0959213
0.0959213
0.0959213
0.0959213
0.0959213
0.0959213
0.0959213
0.0959213
0.0959213
0.0959213
0.0959213
0.0959213
0.0959213
0.0959213
0.0959213
0.0959213
0.0959213
0.0959213
0.0959213
0.0938103
0.0938103
0.0938103
0.0938104
0.0938104
0.0938104
0.0938103
0.0938103
0.0938103
0.0938103
0.0938103
0.0938103
0.0938104
0.0938104
0.0938104
0.0938103
0.0938103
0.0938103
0.0938103
0.0938103
0.0938103
0.0938104
0.0938104
0.0938104
0.0938103
0.0938103
0.0938103
0.0938103
0.0938103
0.0938103
0.0938104
0.0938104
0.0938104
0.0938103
0.0938103
0.0938103
0.0914126
0.0914126
0.0914126
0.0914126
0.0914127
0.0914126
0.0914126
0.0914126
0.0914126
0.0914126
0.0914126
0.0914126
0.0914126
0.0914127
0.0914126
0.0914126
0.0914126
0.0914126
0.0914126
0.0914126
0.0914126
0.0914126
0.0914127
0.0914126
0.0914126
0.0914126
0.0914126
0.0914126
0.0914126
0.0914126
0.0914126
0.0914127
0.0914126
0.0914126
0.0914126
0.0914126
0.0960963
0.0960964
0.0960964
0.0960964
0.0960964
0.0960964
0.0960964
0.0960964
0.0960963
0.0960963
0.0960964
0.0960964
0.0960964
0.0960964
0.0960964
0.0960964
0.0960964
0.0960963
0.0960963
0.0960964
0.0960964
0.0960964
0.0960964
0.0960964
0.0960964
0.0960964
0.0960963
0.0960963
0.0960964
0.0960964
0.0960964
0.0960964
0.0960964
0.0960964
0.0960964
0.0960963
0.0939104
0.0939104
0.0939104
0.0939104
0.0939104
0.0939104
0.0939104
0.0939104
0.0939104
0.0939104
0.0939104
0.0939104
0.0939104
0.0939104
0.0939104
0.0939104
0.0939104
0.0939104
0.0939104
0.0939104
0.0939104
0.0939104
0.0939104
0.0939104
0.0939104
0.0939104
0.0939104
0.0939104
0.0939104
0.0939104
0.0939104
0.0939104
0.0939104
0.0939104
0.0939104
0.0939104
0.091449
0.091449
0.091449
0.091449
0.091449
0.091449
0.091449
0.091449
0.091449
0.091449
0.091449
0.091449
0.091449
0.091449
0.091449
0.091449
0.091449
0.091449
0.091449
0.091449
0.091449
0.091449
0.091449
0.091449
0.091449
0.091449
0.091449
0.091449
0.091449
0.091449
0.091449
0.091449
0.091449
0.091449
0.091449
0.091449
0.0960971
0.0960971
0.0960971
0.0960972
0.0960971
0.0960972
0.0960971
0.0960971
0.0960971
0.0960971
0.0960971
0.0960971
0.0960972
0.0960971
0.0960972
0.0960971
0.0960971
0.0960971
0.0960971
0.0960971
0.0960971
0.0960972
0.0960971
0.0960972
0.0960971
0.0960971
0.0960971
0.0960971
0.0960971
0.0960971
0.0960972
0.0960971
0.0960972
0.0960971
0.0960971
0.0960971
0.0939283
0.0939283
0.0939283
0.0939283
0.0939283
0.0939283
0.0939283
0.0939283
0.0939283
0.0939283
0.0939283
0.0939283
0.0939283
0.0939283
0.0939283
0.0939283
0.0939283
0.0939283
0.0939283
0.0939283
0.0939283
0.0939283
0.0939283
0.0939283
0.0939283
0.0939283
0.0939283
0.0939283
0.0939283
0.0939283
0.0939283
0.0939283
0.0939283
0.0939283
0.0939283
0.0939283
0.0914641
0.0914641
0.0914641
0.0914641
0.0914641
0.0914641
0.0914641
0.0914641
0.0914641
0.0914641
0.0914641
0.0914641
0.0914641
0.0914641
0.0914641
0.0914641
0.0914641
0.0914641
0.0914641
0.0914641
0.0914641
0.0914641
0.0914641
0.0914641
0.0914641
0.0914641
0.0914641
0.0914641
0.0914641
0.0914641
0.0914641
0.0914641
0.0914641
0.0914641
0.0914641
0.0914641
0.0960821
0.0960821
0.0960821
0.0960821
0.0960821
0.0960821
0.0960821
0.0960821
0.0960821
0.0960821
0.0960821
0.0960821
0.0960821
0.0960821
0.0960821
0.0960821
0.0960821
0.0960821
0.0960821
0.0960821
0.0960821
0.0960821
0.0960821
0.0960821
0.0960821
0.0960821
0.0960821
0.0960821
0.0960821
0.0960821
0.0960821
0.0960821
0.0960821
0.0960821
0.0960821
0.0960821
0.0939346
0.0939346
0.0939346
0.0939346
0.0939347
0.0939346
0.0939346
0.0939346
0.0939346
0.0939346
0.0939346
0.0939346
0.0939346
0.0939347
0.0939346
0.0939346
0.0939346
0.0939346
0.0939346
0.0939346
0.0939346
0.0939346
0.0939347
0.0939346
0.0939346
0.0939346
0.0939346
0.0939346
0.0939346
0.0939346
0.0939346
0.0939347
0.0939346
0.0939346
0.0939346
0.0939346
0.0914755
0.0914755
0.0914755
0.0914755
0.0914755
0.0914755
0.0914755
0.0914755
0.0914755
0.0914755
0.0914755
0.0914755
0.0914755
0.0914755
0.0914755
0.0914755
0.0914755
0.0914755
0.0914755
0.0914755
0.0914755
0.0914755
0.0914755
0.0914755
0.0914755
0.0914755
0.0914755
0.0914755
0.0914755
0.0914755
0.0914755
0.0914755
0.0914755
0.0914755
0.0914755
0.0914755
0.096068
0.096068
0.096068
0.096068
0.096068
0.096068
0.096068
0.096068
0.096068
0.096068
0.096068
0.096068
0.096068
0.096068
0.096068
0.096068
0.096068
0.096068
0.096068
0.096068
0.096068
0.096068
0.096068
0.096068
0.096068
0.096068
0.096068
0.096068
0.096068
0.096068
0.096068
0.096068
0.096068
0.096068
0.096068
0.096068
0.0939434
0.0939434
0.0939433
0.0939433
0.0939434
0.0939433
0.0939433
0.0939434
0.0939434
0.0939434
0.0939434
0.0939433
0.0939433
0.0939434
0.0939433
0.0939433
0.0939434
0.0939434
0.0939434
0.0939434
0.0939433
0.0939433
0.0939434
0.0939433
0.0939433
0.0939434
0.0939434
0.0939434
0.0939434
0.0939433
0.0939433
0.0939434
0.0939433
0.0939433
0.0939434
0.0939434
0.0914885
0.0914885
0.0914885
0.0914885
0.0914885
0.0914885
0.0914885
0.0914885
0.0914885
0.0914885
0.0914885
0.0914885
0.0914885
0.0914885
0.0914885
0.0914885
0.0914885
0.0914885
0.0914885
0.0914885
0.0914885
0.0914885
0.0914885
0.0914885
0.0914885
0.0914885
0.0914885
0.0914885
0.0914885
0.0914885
0.0914885
0.0914885
0.0914885
0.0914885
0.0914885
0.0914885
0.0960571
0.0960571
0.0960571
0.0960571
0.0960571
0.0960571
0.0960571
0.0960571
0.0960571
0.0960571
0.0960571
0.0960571
0.0960571
0.0960571
0.0960571
0.0960571
0.0960571
0.0960571
0.0960571
0.0960571
0.0960571
0.0960571
0.0960571
0.0960571
0.0960571
0.0960571
0.0960571
0.0960571
0.0960571
0.0960571
0.0960571
0.0960571
0.0960571
0.0960571
0.0960571
0.0960571
0.093958
0.093958
0.093958
0.093958
0.093958
0.093958
0.093958
0.093958
0.093958
0.093958
0.093958
0.093958
0.093958
0.093958
0.093958
0.093958
0.093958
0.093958
0.093958
0.093958
0.093958
0.093958
0.093958
0.093958
0.093958
0.093958
0.093958
0.093958
0.093958
0.093958
0.093958
0.093958
0.093958
0.093958
0.093958
0.093958
0.0915048
0.0915048
0.0915048
0.0915048
0.0915048
0.0915048
0.0915048
0.0915048
0.0915048
0.0915048
0.0915048
0.0915048
0.0915048
0.0915048
0.0915048
0.0915048
0.0915048
0.0915048
0.0915048
0.0915048
0.0915048
0.0915048
0.0915048
0.0915048
0.0915048
0.0915048
0.0915048
0.0915048
0.0915048
0.0915048
0.0915048
0.0915048
0.0915048
0.0915048
0.0915048
0.0915048
0.0960506
0.0960506
0.0960506
0.0960506
0.0960506
0.0960506
0.0960506
0.0960506
0.0960506
0.0960506
0.0960506
0.0960506
0.0960506
0.0960506
0.0960506
0.0960506
0.0960506
0.0960506
0.0960506
0.0960506
0.0960506
0.0960506
0.0960506
0.0960506
0.0960506
0.0960506
0.0960506
0.0960506
0.0960506
0.0960506
0.0960506
0.0960506
0.0960506
0.0960506
0.0960506
0.0960506
0.0939821
0.0939821
0.0939821
0.0939821
0.0939821
0.0939821
0.0939821
0.0939821
0.0939821
0.0939821
0.0939821
0.0939821
0.0939821
0.0939821
0.0939821
0.0939821
0.0939821
0.0939821
0.0939821
0.0939821
0.0939821
0.0939821
0.0939821
0.0939821
0.0939821
0.0939821
0.0939821
0.0939821
0.0939821
0.0939821
0.0939821
0.0939821
0.0939821
0.0939821
0.0939821
0.0939821
0.0915252
0.0915252
0.0915252
0.0915252
0.0915252
0.0915252
0.0915252
0.0915252
0.0915252
0.0915252
0.0915252
0.0915252
0.0915252
0.0915252
0.0915252
0.0915252
0.0915252
0.0915252
0.0915252
0.0915252
0.0915252
0.0915252
0.0915252
0.0915252
0.0915252
0.0915252
0.0915252
0.0915252
0.0915252
0.0915252
0.0915252
0.0915252
0.0915252
0.0915252
0.0915252
0.0915252
0.0960496
0.0960496
0.0960496
0.0960496
0.0960496
0.0960496
0.0960496
0.0960496
0.0960496
0.0960496
0.0960496
0.0960496
0.0960496
0.0960496
0.0960496
0.0960496
0.0960496
0.0960496
0.0960496
0.0960496
0.0960496
0.0960496
0.0960496
0.0960496
0.0960496
0.0960496
0.0960496
0.0960496
0.0960496
0.0960496
0.0960496
0.0960496
0.0960496
0.0960496
0.0960496
0.0960496
0.094021
0.094021
0.094021
0.094021
0.094021
0.094021
0.094021
0.094021
0.094021
0.094021
0.094021
0.094021
0.094021
0.094021
0.094021
0.094021
0.094021
0.094021
0.094021
0.094021
0.094021
0.094021
0.094021
0.094021
0.094021
0.094021
0.094021
0.094021
0.094021
0.094021
0.094021
0.094021
0.094021
0.094021
0.094021
0.094021
0.0915517
0.0915517
0.0915517
0.0915517
0.0915517
0.0915517
0.0915517
0.0915517
0.0915517
0.0915517
0.0915517
0.0915517
0.0915517
0.0915517
0.0915517
0.0915517
0.0915517
0.0915517
0.0915517
0.0915517
0.0915517
0.0915517
0.0915517
0.0915517
0.0915517
0.0915517
0.0915517
0.0915517
0.0915517
0.0915517
0.0915517
0.0915517
0.0915517
0.0915517
0.0915517
0.0915517
0.0960568
0.0960569
0.0960568
0.0960569
0.0960568
0.0960569
0.0960568
0.0960569
0.0960568
0.0960568
0.0960569
0.0960568
0.0960569
0.0960568
0.0960569
0.0960568
0.0960569
0.0960568
0.0960568
0.0960569
0.0960568
0.0960569
0.0960568
0.0960569
0.0960568
0.0960569
0.0960568
0.0960568
0.0960569
0.0960568
0.0960569
0.0960568
0.0960569
0.0960568
0.0960569
0.0960568
0.0940801
0.0940801
0.0940801
0.0940801
0.0940801
0.0940801
0.0940801
0.0940801
0.0940801
0.0940801
0.0940801
0.0940801
0.0940801
0.0940801
0.0940801
0.0940801
0.0940801
0.0940801
0.0940801
0.0940801
0.0940801
0.0940801
0.0940801
0.0940801
0.0940801
0.0940801
0.0940801
0.0940801
0.0940801
0.0940801
0.0940801
0.0940801
0.0940801
0.0940801
0.0940801
0.0940801
0.0915861
0.0915861
0.0915861
0.0915861
0.0915861
0.0915861
0.0915861
0.0915861
0.0915861
0.0915861
0.0915861
0.0915861
0.0915861
0.0915861
0.0915861
0.0915861
0.0915861
0.0915861
0.0915861
0.0915861
0.0915861
0.0915861
0.0915861
0.0915861
0.0915861
0.0915861
0.0915861
0.0915861
0.0915861
0.0915861
0.0915861
0.0915861
0.0915861
0.0915861
0.0915861
0.0915861
0.0960788
0.0960788
0.0960788
0.0960788
0.0960788
0.0960788
0.0960788
0.0960788
0.0960788
0.0960788
0.0960788
0.0960788
0.0960788
0.0960788
0.0960788
0.0960788
0.0960788
0.0960788
0.0960788
0.0960788
0.0960788
0.0960788
0.0960788
0.0960788
0.0960788
0.0960788
0.0960788
0.0960788
0.0960788
0.0960788
0.0960788
0.0960788
0.0960788
0.0960788
0.0960788
0.0960788
0.0941629
0.0941629
0.0941629
0.0941629
0.0941629
0.0941629
0.0941629
0.0941629
0.0941629
0.0941629
0.0941629
0.0941629
0.0941629
0.0941629
0.0941629
0.0941629
0.0941629
0.0941629
0.0941629
0.0941629
0.0941629
0.0941629
0.0941629
0.0941629
0.0941629
0.0941629
0.0941629
0.0941629
0.0941629
0.0941629
0.0941629
0.0941629
0.0941629
0.0941629
0.0941629
0.0941629
0.0916291
0.0916291
0.0916291
0.0916291
0.0916291
0.0916291
0.0916291
0.0916291
0.0916291
0.0916291
0.0916291
0.0916291
0.0916291
0.0916291
0.0916291
0.0916291
0.0916291
0.0916291
0.0916291
0.0916291
0.0916291
0.0916291
0.0916291
0.0916291
0.0916291
0.0916291
0.0916291
0.0916291
0.0916291
0.0916291
0.0916291
0.0916291
0.0916291
0.0916291
0.0916291
0.0916291
0.0961268
0.0961268
0.0961268
0.0961268
0.0961268
0.0961268
0.0961268
0.0961268
0.0961268
0.0961268
0.0961268
0.0961268
0.0961268
0.0961268
0.0961268
0.0961268
0.0961268
0.0961268
0.0961268
0.0961268
0.0961268
0.0961268
0.0961268
0.0961268
0.0961268
0.0961268
0.0961268
0.0961268
0.0961268
0.0961268
0.0961268
0.0961268
0.0961268
0.0961268
0.0961268
0.0961268
0.0942668
0.0942668
0.0942668
0.0942668
0.0942668
0.0942668
0.0942668
0.0942668
0.0942668
0.0942668
0.0942668
0.0942668
0.0942668
0.0942668
0.0942668
0.0942668
0.0942668
0.0942668
0.0942668
0.0942668
0.0942668
0.0942668
0.0942668
0.0942668
0.0942668
0.0942668
0.0942668
0.0942668
0.0942668
0.0942668
0.0942668
0.0942668
0.0942668
0.0942668
0.0942668
0.0942668
0.0916796
0.0916796
0.0916796
0.0916796
0.0916796
0.0916796
0.0916796
0.0916796
0.0916796
0.0916796
0.0916796
0.0916796
0.0916796
0.0916796
0.0916796
0.0916796
0.0916796
0.0916796
0.0916796
0.0916796
0.0916796
0.0916796
0.0916796
0.0916796
0.0916796
0.0916796
0.0916796
0.0916796
0.0916796
0.0916796
0.0916796
0.0916796
0.0916796
0.0916796
0.0916796
0.0916796
0.0962205
0.0962205
0.0962205
0.0962205
0.0962205
0.0962205
0.0962205
0.0962205
0.0962205
0.0962205
0.0962205
0.0962205
0.0962205
0.0962205
0.0962205
0.0962205
0.0962205
0.0962205
0.0962205
0.0962205
0.0962205
0.0962205
0.0962205
0.0962205
0.0962205
0.0962205
0.0962205
0.0962205
0.0962205
0.0962205
0.0962205
0.0962205
0.0962205
0.0962205
0.0962205
0.0962205
0.0943844
0.0943844
0.0943844
0.0943844
0.0943844
0.0943844
0.0943844
0.0943844
0.0943844
0.0943844
0.0943844
0.0943844
0.0943844
0.0943844
0.0943844
0.0943844
0.0943844
0.0943844
0.0943844
0.0943844
0.0943844
0.0943844
0.0943844
0.0943844
0.0943844
0.0943844
0.0943844
0.0943844
0.0943844
0.0943844
0.0943844
0.0943844
0.0943844
0.0943844
0.0943844
0.0943844
0.0917345
0.0917345
0.0917345
0.0917345
0.0917345
0.0917345
0.0917345
0.0917345
0.0917345
0.0917345
0.0917345
0.0917345
0.0917345
0.0917345
0.0917345
0.0917345
0.0917345
0.0917345
0.0917345
0.0917345
0.0917345
0.0917345
0.0917345
0.0917345
0.0917345
0.0917345
0.0917345
0.0917345
0.0917345
0.0917345
0.0917345
0.0917345
0.0917345
0.0917345
0.0917345
0.0917345
0.0963853
0.0963853
0.0963853
0.0963853
0.0963853
0.0963853
0.0963853
0.0963853
0.0963853
0.0963853
0.0963853
0.0963853
0.0963853
0.0963853
0.0963853
0.0963853
0.0963853
0.0963853
0.0963853
0.0963853
0.0963853
0.0963853
0.0963853
0.0963853
0.0963853
0.0963853
0.0963853
0.0963853
0.0963853
0.0963853
0.0963853
0.0963853
0.0963853
0.0963853
0.0963853
0.0963853
0.0945029
0.0945029
0.0945029
0.0945028
0.0945029
0.0945028
0.0945029
0.0945029
0.0945029
0.0945029
0.0945029
0.0945029
0.0945028
0.0945029
0.0945028
0.0945029
0.0945029
0.0945029
0.0945029
0.0945029
0.0945029
0.0945028
0.0945029
0.0945028
0.0945029
0.0945029
0.0945029
0.0945029
0.0945029
0.0945029
0.0945028
0.0945029
0.0945028
0.0945029
0.0945029
0.0945029
0.0917896
0.0917896
0.0917896
0.0917896
0.0917896
0.0917896
0.0917896
0.0917896
0.0917896
0.0917896
0.0917896
0.0917896
0.0917896
0.0917896
0.0917896
0.0917896
0.0917896
0.0917896
0.0917896
0.0917896
0.0917896
0.0917896
0.0917896
0.0917896
0.0917896
0.0917896
0.0917896
0.0917896
0.0917896
0.0917896
0.0917896
0.0917896
0.0917896
0.0917896
0.0917896
0.0917896
0.0966221
0.0966221
0.0966221
0.0966221
0.0966221
0.0966221
0.0966221
0.0966221
0.0966221
0.0966221
0.0966221
0.0966221
0.0966221
0.0966221
0.0966221
0.0966221
0.0966221
0.0966221
0.0966221
0.0966221
0.0966221
0.0966221
0.0966221
0.0966221
0.0966221
0.0966221
0.0966221
0.0966221
0.0966221
0.0966221
0.0966221
0.0966221
0.0966221
0.0966221
0.0966221
0.0966221
0.0946108
0.0946108
0.0946108
0.0946107
0.0946108
0.0946107
0.0946108
0.0946108
0.0946108
0.0946108
0.0946108
0.0946108
0.0946107
0.0946108
0.0946107
0.0946108
0.0946108
0.0946108
0.0946108
0.0946108
0.0946108
0.0946107
0.0946108
0.0946107
0.0946108
0.0946108
0.0946108
0.0946108
0.0946108
0.0946108
0.0946107
0.0946108
0.0946107
0.0946108
0.0946108
0.0946108
0.0918442
0.0918442
0.0918442
0.0918442
0.0918442
0.0918442
0.0918442
0.0918442
0.0918442
0.0918442
0.0918442
0.0918442
0.0918442
0.0918442
0.0918442
0.0918442
0.0918442
0.0918442
0.0918442
0.0918442
0.0918442
0.0918442
0.0918442
0.0918442
0.0918442
0.0918442
0.0918442
0.0918442
0.0918442
0.0918442
0.0918442
0.0918442
0.0918442
0.0918442
0.0918442
0.0918442
0.0969868
0.0969868
0.0969868
0.0969868
0.0969868
0.0969868
0.0969868
0.0969868
0.0969868
0.0969868
0.0969868
0.0969868
0.0969868
0.0969868
0.0969868
0.0969868
0.0969868
0.0969868
0.0969868
0.0969868
0.0969868
0.0969868
0.0969868
0.0969868
0.0969868
0.0969868
0.0969868
0.0969868
0.0969868
0.0969868
0.0969868
0.0969868
0.0969868
0.0969868
0.0969868
0.0969868
0.0947347
0.0947347
0.0947347
0.0947347
0.0947347
0.0947347
0.0947347
0.0947347
0.0947347
0.0947347
0.0947347
0.0947347
0.0947347
0.0947347
0.0947347
0.0947347
0.0947347
0.0947347
0.0947347
0.0947347
0.0947347
0.0947347
0.0947347
0.0947347
0.0947347
0.0947347
0.0947347
0.0947347
0.0947347
0.0947347
0.0947347
0.0947347
0.0947347
0.0947347
0.0947347
0.0947347
0.0918987
0.0918987
0.0918987
0.0918987
0.0918987
0.0918987
0.0918987
0.0918987
0.0918987
0.0918987
0.0918987
0.0918987
0.0918987
0.0918987
0.0918987
0.0918987
0.0918987
0.0918987
0.0918987
0.0918987
0.0918987
0.0918987
0.0918987
0.0918987
0.0918987
0.0918987
0.0918987
0.0918987
0.0918987
0.0918987
0.0918987
0.0918987
0.0918987
0.0918987
0.0918987
0.0918987
)
;

boundaryField
{
    fixed
    {
        type            calculated;
        value           nonuniform List<scalar> 
108
(
0.0959213
0.0959213
0.0959213
0.0959213
0.0959213
0.0959213
0.0959213
0.0959213
0.0959213
0.0959213
0.0959213
0.0959213
0.0959213
0.0959213
0.0959213
0.0959213
0.0959213
0.0959213
0.0959213
0.0959213
0.0959213
0.0959213
0.0959213
0.0959213
0.0959213
0.0959213
0.0959213
0.0959213
0.0959213
0.0959213
0.0959213
0.0959213
0.0959213
0.0959213
0.0959213
0.0959213
0.0938103
0.0938103
0.0938103
0.0938104
0.0938104
0.0938104
0.0938103
0.0938103
0.0938103
0.0938103
0.0938103
0.0938103
0.0938104
0.0938104
0.0938104
0.0938103
0.0938103
0.0938103
0.0938103
0.0938103
0.0938103
0.0938104
0.0938104
0.0938104
0.0938103
0.0938103
0.0938103
0.0938103
0.0938103
0.0938103
0.0938104
0.0938104
0.0938104
0.0938103
0.0938103
0.0938103
0.0914126
0.0914126
0.0914126
0.0914126
0.0914127
0.0914126
0.0914126
0.0914126
0.0914126
0.0914126
0.0914126
0.0914126
0.0914126
0.0914127
0.0914126
0.0914126
0.0914126
0.0914126
0.0914126
0.0914126
0.0914126
0.0914126
0.0914127
0.0914126
0.0914126
0.0914126
0.0914126
0.0914126
0.0914126
0.0914126
0.0914126
0.0914127
0.0914126
0.0914126
0.0914126
0.0914126
)
;
    }
    inside
    {
        type            calculated;
        value           uniform 0.09;
    }
    outside
    {
        type            calculated;
        value           uniform 0.097;
    }
}


// ************************************************************************* //
