/*--------------------------------*- C++ -*----------------------------------*\
| =========                 |                                                 |
| \\      /  F ield         | OpenFOAM: The Open Source CFD Toolbox           |
|  \\    /   O peration     | Version:  2312                                  |
|   \\  /    A nd           | Website:  www.openfoam.com                      |
|    \\/     M anipulation  |                                                 |
\*---------------------------------------------------------------------------*/
FoamFile
{
    version     2.0;
    format      ascii;
    arch        "LSB;label=32;scalar=64";
    class       volVectorField;
    location    "0";
    object      s_d;
}
// * * * * * * * * * * * * * * * * * * * * * * * * * * * * * * * * * * * * * //

dimensions      [0 0 0 0 0 0 0];

internalField   nonuniform List<vector> 
1620
(
(-0.748434 -0.661924 0.0412603)
(-0.74846 -0.659256 0.0720388)
(-0.748508 -0.655458 0.100547)
(-0.748571 -0.650986 0.125933)
(-0.748644 -0.646365 0.147461)
(-0.748717 -0.64215 0.164517)
(-0.748783 -0.638849 0.176624)
(-0.74883 -0.63687 0.18344)
(-0.748856 -0.636457 0.184764)
(-0.748856 -0.637668 0.18054)
(-0.74883 -0.640359 0.170863)
(-0.748783 -0.644199 0.155984)
(-0.748717 -0.648722 0.136317)
(-0.748644 -0.653369 0.112433)
(-0.748571 -0.657577 0.0850504)
(-0.748508 -0.660839 0.0550181)
(-0.74846 -0.662771 0.0232818)
(-0.748434 -0.663146 -0.00915267)
(-0.748434 -0.661924 -0.0412603)
(-0.74846 -0.659256 -0.0720388)
(-0.748508 -0.655458 -0.100547)
(-0.748571 -0.650986 -0.125933)
(-0.748644 -0.646365 -0.147461)
(-0.748717 -0.64215 -0.164517)
(-0.748783 -0.638849 -0.176624)
(-0.74883 -0.63687 -0.18344)
(-0.748856 -0.636457 -0.184764)
(-0.748856 -0.637668 -0.18054)
(-0.74883 -0.640359 -0.170863)
(-0.748783 -0.644199 -0.155984)
(-0.748717 -0.648722 -0.136317)
(-0.748644 -0.653369 -0.112433)
(-0.748571 -0.657577 -0.0850504)
(-0.748508 -0.660839 -0.0550181)
(-0.74846 -0.662771 -0.0232818)
(-0.748434 -0.663146 0.00915267)
(-0.995285 -0.0920209 0.0306437)
(-0.99531 -0.0905475 0.0340482)
(-0.995356 -0.0891296 0.0363651)
(-0.995418 -0.0879412 0.0375538)
(-0.995487 -0.0871201 0.0376135)
(-0.995558 -0.0867601 0.0365741)
(-0.995619 -0.0869067 0.0344886)
(-0.995665 -0.0875458 0.0314245)
(-0.995689 -0.0885982 0.027459)
(-0.995689 -0.0899396 0.0226827)
(-0.995665 -0.0914098 0.0172048)
(-0.995619 -0.0928316 0.0111588)
(-0.995558 -0.0940362 0.00470895)
(-0.995487 -0.094873 -0.00195266)
(-0.995418 -0.0952356 -0.00860856)
(-0.995356 -0.0950827 -0.015026)
(-0.99531 -0.0944363 -0.020974)
(-0.995285 -0.0933721 -0.02624)
(-0.995285 -0.0920209 -0.0306437)
(-0.99531 -0.0905474 -0.0340482)
(-0.995356 -0.0891296 -0.0363651)
(-0.995418 -0.0879412 -0.0375538)
(-0.995487 -0.0871201 -0.0376135)
(-0.995558 -0.0867601 -0.0365741)
(-0.995619 -0.0869067 -0.0344886)
(-0.995665 -0.0875458 -0.0314245)
(-0.995689 -0.0885982 -0.027459)
(-0.995689 -0.0899396 -0.0226827)
(-0.995665 -0.0914098 -0.0172048)
(-0.995619 -0.0928316 -0.0111588)
(-0.995558 -0.0940362 -0.00470895)
(-0.995487 -0.094873 0.00195266)
(-0.995418 -0.0952356 0.00860856)
(-0.995356 -0.0950827 0.015026)
(-0.99531 -0.0944363 0.020974)
(-0.995285 -0.0933721 0.02624)
(-0.811011 0.585007 0.00529)
(-0.811024 0.584583 -0.0224203)
(-0.811049 0.582883 -0.0494602)
(-0.811084 0.580105 -0.0749801)
(-0.811124 0.576575 -0.0981814)
(-0.811161 0.572724 -0.118348)
(-0.811194 0.569012 -0.134867)
(-0.811219 0.565897 -0.147252)
(-0.811233 0.563763 -0.155152)
(-0.811233 0.562872 -0.158355)
(-0.811219 0.56333 -0.156786)
(-0.811194 0.565077 -0.150507)
(-0.811161 0.567892 -0.139705)
(-0.811124 0.571428 -0.124695)
(-0.811084 0.575263 -0.105907)
(-0.811049 0.578933 -0.0838835)
(-0.811024 0.582002 -0.0592706)
(-0.811011 0.584111 -0.0328041)
(-0.811011 0.585007 -0.00529)
(-0.811024 0.584583 0.0224203)
(-0.811049 0.582883 0.0494602)
(-0.811084 0.580105 0.0749801)
(-0.811124 0.576575 0.0981814)
(-0.811161 0.572724 0.118348)
(-0.811194 0.569012 0.134867)
(-0.811219 0.565897 0.147252)
(-0.811233 0.563763 0.155152)
(-0.811233 0.562872 0.158355)
(-0.811219 0.56333 0.156786)
(-0.811194 0.565077 0.150507)
(-0.811161 0.567892 0.139705)
(-0.811124 0.571428 0.124695)
(-0.811084 0.575263 0.105907)
(-0.811049 0.578933 0.0838835)
(-0.811024 0.582002 0.0592706)
(-0.811011 0.584111 0.0328041)
(-0.712722 -0.700211 0.0416141)
(-0.712745 -0.697452 0.0745308)
(-0.712794 -0.693454 0.105098)
(-0.712855 -0.6887 0.132401)
(-0.712928 -0.683746 0.155644)
(-0.713 -0.679189 0.174162)
(-0.713067 -0.675576 0.187436)
(-0.713112 -0.673357 0.195092)
(-0.713139 -0.672801 0.196905)
(-0.713139 -0.673987 0.192805)
(-0.713112 -0.676775 0.182884)
(-0.713067 -0.680818 0.167401)
(-0.713 -0.685627 0.146784)
(-0.712928 -0.690608 0.121631)
(-0.712855 -0.695158 0.0926981)
(-0.712794 -0.698726 0.0608778)
(-0.712745 -0.700897 0.0271707)
(-0.712722 -0.701408 -0.00735695)
(-0.712722 -0.700211 -0.0416141)
(-0.712745 -0.697452 -0.0745308)
(-0.712794 -0.693454 -0.105098)
(-0.712855 -0.6887 -0.132401)
(-0.712928 -0.683746 -0.155644)
(-0.713 -0.679189 -0.174162)
(-0.713067 -0.675576 -0.187436)
(-0.713112 -0.673357 -0.195092)
(-0.713139 -0.672801 -0.196905)
(-0.713139 -0.673987 -0.192805)
(-0.713112 -0.676775 -0.182884)
(-0.713067 -0.680818 -0.167401)
(-0.713 -0.685627 -0.146784)
(-0.712928 -0.690608 -0.121631)
(-0.712855 -0.695158 -0.0926981)
(-0.712794 -0.698726 -0.0608778)
(-0.712745 -0.700897 -0.0271707)
(-0.712722 -0.701408 0.00735695)
(-0.992049 -0.121747 0.031874)
(-0.992074 -0.120166 0.0367269)
(-0.992122 -0.118579 0.0404069)
(-0.992186 -0.117184 0.0428329)
(-0.992259 -0.116142 0.0439676)
(-0.992332 -0.11558 0.0438118)
(-0.992395 -0.11556 0.0423921)
(-0.992442 -0.116092 0.0397573)
(-0.992468 -0.117105 0.0359705)
(-0.992468 -0.118487 0.0311182)
(-0.992442 -0.120072 0.02531)
(-0.992395 -0.121664 0.0186859)
(-0.992332 -0.123076 0.0114267)
(-0.992259 -0.124129 0.00374785)
(-0.992186 -0.124699 -0.00410117)
(-0.992122 -0.124712 -0.011852)
(-0.992074 -0.124173 -0.0192313)
(-0.992049 -0.12314 -0.0259812)
(-0.992049 -0.121747 -0.031874)
(-0.992074 -0.120166 -0.0367269)
(-0.992122 -0.118579 -0.0404069)
(-0.992186 -0.117184 -0.0428329)
(-0.992259 -0.116142 -0.0439676)
(-0.992332 -0.11558 -0.0438118)
(-0.992395 -0.11556 -0.0423921)
(-0.992442 -0.116092 -0.0397573)
(-0.992468 -0.117105 -0.0359705)
(-0.992468 -0.118487 -0.0311182)
(-0.992442 -0.120072 -0.02531)
(-0.992395 -0.121664 -0.0186859)
(-0.992332 -0.123076 -0.0114267)
(-0.992259 -0.124129 -0.00374785)
(-0.992186 -0.124699 0.00410117)
(-0.992122 -0.124712 0.011852)
(-0.992074 -0.124173 0.0192313)
(-0.992049 -0.12314 0.0259812)
(-0.817316 0.57616 0.00580898)
(-0.817331 0.575749 -0.0219962)
(-0.817357 0.574031 -0.0491449)
(-0.817393 0.571207 -0.0747831)
(-0.817434 0.567606 -0.0981067)
(-0.817474 0.563666 -0.118394)
(-0.81751 0.559862 -0.13503)
(-0.817536 0.556661 -0.147524)
(-0.81755 0.554459 -0.155524)
(-0.81755 0.553525 -0.158815)
(-0.817536 0.553971 -0.157323)
(-0.81751 0.555738 -0.151107)
(-0.817474 0.558603 -0.140355)
(-0.817434 0.562212 -0.125376)
(-0.817393 0.566133 -0.1066)
(-0.817357 0.569891 -0.0845664)
(-0.817331 0.573044 -0.0599213)
(-0.817316 0.57522 -0.0333996)
(-0.817316 0.57616 -0.00580898)
(-0.817331 0.575749 0.0219962)
(-0.817357 0.574031 0.0491449)
(-0.817393 0.571207 0.0747831)
(-0.817434 0.567606 0.0981067)
(-0.817474 0.563666 0.118394)
(-0.81751 0.559862 0.13503)
(-0.817536 0.556661 0.147524)
(-0.81755 0.554459 0.155524)
(-0.81755 0.553525 0.158815)
(-0.817536 0.553971 0.157323)
(-0.81751 0.555738 0.151107)
(-0.817474 0.558603 0.140355)
(-0.817434 0.562212 0.125376)
(-0.817393 0.566133 0.1066)
(-0.817357 0.569891 0.0845664)
(-0.817331 0.573044 0.0599213)
(-0.817316 0.57522 0.0333996)
(-0.71255 -0.700372 0.0418524)
(-0.712575 -0.69758 0.0749657)
(-0.712623 -0.693536 0.105715)
(-0.712686 -0.688725 0.13318)
(-0.712763 -0.68371 0.156559)
(-0.712833 -0.679101 0.175188)
(-0.712899 -0.675446 0.188542)
(-0.712946 -0.673198 0.196244)
(-0.712972 -0.672636 0.198071)
(-0.712972 -0.673836 0.19395)
(-0.712946 -0.676654 0.183975)
(-0.712899 -0.680746 0.168403)
(-0.712833 -0.685612 0.147667)
(-0.712763 -0.690649 0.122366)
(-0.712686 -0.695256 0.0932628)
(-0.712623 -0.698868 0.061253)
(-0.712575 -0.701063 0.0273442)
(-0.71255 -0.701583 -0.00739026)
(-0.71255 -0.700372 -0.0418524)
(-0.712575 -0.69758 -0.0749657)
(-0.712623 -0.693536 -0.105715)
(-0.712686 -0.688725 -0.13318)
(-0.712763 -0.68371 -0.156559)
(-0.712833 -0.679101 -0.175188)
(-0.712899 -0.675446 -0.188542)
(-0.712946 -0.673198 -0.196244)
(-0.712972 -0.672636 -0.198071)
(-0.712972 -0.673836 -0.19395)
(-0.712946 -0.676654 -0.183975)
(-0.712899 -0.680746 -0.168403)
(-0.712833 -0.685612 -0.147667)
(-0.712763 -0.690649 -0.122366)
(-0.712686 -0.695256 -0.0932628)
(-0.712623 -0.698868 -0.061253)
(-0.712575 -0.701063 -0.0273442)
(-0.71255 -0.701583 0.00739026)
(-0.991372 -0.127065 0.0321942)
(-0.991397 -0.125451 0.0373258)
(-0.991446 -0.123825 0.0412652)
(-0.991511 -0.122382 0.0439234)
(-0.991585 -0.12129 0.0452567)
(-0.991658 -0.120689 0.0452618)
(-0.991723 -0.12064 0.0439599)
(-0.99177 -0.121153 0.0413958)
(-0.991796 -0.122167 0.0376321)
(-0.991796 -0.123564 0.0327527)
(-0.99177 -0.125179 0.0268675)
(-0.991723 -0.126813 0.0201193)
(-0.991658 -0.128271 0.0126908)
(-0.991585 -0.12937 0.00480263)
(-0.991511 -0.129984 -0.00328797)
(-0.991446 -0.130029 -0.0113063)
(-0.991397 -0.129504 -0.01897)
(-0.991372 -0.128473 -0.0260116)
(-0.991372 -0.127065 -0.0321942)
(-0.991397 -0.125451 -0.0373258)
(-0.991446 -0.123825 -0.0412652)
(-0.991511 -0.122382 -0.0439234)
(-0.991585 -0.12129 -0.0452567)
(-0.991658 -0.120689 -0.0452618)
(-0.991723 -0.12064 -0.0439599)
(-0.99177 -0.121153 -0.0413958)
(-0.991796 -0.122167 -0.0376321)
(-0.991796 -0.123564 -0.0327527)
(-0.99177 -0.125179 -0.0268675)
(-0.991723 -0.126813 -0.0201193)
(-0.991658 -0.128271 -0.0126908)
(-0.991585 -0.12937 -0.00480263)
(-0.991511 -0.129984 0.00328797)
(-0.991446 -0.130029 0.0113063)
(-0.991397 -0.129504 0.01897)
(-0.991372 -0.128473 0.0260116)
(-0.819903 0.572471 0.00602277)
(-0.819918 0.572067 -0.021789)
(-0.819945 0.570346 -0.0489511)
(-0.819981 0.567508 -0.0746085)
(-0.820022 0.563886 -0.0979561)
(-0.820063 0.559918 -0.118271)
(-0.8201 0.556083 -0.134936)
(-0.820127 0.552854 -0.147462)
(-0.820141 0.550628 -0.155495)
(-0.820141 0.549678 -0.15882)
(-0.820127 0.550118 -0.157363)
(-0.8201 0.551888 -0.151181)
(-0.820063 0.554767 -0.140462)
(-0.820022 0.558399 -0.125514)
(-0.819981 0.562346 -0.106766)
(-0.819945 0.566134 -0.0847549)
(-0.819918 0.569316 -0.0601257)
(-0.819903 0.571515 -0.0336126)
(-0.819903 0.572471 -0.00602277)
(-0.819918 0.572067 0.021789)
(-0.819945 0.570346 0.0489511)
(-0.819981 0.567508 0.0746085)
(-0.820022 0.563886 0.0979561)
(-0.820063 0.559918 0.118271)
(-0.8201 0.556083 0.134936)
(-0.820127 0.552854 0.147462)
(-0.820141 0.550628 0.155495)
(-0.820141 0.549678 0.15882)
(-0.820127 0.550118 0.157363)
(-0.8201 0.551888 0.151181)
(-0.820063 0.554767 0.140462)
(-0.820022 0.558399 0.125514)
(-0.819981 0.562346 0.106766)
(-0.819945 0.566134 0.0847549)
(-0.819918 0.569316 0.0601257)
(-0.819903 0.571515 0.0336126)
(-0.715709 -0.697152 0.0417112)
(-0.715736 -0.69438 0.07455)
(-0.715784 -0.690376 0.105038)
(-0.715847 -0.685616 0.132264)
(-0.715921 -0.68066 0.155433)
(-0.715993 -0.676104 0.173885)
(-0.716059 -0.672497 0.187102)
(-0.716106 -0.670284 0.194711)
(-0.716129 -0.669739 0.19649)
(-0.716129 -0.670935 0.192369)
(-0.716106 -0.673727 0.182439)
(-0.716059 -0.677779 0.16696)
(-0.715993 -0.682592 0.14636)
(-0.715921 -0.687575 0.121237)
(-0.715847 -0.692123 0.0923453)
(-0.715784 -0.695689 0.060577)
(-0.715736 -0.697851 0.0269306)
(-0.715709 -0.698358 -0.00752827)
(-0.715709 -0.697152 -0.0417112)
(-0.715736 -0.69438 -0.07455)
(-0.715784 -0.690376 -0.105038)
(-0.715847 -0.685616 -0.132264)
(-0.715921 -0.68066 -0.155433)
(-0.715993 -0.676104 -0.173885)
(-0.716059 -0.672497 -0.187102)
(-0.716106 -0.670284 -0.194711)
(-0.716129 -0.669739 -0.19649)
(-0.716129 -0.670935 -0.192369)
(-0.716106 -0.673727 -0.182439)
(-0.716059 -0.677779 -0.16696)
(-0.715993 -0.682592 -0.14636)
(-0.715921 -0.687575 -0.121237)
(-0.715847 -0.692123 -0.0923453)
(-0.715784 -0.695689 -0.060577)
(-0.715736 -0.697851 -0.0269306)
(-0.715709 -0.698358 0.00752827)
(-0.991132 -0.128945 0.0320964)
(-0.991158 -0.12734 0.0372933)
(-0.991206 -0.12572 0.0412998)
(-0.99127 -0.12428 0.0440243)
(-0.991343 -0.12319 0.0454214)
(-0.991416 -0.122578 0.0454831)
(-0.99148 -0.122518 0.0442306)
(-0.991528 -0.123019 0.0417071)
(-0.991553 -0.124021 0.0379741)
(-0.991553 -0.125407 0.0331143)
(-0.991528 -0.127009 0.0272375)
(-0.99148 -0.128636 0.0204876)
(-0.991416 -0.130092 0.0130473)
(-0.991343 -0.131196 0.00513821)
(-0.99127 -0.131813 -0.00298429)
(-0.991206 -0.131868 -0.0110428)
(-0.991158 -0.131356 -0.0187549)
(-0.991132 -0.13034 -0.0258521)
(-0.991132 -0.128945 -0.0320964)
(-0.991158 -0.12734 -0.0372933)
(-0.991206 -0.12572 -0.0412998)
(-0.99127 -0.12428 -0.0440243)
(-0.991343 -0.12319 -0.0454214)
(-0.991416 -0.122578 -0.0454831)
(-0.99148 -0.122518 -0.0442306)
(-0.991528 -0.123019 -0.0417071)
(-0.991553 -0.124021 -0.0379741)
(-0.991553 -0.125407 -0.0331143)
(-0.991528 -0.127009 -0.0272375)
(-0.99148 -0.128636 -0.0204876)
(-0.991416 -0.130092 -0.0130473)
(-0.991343 -0.131196 -0.00513821)
(-0.99127 -0.131813 0.00298429)
(-0.991206 -0.131868 0.0110428)
(-0.991158 -0.131356 0.0187549)
(-0.991132 -0.13034 0.0258521)
(-0.821847 0.569676 0.00612568)
(-0.821861 0.569285 -0.0214184)
(-0.821888 0.567596 -0.0483242)
(-0.821924 0.564803 -0.0737447)
(-0.821966 0.561236 -0.096882)
(-0.822006 0.557326 -0.11702)
(-0.822042 0.553544 -0.133548)
(-0.822069 0.550357 -0.145979)
(-0.822083 0.548156 -0.153961)
(-0.822083 0.547213 -0.157282)
(-0.822069 0.547638 -0.155867)
(-0.822042 0.549377 -0.149772)
(-0.822006 0.552209 -0.139182)
(-0.821966 0.555784 -0.124401)
(-0.821924 0.559675 -0.105854)
(-0.821888 0.563411 -0.0840721)
(-0.821861 0.566552 -0.0596935)
(-0.821847 0.568726 -0.0334451)
(-0.821847 0.569676 -0.00612568)
(-0.821861 0.569285 0.0214184)
(-0.821888 0.567596 0.0483242)
(-0.821924 0.564803 0.0737447)
(-0.821966 0.561236 0.096882)
(-0.822006 0.557326 0.11702)
(-0.822042 0.553544 0.133548)
(-0.822069 0.550357 0.145979)
(-0.822083 0.548156 0.153961)
(-0.822083 0.547213 0.157282)
(-0.822069 0.547638 0.155867)
(-0.822042 0.549377 0.149772)
(-0.822006 0.552209 0.139182)
(-0.821966 0.555784 0.124401)
(-0.821924 0.559675 0.105854)
(-0.821888 0.563411 0.0840721)
(-0.821861 0.566552 0.0596935)
(-0.821847 0.568726 0.0334451)
(-0.718652 -0.694152 0.041153)
(-0.718678 -0.691458 0.0734042)
(-0.718724 -0.687572 0.103343)
(-0.718788 -0.682953 0.130074)
(-0.718857 -0.678153 0.152817)
(-0.71893 -0.67374 0.170922)
(-0.718992 -0.670253 0.183881)
(-0.719038 -0.668115 0.191326)
(-0.719062 -0.667597 0.19304)
(-0.719062 -0.668764 0.188957)
(-0.719038 -0.671478 0.179166)
(-0.718992 -0.67541 0.163926)
(-0.71893 -0.680075 0.143659)
(-0.718857 -0.684905 0.118954)
(-0.718788 -0.689307 0.0905524)
(-0.718724 -0.692759 0.0593323)
(-0.718678 -0.694847 0.0262735)
(-0.718652 -0.695329 -0.00757767)
(-0.718652 -0.694152 -0.041153)
(-0.718678 -0.691458 -0.0734042)
(-0.718724 -0.687572 -0.103343)
(-0.718788 -0.682953 -0.130074)
(-0.718857 -0.678153 -0.152817)
(-0.71893 -0.67374 -0.170922)
(-0.718992 -0.670253 -0.183881)
(-0.719038 -0.668115 -0.191326)
(-0.719062 -0.667597 -0.19304)
(-0.719062 -0.668764 -0.188957)
(-0.719038 -0.671478 -0.179166)
(-0.718992 -0.67541 -0.163926)
(-0.71893 -0.680075 -0.143659)
(-0.718857 -0.684905 -0.118954)
(-0.718788 -0.689307 -0.0905524)
(-0.718724 -0.692759 -0.0593323)
(-0.718678 -0.694847 -0.0262735)
(-0.718652 -0.695329 0.00757767)
(-0.990804 -0.131547 0.0316807)
(-0.990828 -0.129985 0.0369214)
(-0.990875 -0.128402 0.0409853)
(-0.990938 -0.126989 0.0437777)
(-0.991008 -0.125917 0.0452499)
(-0.991079 -0.125306 0.0453893)
(-0.991141 -0.125235 0.044215)
(-0.991187 -0.125711 0.0417668)
(-0.991212 -0.126678 0.0381044)
(-0.991212 -0.128022 0.0333104)
(-0.991187 -0.129583 0.0274943)
(-0.991141 -0.131172 0.020799)
(-0.991079 -0.132597 0.013407)
(-0.991008 -0.133686 0.00553891)
(-0.990938 -0.134299 -0.00255285)
(-0.990875 -0.134367 -0.0105923)
(-0.990828 -0.133882 -0.0182999)
(-0.990804 -0.132901 -0.0254085)
(-0.990804 -0.131547 -0.0316807)
(-0.990828 -0.129985 -0.0369214)
(-0.990875 -0.128402 -0.0409853)
(-0.990938 -0.126989 -0.0437777)
(-0.991008 -0.125917 -0.0452499)
(-0.991079 -0.125306 -0.0453893)
(-0.991141 -0.125235 -0.044215)
(-0.991187 -0.125711 -0.0417668)
(-0.991212 -0.126678 -0.0381044)
(-0.991212 -0.128022 -0.0333104)
(-0.991187 -0.129583 -0.0274943)
(-0.991141 -0.131172 -0.020799)
(-0.991079 -0.132597 -0.013407)
(-0.991008 -0.133686 -0.00553891)
(-0.990938 -0.134299 0.00255285)
(-0.990875 -0.134367 0.0105923)
(-0.990828 -0.133882 0.0182999)
(-0.990804 -0.132901 0.0254085)
(-0.824071 0.566452 0.00617762)
(-0.824084 0.566086 -0.020777)
(-0.824111 0.564466 -0.0471123)
(-0.824146 0.561783 -0.0720001)
(-0.824186 0.558352 -0.0946601)
(-0.824226 0.554587 -0.114391)
(-0.824261 0.550944 -0.130593)
(-0.824287 0.547871 -0.142791)
(-0.824301 0.545744 -0.150636)
(-0.824301 0.544826 -0.153921)
(-0.824287 0.545228 -0.15257)
(-0.824261 0.546892 -0.146636)
(-0.824226 0.549613 -0.1363)
(-0.824186 0.553053 -0.121859)
(-0.824146 0.556798 -0.103728)
(-0.824111 0.560398 -0.0824293)
(-0.824084 0.563429 -0.0585852)
(-0.824071 0.56553 -0.0329074)
(-0.824071 0.566452 -0.00617762)
(-0.824084 0.566086 0.020777)
(-0.824111 0.564466 0.0471123)
(-0.824146 0.561783 0.0720001)
(-0.824186 0.558352 0.0946601)
(-0.824226 0.554587 0.114391)
(-0.824261 0.550944 0.130593)
(-0.824287 0.547871 0.142791)
(-0.824301 0.545744 0.150636)
(-0.824301 0.544826 0.153921)
(-0.824287 0.545228 0.15257)
(-0.824261 0.546892 0.146636)
(-0.824226 0.549613 0.1363)
(-0.824186 0.553053 0.121859)
(-0.824146 0.556798 0.103728)
(-0.824111 0.560398 0.0824293)
(-0.824084 0.563429 0.0585852)
(-0.824071 0.56553 0.0329074)
(-0.720928 -0.691845 0.0401658)
(-0.720951 -0.689284 0.0715332)
(-0.720995 -0.685592 0.100651)
(-0.721057 -0.681203 0.126647)
(-0.721124 -0.676646 0.148763)
(-0.721193 -0.672461 0.166363)
(-0.72125 -0.669159 0.178953)
(-0.721295 -0.667138 0.186174)
(-0.721319 -0.666652 0.187814)
(-0.721319 -0.667767 0.18381)
(-0.721295 -0.67035 0.174254)
(-0.72125 -0.674085 0.159398)
(-0.721193 -0.678512 0.139654)
(-0.721124 -0.683094 0.115599)
(-0.721057 -0.687271 0.0879562)
(-0.720995 -0.690544 0.0575785)
(-0.720951 -0.69252 0.0254179)
(-0.720928 -0.69297 -0.00750946)
(-0.720928 -0.691845 -0.0401658)
(-0.720951 -0.689284 -0.0715332)
(-0.720995 -0.685592 -0.100651)
(-0.721057 -0.681203 -0.126647)
(-0.721124 -0.676646 -0.148763)
(-0.721193 -0.672461 -0.166363)
(-0.72125 -0.669159 -0.178953)
(-0.721295 -0.667138 -0.186174)
(-0.721319 -0.666652 -0.187814)
(-0.721319 -0.667767 -0.18381)
(-0.721295 -0.67035 -0.174254)
(-0.72125 -0.674085 -0.159398)
(-0.721193 -0.678512 -0.139654)
(-0.721124 -0.683094 -0.115599)
(-0.721057 -0.687271 -0.0879562)
(-0.720995 -0.690544 -0.0575785)
(-0.720951 -0.69252 -0.0254179)
(-0.720928 -0.69297 0.00750946)
(-0.990236 -0.135915 0.0309677)
(-0.99026 -0.134423 0.0362716)
(-0.990304 -0.132906 0.0404227)
(-0.990364 -0.131542 0.0433208)
(-0.990431 -0.130497 0.0449113)
(-0.990498 -0.129893 0.0451768)
(-0.990557 -0.129805 0.0441297)
(-0.990601 -0.130239 0.0418054)
(-0.990624 -0.131148 0.0382623)
(-0.990624 -0.132424 0.033581)
(-0.990601 -0.133914 0.0278703)
(-0.990557 -0.135441 0.0212731)
(-0.990498 -0.136814 0.013969)
(-0.990431 -0.13787 0.00617678)
(-0.990364 -0.138479 -0.0018537)
(-0.990304 -0.138568 -0.00985177)
(-0.99026 -0.138122 -0.0175417)
(-0.990236 -0.1372 -0.0246591)
(-0.990236 -0.135915 -0.0309677)
(-0.99026 -0.134423 -0.0362716)
(-0.990304 -0.132906 -0.0404227)
(-0.990364 -0.131542 -0.0433208)
(-0.990431 -0.130497 -0.0449113)
(-0.990498 -0.129893 -0.0451768)
(-0.990557 -0.129805 -0.0441297)
(-0.990601 -0.130239 -0.0418054)
(-0.990624 -0.131148 -0.0382623)
(-0.990624 -0.132424 -0.033581)
(-0.990601 -0.133914 -0.0278703)
(-0.990557 -0.135441 -0.0212731)
(-0.990498 -0.136814 -0.013969)
(-0.990431 -0.13787 -0.00617678)
(-0.990364 -0.138479 0.0018537)
(-0.990304 -0.138568 0.00985177)
(-0.99026 -0.138122 0.0175417)
(-0.990236 -0.1372 0.0246591)
(-0.826823 0.562429 0.00619087)
(-0.826836 0.562093 -0.0198484)
(-0.826861 0.560579 -0.0452957)
(-0.826894 0.558065 -0.0693522)
(-0.826932 0.554846 -0.0912648)
(-0.82697 0.55131 -0.110355)
(-0.827004 0.547885 -0.126044)
(-0.827028 0.544992 -0.137869)
(-0.827042 0.542986 -0.145493)
(-0.827042 0.542114 -0.14871)
(-0.827028 0.54248 -0.147446)
(-0.827004 0.544032 -0.141751)
(-0.82697 0.54658 -0.131799)
(-0.826932 0.549808 -0.117876)
(-0.826894 0.553326 -0.100382)
(-0.826861 0.556713 -0.0798243)
(-0.826836 0.559568 -0.0568036)
(-0.826823 0.561551 -0.0320076)
(-0.826823 0.562429 -0.00619087)
(-0.826836 0.562093 0.0198484)
(-0.826861 0.560579 0.0452957)
(-0.826894 0.558065 0.0693522)
(-0.826932 0.554846 0.0912648)
(-0.82697 0.55131 0.110355)
(-0.827004 0.547885 0.126044)
(-0.827028 0.544992 0.137869)
(-0.827042 0.542986 0.145493)
(-0.827042 0.542114 0.14871)
(-0.827028 0.54248 0.147446)
(-0.827004 0.544032 0.141751)
(-0.82697 0.54658 0.131799)
(-0.826932 0.549808 0.117876)
(-0.826894 0.553326 0.100382)
(-0.826861 0.556713 0.0798243)
(-0.826836 0.559568 0.0568036)
(-0.826823 0.561551 0.0320076)
(-0.722302 -0.690492 0.0387313)
(-0.722324 -0.688113 0.068917)
(-0.722365 -0.684684 0.0969404)
(-0.722423 -0.680611 0.121962)
(-0.722485 -0.676384 0.143248)
(-0.722549 -0.672505 0.160187)
(-0.722602 -0.669447 0.172298)
(-0.722644 -0.667578 0.179235)
(-0.722667 -0.667133 0.180794)
(-0.722667 -0.668172 0.176916)
(-0.722644 -0.670571 0.167692)
(-0.722602 -0.674036 0.153368)
(-0.722549 -0.678141 0.134344)
(-0.722485 -0.682389 0.111177)
(-0.722423 -0.686261 0.0845639)
(-0.722365 -0.689296 0.055326)
(-0.722324 -0.691125 0.024377)
(-0.722302 -0.691539 -0.00730744)
(-0.722302 -0.690492 -0.0387313)
(-0.722324 -0.688113 -0.068917)
(-0.722365 -0.684684 -0.0969404)
(-0.722423 -0.680611 -0.121962)
(-0.722485 -0.676384 -0.143248)
(-0.722549 -0.672505 -0.160187)
(-0.722602 -0.669447 -0.172298)
(-0.722644 -0.667578 -0.179235)
(-0.722667 -0.667133 -0.180794)
(-0.722667 -0.668172 -0.176916)
(-0.722644 -0.670571 -0.167692)
(-0.722602 -0.674036 -0.153368)
(-0.722549 -0.678141 -0.134344)
(-0.722485 -0.682389 -0.111177)
(-0.722423 -0.686261 -0.0845639)
(-0.722365 -0.689296 -0.055326)
(-0.722324 -0.691125 -0.024377)
(-0.722302 -0.691539 0.00730744)
(-0.989253 -0.143111 0.0299649)
(-0.989275 -0.141718 0.035383)
(-0.989315 -0.140287 0.0396805)
(-0.989371 -0.13899 0.04275)
(-0.989433 -0.137983 0.044528)
(-0.989496 -0.137385 0.0449878)
(-0.98955 -0.137269 0.0441341)
(-0.989591 -0.137646 0.0419964)
(-0.989613 -0.138473 0.0386281)
(-0.989613 -0.139655 0.0341086)
(-0.989591 -0.141051 0.0285455)
(-0.98955 -0.142489 0.0220794)
(-0.989496 -0.143795 0.0148889)
(-0.989433 -0.144812 0.00718926)
(-0.989371 -0.145414 -0.000774345)
(-0.989315 -0.145529 -0.00873606)
(-0.989275 -0.145142 -0.0164248)
(-0.989253 -0.1443 -0.0235796)
(-0.989253 -0.143111 -0.0299649)
(-0.989275 -0.141718 -0.035383)
(-0.989315 -0.140287 -0.0396805)
(-0.989371 -0.13899 -0.04275)
(-0.989433 -0.137983 -0.044528)
(-0.989496 -0.137385 -0.0449878)
(-0.98955 -0.137269 -0.0441341)
(-0.989591 -0.137646 -0.0419964)
(-0.989613 -0.138473 -0.0386281)
(-0.989613 -0.139655 -0.0341086)
(-0.989591 -0.141051 -0.0285455)
(-0.98955 -0.142489 -0.0220794)
(-0.989496 -0.143795 -0.0148889)
(-0.989433 -0.144812 -0.00718926)
(-0.989371 -0.145414 0.000774345)
(-0.989315 -0.145529 0.00873606)
(-0.989275 -0.145142 0.0164248)
(-0.989253 -0.1443 0.0235796)
(-0.830259 0.557344 0.00616721)
(-0.830272 0.557047 -0.0186289)
(-0.830295 0.555673 -0.0428692)
(-0.830326 0.553381 -0.0657944)
(-0.830361 0.550441 -0.0866879)
(-0.830397 0.547208 -0.104904)
(-0.830428 0.544073 -0.119889)
(-0.830451 0.541422 -0.131201)
(-0.830463 0.539579 -0.138516)
(-0.830463 0.538768 -0.141634)
(-0.830451 0.539088 -0.140482)
(-0.830428 0.540496 -0.135105)
(-0.830397 0.542816 -0.125666)
(-0.830361 0.545763 -0.11244)
(-0.830326 0.548981 -0.0958084)
(-0.830295 0.552083 -0.0762521)
(-0.830272 0.554703 -0.0543462)
(-0.830259 0.556529 -0.0307453)
(-0.830259 0.557344 -0.00616721)
(-0.830272 0.557047 0.0186289)
(-0.830295 0.555673 0.0428692)
(-0.830326 0.553381 0.0657944)
(-0.830361 0.550441 0.0866879)
(-0.830397 0.547208 0.104904)
(-0.830428 0.544073 0.119889)
(-0.830451 0.541422 0.131201)
(-0.830463 0.539579 0.138516)
(-0.830463 0.538768 0.141634)
(-0.830451 0.539088 0.140482)
(-0.830428 0.540496 0.135105)
(-0.830397 0.542816 0.125666)
(-0.830361 0.545763 0.11244)
(-0.830326 0.548981 0.0958084)
(-0.830295 0.552083 0.0762521)
(-0.830272 0.554703 0.0543462)
(-0.830259 0.556529 0.0307453)
(-0.722551 -0.690336 0.0368213)
(-0.722569 -0.688188 0.0655129)
(-0.722607 -0.685089 0.0921553)
(-0.722658 -0.681411 0.115949)
(-0.722716 -0.677594 0.136194)
(-0.722773 -0.674094 0.152306)
(-0.722822 -0.671335 0.163823)
(-0.722858 -0.669652 0.170416)
(-0.72288 -0.669252 0.171889)
(-0.72288 -0.670192 0.168188)
(-0.722858 -0.672359 0.159402)
(-0.722822 -0.675485 0.145767)
(-0.722773 -0.679191 0.12767)
(-0.722716 -0.683024 0.105641)
(-0.722658 -0.68652 0.0803445)
(-0.722607 -0.689258 0.0525582)
(-0.722569 -0.690911 0.0231496)
(-0.722551 -0.691283 -0.0069582)
(-0.722551 -0.690336 -0.0368213)
(-0.722569 -0.688188 -0.0655129)
(-0.722607 -0.685089 -0.0921553)
(-0.722658 -0.681411 -0.115949)
(-0.722716 -0.677594 -0.136194)
(-0.722773 -0.674094 -0.152306)
(-0.722822 -0.671335 -0.163823)
(-0.722858 -0.669652 -0.170416)
(-0.72288 -0.669252 -0.171889)
(-0.72288 -0.670192 -0.168188)
(-0.722858 -0.672359 -0.159402)
(-0.722822 -0.675485 -0.145767)
(-0.722773 -0.679191 -0.12767)
(-0.722716 -0.683024 -0.105641)
(-0.722658 -0.68652 -0.0803445)
(-0.722607 -0.689258 -0.0525582)
(-0.722569 -0.690911 -0.0231496)
(-0.722551 -0.691283 0.0069582)
(-0.987549 -0.154677 0.0286717)
(-0.987568 -0.153405 0.0342887)
(-0.987605 -0.15208 0.0388245)
(-0.987655 -0.150864 0.0421614)
(-0.987711 -0.149901 0.0442229)
(-0.987768 -0.149308 0.0449702)
(-0.987817 -0.149152 0.044396)
(-0.987853 -0.149457 0.0425222)
(-0.987873 -0.150181 0.0393949)
(-0.987873 -0.151245 0.0350905)
(-0.987853 -0.152521 0.0297146)
(-0.987817 -0.153849 0.0234051)
(-0.987768 -0.155075 0.0163397)
(-0.987711 -0.156045 0.00872883)
(-0.987655 -0.156643 0.000813871)
(-0.987605 -0.156795 -0.00714507)
(-0.987568 -0.156485 -0.0148808)
(-0.987549 -0.155747 -0.0221351)
(-0.987549 -0.154677 -0.0286717)
(-0.987568 -0.153405 -0.0342887)
(-0.987605 -0.15208 -0.0388245)
(-0.987655 -0.150864 -0.0421614)
(-0.987711 -0.149901 -0.0442229)
(-0.987768 -0.149308 -0.0449702)
(-0.987817 -0.149152 -0.044396)
(-0.987853 -0.149457 -0.0425222)
(-0.987873 -0.150181 -0.0393949)
(-0.987873 -0.151245 -0.0350905)
(-0.987853 -0.152521 -0.0297146)
(-0.987817 -0.153849 -0.0234051)
(-0.987768 -0.155075 -0.0163397)
(-0.987711 -0.156045 -0.00872883)
(-0.987655 -0.156643 -0.000813871)
(-0.987605 -0.156795 0.00714507)
(-0.987568 -0.156485 0.0148808)
(-0.987549 -0.155747 0.0221351)
(-0.834664 0.550726 0.0061099)
(-0.834675 0.550477 -0.0171014)
(-0.834696 0.54927 -0.0398023)
(-0.834724 0.547247 -0.0612832)
(-0.834756 0.544648 -0.0808746)
(-0.834788 0.541784 -0.0979715)
(-0.834817 0.539004 -0.112055)
(-0.834838 0.536646 -0.122707)
(-0.834848 0.535001 -0.129621)
(-0.834848 0.534269 -0.132608)
(-0.834838 0.534537 -0.131593)
(-0.834817 0.53577 -0.126616)
(-0.834788 0.537815 -0.11783)
(-0.834756 0.54042 -0.10549)
(-0.834724 0.543271 -0.0899536)
(-0.834696 0.546027 -0.0716733)
(-0.834675 0.548358 -0.0511875)
(-0.834664 0.54999 -0.0291093)
(-0.834664 0.550726 -0.0061099)
(-0.834675 0.550477 0.0171014)
(-0.834696 0.54927 0.0398023)
(-0.834724 0.547247 0.0612832)
(-0.834756 0.544648 0.0808746)
(-0.834788 0.541784 0.0979715)
(-0.834817 0.539004 0.112055)
(-0.834838 0.536646 0.122707)
(-0.834848 0.535001 0.129621)
(-0.834848 0.534269 0.132608)
(-0.834838 0.534537 0.131593)
(-0.834817 0.53577 0.126616)
(-0.834788 0.537815 0.11783)
(-0.834756 0.54042 0.10549)
(-0.834724 0.543271 0.0899536)
(-0.834696 0.546027 0.0716733)
(-0.834675 0.548358 0.0511875)
(-0.834664 0.54999 0.0291093)
(-0.72109 -0.691987 0.0343916)
(-0.721105 -0.690112 0.0612593)
(-0.721139 -0.687404 0.0862179)
(-0.721182 -0.684194 0.108517)
(-0.721232 -0.680859 0.127498)
(-0.721281 -0.677802 0.142609)
(-0.721326 -0.675391 0.153414)
(-0.721357 -0.673922 0.159601)
(-0.721377 -0.673572 0.160985)
(-0.721377 -0.674391 0.157518)
(-0.721357 -0.676282 0.149286)
(-0.721326 -0.679008 0.136513)
(-0.721281 -0.682244 0.119567)
(-0.721232 -0.685591 0.0989433)
(-0.721182 -0.688645 0.0752664)
(-0.721139 -0.691036 0.0492629)
(-0.721105 -0.692485 0.0217422)
(-0.72109 -0.692811 -0.00643602)
(-0.72109 -0.691987 -0.0343916)
(-0.721105 -0.690112 -0.0612593)
(-0.721139 -0.687404 -0.0862179)
(-0.721182 -0.684194 -0.108517)
(-0.721232 -0.680859 -0.127498)
(-0.721281 -0.677802 -0.142609)
(-0.721326 -0.675391 -0.153414)
(-0.721357 -0.673922 -0.159601)
(-0.721377 -0.673572 -0.160985)
(-0.721377 -0.674391 -0.157518)
(-0.721357 -0.676282 -0.149286)
(-0.721326 -0.679008 -0.136513)
(-0.721281 -0.682244 -0.119567)
(-0.721232 -0.685591 -0.0989433)
(-0.721182 -0.688645 -0.0752664)
(-0.721139 -0.691036 -0.0492629)
(-0.721105 -0.692485 -0.0217422)
(-0.72109 -0.692811 0.00643602)
(-0.984691 -0.172195 0.0270616)
(-0.984708 -0.171064 0.0329679)
(-0.984741 -0.169865 0.0378404)
(-0.984783 -0.168747 0.0415472)
(-0.984833 -0.167837 0.0439952)
(-0.984881 -0.167248 0.04513)
(-0.984925 -0.167045 0.0449292)
(-0.984957 -0.167261 0.0434035)
(-0.984974 -0.167866 0.040591)
(-0.984974 -0.16879 0.0365615)
(-0.984957 -0.169921 0.0314169)
(-0.984925 -0.171123 0.025294)
(-0.984881 -0.172253 0.018367)
(-0.984833 -0.173168 0.0108416)
(-0.984783 -0.173762 0.00295508)
(-0.984741 -0.173956 -0.0050377)
(-0.984708 -0.173735 -0.0128728)
(-0.984691 -0.173123 -0.0202936)
(-0.984691 -0.172195 -0.0270616)
(-0.984708 -0.171064 -0.0329679)
(-0.984741 -0.169865 -0.0378404)
(-0.984783 -0.168747 -0.0415472)
(-0.984833 -0.167837 -0.0439952)
(-0.984881 -0.167248 -0.04513)
(-0.984925 -0.167045 -0.0449292)
(-0.984957 -0.167261 -0.0434035)
(-0.984974 -0.167866 -0.040591)
(-0.984974 -0.16879 -0.0365615)
(-0.984957 -0.169921 -0.0314169)
(-0.984925 -0.171123 -0.025294)
(-0.984881 -0.172253 -0.018367)
(-0.984833 -0.173168 -0.0108416)
(-0.984783 -0.173762 -0.00295508)
(-0.984741 -0.173956 0.0050377)
(-0.984708 -0.173735 0.0128728)
(-0.984691 -0.173123 0.0202936)
(-0.840312 0.54207 0.00601174)
(-0.840322 0.541873 -0.0152585)
(-0.84034 0.540858 -0.0360728)
(-0.840365 0.539142 -0.0557826)
(-0.840394 0.536931 -0.0737753)
(-0.840421 0.534492 -0.0894969)
(-0.840445 0.53212 -0.102469)
(-0.840464 0.530101 -0.112306)
(-0.840474 0.528686 -0.118724)
(-0.840474 0.528045 -0.121541)
(-0.840464 0.528256 -0.120688)
(-0.840445 0.529292 -0.116198)
(-0.840421 0.531021 -0.108208)
(-0.840394 0.533234 -0.0969507)
(-0.840365 0.535666 -0.0827558)
(-0.84034 0.538022 -0.066038)
(-0.840322 0.540021 -0.0472912)
(-0.840312 0.541426 -0.0270777)
(-0.840312 0.54207 -0.00601174)
(-0.840322 0.541873 0.0152585)
(-0.84034 0.540858 0.0360728)
(-0.840365 0.539142 0.0557826)
(-0.840394 0.536931 0.0737753)
(-0.840421 0.534492 0.0894969)
(-0.840445 0.53212 0.102469)
(-0.840464 0.530101 0.112306)
(-0.840474 0.528686 0.118724)
(-0.840474 0.528045 0.121541)
(-0.840464 0.528256 0.120688)
(-0.840445 0.529292 0.116198)
(-0.840421 0.531021 0.108208)
(-0.840394 0.533234 0.0969507)
(-0.840365 0.535666 0.0827558)
(-0.84034 0.538022 0.066038)
(-0.840322 0.540021 0.0472912)
(-0.840312 0.541426 0.0270777)
(-0.716581 -0.696798 0.0313763)
(-0.716596 -0.695232 0.0560711)
(-0.716624 -0.692968 0.0790257)
(-0.716659 -0.690283 0.0995492)
(-0.7167 -0.687492 0.117032)
(-0.716741 -0.684931 0.130961)
(-0.716779 -0.68291 0.140931)
(-0.716805 -0.681677 0.146652)
(-0.716819 -0.681381 0.147953)
(-0.716819 -0.682061 0.144789)
(-0.716805 -0.683634 0.137241)
(-0.716779 -0.68591 0.125521)
(-0.716741 -0.688614 0.109967)
(-0.7167 -0.691414 0.0910387)
(-0.716659 -0.693972 0.0693082)
(-0.716624 -0.695978 0.0454415)
(-0.716596 -0.697197 0.0201784)
(-0.716581 -0.697481 -0.0056956)
(-0.716581 -0.696798 -0.0313763)
(-0.716596 -0.695232 -0.0560711)
(-0.716624 -0.692968 -0.0790257)
(-0.716659 -0.690283 -0.0995492)
(-0.7167 -0.687492 -0.117032)
(-0.716741 -0.684931 -0.130961)
(-0.716779 -0.68291 -0.140931)
(-0.716805 -0.681677 -0.146652)
(-0.716819 -0.681381 -0.147953)
(-0.716819 -0.682061 -0.144789)
(-0.716805 -0.683634 -0.137241)
(-0.716779 -0.68591 -0.125521)
(-0.716741 -0.688614 -0.109967)
(-0.7167 -0.691414 -0.0910387)
(-0.716659 -0.693972 -0.0693082)
(-0.716624 -0.695978 -0.0454415)
(-0.716596 -0.697197 -0.0201784)
(-0.716581 -0.697481 0.0056956)
(-0.980161 -0.196614 0.0250631)
(-0.980175 -0.195647 0.0312914)
(-0.980202 -0.194599 0.0365442)
(-0.980238 -0.193597 0.0406739)
(-0.980278 -0.192759 0.0435703)
(-0.980319 -0.192184 0.0451594)
(-0.980355 -0.191942 0.0454035)
(-0.980382 -0.192065 0.0442984)
(-0.980396 -0.192538 0.0418721)
(-0.980396 -0.193303 0.0381861)
(-0.980382 -0.194268 0.0333372)
(-0.980355 -0.195318 0.0274582)
(-0.980319 -0.196328 0.0207182)
(-0.980278 -0.197172 0.0133187)
(-0.980238 -0.197747 0.00548957)
(-0.980202 -0.197984 -0.00251901)
(-0.980175 -0.197858 -0.0104484)
(-0.980161 -0.197382 -0.0180433)
(-0.980161 -0.196614 -0.0250631)
(-0.980175 -0.195647 -0.0312914)
(-0.980202 -0.194599 -0.0365442)
(-0.980238 -0.193597 -0.0406739)
(-0.980278 -0.192759 -0.0435703)
(-0.980319 -0.192184 -0.0451594)
(-0.980355 -0.191942 -0.0454035)
(-0.980382 -0.192065 -0.0442984)
(-0.980396 -0.192538 -0.0418721)
(-0.980396 -0.193303 -0.0381861)
(-0.980382 -0.194268 -0.0333372)
(-0.980355 -0.195318 -0.0274582)
(-0.980319 -0.196328 -0.0207182)
(-0.980278 -0.197172 -0.0133187)
(-0.980238 -0.197747 -0.00548957)
(-0.980202 -0.197984 0.00251901)
(-0.980175 -0.197858 0.0104484)
(-0.980161 -0.197382 0.0180433)
(-0.847233 0.531189 0.00583888)
(-0.847242 0.531045 -0.013134)
(-0.847256 0.530237 -0.031714)
(-0.847278 0.528855 -0.049324)
(-0.847301 0.527068 -0.0654191)
(-0.847325 0.52509 -0.0795039)
(-0.847345 0.523162 -0.0911507)
(-0.847361 0.521514 -0.100011)
(-0.847369 0.520352 -0.105826)
(-0.847369 0.519816 -0.108432)
(-0.847361 0.519968 -0.10776)
(-0.847345 0.520793 -0.103837)
(-0.847325 0.522182 -0.0967802)
(-0.847301 0.523972 -0.0868001)
(-0.847278 0.525943 -0.0741886)
(-0.847256 0.527862 -0.059317)
(-0.847242 0.529495 -0.0426262)
(-0.847233 0.530651 -0.0246178)
(-0.847233 0.531189 -0.00583888)
(-0.847242 0.531045 0.013134)
(-0.847256 0.530237 0.031714)
(-0.847278 0.528855 0.049324)
(-0.847301 0.527068 0.0654191)
(-0.847325 0.52509 0.0795039)
(-0.847345 0.523162 0.0911507)
(-0.847361 0.521514 0.100011)
(-0.847369 0.520352 0.105826)
(-0.847369 0.519816 0.108432)
(-0.847361 0.519968 0.10776)
(-0.847345 0.520793 0.103837)
(-0.847325 0.522182 0.0967802)
(-0.847301 0.523972 0.0868001)
(-0.847278 0.525943 0.0741886)
(-0.847256 0.527862 0.059317)
(-0.847242 0.529495 0.0426262)
(-0.847233 0.530651 0.0246178)
(-0.706548 -0.707124 0.0276812)
(-0.706562 -0.705896 0.0498168)
(-0.706583 -0.704118 0.0704137)
(-0.706609 -0.702004 0.0888502)
(-0.706642 -0.699801 0.104576)
(-0.706673 -0.697779 0.117125)
(-0.706703 -0.696177 0.126129)
(-0.706723 -0.695195 0.131323)
(-0.706732 -0.694953 0.132552)
(-0.706732 -0.695478 0.129775)
(-0.706723 -0.696704 0.123065)
(-0.706703 -0.698491 0.112615)
(-0.706673 -0.700619 0.0987298)
(-0.706642 -0.702825 0.0818221)
(-0.706609 -0.704848 0.0624035)
(-0.706583 -0.706438 0.0410676)
(-0.706562 -0.70741 0.0184727)
(-0.706548 -0.70765 -0.00468209)
(-0.706548 -0.707124 -0.0276812)
(-0.706562 -0.705896 -0.0498168)
(-0.706583 -0.704118 -0.0704137)
(-0.706609 -0.702004 -0.0888502)
(-0.706642 -0.699801 -0.104576)
(-0.706673 -0.697779 -0.117125)
(-0.706703 -0.696177 -0.126129)
(-0.706723 -0.695195 -0.131323)
(-0.706732 -0.694953 -0.132552)
(-0.706732 -0.695478 -0.129775)
(-0.706723 -0.696704 -0.123065)
(-0.706703 -0.698491 -0.112615)
(-0.706673 -0.700619 -0.0987298)
(-0.706642 -0.702825 -0.0818221)
(-0.706609 -0.704848 -0.0624035)
(-0.706583 -0.706438 -0.0410676)
(-0.706562 -0.70741 -0.0184727)
(-0.706548 -0.70765 0.00468209)
(-0.973609 -0.227105 0.0225428)
(-0.973621 -0.226326 0.028967)
(-0.973642 -0.225458 0.0344937)
(-0.97367 -0.224607 0.0389631)
(-0.973702 -0.223874 0.0422496)
(-0.973734 -0.223345 0.0442636)
(-0.973762 -0.223086 0.044951)
(-0.973782 -0.223128 0.0442934)
(-0.973793 -0.223466 0.0423072)
(-0.973793 -0.22406 0.0390447)
(-0.973782 -0.224836 0.0345944)
(-0.973762 -0.225704 0.0290819)
(-0.973734 -0.226558 0.0226675)
(-0.973702 -0.227295 0.0155439)
(-0.97367 -0.227824 0.00793077)
(-0.973642 -0.228082 6.73934e-05)
(-0.973621 -0.228039 -0.00779688)
(-0.973609 -0.2277 -0.0154131)
(-0.973609 -0.227105 -0.0225428)
(-0.973621 -0.226326 -0.028967)
(-0.973642 -0.225458 -0.0344937)
(-0.97367 -0.224607 -0.0389631)
(-0.973702 -0.223874 -0.0422496)
(-0.973734 -0.223345 -0.0442636)
(-0.973762 -0.223086 -0.044951)
(-0.973782 -0.223128 -0.0442934)
(-0.973793 -0.223466 -0.0423072)
(-0.973793 -0.22406 -0.0390447)
(-0.973782 -0.224836 -0.0345944)
(-0.973762 -0.225704 -0.0290819)
(-0.973734 -0.226558 -0.0226675)
(-0.973702 -0.227295 -0.0155439)
(-0.97367 -0.227824 -0.00793076)
(-0.973642 -0.228082 -6.7393e-05)
(-0.973621 -0.228038 0.00779688)
(-0.973609 -0.2277 0.0154131)
(-0.85519 0.518285 0.00553005)
(-0.855197 0.518191 -0.0108001)
(-0.855208 0.517591 -0.0268065)
(-0.855225 0.516553 -0.0419944)
(-0.855244 0.515203 -0.0558952)
(-0.855262 0.513703 -0.0680822)
(-0.855278 0.512236 -0.0781851)
(-0.855291 0.510978 -0.0859005)
(-0.855298 0.510083 -0.0910015)
(-0.855298 0.50966 -0.0933415)
(-0.855291 0.50976 -0.0928565)
(-0.855278 0.510369 -0.0895658)
(-0.855262 0.511412 -0.0835691)
(-0.855244 0.512763 -0.0750448)
(-0.855225 0.514259 -0.0642447)
(-0.855208 0.515721 -0.0514887)
(-0.855197 0.51697 -0.0371569)
(-0.85519 0.517861 -0.0216806)
(-0.85519 0.518285 -0.00553005)
(-0.855197 0.518191 0.0108001)
(-0.855208 0.517591 0.0268065)
(-0.855225 0.516553 0.0419944)
(-0.855244 0.515203 0.0558952)
(-0.855262 0.513703 0.0680822)
(-0.855278 0.512236 0.0781851)
(-0.855291 0.510978 0.0859005)
(-0.855298 0.510083 0.0910015)
(-0.855298 0.50966 0.0933415)
(-0.855291 0.50976 0.0928565)
(-0.855278 0.510369 0.0895658)
(-0.855262 0.511412 0.0835691)
(-0.855244 0.512763 0.0750448)
(-0.855225 0.514259 0.0642447)
(-0.855208 0.515721 0.0514887)
(-0.855197 0.51697 0.0371569)
(-0.85519 0.517861 0.0216806)
(-0.686485 -0.726775 0.0231765)
(-0.686494 -0.725905 0.0422812)
(-0.686507 -0.724636 0.0600864)
(-0.686528 -0.723115 0.0760532)
(-0.68655 -0.721528 0.089702)
(-0.686572 -0.720065 0.100626)
(-0.68659 -0.718903 0.1085)
(-0.686606 -0.71818 0.11309)
(-0.686612 -0.717989 0.114259)
(-0.686612 -0.71835 0.111969)
(-0.686606 -0.719219 0.106284)
(-0.68659 -0.720495 0.0973689)
(-0.686572 -0.722019 0.0854876)
(-0.68655 -0.723608 0.0709959)
(-0.686528 -0.725071 0.0543323)
(-0.686507 -0.726231 0.0360053)
(-0.686494 -0.726946 0.016577)
(-0.686485 -0.727136 -0.00335454)
(-0.686485 -0.726775 -0.0231765)
(-0.686494 -0.725905 -0.0422812)
(-0.686507 -0.724636 -0.0600864)
(-0.686528 -0.723115 -0.0760532)
(-0.68655 -0.721528 -0.089702)
(-0.686572 -0.720065 -0.100626)
(-0.68659 -0.718903 -0.1085)
(-0.686606 -0.71818 -0.11309)
(-0.686612 -0.717989 -0.114259)
(-0.686612 -0.71835 -0.111969)
(-0.686606 -0.719219 -0.106284)
(-0.68659 -0.720495 -0.0973689)
(-0.686572 -0.722019 -0.0854876)
(-0.68655 -0.723608 -0.0709959)
(-0.686528 -0.725071 -0.0543323)
(-0.686507 -0.726231 -0.0360053)
(-0.686494 -0.726946 -0.016577)
(-0.686485 -0.727136 0.00335454)
(-0.965066 -0.261294 0.0193247)
(-0.965074 -0.260725 0.0255936)
(-0.965088 -0.260075 0.0310744)
(-0.965109 -0.259418 0.035605)
(-0.965131 -0.258837 0.0390542)
(-0.965154 -0.2584 0.041323)
(-0.965173 -0.258162 0.0423471)
(-0.965188 -0.258148 0.0420964)
(-0.965196 -0.258362 0.0405772)
(-0.965196 -0.258779 0.0378309)
(-0.965188 -0.259347 0.0339347)
(-0.965173 -0.26 0.0290014)
(-0.965154 -0.260655 0.0231758)
(-0.965131 -0.261238 0.0166342)
(-0.965109 -0.261675 0.00957669)
(-0.965088 -0.261915 0.00222251)
(-0.965074 -0.261927 -0.00519915)
(-0.965066 -0.261712 -0.0124565)
(-0.965066 -0.261295 -0.0193247)
(-0.965074 -0.260725 -0.0255936)
(-0.965088 -0.260075 -0.0310744)
(-0.965109 -0.259418 -0.035605)
(-0.965131 -0.258837 -0.0390542)
(-0.965154 -0.2584 -0.041323)
(-0.965173 -0.258162 -0.0423471)
(-0.965188 -0.258148 -0.0420964)
(-0.965196 -0.258362 -0.0405772)
(-0.965196 -0.258779 -0.0378309)
(-0.965188 -0.259347 -0.0339347)
(-0.965173 -0.26 -0.0290014)
(-0.965154 -0.260655 -0.0231758)
(-0.965131 -0.261238 -0.0166342)
(-0.965109 -0.261675 -0.00957669)
(-0.965088 -0.261915 -0.00222251)
(-0.965074 -0.261927 0.00519915)
(-0.965066 -0.261712 0.0124565)
(-0.863616 0.504125 0.00499618)
(-0.863621 0.504072 -0.00836149)
(-0.863629 0.50367 -0.0214679)
(-0.863642 0.502964 -0.0339197)
(-0.863655 0.502041 -0.0453345)
(-0.863668 0.501011 -0.0553625)
(-0.86368 0.499999 -0.0636991)
(-0.863689 0.499127 -0.0700931)
(-0.863693 0.498503 -0.0743547)
(-0.863693 0.4982 -0.0763592)
(-0.863689 0.498254 -0.0760501)
(-0.86368 0.498662 -0.0734397)
(-0.863668 0.49937 -0.0686069)
(-0.863655 0.500294 -0.0616968)
(-0.863642 0.501322 -0.0529146)
(-0.86363 0.50233 -0.0425225)
(-0.863621 0.503198 -0.0308318)
(-0.863616 0.503821 -0.0181951)
(-0.863616 0.504125 -0.00499618)
(-0.863621 0.504072 0.00836149)
(-0.86363 0.50367 0.0214679)
(-0.863642 0.502964 0.0339197)
(-0.863655 0.502041 0.0453345)
(-0.863668 0.501011 0.0553625)
(-0.86368 0.499999 0.0636991)
(-0.863689 0.499127 0.0700931)
(-0.863693 0.498503 0.0743547)
(-0.863693 0.4982 0.0763592)
(-0.863689 0.498254 0.0760501)
(-0.86368 0.498662 0.0734397)
(-0.863668 0.49937 0.0686069)
(-0.863655 0.500294 0.0616968)
(-0.863642 0.501322 0.0529146)
(-0.863629 0.50233 0.0425225)
(-0.863621 0.503198 0.0308318)
(-0.863616 0.503821 0.0181951)
(-0.649879 -0.759831 0.0177204)
(-0.649883 -0.759313 0.0331053)
(-0.649889 -0.758545 0.0474777)
(-0.649902 -0.757614 0.0604014)
(-0.649915 -0.756638 0.0714863)
(-0.649927 -0.755732 0.080399)
(-0.649936 -0.755007 0.0868722)
(-0.649947 -0.754546 0.0907113)
(-0.649952 -0.75441 0.0918011)
(-0.649952 -0.754615 0.0901075)
(-0.649947 -0.755134 0.0856796)
(-0.649936 -0.755908 0.0786489)
(-0.649927 -0.756837 0.0692247)
(-0.649915 -0.757814 0.0576915)
(-0.649902 -0.75872 0.0443987)
(-0.649889 -0.759447 0.029751)
(-0.649883 -0.759901 0.0141956)
(-0.649879 -0.760035 -0.00179124)
(-0.649879 -0.759831 -0.0177204)
(-0.649883 -0.759313 -0.0331053)
(-0.649889 -0.758545 -0.0474777)
(-0.649902 -0.757614 -0.0604014)
(-0.649915 -0.756638 -0.0714863)
(-0.649927 -0.755732 -0.080399)
(-0.649936 -0.755007 -0.0868722)
(-0.649947 -0.754546 -0.0907113)
(-0.649952 -0.75441 -0.0918011)
(-0.649952 -0.754615 -0.0901075)
(-0.649947 -0.755134 -0.0856796)
(-0.649936 -0.755908 -0.0786489)
(-0.649927 -0.756837 -0.0692247)
(-0.649915 -0.757814 -0.0576915)
(-0.649902 -0.75872 -0.0443987)
(-0.649889 -0.759447 -0.029751)
(-0.649883 -0.759901 -0.0141956)
(-0.649879 -0.760035 0.00179124)
(-0.955243 -0.295431 0.015217)
(-0.955247 -0.295081 0.0207323)
(-0.955256 -0.294669 0.0256128)
(-0.955269 -0.294243 0.029712)
(-0.955282 -0.293861 0.0329086)
(-0.955296 -0.29356 0.0351078)
(-0.955307 -0.293386 0.0362456)
(-0.955316 -0.293352 0.0362872)
(-0.95532 -0.293465 0.0352313)
(-0.95532 -0.293712 0.0331077)
(-0.955316 -0.294063 0.0299784)
(-0.955307 -0.294477 0.0259354)
(-0.955296 -0.294898 0.0210992)
(-0.955282 -0.295285 0.0156167)
(-0.955269 -0.295582 0.00965458)
(-0.955256 -0.295761 0.00339652)
(-0.955247 -0.295793 -0.00296502)
(-0.955243 -0.295679 -0.00923369)
(-0.955243 -0.295431 -0.015217)
(-0.955247 -0.295081 -0.0207323)
(-0.955256 -0.294669 -0.0256128)
(-0.955269 -0.294243 -0.029712)
(-0.955282 -0.293861 -0.0329086)
(-0.955296 -0.29356 -0.0351078)
(-0.955307 -0.293386 -0.0362456)
(-0.955316 -0.293352 -0.0362872)
(-0.95532 -0.293465 -0.0352313)
(-0.95532 -0.293712 -0.0331077)
(-0.955316 -0.294063 -0.0299784)
(-0.955307 -0.294477 -0.0259354)
(-0.955296 -0.294898 -0.0210992)
(-0.955282 -0.295285 -0.0156167)
(-0.955269 -0.295582 -0.00965458)
(-0.955256 -0.295761 -0.00339652)
(-0.955247 -0.295793 0.00296502)
(-0.955243 -0.295679 0.00923369)
(-0.871847 0.489761 0.00413837)
(-0.87185 0.489737 -0.00591444)
(-0.871855 0.489509 -0.0157889)
(-0.871863 0.489102 -0.0251826)
(-0.87187 0.488569 -0.0338084)
(-0.871879 0.487968 -0.0414023)
(-0.871886 0.487377 -0.0477341)
(-0.871892 0.486864 -0.0526121)
(-0.871894 0.486494 -0.0558902)
(-0.871894 0.48631 -0.0574711)
(-0.871892 0.486334 -0.0573087)
(-0.871886 0.486564 -0.0554094)
(-0.871879 0.48697 -0.0518307)
(-0.87187 0.487507 -0.0466807)
(-0.871863 0.488104 -0.0401134)
(-0.871855 0.488696 -0.0323265)
(-0.87185 0.489206 -0.0235543)
(-0.871847 0.489576 -0.0140621)
(-0.871847 0.489761 -0.00413837)
(-0.87185 0.489737 0.00591444)
(-0.871855 0.489509 0.0157889)
(-0.871863 0.489102 0.0251826)
(-0.87187 0.488569 0.0338084)
(-0.871879 0.487968 0.0414023)
(-0.871886 0.487377 0.0477341)
(-0.871892 0.486864 0.0526121)
(-0.871894 0.486494 0.0558902)
(-0.871894 0.48631 0.0574711)
(-0.871892 0.486334 0.0573087)
(-0.871886 0.486564 0.0554094)
(-0.871879 0.48697 0.0518307)
(-0.87187 0.487507 0.0466807)
(-0.871863 0.488104 0.0401134)
(-0.871855 0.488696 0.0323265)
(-0.87185 0.489206 0.0235543)
(-0.871847 0.489576 0.0140621)
(-0.594482 -0.804029 0.011331)
(-0.594482 -0.80381 0.0219073)
(-0.594487 -0.803475 0.0318161)
(-0.594489 -0.80307 0.0407566)
(-0.594495 -0.802638 0.0484576)
(-0.594499 -0.802234 0.054686)
(-0.594506 -0.801905 0.0592534)
(-0.594507 -0.801695 0.0620223)
(-0.594511 -0.801623 0.0629082)
(-0.594511 -0.801702 0.0618845)
(-0.594507 -0.801924 0.0589817)
(-0.594506 -0.802257 0.0542867)
(-0.594499 -0.802666 0.0479417)
(-0.594495 -0.803097 0.0401384)
(-0.594489 -0.803501 0.0311136)
(-0.594487 -0.803827 0.0211417)
(-0.594482 -0.80404 0.0105265)
(-0.594482 -0.804109 -0.000408871)
(-0.594482 -0.804029 -0.011331)
(-0.594482 -0.80381 -0.0219073)
(-0.594487 -0.803475 -0.0318161)
(-0.594489 -0.80307 -0.0407566)
(-0.594495 -0.802638 -0.0484576)
(-0.594499 -0.802234 -0.054686)
(-0.594506 -0.801905 -0.0592534)
(-0.594507 -0.801695 -0.0620223)
(-0.594511 -0.801623 -0.0629082)
(-0.594511 -0.801702 -0.0618845)
(-0.594507 -0.801924 -0.0589817)
(-0.594506 -0.802257 -0.0542867)
(-0.594499 -0.802666 -0.0479417)
(-0.594495 -0.803097 -0.0401384)
(-0.594489 -0.803501 -0.0311136)
(-0.594487 -0.803827 -0.0211417)
(-0.594482 -0.80404 -0.0105265)
(-0.594482 -0.804109 0.000408871)
(-0.945249 -0.326193 0.0101075)
(-0.945251 -0.326039 0.014108)
(-0.945255 -0.325854 0.0176785)
(-0.94526 -0.325659 0.0207109)
(-0.945266 -0.325482 0.0231141)
(-0.945272 -0.325339 0.0248155)
(-0.945277 -0.325251 0.0257644)
(-0.94528 -0.325227 0.025932)
(-0.945282 -0.32527 0.025313)
(-0.945282 -0.325375 0.0239257)
(-0.94528 -0.325529 0.0218116)
(-0.945277 -0.325715 0.019034)
(-0.945272 -0.325907 0.0156766)
(-0.945266 -0.326087 0.0118415)
(-0.94526 -0.326228 0.0076451)
(-0.945255 -0.326317 0.00321565)
(-0.945251 -0.326341 -0.00131163)
(-0.945249 -0.326298 -0.00579832)
(-0.945249 -0.326193 -0.0101075)
(-0.945251 -0.326039 -0.014108)
(-0.945255 -0.325854 -0.0176785)
(-0.94526 -0.325659 -0.0207109)
(-0.945266 -0.325482 -0.0231141)
(-0.945272 -0.325339 -0.0248155)
(-0.945277 -0.325251 -0.0257644)
(-0.94528 -0.325227 -0.025932)
(-0.945282 -0.32527 -0.025313)
(-0.945282 -0.325375 -0.0239257)
(-0.94528 -0.325529 -0.0218116)
(-0.945277 -0.325715 -0.019034)
(-0.945272 -0.325907 -0.0156766)
(-0.945266 -0.326087 -0.0118415)
(-0.94526 -0.326228 -0.0076451)
(-0.945255 -0.326317 -0.00321565)
(-0.945251 -0.326341 0.00131163)
(-0.945249 -0.326298 0.00579833)
(-0.879754 0.47542 0.00288805)
(-0.879756 0.475413 -0.00351383)
(-0.879758 0.475321 -0.00980934)
(-0.879761 0.475153 -0.0158065)
(-0.879764 0.474931 -0.0213227)
(-0.879768 0.47468 -0.0261896)
(-0.879771 0.474433 -0.0302597)
(-0.879774 0.474217 -0.0334093)
(-0.879775 0.47406 -0.0355434)
(-0.879775 0.47398 -0.0365978)
(-0.879774 0.473986 -0.0365411)
(-0.879771 0.474079 -0.0353753)
(-0.879768 0.474246 -0.0331358)
(-0.879764 0.474469 -0.0298904)
(-0.879761 0.474718 -0.0257373)
(-0.879758 0.474967 -0.0208019)
(-0.879756 0.475182 -0.0152336)
(-0.879754 0.47534 -0.00920123)
(-0.879754 0.47542 -0.00288805)
(-0.879756 0.475413 0.00351383)
(-0.879758 0.475321 0.00980934)
(-0.879761 0.475153 0.0158065)
(-0.879764 0.474931 0.0213227)
(-0.879768 0.47468 0.0261896)
(-0.879771 0.474433 0.0302597)
(-0.879774 0.474217 0.0334093)
(-0.879775 0.47406 0.0355434)
(-0.879775 0.47398 0.0365978)
(-0.879774 0.473986 0.0365411)
(-0.879771 0.474079 0.0353753)
(-0.879768 0.474246 0.0331358)
(-0.879764 0.474469 0.0298904)
(-0.879761 0.474718 0.0257373)
(-0.879758 0.474967 0.0208019)
(-0.879756 0.475182 0.0152336)
(-0.879754 0.47534 0.00920123)
(-0.50341 0.864003 -0.00876625)
(-0.503411 0.863862 -0.0178916)
(-0.503415 0.863639 -0.0264682)
(-0.503416 0.863366 -0.0342345)
(-0.503418 0.863072 -0.0409547)
(-0.503422 0.862793 -0.0464268)
(-0.503426 0.862562 -0.0504875)
(-0.503425 0.862411 -0.0530169)
(-0.503426 0.862353 -0.0539403)
(-0.503426 0.862397 -0.053231)
(-0.503425 0.862538 -0.0509101)
(-0.503426 0.862757 -0.0470458)
(-0.503422 0.863031 -0.041753)
(-0.503418 0.863326 -0.0351891)
(-0.503416 0.863605 -0.0275508)
(-0.503415 0.863834 -0.0190691)
(-0.503411 0.863989 -0.0100024)
(-0.50341 0.864048 -0.000627964)
(-0.50341 0.864003 0.00876625)
(-0.503411 0.863862 0.0178916)
(-0.503415 0.863639 0.0264682)
(-0.503416 0.863366 0.0342345)
(-0.503418 0.863072 0.0409547)
(-0.503422 0.862793 0.0464268)
(-0.503426 0.862562 0.0504875)
(-0.503425 0.862411 0.0530169)
(-0.503426 0.862353 0.0539403)
(-0.503426 0.862397 0.053231)
(-0.503425 0.862538 0.0509101)
(-0.503426 0.862757 0.0470458)
(-0.503422 0.863031 0.0417529)
(-0.503418 0.863326 0.0351891)
(-0.503416 0.863605 0.0275508)
(-0.503415 0.863834 0.0190691)
(-0.503411 0.863989 0.0100024)
(-0.50341 0.864047 0.000627963)
(-0.932528 -0.361069 0.00459473)
(-0.932528 -0.361037 0.00658287)
(-0.932529 -0.360999 0.00837087)
(-0.93253 -0.360957 0.00990445)
(-0.932531 -0.360918 0.0111371)
(-0.932532 -0.360886 0.0120313)
(-0.932533 -0.360866 0.0125602)
(-0.932534 -0.360859 0.0127075)
(-0.932534 -0.360866 0.0124689)
(-0.932534 -0.360887 0.0118515)
(-0.932534 -0.360919 0.010874)
(-0.932533 -0.360958 0.00956598)
(-0.932532 -0.360999 0.00796722)
(-0.932531 -0.361038 0.00612628)
(-0.93253 -0.36107 0.00409903)
(-0.932529 -0.36109 0.00194716)
(-0.932528 -0.361097 -0.000263882)
(-0.932528 -0.36109 -0.00246684)
(-0.932528 -0.361069 -0.00459473)
(-0.932528 -0.361037 -0.00658287)
(-0.932529 -0.360999 -0.00837087)
(-0.93253 -0.360957 -0.00990445)
(-0.932531 -0.360918 -0.0111371)
(-0.932532 -0.360886 -0.0120313)
(-0.932533 -0.360866 -0.0125602)
(-0.932534 -0.360859 -0.0127075)
(-0.932534 -0.360866 -0.0124689)
(-0.932534 -0.360887 -0.0118515)
(-0.932534 -0.360919 -0.010874)
(-0.932533 -0.360958 -0.00956598)
(-0.932532 -0.360999 -0.00796722)
(-0.932531 -0.361038 -0.00612628)
(-0.93253 -0.36107 -0.00409903)
(-0.932529 -0.36109 -0.00194716)
(-0.932528 -0.361097 0.000263882)
(-0.932528 -0.36109 0.00246684)
(-0.887405 0.460988 0.00137365)
(-0.887405 0.460988 -0.00141314)
(-0.887406 0.46097 -0.00415703)
(-0.887406 0.460938 -0.00677458)
(-0.887407 0.460895 -0.00918623)
(-0.887408 0.460846 -0.0113186)
(-0.887409 0.460797 -0.013107)
(-0.887409 0.460755 -0.0144971)
(-0.887409 0.460723 -0.0154466)
(-0.887409 0.460707 -0.0159268)
(-0.887409 0.460708 -0.0159232)
(-0.887409 0.460725 -0.0154358)
(-0.887408 0.460758 -0.0144796)
(-0.887407 0.460801 -0.0130835)
(-0.887406 0.46085 -0.0112899)
(-0.887406 0.460898 -0.00915318)
(-0.887405 0.460941 -0.00673832)
(-0.887405 0.460972 -0.00411861)
(-0.887405 0.460988 -0.00137365)
(-0.887405 0.460988 0.00141314)
(-0.887406 0.46097 0.00415703)
(-0.887406 0.460938 0.00677458)
(-0.887407 0.460895 0.00918623)
(-0.887408 0.460846 0.0113186)
(-0.887409 0.460797 0.013107)
(-0.887409 0.460755 0.0144971)
(-0.887409 0.460723 0.0154466)
(-0.887409 0.460707 0.0159268)
(-0.887409 0.460708 0.0159232)
(-0.887409 0.460725 0.0154358)
(-0.887408 0.460758 0.0144796)
(-0.887407 0.460801 0.0130835)
(-0.887406 0.46085 0.0112899)
(-0.887406 0.460898 0.00915318)
(-0.887405 0.460941 0.00673832)
(-0.887405 0.460972 0.00411861)
)
;

boundaryField
{
    fixed
    {
        type            calculated;
        value           nonuniform List<vector> 
108
(
(0.996195 0.0871565 0)
(-0.965926 -0.258819 0)
(-0.906307 -0.422619 0)
(-0.819151 -0.573578 0)
(-0.707107 -0.707107 0)
(-0.573578 -0.819151 0)
(0.422619 0.906307 0)
(0.258819 0.965926 0)
(-0.0871565 -0.996195 0)
(0.0871565 -0.996195 0)
(-0.258819 0.965926 0)
(-0.422619 0.906307 0)
(0.573578 -0.819151 0)
(-0.707107 0.707107 0)
(-0.819151 0.573578 0)
(-0.906307 0.422619 0)
(-0.965926 0.258819 0)
(0.996195 -0.0871565 0)
(0.996195 0.0871565 -0)
(-0.965926 -0.258819 -0)
(0.906307 0.422619 -0)
(0.819151 0.573578 -0)
(0.707107 0.707107 -0)
(0.573578 0.819151 -0)
(-0.422619 -0.906307 -0)
(0.258819 0.965926 -0)
(0.0871565 0.996195 -0)
(-0.0871565 0.996195 0)
(0.258819 -0.965926 0)
(0.422619 -0.906307 0)
(0.573578 -0.819151 0)
(0.707107 -0.707107 0)
(-0.819151 0.573578 0)
(0.906307 -0.422619 0)
(0.965926 -0.258819 0)
(-0.996195 0.0871565 0)
(-0.996195 -0.0871557 0)
(-0.965926 -0.258819 0)
(-0.906307 -0.422619 0)
(-0.819151 -0.573578 0)
(-0.707107 -0.707107 0)
(0.573578 0.819151 0)
(0.422619 0.906307 0)
(-0.258819 -0.965926 0)
(0.0871557 0.996195 0)
(-0.0871557 0.996195 0)
(0.258819 -0.965926 0)
(-0.422619 0.906307 0)
(-0.573578 0.819151 0)
(-0.707107 0.707107 0)
(0.819151 -0.573578 0)
(0.906307 -0.422619 0)
(-0.965926 0.258819 0)
(-0.996195 0.0871557 0)
(-0.996195 -0.0871557 -0)
(0.965926 0.258819 -0)
(-0.906307 -0.422619 -0)
(-0.819151 -0.573578 -0)
(0.707107 0.707107 -0)
(-0.573578 -0.819151 -0)
(-0.422619 -0.906307 -0)
(-0.258819 -0.965926 -0)
(0.0871557 0.996195 -0)
(-0.0871557 0.996195 0)
(0.258819 -0.965926 0)
(0.422619 -0.906307 0)
(-0.573578 0.819151 0)
(0.707107 -0.707107 0)
(-0.819151 0.573578 0)
(0.906307 -0.422619 0)
(0.965926 -0.258819 0)
(-0.996195 0.0871557 0)
(-0.996195 -0.0871553 0)
(0.965926 0.258817 0)
(0.906307 0.422619 0)
(-0.819151 -0.573577 0)
(-0.707107 -0.707107 0)
(0.573577 0.819151 0)
(0.422619 0.906307 0)
(-0.258817 -0.965926 0)
(0.0871553 0.996195 0)
(0.0871553 -0.996195 0)
(0.258817 -0.965926 0)
(-0.422619 0.906307 0)
(-0.573577 0.819151 0)
(-0.707107 0.707107 0)
(-0.819151 0.573577 0)
(-0.906307 0.422619 0)
(-0.965926 0.258817 0)
(0.996195 -0.0871553 0)
(0.996195 0.0871553 -0)
(0.965926 0.258817 -0)
(0.906307 0.422619 -0)
(0.819151 0.573577 -0)
(0.707107 0.707107 -0)
(0.573577 0.819151 -0)
(-0.422619 -0.906307 -0)
(-0.258817 -0.965926 -0)
(-0.0871553 -0.996195 -0)
(0.0871553 -0.996195 0)
(0.258817 -0.965926 0)
(0.422619 -0.906307 0)
(-0.573577 0.819151 0)
(0.707107 -0.707107 0)
(-0.819151 0.573577 0)
(-0.906307 0.422619 0)
(0.965926 -0.258817 0)
(-0.996195 0.0871553 0)
)
;
    }
    inside
    {
        type            calculated;
        value           nonuniform List<vector> 
540
(
(0.999591 0.0286065 1.20594e-17)
(0.979437 0.201748 -2.28905e-18)
(-0.929523 -0.368763 6.85844e-17)
(-0.851367 -0.524571 6.61953e-18)
(-0.747343 -0.664439 -7.82348e-19)
(0.620611 0.784119 -1.00291e-17)
(0.475022 0.879974 -4.36731e-18)
(0.314996 0.949093 -2.05182e-19)
(-0.145405 -0.989372 -2.28801e-17)
(0.0286065 -0.999591 5.89602e-19)
(0.201748 -0.979437 -1.04201e-17)
(-0.368763 0.929523 -1.21257e-19)
(0.524571 -0.851367 3.85803e-19)
(-0.664439 0.747343 1.65395e-20)
(-0.784119 0.620611 2.18262e-18)
(-0.879974 0.475022 2.27783e-18)
(0.949093 -0.314996 -1.3153e-17)
(-0.989372 0.145405 2.11249e-18)
(-0.999591 -0.0286065 -1.47714e-17)
(0.979437 0.201748 5.11908e-19)
(0.929523 0.368763 -2.66897e-20)
(-0.851367 -0.524571 -3.07024e-20)
(0.747343 0.664439 -8.4427e-19)
(0.620611 0.784119 -2.39709e-18)
(-0.475022 -0.879974 1.40752e-18)
(-0.314996 -0.949093 2.02984e-18)
(0.145405 0.989372 -6.93072e-19)
(0.0286065 -0.999591 -8.75716e-18)
(0.201748 -0.979437 -1.07697e-20)
(-0.368763 0.929523 2.41128e-19)
(0.524571 -0.851367 3.36011e-18)
(0.664439 -0.747343 2.49439e-18)
(0.784119 -0.620611 -3.21748e-17)
(-0.879974 0.475022 1.70944e-17)
(-0.949093 0.314996 -3.06537e-18)
(-0.989372 0.145405 -1.20749e-17)
(-0.999997 0.00262373 -1.75778e-17)
(-0.98526 -0.171063 -1.6843e-17)
(-0.940588 -0.339551 -8.94417e-18)
(0.867335 0.497724 -5.39724e-18)
(-0.76773 -0.640773 2.01003e-18)
(-0.644797 -0.764353 -1.97799e-18)
(-0.50227 -0.864711 -2.50615e-18)
(0.344484 0.938792 7.59633e-19)
(-0.176234 -0.984348 -4.49562e-19)
(0.00262373 0.999997 5.80507e-16)
(0.171063 -0.98526 2.11778e-18)
(0.339551 -0.940588 -4.51452e-18)
(0.497724 -0.867335 -5.84537e-19)
(-0.640773 0.76773 1.79239e-18)
(0.764353 -0.644797 3.28885e-18)
(0.864711 -0.50227 -2.19457e-18)
(0.938792 -0.344484 2.28851e-18)
(-0.984348 0.176234 9.15507e-18)
(0.999997 -0.00262373 1.22451e-17)
(0.98526 0.171063 -2.48588e-18)
(-0.940588 -0.339551 -4.53119e-18)
(-0.867335 -0.497724 -2.49643e-18)
(0.76773 0.640773 1.63813e-18)
(-0.644797 -0.764353 2.38424e-17)
(0.50227 0.864711 2.10853e-18)
(-0.344484 -0.938792 3.35163e-18)
(0.176234 0.984348 -3.22038e-18)
(0.00262373 0.999997 -3.11431e-18)
(-0.171063 0.98526 2.32073e-17)
(-0.339551 0.940588 -6.28443e-18)
(0.497724 -0.867335 -7.89275e-18)
(0.640773 -0.76773 3.90875e-18)
(0.764353 -0.644797 1.02331e-17)
(0.864711 -0.50227 6.49686e-17)
(-0.938792 0.344484 6.92402e-19)
(0.984348 -0.176234 1.61451e-16)
(-0.997018 -0.0771671 -1.46736e-18)
(-0.968472 -0.249123 -6.90223e-21)
(-0.910498 -0.413513 8.68443e-19)
(-0.824859 -0.565338 -4.94912e-19)
(0.714157 0.699985 3.97579e-19)
(-0.581756 -0.813363 -3.86927e-19)
(-0.43168 -0.902027 -1.85428e-19)
(0.268489 0.963283 -1.61439e-18)
(0.0971367 0.995271 2.35197e-19)
(0.0771671 -0.997018 -2.29239e-19)
(-0.249123 0.968472 -1.54854e-19)
(-0.413513 0.910498 -1.22906e-19)
(-0.565338 0.824859 -8.6703e-19)
(-0.699985 0.714157 -3.29397e-20)
(-0.813363 0.581756 2.36972e-19)
(-0.902027 0.43168 -1.95091e-18)
(-0.963283 0.268489 -4.0367e-19)
(0.995271 -0.0971367 -4.7451e-18)
(-0.997018 -0.0771671 -5.00801e-19)
(0.968472 0.249123 -3.08673e-19)
(0.910498 0.413513 1.98742e-20)
(0.824859 0.565338 2.35919e-19)
(-0.714157 -0.699985 8.27558e-20)
(-0.581756 -0.813363 6.59545e-19)
(0.43168 0.902027 -3.80431e-18)
(0.268489 0.963283 -1.15961e-19)
(0.0971367 0.995271 3.31292e-19)
(0.0771671 -0.997018 -2.6089e-19)
(0.249123 -0.968472 -1.55059e-19)
(0.413513 -0.910498 -1.59641e-18)
(0.565338 -0.824859 1.38693e-19)
(0.699985 -0.714157 -2.74225e-21)
(-0.813363 0.581756 3.20549e-19)
(0.902027 -0.43168 2.43885e-19)
(-0.963283 0.268489 -5.10077e-19)
(-0.995271 0.0971367 -2.32804e-18)
(0.987775 0.155888 2.45135e-18)
(0.945698 0.325046 -1.97031e-19)
(0.874887 0.484327 3.41105e-18)
(-0.777493 -0.628891 2.62397e-18)
(-0.656476 -0.754347 -2.29372e-18)
(0.515512 0.856882 7.81001e-18)
(0.358884 0.933382 -2.16609e-18)
(0.191352 0.981521 -5.99268e-19)
(-0.0180044 -0.999838 -1.37439e-17)
(-0.155888 0.987775 8.51325e-19)
(-0.325046 0.945698 4.81845e-18)
(0.484327 -0.874887 1.82146e-17)
(-0.628891 0.777493 -1.14095e-18)
(-0.754347 0.656476 -5.43825e-20)
(0.856882 -0.515512 3.9735e-19)
(0.933382 -0.358884 5.84793e-18)
(-0.981521 0.191352 7.2203e-19)
(-0.999838 0.0180044 -3.065e-18)
(0.987775 0.155888 -3.51324e-17)
(-0.945698 -0.325046 -8.4569e-18)
(0.874887 0.484327 -2.65854e-17)
(0.777493 0.628891 3.18765e-19)
(0.656476 0.754347 -1.38517e-18)
(0.515512 0.856882 4.04614e-18)
(0.358884 0.933382 -3.69717e-18)
(0.191352 0.981521 -3.53357e-18)
(-0.0180044 -0.999838 -2.0855e-16)
(0.155888 -0.987775 -7.10022e-16)
(0.325046 -0.945698 -8.47414e-19)
(0.484327 -0.874887 9.34547e-19)
(-0.628891 0.777493 1.39855e-17)
(0.754347 -0.656476 -4.2739e-19)
(-0.856882 0.515512 -3.81201e-18)
(0.933382 -0.358884 -1.94837e-17)
(0.981521 -0.191352 -2.06914e-18)
(-0.999838 0.0180044 -7.04264e-19)
(0.972781 0.231728 -1.86647e-18)
(-0.917762 -0.39713 -3.88892e-18)
(-0.834858 -0.550466 -7.33141e-18)
(0.726587 0.687075 1.24866e-17)
(-0.59624 -0.802806 -3.38059e-18)
(-0.447776 -0.894146 1.6806e-18)
(0.285707 0.958317 8.07514e-18)
(0.114957 0.993371 8.64192e-19)
(0.0592886 -0.998241 -1.11505e-18)
(-0.231728 0.972781 6.46332e-18)
(0.39713 -0.917762 1.74965e-16)
(0.550466 -0.834858 1.03216e-17)
(-0.687075 0.726587 1.56249e-17)
(-0.802806 0.59624 -1.94637e-18)
(-0.894146 0.447776 -8.19796e-18)
(0.958317 -0.285707 -4.98206e-17)
(0.993371 -0.114957 -3.56832e-19)
(-0.998241 -0.0592886 1.54801e-18)
(-0.972781 -0.231728 4.22125e-18)
(-0.917762 -0.39713 1.04433e-18)
(0.834858 0.550466 -1.33769e-17)
(0.726587 0.687075 -1.29107e-18)
(0.59624 0.802806 -7.10117e-18)
(0.447776 0.894146 2.09061e-16)
(0.285707 0.958317 -1.13068e-17)
(0.114957 0.993371 -1.72939e-17)
(-0.0592886 0.998241 1.41325e-18)
(0.231728 -0.972781 1.39705e-17)
(0.39713 -0.917762 4.11692e-18)
(-0.550466 0.834858 6.95735e-18)
(-0.687075 0.726587 -6.17512e-18)
(0.802806 -0.59624 8.32406e-18)
(-0.894146 0.447776 4.96769e-18)
(-0.958317 0.285707 3.39752e-17)
(-0.993371 0.114957 1.44006e-17)
(-0.998241 -0.0592887 -1.05603e-17)
(0.952433 0.304747 2.06054e-17)
(0.885043 0.465509 6.73578e-18)
(-0.790762 -0.612124 -5.57477e-19)
(-0.672456 -0.740137 -1.44781e-18)
(-0.533716 -0.845664 -6.30543e-17)
(0.37876 0.925495 -4.20087e-17)
(0.212298 0.977205 -8.62702e-17)
(-0.0393813 -0.999224 -8.99606e-19)
(-0.13473 0.990882 -2.35704e-18)
(-0.304747 0.952433 -6.08791e-18)
(-0.465509 0.885043 -3.27476e-17)
(0.612124 -0.790762 -6.21226e-18)
(-0.740137 0.672456 -2.72149e-17)
(-0.845664 0.533716 -2.21014e-17)
(0.925495 -0.37876 5.54936e-16)
(-0.977205 0.212298 -5.24446e-17)
(0.999224 -0.0393813 2.8101e-18)
(-0.990882 -0.13473 3.39408e-18)
(-0.952433 -0.304747 2.3517e-18)
(-0.885043 -0.465509 3.31126e-18)
(0.790762 0.612124 3.76828e-18)
(-0.672456 -0.740137 1.88531e-18)
(0.533716 0.845664 -1.70476e-17)
(-0.37876 -0.925495 -2.66233e-17)
(-0.212298 -0.977205 -4.22824e-18)
(0.0393813 0.999224 6.83988e-18)
(-0.13473 0.990882 4.408e-18)
(0.304747 -0.952433 -1.29525e-17)
(0.465509 -0.885043 3.24867e-18)
(-0.612124 0.790762 5.83284e-20)
(0.740137 -0.672456 -1.39488e-17)
(0.845664 -0.533716 1.64423e-18)
(-0.925495 0.37876 2.77238e-18)
(-0.977205 0.212298 4.07184e-18)
(0.999224 -0.0393813 2.94598e-17)
(0.990882 0.13473 -3.42787e-18)
(-0.926661 -0.375897 1.96814e-17)
(0.847309 0.531101 5.07285e-18)
(-0.742214 -0.670163 6.56203e-19)
(-0.614566 -0.788865 2.96036e-17)
(-0.468244 -0.883599 -2.04149e-17)
(-0.307696 -0.951485 -1.26345e-17)
(0.137797 0.990461 6.81042e-18)
(-0.0362904 0.999341 -4.94152e-18)
(-0.209272 0.977858 2.69786e-19)
(0.375897 -0.926661 -6.23959e-18)
(0.531101 -0.847309 1.33251e-18)
(-0.670163 0.742214 2.00334e-17)
(-0.788865 0.614566 -3.77424e-18)
(-0.883599 0.468244 9.4232e-17)
(0.951485 -0.307696 1.53912e-19)
(0.990461 -0.137797 -1.13734e-16)
(0.999341 0.0362904 1.44163e-17)
(-0.977858 -0.209272 5.79688e-18)
(-0.926661 -0.375897 -5.34866e-18)
(-0.847309 -0.531101 8.7683e-18)
(0.742214 0.670163 1.46562e-18)
(0.614566 0.788865 -1.33719e-17)
(0.468244 0.883599 -2.37108e-18)
(0.307696 0.951485 -3.09431e-17)
(-0.137797 -0.990461 -4.27998e-17)
(0.0362904 -0.999341 -1.60865e-17)
(0.209272 -0.977858 5.64363e-18)
(0.375897 -0.926661 -1.3031e-17)
(0.531101 -0.847309 -8.18913e-18)
(-0.670163 0.742214 2.5584e-18)
(0.788865 -0.614566 -5.09144e-19)
(0.883599 -0.468244 -1.39783e-18)
(0.951485 -0.307696 -5.5416e-17)
(0.990461 -0.137797 8.92526e-17)
(0.999341 0.0362904 6.37593e-16)
(0.977858 0.209272 1.69888e-18)
(0.894843 0.44638 1.45435e-17)
(0.803735 0.594987 -5.81637e-18)
(0.688207 0.725514 6.31083e-18)
(0.551766 0.833999 -9.91649e-18)
(-0.398561 -0.917142 4.14671e-17)
(0.233246 0.972418 1.01187e-17)
(0.0608435 0.998147 -1.07422e-17)
(-0.113405 0.993549 -2.21703e-16)
(0.28421 -0.958762 -4.41982e-18)
(0.44638 -0.894843 -1.53756e-17)
(0.594987 -0.803735 -6.53202e-17)
(-0.725514 0.688207 -1.15849e-17)
(0.833999 -0.551766 -7.5019e-17)
(0.917142 -0.398561 -1.72594e-17)
(0.972418 -0.233246 -4.86798e-16)
(0.998147 -0.0608435 1.14029e-17)
(-0.993549 -0.113405 8.85369e-18)
(-0.958762 -0.28421 7.76506e-18)
(-0.894843 -0.44638 -2.27189e-19)
(0.803735 0.594987 1.30962e-17)
(0.688207 0.725514 -1.07988e-16)
(0.551766 0.833999 4.24032e-17)
(0.398561 0.917142 2.39795e-18)
(-0.233246 -0.972418 -1.90138e-17)
(0.0608435 0.998147 -3.33876e-18)
(0.113405 -0.993549 -6.61755e-18)
(0.28421 -0.958762 -1.23776e-17)
(-0.44638 0.894843 -2.60136e-17)
(0.594987 -0.803735 -3.15833e-17)
(-0.725514 0.688207 1.13458e-17)
(-0.833999 0.551766 -7.07627e-20)
(0.917142 -0.398561 -1.08445e-17)
(0.972418 -0.233246 1.0881e-16)
(0.998147 -0.0608435 -2.1805e-17)
(0.993549 0.113405 5.5618e-19)
(0.958762 0.28421 9.864e-17)
(0.855809 0.517292 -5.98709e-17)
(0.752981 0.658043 1.56319e-17)
(0.627272 0.7788 -6.58476e-18)
(-0.482503 -0.875894 2.94488e-17)
(-0.323077 -0.946373 -1.47299e-16)
(-0.153834 -0.988097 3.18708e-17)
(-0.0200828 0.999798 -7.48733e-19)
(-0.19339 0.981122 5.97801e-17)
(-0.360826 0.932633 4.10004e-17)
(-0.517292 0.855809 -2.16084e-18)
(0.658043 -0.752981 -1.31449e-18)
(0.7788 -0.627272 2.31526e-17)
(-0.875894 0.482503 -7.61124e-18)
(-0.946373 0.323077 -2.54874e-18)
(-0.988097 0.153834 -1.04669e-17)
(0.999798 0.0200828 5.90808e-17)
(-0.981122 -0.19339 -5.0033e-18)
(0.932633 0.360826 1.24327e-16)
(0.855809 0.517292 -9.61266e-17)
(-0.752981 -0.658043 4.14123e-18)
(0.627272 0.7788 4.62056e-17)
(0.482503 0.875894 9.60532e-18)
(0.323077 0.946373 3.87307e-18)
(-0.153834 -0.988097 2.37349e-19)
(-0.0200828 0.999798 3.32815e-19)
(0.19339 -0.981122 4.58342e-18)
(-0.360826 0.932633 9.69685e-18)
(0.517292 -0.855809 -6.63193e-17)
(-0.658043 0.752981 3.09711e-17)
(0.7788 -0.627272 1.12169e-16)
(-0.875894 0.482503 1.30688e-17)
(0.946373 -0.323077 -8.01981e-18)
(0.988097 -0.153834 2.10806e-17)
(-0.999798 -0.0200828 3.1217e-17)
(0.981122 0.19339 -8.33337e-18)
(-0.932633 -0.360826 -3.68813e-17)
(-0.807746 -0.58953 -5.92154e-18)
(-0.693104 -0.720838 -8.94841e-18)
(0.5574 0.830244 6.84868e-18)
(0.404764 0.914421 -2.43489e-18)
(-0.239828 -0.970815 3.7457e-17)
(-0.0676041 -0.997712 -7.57413e-17)
(0.106674 -0.994294 -5.49613e-17)
(-0.277712 0.960664 -4.51537e-19)
(0.440313 -0.897844 1.50574e-17)
(0.58953 -0.807746 -7.84634e-18)
(0.720838 -0.693104 3.80047e-19)
(0.830244 -0.5574 2.38145e-17)
(0.914421 -0.404764 2.1372e-18)
(-0.970815 0.239828 4.10911e-18)
(-0.997712 0.0676041 4.33799e-17)
(0.994294 0.106674 -3.30247e-18)
(-0.960664 -0.277712 1.44251e-17)
(0.897844 0.440313 2.00286e-17)
(-0.807746 -0.58953 -4.88227e-18)
(-0.693104 -0.720838 -1.13112e-17)
(0.5574 0.830244 -3.05603e-18)
(0.404764 0.914421 -1.96658e-17)
(0.239828 0.970815 3.63161e-19)
(-0.0676041 -0.997712 1.6848e-16)
(-0.106674 0.994294 -1.25013e-16)
(-0.277712 0.960664 -9.43569e-17)
(0.440313 -0.897844 1.36646e-17)
(0.58953 -0.807746 -1.75992e-18)
(-0.720838 0.693104 1.83756e-16)
(0.830244 -0.5574 2.35383e-17)
(-0.914421 0.404764 1.08159e-17)
(0.970815 -0.239828 1.54267e-17)
(0.997712 -0.0676041 1.11944e-16)
(0.994294 0.106674 1.46092e-16)
(-0.960664 -0.277712 3.01322e-18)
(-0.897844 -0.440313 -4.67709e-17)
(0.748322 0.663335 -1.05503e-16)
(-0.621766 -0.783203 5.85308e-17)
(0.476318 0.879273 1.73055e-18)
(0.316398 0.948627 3.07484e-17)
(-0.146863 -0.989157 -1.0217e-17)
(-0.0271328 0.999632 3.75092e-17)
(0.200305 -0.979734 -8.81322e-18)
(-0.367391 0.930067 -3.30722e-17)
(0.523314 -0.85214 1.35389e-17)
(0.663335 -0.748322 8.75103e-17)
(0.783203 -0.621766 6.12986e-20)
(0.879273 -0.476318 1.32325e-17)
(0.948627 -0.316398 -8.68326e-19)
(-0.989157 0.146863 2.12408e-17)
(-0.999632 -0.0271328 -6.90177e-17)
(0.979734 0.200305 -1.74813e-19)
(0.930067 0.367391 2.16827e-17)
(0.85214 0.523314 -5.67562e-17)
(0.748322 0.663335 2.13462e-18)
(0.621766 0.783203 6.48656e-20)
(-0.476318 -0.879273 5.66023e-17)
(0.316398 0.948627 4.09318e-17)
(-0.146863 -0.989157 -5.33188e-19)
(0.0271328 -0.999632 4.66168e-16)
(-0.200305 0.979734 -1.71447e-18)
(-0.367391 0.930067 3.45749e-17)
(0.523314 -0.85214 5.31738e-16)
(-0.663335 0.748322 -2.7913e-18)
(0.783203 -0.621766 -5.42365e-18)
(-0.879273 0.476318 -1.40792e-18)
(0.948627 -0.316398 5.5582e-18)
(0.989157 -0.146863 8.90583e-18)
(-0.999632 -0.0271328 -4.36248e-16)
(0.979734 0.200305 -4.83876e-17)
(-0.930067 -0.367391 -3.95145e-21)
(-0.85214 -0.523314 1.67153e-16)
(0.675497 0.737363 -2.649e-17)
(0.537195 0.843458 -7.08938e-18)
(0.382566 0.923928 8.58586e-17)
(0.216316 0.976323 1.21114e-17)
(-0.0434934 -0.999054 -8.76009e-18)
(-0.13065 0.991429 2.4846e-17)
(-0.300826 0.953679 6.45406e-18)
(0.461862 -0.886952 -2.05342e-17)
(-0.608861 0.793277 2.02122e-18)
(-0.737363 0.675497 1.57214e-15)
(-0.843458 0.537195 -7.125e-17)
(-0.923928 0.382566 5.39377e-18)
(-0.976323 0.216316 -2.66195e-18)
(-0.999054 0.0434934 -6.26923e-17)
(0.991429 0.13065 1.3068e-17)
(-0.953679 -0.300826 2.72196e-17)
(-0.886952 -0.461862 -2.37882e-16)
(-0.793277 -0.608861 2.62329e-17)
(0.675497 0.737363 2.54733e-18)
(0.537195 0.843458 -1.0908e-16)
(-0.382566 -0.923928 -6.27695e-19)
(0.216316 0.976323 -3.05216e-18)
(-0.0434934 -0.999054 8.73403e-18)
(0.13065 -0.991429 -8.21194e-19)
(0.300826 -0.953679 -6.91075e-18)
(-0.461862 0.886952 5.92671e-17)
(-0.608861 0.793277 -6.44428e-17)
(-0.737363 0.675497 2.64689e-17)
(0.843458 -0.537195 -1.28705e-17)
(0.923928 -0.382566 1.15831e-18)
(0.976323 -0.216316 3.5733e-17)
(-0.999054 0.0434934 -3.99276e-17)
(0.991429 0.13065 2.36684e-16)
(0.953679 0.300826 5.32382e-18)
(-0.886952 -0.461862 -2.17793e-18)
(-0.793277 -0.608861 -1.21334e-17)
(0.59012 0.807315 2.36209e-17)
(-0.440967 -0.897523 -3.74708e-16)
(-0.278411 -0.960462 -4.55852e-18)
(0.107399 0.994216 6.87436e-17)
(0.0668748 -0.997761 2.39214e-16)
(0.239117 -0.970991 -6.76303e-18)
(0.404097 -0.914716 -1.79457e-15)
(-0.556798 0.830648 -1.45612e-16)
(-0.692579 0.721342 -5.50974e-17)
(-0.807315 0.59012 -4.69368e-18)
(0.897523 -0.440967 -1.03054e-17)
(0.960462 -0.278411 5.33806e-18)
(-0.994216 0.107399 -5.98693e-17)
(-0.997761 -0.0668748 -6.79611e-17)
(-0.970991 -0.239117 -5.47337e-17)
(0.914716 0.404097 -2.21349e-16)
(0.830648 0.556798 -3.11854e-18)
(-0.721342 -0.692579 -2.21785e-18)
(-0.59012 -0.807315 -2.53219e-18)
(-0.440967 -0.897523 6.16588e-17)
(-0.278411 -0.960462 5.12339e-18)
(-0.107399 -0.994216 -7.10419e-18)
(-0.0668748 0.997761 6.35572e-17)
(-0.239117 0.970991 -1.59852e-16)
(0.404097 -0.914716 4.59872e-17)
(-0.556798 0.830648 4.70231e-17)
(0.692579 -0.721342 -9.08077e-16)
(-0.807315 0.59012 1.32102e-16)
(-0.897523 0.440967 -5.9694e-17)
(-0.960462 0.278411 1.32016e-17)
(0.994216 -0.107399 3.30461e-16)
(0.997761 0.0668748 -4.66607e-18)
(0.970991 0.239117 2.13563e-18)
(-0.914716 -0.404097 2.43252e-18)
(-0.830648 -0.556798 -5.41016e-17)
(-0.721342 -0.692579 2.7162e-17)
(-0.503612 -0.86393 9.08568e-18)
(0.345938 0.938257 -7.95216e-20)
(-0.177758 -0.984074 -9.14049e-17)
(0.00416938 0.999991 2.3404e-15)
(-0.169538 0.985524 -5.412e-18)
(-0.338094 0.941112 -3.4082e-18)
(0.496385 -0.868102 -2.98479e-19)
(-0.639586 0.768719 -7.70182e-18)
(0.763358 -0.645976 -1.05563e-17)
(0.86393 -0.503612 1.50277e-17)
(-0.938257 0.345938 6.39277e-18)
(-0.984074 0.177758 9.53681e-19)
(-0.999991 0.00416938 -6.30841e-15)
(-0.985524 -0.169538 1.40434e-17)
(0.941112 0.338094 -3.96199e-17)
(0.868102 0.496385 -8.97039e-17)
(0.768719 0.639586 2.46306e-18)
(-0.645976 -0.763358 -4.16836e-18)
(-0.503612 -0.86393 -1.6823e-17)
(0.345938 0.938257 2.87649e-17)
(0.177758 0.984074 1.64736e-18)
(0.00416939 0.999991 2.26591e-18)
(0.169538 -0.985524 -4.50626e-17)
(-0.338094 0.941112 -7.00917e-17)
(-0.496385 0.868102 7.3173e-16)
(0.639586 -0.768719 5.7003e-17)
(-0.763358 0.645976 5.41438e-17)
(0.86393 -0.503612 1.1321e-17)
(-0.938257 0.345938 -3.7379e-17)
(-0.984074 0.177758 -1.2696e-17)
(-0.999991 0.00416938 2.01457e-18)
(0.985524 0.169538 2.91677e-17)
(-0.941112 -0.338094 -7.79406e-17)
(-0.868102 -0.496385 -9.44424e-18)
(0.768719 0.639586 -2.12128e-17)
(-0.645976 -0.763358 2.27953e-17)
(-0.45391 -0.891048 3.63491e-19)
(-0.292283 -0.956332 1.50793e-18)
(0.121794 0.992555 2.33726e-17)
(-0.0524441 0.998624 -7.34401e-17)
(0.225033 -0.974351 3.92316e-18)
(-0.390803 0.920474 1.20522e-16)
(-0.544723 0.838616 -9.86898e-18)
(0.68206 -0.731296 -4.37026e-18)
(0.798689 -0.601744 1.51687e-17)
(-0.891048 0.45391 1.38767e-17)
(0.956332 -0.292283 -3.0975e-17)
(-0.992555 0.121794 -1.66557e-17)
(0.998624 0.0524441 9.28227e-19)
(0.974351 0.225033 2.43151e-18)
(-0.920474 -0.390803 2.45507e-16)
(-0.838616 -0.544723 -2.81732e-19)
(0.731296 0.68206 2.15182e-17)
(0.601744 0.798689 -8.06542e-18)
(-0.45391 -0.891048 -5.62376e-17)
(0.292283 0.956332 -1.94108e-17)
(0.121794 0.992555 -2.8947e-18)
(0.052444 -0.998624 -1.51716e-16)
(-0.225033 0.974351 -2.00019e-17)
(0.390803 -0.920474 -2.9191e-17)
(-0.544723 0.838616 -2.83713e-18)
(0.68206 -0.731296 -8.52232e-18)
(0.798689 -0.601744 -9.39558e-17)
(0.891048 -0.45391 2.64024e-17)
(0.956332 -0.292283 -4.10712e-18)
(0.992555 -0.121794 3.45984e-18)
(0.998624 0.052444 1.46497e-17)
(0.974351 0.225033 3.48744e-17)
(-0.920474 -0.390803 6.37274e-18)
(0.838616 0.544723 -2.41471e-17)
(0.731296 0.68206 -3.5064e-19)
(0.601744 0.798689 -5.80251e-18)
)
;
    }
    outside
    {
        type            calculated;
        value           nonuniform List<vector> 
540
(
(-0.993404 -0.114666 -6.45357e-20)
(-0.958401 -0.285425 -2.35845e-18)
(0.894276 0.447516 5.01395e-19)
(-0.80298 -0.596006 -4.10792e-19)
(-0.687287 -0.726386 4.25341e-19)
(-0.550711 -0.834696 -1.62327e-18)
(-0.397399 -0.917646 1.05698e-18)
(0.232015 0.972712 3.35464e-18)
(0.05958 0.998224 -4.10403e-19)
(0.114666 -0.993404 -2.12462e-18)
(-0.285425 0.958401 1.62208e-18)
(-0.447516 0.894276 2.05489e-18)
(0.596006 -0.80298 5.49354e-20)
(-0.726386 0.687287 9.17107e-19)
(0.834696 -0.550711 2.24701e-19)
(0.917646 -0.397399 -7.85691e-18)
(-0.972712 0.232015 -3.87862e-18)
(0.998224 -0.05958 2.21141e-18)
(0.993404 0.114666 -7.46106e-19)
(-0.958401 -0.285425 8.14737e-19)
(-0.894276 -0.447516 -3.33829e-19)
(-0.80298 -0.596006 -5.71565e-18)
(0.687287 0.726386 2.96576e-20)
(-0.550711 -0.834696 -1.74064e-18)
(0.397399 0.917646 6.10791e-20)
(-0.232015 -0.972712 7.83469e-19)
(0.05958 0.998224 3.14817e-19)
(-0.114666 0.993404 6.74479e-19)
(0.285425 -0.958401 -1.05472e-19)
(0.447516 -0.894276 1.04879e-18)
(0.596006 -0.80298 1.43071e-18)
(0.726386 -0.687287 7.30319e-19)
(0.834696 -0.550711 2.13841e-18)
(-0.917646 0.397399 2.47796e-18)
(0.972712 -0.232015 -4.35083e-18)
(0.998224 -0.05958 2.78481e-19)
(0.992305 0.123815 -1.56825e-18)
(-0.955731 -0.294242 -2.25353e-19)
(-0.890116 -0.455734 -2.09598e-19)
(0.797455 0.603379 6.3889e-19)
(-0.680563 -0.73269 5.34621e-19)
(-0.543 -0.839733 -6.18913e-18)
(0.388929 0.921268 -5.43473e-18)
(-0.223044 -0.974808 2.36777e-18)
(-0.0503824 -0.99873 -2.47542e-18)
(0.123815 -0.992305 1.06649e-18)
(-0.294242 0.955731 4.42309e-19)
(-0.455734 0.890116 -1.41264e-18)
(0.603379 -0.797455 1.3164e-18)
(-0.73269 0.680563 -1.92177e-19)
(0.839733 -0.543 -6.29658e-18)
(-0.921268 0.388929 1.56608e-18)
(-0.974808 0.223044 -1.92312e-18)
(0.99873 -0.0503824 2.24839e-19)
(0.992305 0.123815 -9.54542e-19)
(-0.955731 -0.294242 3.34079e-20)
(0.890116 0.455734 6.94256e-20)
(0.797455 0.603379 -7.7635e-19)
(0.680563 0.73269 1.47472e-19)
(0.543 0.839733 -5.41052e-18)
(-0.388929 -0.921268 -1.35005e-18)
(-0.223044 -0.974808 -4.5145e-18)
(-0.0503824 -0.99873 2.04089e-18)
(0.123815 -0.992305 -3.6833e-19)
(-0.294242 0.955731 9.47694e-19)
(0.455734 -0.890116 -2.9754e-18)
(0.603379 -0.797455 1.4347e-19)
(0.73269 -0.680563 -1.46402e-18)
(-0.839733 0.543 6.34222e-18)
(0.921268 -0.388929 2.37346e-19)
(0.974808 -0.223044 -8.39932e-19)
(-0.99873 0.0503824 1.07474e-18)
(-0.995808 -0.0914689 1.40793e-19)
(-0.964795 -0.263005 -1.26752e-17)
(-0.904468 -0.426542 4.16324e-19)
(-0.816658 -0.577122 -1.95703e-19)
(-0.704035 -0.710166 -5.54536e-20)
(-0.570021 -0.82163 2.53461e-19)
(0.418688 0.90813 -7.5586e-19)
(-0.254629 -0.967039 -9.91499e-21)
(-0.0828414 -0.996563 -2.5277e-19)
(0.0914689 -0.995808 1.60782e-19)
(0.263005 -0.964795 -4.3699e-20)
(-0.426542 0.904468 2.36447e-18)
(-0.577122 0.816658 5.33824e-19)
(-0.710166 0.704035 -2.70094e-19)
(0.82163 -0.570021 -2.90743e-19)
(-0.90813 0.418688 5.09805e-18)
(0.967039 -0.254629 5.46969e-19)
(0.996563 -0.0828414 3.96958e-19)
(-0.995808 -0.0914689 -2.65543e-20)
(0.964795 0.263005 1.81242e-19)
(0.904468 0.426542 4.9238e-19)
(-0.816658 -0.577122 1.42173e-18)
(0.704035 0.710166 -1.7553e-21)
(-0.570021 -0.82163 2.24509e-19)
(0.418688 0.90813 -1.66371e-19)
(-0.254629 -0.967039 1.59805e-18)
(0.0828414 0.996563 3.8655e-20)
(-0.0914689 0.995808 4.37015e-19)
(-0.263005 0.964795 4.6284e-19)
(-0.426542 0.904468 -2.47724e-21)
(0.577122 -0.816658 1.49007e-19)
(0.710166 -0.704035 2.76052e-20)
(0.82163 -0.570021 -1.54312e-20)
(-0.90813 0.418688 1.8041e-19)
(0.967039 -0.254629 2.81654e-19)
(-0.996563 0.0828414 6.27232e-20)
(0.999899 0.0142325 -6.48006e-19)
(0.982236 0.187648 9.37206e-19)
(-0.934728 -0.355363 5.09685e-19)
(0.858819 0.51228 -1.01591e-17)
(-0.75682 -0.653624 -1.34435e-18)
(-0.631817 -0.775117 -1.00368e-18)
(-0.487624 -0.873054 7.15238e-18)
(0.328607 0.944467 -1.5622e-18)
(0.159612 0.98718 6.77295e-18)
(-0.0142325 0.999899 -4.93037e-19)
(0.187648 -0.982236 1.3303e-17)
(0.355363 -0.934728 -7.89806e-19)
(-0.51228 0.858819 1.01353e-17)
(-0.653624 0.75682 1.51187e-19)
(0.775117 -0.631817 -3.87131e-18)
(0.873054 -0.487624 9.95738e-18)
(-0.944467 0.328607 2.18506e-18)
(0.98718 -0.159612 5.37642e-18)
(0.999899 0.0142325 7.14478e-18)
(0.982236 0.187648 2.64114e-17)
(0.934728 0.355363 5.91728e-18)
(0.858819 0.51228 2.00157e-18)
(0.75682 0.653624 3.1585e-18)
(0.631817 0.775117 -7.84773e-18)
(-0.487624 -0.873054 -4.09482e-17)
(0.328607 0.944467 3.73483e-17)
(0.159612 0.98718 -2.29904e-18)
(-0.0142325 0.999899 -1.31396e-17)
(0.187648 -0.982236 -4.85064e-19)
(-0.355363 0.934728 -2.4846e-18)
(0.51228 -0.858819 -2.86391e-18)
(0.653624 -0.75682 -6.24113e-18)
(-0.775117 0.631817 -8.73621e-18)
(0.873054 -0.487624 -2.27725e-17)
(-0.944467 0.328607 6.8124e-19)
(0.98718 -0.159612 1.36645e-18)
(-0.997488 0.0708321 -3.77794e-19)
(0.994634 0.103455 -4.74636e-20)
(0.961559 0.2746 -2.27401e-17)
(0.899264 0.437406 1.19581e-16)
(-0.809649 -0.586914 3.91488e-18)
(-0.695432 -0.718592 1.29641e-18)
(0.560088 0.828433 -6.33493e-18)
(0.407721 0.913107 1.23706e-17)
(0.242966 0.970035 -4.17533e-16)
(-0.0708321 -0.997488 2.66645e-17)
(-0.103455 0.994634 -3.24996e-18)
(-0.2746 0.961559 -3.73891e-17)
(0.437406 -0.899264 -8.01618e-18)
(0.586914 -0.809649 -8.39751e-18)
(-0.718592 0.695432 -1.66904e-17)
(-0.828433 0.560088 -5.01742e-19)
(0.913107 -0.407721 -8.54128e-19)
(0.970035 -0.242966 -1.41517e-17)
(-0.997488 0.0708321 -4.36472e-17)
(-0.994634 -0.103455 5.27693e-18)
(-0.961559 -0.2746 -2.70003e-17)
(0.899264 0.437406 -4.79402e-18)
(-0.809649 -0.586914 2.15281e-18)
(-0.695432 -0.718592 -1.62206e-17)
(-0.560088 -0.828433 4.6278e-17)
(-0.407721 -0.913107 3.79987e-17)
(-0.242966 -0.970035 -5.29907e-18)
(0.0708321 0.997488 6.07291e-18)
(-0.103455 0.994634 1.08998e-17)
(0.2746 -0.961559 -1.71656e-17)
(0.437406 -0.899264 1.02152e-17)
(0.586914 -0.809649 2.84662e-17)
(-0.718592 0.695432 1.15235e-17)
(-0.828433 0.560088 -5.84726e-17)
(0.913107 -0.407721 -1.08242e-17)
(0.970035 -0.242966 8.87301e-18)
(0.987425 -0.158086 1.43367e-17)
(0.999876 0.0157787 2.00988e-17)
(0.981945 0.189165 3.16989e-18)
(-0.934179 -0.356805 -2.13212e-16)
(-0.858026 -0.513606 3.27434e-18)
(-0.755805 -0.654797 -2.7406e-19)
(-0.63062 -0.776092 9.18801e-19)
(0.486274 0.873807 2.32004e-17)
(0.327149 0.944973 1.92886e-17)
(-0.158086 -0.987425 -1.14805e-17)
(0.0157787 -0.999876 -1.54293e-17)
(-0.189165 0.981945 3.20433e-18)
(-0.356805 0.934179 -4.17415e-17)
(0.513606 -0.858026 1.44347e-18)
(0.654797 -0.755805 1.56074e-17)
(-0.776092 0.63062 6.21218e-17)
(-0.873807 0.486274 4.32962e-18)
(-0.944973 0.327149 -4.26047e-17)
(-0.987425 0.158086 6.00563e-17)
(-0.999876 -0.0157787 1.22471e-17)
(-0.981945 -0.189165 2.16782e-18)
(-0.934179 -0.356805 2.95575e-17)
(0.858026 0.513606 4.28326e-19)
(-0.755805 -0.654797 -8.32164e-18)
(0.63062 0.776092 1.71971e-18)
(0.486274 0.873807 1.34877e-17)
(0.327149 0.944973 -7.82511e-18)
(-0.158086 -0.987425 -1.02718e-17)
(-0.0157787 0.999876 -2.91161e-18)
(-0.189165 0.981945 1.25063e-17)
(0.356805 -0.934179 -1.17491e-18)
(0.513606 -0.858026 4.58183e-17)
(-0.654797 0.755805 6.56051e-18)
(-0.776092 0.63062 -7.65945e-18)
(0.873807 -0.486274 -1.6358e-18)
(-0.944973 0.327149 1.64504e-17)
(0.969352 -0.245674 5.94488e-19)
(0.997287 -0.073617 2.46893e-18)
(0.994919 0.100679 7.9605e-17)
(0.962322 0.271914 -1.02068e-15)
(-0.900483 -0.43489 -1.81297e-18)
(0.811285 0.584651 1.37306e-19)
(0.697436 0.716647 -1.22832e-17)
(0.562399 0.826866 2.52738e-17)
(0.410268 0.911965 -8.88055e-18)
(-0.245674 -0.969352 5.18596e-17)
(0.073617 0.997287 -2.55074e-17)
(-0.100679 0.994919 2.56142e-19)
(-0.271914 0.962322 1.30414e-20)
(-0.43489 0.900483 -2.95217e-17)
(-0.584651 0.811285 -5.92097e-17)
(-0.716647 0.697436 -1.70621e-17)
(-0.826866 0.562399 -6.38429e-18)
(0.911965 -0.410268 4.14213e-17)
(0.969352 -0.245674 1.72079e-17)
(-0.997287 0.073617 -5.07102e-19)
(-0.994919 -0.100679 -1.06866e-19)
(-0.962322 -0.271914 1.50377e-15)
(0.900483 0.43489 -8.29007e-18)
(-0.811285 -0.584651 3.82562e-18)
(0.697436 0.716647 4.57249e-19)
(0.562399 0.826866 -7.54956e-18)
(-0.410268 -0.911965 -4.1704e-18)
(0.245674 0.969352 7.50881e-18)
(0.073617 0.997287 -1.52435e-18)
(-0.100679 0.994919 1.00759e-16)
(0.271914 -0.962322 3.01238e-17)
(0.43489 -0.900483 -1.08267e-17)
(0.584651 -0.811285 5.68143e-18)
(0.716647 -0.697436 1.99975e-19)
(0.826866 -0.562399 -3.98156e-17)
(0.911965 -0.410268 7.46089e-16)
(-0.943082 0.332561 -5.38214e-17)
(0.986502 -0.163748 2.42268e-19)
(0.99995 0.0100455 -8.00627e-18)
(-0.983014 -0.183531 8.79032e-18)
(-0.936209 -0.351442 -2.27972e-17)
(0.860959 0.508674 -1.47018e-16)
(-0.759547 -0.650452 -2.62255e-17)
(0.635062 0.772461 2.91771e-17)
(-0.491275 -0.871004 5.02782e-18)
(-0.332561 -0.943082 -2.16716e-18)
(0.163748 0.986502 -4.39575e-17)
(0.0100455 -0.99995 7.1565e-17)
(-0.183531 0.983014 9.16214e-17)
(-0.351442 0.936209 1.41114e-16)
(0.508674 -0.860959 -2.09314e-19)
(0.650452 -0.759547 -4.15612e-16)
(0.772461 -0.635062 1.76474e-17)
(-0.871004 0.491275 2.92414e-17)
(-0.943082 0.332561 1.90876e-19)
(0.986502 -0.163748 -2.11947e-18)
(-0.99995 -0.0100455 -4.20981e-18)
(-0.983014 -0.183531 -4.1817e-18)
(0.936209 0.351442 5.97085e-17)
(-0.860959 -0.508674 2.87312e-18)
(-0.759547 -0.650452 5.81179e-18)
(-0.635062 -0.772461 2.6405e-17)
(-0.491275 -0.871004 7.08156e-18)
(0.332561 0.943082 -5.50029e-19)
(-0.163748 -0.986502 3.25715e-18)
(-0.0100455 0.99995 1.65043e-17)
(-0.183531 0.983014 -5.90454e-17)
(0.351442 -0.936209 -4.72294e-18)
(-0.508674 0.860959 -9.87145e-18)
(-0.650452 0.759547 -1.90219e-17)
(-0.772461 0.635062 5.24301e-17)
(0.871004 -0.491275 1.30548e-17)
(-0.908123 0.418703 2.56279e-17)
(-0.967033 0.254651 4.07317e-17)
(-0.996561 0.0828578 -3.0231e-17)
(-0.99581 -0.0914511 -1.30736e-16)
(-0.964801 -0.262981 2.26508e-18)
(0.904478 0.426521 3.04322e-16)
(-0.81667 -0.577106 3.9486e-17)
(0.704051 0.710149 -5.88256e-18)
(-0.57004 -0.821617 1.25789e-17)
(0.418703 0.908123 -1.53693e-17)
(-0.254651 -0.967033 -5.22966e-17)
(0.0828578 0.996561 5.38881e-17)
(-0.0914511 0.99581 1.13548e-17)
(-0.262981 0.964801 3.03016e-17)
(-0.426521 0.904478 -8.28802e-17)
(0.577106 -0.81667 6.01089e-18)
(-0.710149 0.704051 -5.80431e-17)
(-0.821617 0.57004 4.28952e-17)
(0.908123 -0.418703 -2.92582e-17)
(-0.967033 0.254651 3.5503e-18)
(-0.996561 0.0828578 -2.76072e-16)
(0.99581 0.0914511 -8.62905e-18)
(0.964801 0.262981 -5.41313e-18)
(0.904478 0.426521 -1.21705e-17)
(-0.81667 -0.577106 2.27275e-17)
(-0.704051 -0.710149 4.52025e-17)
(0.57004 0.821617 -1.72227e-18)
(-0.418703 -0.908123 -6.16407e-18)
(0.254651 0.967033 -1.67152e-17)
(0.0828578 0.996561 4.11441e-17)
(-0.0914511 0.99581 4.99522e-16)
(0.262981 -0.964801 -8.38273e-18)
(0.426521 -0.904478 -3.57666e-17)
(0.577106 -0.81667 -1.79895e-17)
(-0.710149 0.704051 -3.20633e-17)
(0.821617 -0.57004 -1.32756e-16)
(-0.863052 0.505116 9.30107e-18)
(-0.937653 0.347573 1.79351e-17)
(-0.983764 0.179469 -1.44519e-16)
(0.999983 -0.00591468 8.45764e-17)
(-0.985818 -0.167819 -1.42494e-17)
(0.9417 0.336454 -1.77791e-18)
(0.868968 0.494869 -4.58054e-19)
(-0.769832 -0.638247 9.69669e-19)
(0.647309 0.762228 -6.51195e-17)
(0.505116 0.863052 -9.18454e-18)
(0.347573 0.937653 1.4063e-16)
(-0.179469 -0.983764 -1.3738e-17)
(-0.00591468 -0.999983 -5.44865e-17)
(-0.167819 0.985818 5.61269e-18)
(-0.336454 0.9417 -1.05627e-16)
(0.494869 -0.868968 -3.28519e-18)
(0.638247 -0.769832 4.03453e-17)
(0.762228 -0.647309 3.50189e-18)
(-0.863052 0.505116 -7.00859e-16)
(0.937653 -0.347573 -3.01692e-16)
(0.983764 -0.179469 -1.40884e-17)
(-0.999983 0.00591468 -9.31968e-17)
(0.985818 0.167819 2.96103e-18)
(-0.9417 -0.336454 -1.74054e-17)
(-0.868968 -0.494869 -1.48401e-17)
(0.769832 0.638247 1.11859e-16)
(0.647309 0.762228 -2.28726e-18)
(-0.505116 -0.863052 -3.54178e-18)
(0.347573 0.937653 -4.92202e-17)
(-0.179469 -0.983764 -2.57312e-17)
(0.00591468 0.999983 -9.89241e-17)
(0.167819 -0.985818 -6.33334e-17)
(0.336454 -0.9417 4.94812e-16)
(-0.494869 0.868968 5.77682e-18)
(-0.638247 0.769832 -1.49079e-17)
(-0.762228 0.647309 7.57492e-17)
(-0.804893 0.59342 4.7855e-17)
(-0.895713 0.444633 1.07349e-16)
(0.959316 -0.282335 3.68584e-18)
(0.993768 -0.111465 -1.2894e-18)
(0.998026 0.0627945 5.69724e-18)
(0.971961 0.235144 -9.98827e-16)
(0.916362 0.40035 6.51148e-18)
(-0.832916 -0.553399 1.13221e-16)
(-0.724168 -0.689624 3.25688e-17)
(0.59342 0.804893 -2.76688e-17)
(0.444633 0.895713 3.66579e-16)
(-0.282335 -0.959316 3.9549e-17)
(0.111465 0.993768 3.17638e-16)
(-0.0627945 0.998026 -3.42799e-18)
(-0.235144 0.971961 4.03904e-17)
(0.40035 -0.916362 -7.7193e-17)
(0.553399 -0.832916 -4.70671e-18)
(-0.689624 0.724168 -6.883e-17)
(0.804893 -0.59342 1.73555e-18)
(0.895713 -0.444633 7.99879e-15)
(-0.959316 0.282335 1.63689e-18)
(0.993768 -0.111465 -5.8391e-19)
(0.998026 0.0627945 2.77633e-17)
(0.971961 0.235144 7.32911e-17)
(0.916362 0.40035 -7.22163e-20)
(0.832916 0.553399 -7.68931e-18)
(-0.724168 -0.689624 6.32414e-17)
(0.59342 0.804893 -9.52717e-18)
(0.444633 0.895713 -1.89481e-16)
(0.282335 0.959316 -5.15049e-17)
(-0.111465 -0.993768 -4.97433e-17)
(0.0627945 -0.998026 -7.65987e-17)
(-0.235144 0.971961 6.85271e-17)
(0.40035 -0.916362 4.60613e-17)
(-0.553399 0.832916 1.68455e-17)
(-0.689624 0.724168 -6.55348e-18)
(-0.730631 0.682772 3.76947e-19)
(0.838096 -0.545522 -1.27069e-18)
(-0.920092 0.391702 -1.40854e-17)
(0.974132 -0.22598 2.68933e-17)
(-0.998574 0.0533901 1.66287e-17)
(0.992674 0.120824 -6.71693e-16)
(-0.956614 -0.291358 2.84379e-18)
(-0.891485 -0.45305 2.7486e-18)
(-0.799267 -0.600976 -7.56533e-18)
(0.682772 0.730631 1.40509e-17)
(0.545522 0.838096 2.61207e-16)
(-0.391702 -0.920092 -3.80136e-19)
(-0.22598 -0.974132 -6.19349e-17)
(0.0533901 0.998574 1.08765e-18)
(-0.120824 0.992674 1.24292e-15)
(0.291358 -0.956614 3.97482e-18)
(-0.45305 0.891485 -4.42255e-18)
(0.600976 -0.799267 2.40669e-17)
(0.730631 -0.682772 1.83483e-16)
(-0.838096 0.545522 -6.54503e-17)
(-0.920092 0.391702 2.76441e-18)
(-0.974132 0.22598 7.31673e-19)
(0.998574 -0.0533901 5.24339e-19)
(-0.992674 -0.120824 -9.389e-18)
(-0.956614 -0.291358 4.74138e-17)
(0.891485 0.45305 -2.7283e-17)
(0.799267 0.600976 -5.39299e-17)
(0.682772 0.730631 -2.31914e-17)
(-0.545522 -0.838096 -2.3573e-17)
(0.391702 0.920092 2.34801e-16)
(0.22598 0.974132 1.56378e-16)
(-0.0533901 -0.998574 1.51383e-17)
(0.120824 -0.992674 -4.23551e-16)
(-0.291358 0.956614 -7.02369e-19)
(0.45305 -0.891485 -2.29803e-17)
(0.600976 -0.799267 3.19468e-17)
(-0.645552 0.763717 1.57483e-17)
(0.76837 -0.640006 2.19436e-18)
(-0.867827 0.496866 2.2174e-16)
(-0.94092 0.338629 1.4252e-17)
(-0.985429 0.170089 -1.92814e-17)
(0.999993 0.00362004 2.30552e-16)
(-0.984174 -0.177202 -1.03479e-15)
(0.938455 0.345402 2.80783e-19)
(-0.864211 -0.503129 -8.79585e-19)
(-0.763717 -0.645552 -3.96959e-18)
(0.640006 0.76837 -7.75679e-17)
(-0.496866 -0.867827 -6.01591e-17)
(-0.338629 -0.94092 5.24645e-17)
(0.170089 0.985429 -6.63712e-17)
(-0.00362004 0.999993 -1.36844e-17)
(-0.177202 0.984174 1.69244e-17)
(-0.345402 0.938455 -1.46892e-18)
(0.503129 -0.864211 8.56637e-17)
(0.645552 -0.763717 2.37812e-17)
(-0.76837 0.640006 -2.81586e-17)
(-0.867827 0.496866 3.65634e-18)
(-0.94092 0.338629 -8.1338e-17)
(0.985429 -0.170089 2.54893e-17)
(-0.999993 -0.00362004 1.07386e-16)
(0.984174 0.177202 3.60476e-17)
(0.938455 0.345402 5.76514e-17)
(-0.864211 -0.503129 -5.31118e-18)
(0.763717 0.645552 -2.52032e-17)
(-0.640006 -0.76837 7.97799e-17)
(-0.496866 -0.867827 2.35318e-18)
(0.338629 0.94092 5.03518e-16)
(-0.170089 -0.985429 1.90117e-18)
(-0.00362004 0.999993 -8.09307e-18)
(0.177202 -0.984174 1.49372e-18)
(-0.345402 0.938455 -3.10278e-16)
(-0.503129 0.864211 8.02123e-17)
(-0.578823 0.815453 -9.44961e-19)
(0.711602 -0.702583 -4.45312e-18)
(0.822792 -0.568343 5.36396e-18)
(0.909001 -0.416794 -5.21089e-17)
(0.967553 -0.252667 -1.49344e-17)
(-0.996725 0.0808669 -4.3285e-17)
(0.995621 0.0934844 -1.10494e-18)
(0.964263 0.264948 3.82057e-18)
(0.903624 0.428327 5.70383e-18)
(0.815453 0.578824 -4.54742e-18)
(0.702583 0.711602 -6.08736e-17)
(-0.568344 -0.822791 3.61951e-18)
(0.416794 0.909001 6.42286e-19)
(0.252667 0.967553 3.40056e-17)
(0.080867 0.996725 1.53805e-17)
(0.0934842 -0.995621 -3.4282e-18)
(-0.264948 0.964263 1.84317e-18)
(0.428327 -0.903624 1.90213e-18)
(-0.578823 0.815453 -2.38175e-16)
(-0.711602 0.702583 -1.56009e-18)
(-0.822791 0.568344 -1.14564e-16)
(0.909001 -0.416794 1.6475e-15)
(0.967553 -0.252667 1.60868e-17)
(0.996725 -0.0808671 -4.84313e-17)
(-0.995621 -0.0934842 -2.33562e-17)
(-0.964263 -0.264948 -5.65215e-19)
(-0.903624 -0.428327 -2.71141e-18)
(-0.815453 -0.578823 1.7776e-18)
(0.702583 0.711602 9.99546e-18)
(-0.568344 -0.822791 2.06803e-18)
(-0.416794 -0.909001 -1.66427e-16)
(-0.252667 -0.967553 2.73282e-17)
(0.080867 0.996725 4.37583e-17)
(0.0934842 -0.995621 -2.70806e-18)
(-0.264948 0.964263 6.22144e-18)
(-0.428327 0.903624 8.78643e-19)
(0.907183 -0.420736 -1.92499e-18)
(-0.966489 0.256706 -1.67376e-18)
(0.996372 -0.0851069 9.75818e-17)
(-0.996028 -0.0890396 -3.44144e-17)
(0.965388 0.260817 -1.13085e-17)
(-0.90539 -0.424581 8.7294e-18)
(-0.81804 -0.575162 -2.02056e-17)
(-0.705731 -0.70848 -1.42705e-18)
(-0.57185 -0.820358 2.28177e-17)
(0.420734 0.907184 3.5797e-18)
(0.256703 0.96649 5.55103e-19)
(0.0851034 0.996372 -4.08538e-18)
(-0.0890423 0.996028 9.02452e-18)
(-0.260819 0.965388 6.0656e-17)
(-0.424582 0.905389 -5.55935e-16)
(0.575163 -0.818039 -2.92907e-18)
(-0.708481 0.70573 -1.11717e-17)
(-0.820359 0.571849 -3.90362e-17)
(-0.907184 0.420733 -2.6009e-17)
(0.96649 -0.256702 5.82823e-18)
(0.996372 -0.0851028 6.34084e-19)
(-0.996028 -0.0890426 1.67113e-17)
(0.965388 0.260819 1.52517e-17)
(0.905389 0.424582 -1.76671e-17)
(-0.818039 -0.575163 -5.30067e-18)
(0.70573 0.708481 2.58278e-17)
(-0.57185 -0.820358 -4.52022e-17)
(0.420734 0.907184 4.42147e-17)
(0.256703 0.96649 -7.50981e-18)
(0.0851038 0.996372 3.34841e-17)
(0.0890415 -0.996028 -2.56744e-18)
(-0.260818 0.965388 7.7676e-18)
(0.424581 -0.90539 1.03595e-16)
(0.575162 -0.81804 -4.65787e-18)
(0.70848 -0.705731 2.73326e-18)
(-0.820357 0.571852 1.3096e-17)
)
;
    }
}


// ************************************************************************* //
