/*--------------------------------*- C++ -*----------------------------------*\
| =========                 |                                                 |
| \\      /  F ield         | OpenFOAM: The Open Source CFD Toolbox           |
|  \\    /   O peration     | Version:  2312                                  |
|   \\  /    A nd           | Website:  www.openfoam.com                      |
|    \\/     M anipulation  |                                                 |
\*---------------------------------------------------------------------------*/
FoamFile
{
    version     2.0;
    format      ascii;
    arch        "LSB;label=32;scalar=64";
    class       pointVectorField;
    location    "0.4";
    object      pointD;
}
// * * * * * * * * * * * * * * * * * * * * * * * * * * * * * * * * * * * * * //

dimensions      [0 1 0 0 0 0 0];

internalField   nonuniform List<vector> 
2164
(
(0 0 0)
(0 0 0)
(0 0 0)
(0 0 0)
(0 0 0)
(0 0 0)
(0 0 0)
(0 0 0)
(0 0 0)
(0 0 0)
(0 0 0)
(0 0 0)
(0 0 0)
(0 0 0)
(0 0 0)
(0 0 0)
(0 0 0)
(0 0 0)
(0 0 0)
(0 0 0)
(0 0 0)
(0 0 0)
(0 0 0)
(0 0 0)
(0 0 0)
(0 0 0)
(0 0 0)
(0 0 0)
(0 0 0)
(0 0 0)
(0 0 0)
(0 0 0)
(0 0 0)
(0 0 0)
(0 0 0)
(0 0 0)
(0.000132758 0.000527493 8.16786e-05)
(3.91432e-05 0.000542533 8.16787e-05)
(-5.56611e-05 0.000541088 8.16793e-05)
(-0.000148774 0.000523202 8.16798e-05)
(-0.000237366 0.00048942 8.16797e-05)
(-0.000318747 0.000440765 8.16796e-05)
(-0.000390443 0.000378719 8.16795e-05)
(-0.000450275 0.000305166 8.1679e-05)
(-0.000496426 0.00022234 8.16789e-05)
(-0.000527493 0.000132758 8.16786e-05)
(-0.000542532 3.91432e-05 8.16787e-05)
(-0.000541088 -5.56612e-05 8.16793e-05)
(-0.000523202 -0.000148774 8.16798e-05)
(-0.00048942 -0.000237366 8.16797e-05)
(-0.000440765 -0.000318747 8.16796e-05)
(-0.000378719 -0.000390443 8.16795e-05)
(-0.000305166 -0.000450275 8.1679e-05)
(-0.00022234 -0.000496426 8.16788e-05)
(-0.000132758 -0.000527493 8.16786e-05)
(-3.91431e-05 -0.000542533 8.16787e-05)
(5.56612e-05 -0.000541088 8.16793e-05)
(0.000148774 -0.000523202 8.16798e-05)
(0.000237366 -0.00048942 8.16797e-05)
(0.000318748 -0.000440765 8.16796e-05)
(0.000390443 -0.000378719 8.16795e-05)
(0.000450275 -0.000305166 8.1679e-05)
(0.000496426 -0.00022234 8.16789e-05)
(0.000527493 -0.000132758 8.16786e-05)
(0.000542533 -3.91432e-05 8.16787e-05)
(0.000541088 5.56612e-05 8.16793e-05)
(0.000523202 0.000148774 8.16798e-05)
(0.00048942 0.000237366 8.16797e-05)
(0.000440766 0.000318747 8.16796e-05)
(0.000378719 0.000390443 8.16795e-05)
(0.000305166 0.000450275 8.1679e-05)
(0.00022234 0.000496426 8.16789e-05)
(7.04381e-05 0.000543345 0.000108599)
(-2.49827e-05 0.000547322 0.000108599)
(-0.000119644 0.000534669 0.000108599)
(-0.000210671 0.00050577 0.0001086)
(-0.000295297 0.000461503 0.0001086)
(-0.00037095 0.000403214 0.0001086)
(-0.000435331 0.000332674 0.000108599)
(-0.000486486 0.000252025 0.000108599)
(-0.000522859 0.000163719 0.000108599)
(-0.000543345 7.04381e-05 0.000108599)
(-0.000547322 -2.49827e-05 0.000108599)
(-0.000534669 -0.000119644 0.000108599)
(-0.00050577 -0.000210671 0.0001086)
(-0.000461503 -0.000295297 0.0001086)
(-0.000403214 -0.00037095 0.0001086)
(-0.000332674 -0.000435331 0.000108599)
(-0.000252025 -0.000486486 0.000108599)
(-0.000163719 -0.000522859 0.000108599)
(-7.0438e-05 -0.000543345 0.000108599)
(2.49827e-05 -0.000547322 0.000108599)
(0.000119644 -0.000534669 0.000108599)
(0.000210671 -0.00050577 0.0001086)
(0.000295297 -0.000461503 0.0001086)
(0.00037095 -0.000403214 0.0001086)
(0.000435331 -0.000332674 0.000108599)
(0.000486486 -0.000252025 0.000108599)
(0.000522859 -0.000163719 0.000108599)
(0.000543345 -7.04381e-05 0.000108599)
(0.000547322 2.49827e-05 0.000108599)
(0.000534669 0.000119644 0.000108599)
(0.00050577 0.000210671 0.0001086)
(0.000461504 0.000295297 0.0001086)
(0.000403214 0.00037095 0.0001086)
(0.000332674 0.000435331 0.000108599)
(0.000252025 0.000486486 0.000108599)
(0.000163719 0.000522859 0.000108599)
(0 0 0)
(0 0 0)
(0 0 0)
(0 0 0)
(0 0 0)
(0 0 0)
(0 0 0)
(0 0 0)
(0 0 0)
(0 0 0)
(0 0 0)
(0 0 0)
(0 0 0)
(0 0 0)
(0 0 0)
(0 0 0)
(0 0 0)
(0 0 0)
(0 0 0)
(0 0 0)
(0 0 0)
(0 0 0)
(0 0 0)
(0 0 0)
(0 0 0)
(0 0 0)
(0 0 0)
(0 0 0)
(0 0 0)
(0 0 0)
(0 0 0)
(0 0 0)
(0 0 0)
(0 0 0)
(0 0 0)
(0 0 0)
(-4.35427e-06 0.000555481 0.000130945)
(-0.000100746 0.000546286 0.000130945)
(-0.000194077 0.000520492 0.000130945)
(-0.000281511 0.000478884 0.000130945)
(-0.000360391 0.000422725 0.000130945)
(-0.000428322 0.000353721 0.000130945)
(-0.000483237 0.00027397 0.000130945)
(-0.000523471 0.000185894 0.000130945)
(-0.000547798 9.21705e-05 0.000130945)
(-0.000555481 -4.35431e-06 0.000130945)
(-0.000546286 -0.000100746 0.000130945)
(-0.000520492 -0.000194077 0.000130945)
(-0.000478884 -0.000281511 0.000130945)
(-0.000422725 -0.000360391 0.000130945)
(-0.000353721 -0.000428322 0.000130945)
(-0.00027397 -0.000483237 0.000130945)
(-0.000185894 -0.000523471 0.000130945)
(-9.21705e-05 -0.000547798 0.000130945)
(4.35433e-06 -0.000555481 0.000130945)
(0.000100746 -0.000546286 0.000130945)
(0.000194077 -0.000520492 0.000130945)
(0.000281511 -0.000478884 0.000130945)
(0.000360391 -0.000422725 0.000130945)
(0.000428322 -0.000353721 0.000130945)
(0.000483237 -0.00027397 0.000130945)
(0.000523471 -0.000185894 0.000130945)
(0.000547798 -9.21705e-05 0.000130945)
(0.000555481 4.35431e-06 0.000130945)
(0.000546286 0.000100746 0.000130945)
(0.000520492 0.000194077 0.000130945)
(0.000478884 0.000281511 0.000130945)
(0.000422725 0.000360391 0.000130945)
(0.000353721 0.000428322 0.000130945)
(0.00027397 0.000483237 0.000130945)
(0.000185894 0.000523471 0.000130945)
(9.21705e-05 0.000547798 0.000130945)
(0 0 0)
(0 0 0)
(0 0 0)
(0 0 0)
(0 0 0)
(0 0 0)
(0 0 0)
(0 0 0)
(0 0 0)
(0 0 0)
(0 0 0)
(0 0 0)
(0 0 0)
(0 0 0)
(0 0 0)
(0 0 0)
(0 0 0)
(0 0 0)
(0 0 0)
(0 0 0)
(0 0 0)
(0 0 0)
(0 0 0)
(0 0 0)
(0 0 0)
(0 0 0)
(0 0 0)
(0 0 0)
(0 0 0)
(0 0 0)
(0 0 0)
(0 0 0)
(0 0 0)
(0 0 0)
(0 0 0)
(0 0 0)
(-8.99614e-05 0.00055986 0.000147738)
(-0.000185813 0.000535733 0.000147738)
(-0.000276019 0.000495328 0.000147738)
(-0.000357839 0.000439872 0.000147738)
(-0.000428785 0.000371051 0.000147738)
(-0.000486703 0.000290956 0.000147738)
(-0.000529833 0.000202021 0.000147738)
(-0.000556864 0.000106947 0.000147738)
(-0.000566976 8.62421e-06 0.000147738)
(-0.00055986 -8.99614e-05 0.000147738)
(-0.000535733 -0.000185813 0.000147738)
(-0.000495328 -0.000276019 0.000147738)
(-0.000439872 -0.000357839 0.000147738)
(-0.000371051 -0.000428785 0.000147738)
(-0.000290956 -0.000486703 0.000147738)
(-0.000202021 -0.000529833 0.000147738)
(-0.000106947 -0.000556864 0.000147738)
(-8.62418e-06 -0.000566976 0.000147738)
(8.99615e-05 -0.00055986 0.000147738)
(0.000185813 -0.000535733 0.000147738)
(0.000276019 -0.000495328 0.000147738)
(0.000357839 -0.000439872 0.000147738)
(0.000428785 -0.000371051 0.000147738)
(0.000486703 -0.000290956 0.000147738)
(0.000529833 -0.000202021 0.000147738)
(0.000556864 -0.000106947 0.000147738)
(0.000566976 -8.6242e-06 0.000147738)
(0.00055986 8.99614e-05 0.000147738)
(0.000535733 0.000185813 0.000147738)
(0.000495328 0.000276019 0.000147738)
(0.000439872 0.000357839 0.000147738)
(0.000371051 0.000428785 0.000147738)
(0.000290956 0.000486703 0.000147738)
(0.000202021 0.000529833 0.000147738)
(0.000106947 0.000556864 0.000147738)
(8.62423e-06 0.000566976 0.000147738)
(0 0 0)
(0 0 0)
(0 0 0)
(0 0 0)
(0 0 0)
(0 0 0)
(0 0 0)
(0 0 0)
(0 0 0)
(0 0 0)
(0 0 0)
(0 0 0)
(0 0 0)
(0 0 0)
(0 0 0)
(0 0 0)
(0 0 0)
(0 0 0)
(0 0 0)
(0 0 0)
(0 0 0)
(0 0 0)
(0 0 0)
(0 0 0)
(0 0 0)
(0 0 0)
(0 0 0)
(0 0 0)
(0 0 0)
(0 0 0)
(0 0 0)
(0 0 0)
(0 0 0)
(0 0 0)
(0 0 0)
(0 0 0)
(0.000182007 0.00104947 0.000226835)
(-2.99569e-06 0.00106513 0.000226836)
(-0.000187908 0.00104843 0.000226837)
(-0.00036711 0.000999869 0.000226838)
(-0.000535158 0.000920931 0.000226838)
(-0.000686945 0.000814011 0.000226837)
(-0.000817861 0.000682357 0.000226837)
(-0.000923926 0.00052997 0.000226836)
(-0.00100192 0.00036148 0.000226836)
(-0.00104947 0.000182007 0.000226835)
(-0.00106513 -2.99579e-06 0.000226836)
(-0.00104843 -0.000187908 0.000226837)
(-0.000999869 -0.00036711 0.000226838)
(-0.000920931 -0.000535158 0.000226838)
(-0.000814011 -0.000686945 0.000226837)
(-0.000682357 -0.000817861 0.000226837)
(-0.00052997 -0.000923926 0.000226836)
(-0.000361479 -0.00100192 0.000226836)
(-0.000182007 -0.00104947 0.000226835)
(2.99584e-06 -0.00106513 0.000226836)
(0.000187908 -0.00104843 0.000226837)
(0.00036711 -0.000999869 0.000226838)
(0.000535158 -0.000920931 0.000226838)
(0.000686945 -0.000814011 0.000226837)
(0.000817861 -0.000682357 0.000226837)
(0.000923926 -0.00052997 0.000226836)
(0.00100192 -0.00036148 0.000226836)
(0.00104947 -0.000182007 0.000226835)
(0.00106513 2.99576e-06 0.000226836)
(0.00104843 0.000187908 0.000226837)
(0.000999869 0.00036711 0.000226838)
(0.000920931 0.000535158 0.000226838)
(0.000814011 0.000686945 0.000226837)
(0.000682357 0.000817861 0.000226837)
(0.00052997 0.000923926 0.000226836)
(0.00036148 0.00100192 0.000226836)
(9.01383e-05 0.00107239 0.000274283)
(-9.74508e-05 0.00107175 0.000274283)
(-0.000282077 0.00103855 0.000274283)
(-0.000458134 0.000973789 0.000274284)
(-0.00062027 0.000879441 0.000274284)
(-0.00076356 0.000758371 0.000274284)
(-0.00088365 0.000614258 0.000274284)
(-0.000976891 0.000451481 0.000274283)
(-0.00104045 0.000274987 0.000274283)
(-0.00107239 9.01382e-05 0.000274283)
(-0.00107175 -9.74509e-05 0.000274283)
(-0.00103855 -0.000282077 0.000274283)
(-0.000973789 -0.000458134 0.000274284)
(-0.000879441 -0.00062027 0.000274284)
(-0.000758371 -0.00076356 0.000274284)
(-0.000614258 -0.00088365 0.000274284)
(-0.000451481 -0.000976891 0.000274283)
(-0.000274987 -0.00104045 0.000274283)
(-9.01381e-05 -0.00107239 0.000274283)
(9.7451e-05 -0.00107175 0.000274283)
(0.000282077 -0.00103855 0.000274283)
(0.000458134 -0.000973789 0.000274284)
(0.00062027 -0.000879441 0.000274284)
(0.00076356 -0.000758371 0.000274284)
(0.00088365 -0.000614258 0.000274284)
(0.000976891 -0.000451481 0.000274283)
(0.00104045 -0.000274987 0.000274283)
(0.00107239 -9.01382e-05 0.000274283)
(0.00107175 9.74509e-05 0.000274283)
(0.00103855 0.000282077 0.000274283)
(0.000973789 0.000458134 0.000274284)
(0.000879441 0.00062027 0.000274284)
(0.000758371 0.00076356 0.000274284)
(0.000614258 0.00088365 0.000274284)
(0.000451481 0.000976891 0.000274283)
(0.000274987 0.00104045 0.000274283)
(-1.51514e-05 0.00109203 0.000316833)
(-0.000204549 0.00107281 0.000316833)
(-0.000387734 0.00102099 0.000316834)
(-0.000559137 0.000938154 0.000316834)
(-0.000713552 0.000826807 0.000316834)
(-0.000846285 0.000690339 0.000316834)
(-0.000953304 0.000532895 0.000316833)
(-0.00103136 0.00035926 0.000316833)
(-0.00107807 0.000174709 0.000316833)
(-0.00109203 -1.51515e-05 0.000316833)
(-0.00107281 -0.000204549 0.000316833)
(-0.00102099 -0.000387734 0.000316834)
(-0.000938154 -0.000559137 0.000316834)
(-0.000826807 -0.000713552 0.000316834)
(-0.000690339 -0.000846285 0.000316834)
(-0.000532895 -0.000953304 0.000316833)
(-0.00035926 -0.00103136 0.000316833)
(-0.000174709 -0.00107807 0.000316833)
(1.51515e-05 -0.00109203 0.000316833)
(0.000204549 -0.00107281 0.000316833)
(0.000387734 -0.00102099 0.000316834)
(0.000559137 -0.000938154 0.000316834)
(0.000713552 -0.000826807 0.000316834)
(0.000846285 -0.000690339 0.000316834)
(0.000953304 -0.000532895 0.000316833)
(0.00103136 -0.00035926 0.000316833)
(0.00107807 -0.000174709 0.000316833)
(0.00109203 1.51514e-05 0.000316833)
(0.00107281 0.000204549 0.000316833)
(0.00102099 0.000387734 0.000316834)
(0.000938154 0.000559137 0.000316834)
(0.000826807 0.000713552 0.000316834)
(0.000690339 0.000846285 0.000316834)
(0.000532895 0.000953304 0.000316833)
(0.00035926 0.00103136 0.000316833)
(0.000174709 0.00107807 0.000316833)
(-0.000129751 0.00110095 0.000352068)
(-0.000318958 0.0010617 0.000352068)
(-0.000498473 0.000990181 0.000352068)
(-0.000662843 0.000888579 0.000352068)
(-0.000807073 0.000759978 0.000352068)
(-0.00092678 0.000608285 0.000352068)
(-0.00101833 0.00043811 0.000352068)
(-0.00107893 0.000254623 0.000352068)
(-0.00110676 6.33995e-05 0.000352068)
(-0.00110095 -0.000129751 0.000352068)
(-0.0010617 -0.000318959 0.000352068)
(-0.000990181 -0.000498473 0.000352068)
(-0.000888579 -0.000662843 0.000352067)
(-0.000759978 -0.000807073 0.000352067)
(-0.000608285 -0.00092678 0.000352067)
(-0.00043811 -0.00101833 0.000352068)
(-0.000254623 -0.00107893 0.000352068)
(-6.33995e-05 -0.00110676 0.000352068)
(0.000129751 -0.00110095 0.000352068)
(0.000318959 -0.0010617 0.000352068)
(0.000498473 -0.000990181 0.000352068)
(0.000662843 -0.000888579 0.000352067)
(0.000807073 -0.000759978 0.000352068)
(0.00092678 -0.000608285 0.000352068)
(0.00101833 -0.00043811 0.000352068)
(0.00107893 -0.000254623 0.000352068)
(0.00110676 -6.33995e-05 0.000352068)
(0.00110095 0.000129751 0.000352068)
(0.0010617 0.000318959 0.000352068)
(0.000990181 0.000498473 0.000352068)
(0.000888579 0.000662843 0.000352068)
(0.000759978 0.000807073 0.000352068)
(0.000608285 0.00092678 0.000352068)
(0.00043811 0.00101833 0.000352068)
(0.000254623 0.00107893 0.000352068)
(6.33996e-05 0.00110676 0.000352068)
(0.000180118 0.00156742 0.000449744)
(-9.47975e-05 0.00157488 0.000449745)
(-0.000366834 0.00153449 0.000449745)
(-0.000627721 0.00144748 0.000449746)
(-0.000869537 0.00131649 0.000449747)
(-0.00108493 0.00114549 0.000449747)
(-0.00126736 0.000939694 0.000449746)
(-0.00141129 0.000705342 0.000449745)
(-0.00151233 0.00044956 0.000449744)
(-0.00156742 0.000180118 0.000449744)
(-0.00157488 -9.47976e-05 0.000449744)
(-0.00153449 -0.000366834 0.000449745)
(-0.00144748 -0.000627722 0.000449746)
(-0.00131649 -0.000869538 0.000449747)
(-0.00114549 -0.00108493 0.000449747)
(-0.000939694 -0.00126736 0.000449746)
(-0.000705342 -0.00141129 0.000449745)
(-0.00044956 -0.00151233 0.000449744)
(-0.000180118 -0.00156742 0.000449744)
(9.47977e-05 -0.00157488 0.000449744)
(0.000366834 -0.00153449 0.000449745)
(0.000627722 -0.00144748 0.000449746)
(0.000869538 -0.00131649 0.000449747)
(0.00108493 -0.00114549 0.000449747)
(0.00126736 -0.000939694 0.000449746)
(0.00141129 -0.000705342 0.000449745)
(0.00151233 -0.00044956 0.000449744)
(0.00156742 -0.000180118 0.000449744)
(0.00157488 9.47976e-05 0.000449745)
(0.00153449 0.000366834 0.000449745)
(0.00144748 0.000627721 0.000449746)
(0.00131649 0.000869538 0.000449747)
(0.00114549 0.00108493 0.000449747)
(0.000939694 0.00126736 0.000449746)
(0.000705342 0.00141129 0.000449745)
(0.00044956 0.00151233 0.000449744)
(6.6454e-05 0.00157952 0.000505877)
(-0.000208837 0.00156707 0.000505877)
(-0.000477782 0.00150699 0.000505877)
(-0.00073221 0.00140113 0.000505878)
(-0.000964389 0.0012527 0.000505878)
(-0.00116727 0.00106621 0.000505878)
(-0.00133468 0.000847312 0.000505878)
(-0.00146154 0.000602675 0.000505877)
(-0.00154399 0.000339725 0.000505877)
(-0.00157952 6.64539e-05 0.000505876)
(-0.00156707 -0.000208837 0.000505877)
(-0.00150699 -0.000477782 0.000505877)
(-0.00140113 -0.00073221 0.000505877)
(-0.0012527 -0.000964389 0.000505878)
(-0.0010662 -0.00116727 0.000505878)
(-0.000847312 -0.00133468 0.000505878)
(-0.000602675 -0.00146154 0.000505877)
(-0.000339725 -0.00154399 0.000505877)
(-6.64538e-05 -0.00157952 0.000505876)
(0.000208837 -0.00156707 0.000505877)
(0.000477782 -0.00150699 0.000505877)
(0.00073221 -0.00140113 0.000505877)
(0.000964389 -0.0012527 0.000505878)
(0.00116727 -0.0010662 0.000505878)
(0.00133468 -0.000847312 0.000505878)
(0.00146154 -0.000602675 0.000505877)
(0.00154399 -0.000339725 0.000505877)
(0.00157952 -6.64539e-05 0.000505877)
(0.00156707 0.000208837 0.000505877)
(0.00150699 0.000477782 0.000505877)
(0.00140113 0.00073221 0.000505878)
(0.0012527 0.000964389 0.000505878)
(0.00106621 0.00116727 0.000505878)
(0.000847312 0.00133468 0.000505878)
(0.000602675 0.00146154 0.000505877)
(0.000339725 0.00154399 0.000505877)
(-5.92618e-05 0.00158825 0.000556972)
(-0.000334158 0.00155383 0.000556972)
(-0.000598901 0.0014722 0.000556972)
(-0.000845446 0.00134584 0.000556972)
(-0.0010663 0.00117858 0.000556972)
(-0.00125476 0.00097551 0.000556972)
(-0.0014051 0.000742803 0.000556972)
(-0.00151274 0.000487525 0.000556972)
(-0.00157441 0.000217435 0.000556972)
(-0.00158825 -5.92619e-05 0.000556972)
(-0.00155383 -0.000334158 0.000556972)
(-0.0014722 -0.000598901 0.000556972)
(-0.00134583 -0.000845446 0.000556972)
(-0.00117858 -0.0010663 0.000556972)
(-0.00097551 -0.00125476 0.000556972)
(-0.000742803 -0.0014051 0.000556972)
(-0.000487525 -0.00151274 0.000556972)
(-0.000217435 -0.00157441 0.000556972)
(5.9262e-05 -0.00158825 0.000556972)
(0.000334159 -0.00155383 0.000556972)
(0.000598901 -0.0014722 0.000556972)
(0.000845446 -0.00134584 0.000556972)
(0.0010663 -0.00117858 0.000556972)
(0.00125476 -0.00097551 0.000556972)
(0.0014051 -0.000742803 0.000556972)
(0.00151274 -0.000487525 0.000556972)
(0.00157441 -0.000217435 0.000556972)
(0.00158825 5.92619e-05 0.000556972)
(0.00155383 0.000334158 0.000556972)
(0.0014722 0.000598901 0.000556972)
(0.00134584 0.000845446 0.000556972)
(0.00117858 0.0010663 0.000556972)
(0.00097551 0.00125476 0.000556972)
(0.000742803 0.0014051 0.000556972)
(0.000487525 0.00151274 0.000556972)
(0.000217435 0.00157441 0.000556972)
(-0.000191522 0.00158486 0.000600767)
(-0.000463819 0.00152752 0.000600767)
(-0.000722024 0.00142377 0.000600767)
(-0.00095829 0.00127677 0.000600767)
(-0.00116544 0.00109096 0.000600767)
(-0.00133718 0.000872012 0.000600767)
(-0.00146829 0.000626566 0.000600766)
(-0.00155478 0.000362083 0.000600767)
(-0.00159404 8.65951e-05 0.000600767)
(-0.00158486 -0.000191522 0.000600767)
(-0.00152752 -0.000463819 0.000600767)
(-0.00142377 -0.000722024 0.000600767)
(-0.00127677 -0.000958291 0.000600767)
(-0.00109096 -0.00116544 0.000600767)
(-0.000872012 -0.00133718 0.000600767)
(-0.000626566 -0.00146829 0.000600766)
(-0.000362083 -0.00155478 0.000600767)
(-8.6595e-05 -0.00159404 0.000600767)
(0.000191522 -0.00158486 0.000600767)
(0.000463819 -0.00152752 0.000600767)
(0.000722024 -0.00142377 0.000600767)
(0.000958291 -0.00127677 0.000600767)
(0.00116544 -0.00109096 0.000600767)
(0.00133718 -0.000872012 0.000600767)
(0.00146829 -0.000626566 0.000600766)
(0.00155478 -0.000362083 0.000600767)
(0.00159404 -8.65951e-05 0.000600767)
(0.00158486 0.000191522 0.000600767)
(0.00152752 0.000463819 0.000600767)
(0.00142377 0.000722024 0.000600767)
(0.00127677 0.000958291 0.000600767)
(0.00109096 0.00116544 0.000600767)
(0.000872013 0.00133718 0.000600767)
(0.000626566 0.00146829 0.000600766)
(0.000362083 0.00155478 0.000600767)
(8.65952e-05 0.00159404 0.000600767)
(0.00011774 0.00206466 0.00071318)
(-0.000242575 0.00205373 0.00071318)
(-0.000595516 0.00198041 0.000713181)
(-0.000930361 0.00184691 0.000713181)
(-0.00123694 0.0016573 0.000713182)
(-0.00150593 0.00141733 0.000713182)
(-0.00172917 0.00113429 0.000713182)
(-0.00189987 0.000816791 0.000713181)
(-0.00201284 0.000474473 0.000713181)
(-0.00206465 0.00011774 0.00071318)
(-0.00205373 -0.000242575 0.00071318)
(-0.00198041 -0.000595516 0.000713181)
(-0.00184691 -0.000930361 0.000713181)
(-0.0016573 -0.00123694 0.000713182)
(-0.00141733 -0.00150593 0.000713182)
(-0.00113429 -0.00172917 0.000713182)
(-0.000816791 -0.00189987 0.000713181)
(-0.000474473 -0.00201284 0.000713181)
(-0.00011774 -0.00206465 0.00071318)
(0.000242575 -0.00205373 0.00071318)
(0.000595516 -0.00198041 0.000713181)
(0.000930362 -0.00184691 0.000713181)
(0.00123694 -0.0016573 0.000713182)
(0.00150593 -0.00141733 0.000713182)
(0.00172917 -0.00113429 0.000713182)
(0.00189987 -0.000816791 0.000713181)
(0.00201284 -0.000474473 0.000713181)
(0.00206466 -0.00011774 0.00071318)
(0.00205373 0.000242575 0.00071318)
(0.00198041 0.000595516 0.000713181)
(0.00184691 0.000930361 0.000713181)
(0.0016573 0.00123694 0.000713182)
(0.00141733 0.00150593 0.000713182)
(0.00113429 0.00172917 0.000713182)
(0.000816792 0.00189987 0.000713181)
(0.000474473 0.00201284 0.000713181)
(-3.95027e-06 0.00204956 0.000769638)
(-0.000359792 0.00201773 0.000769638)
(-0.000704701 0.0019246 0.000769638)
(-0.0010282 0.00177299 0.000769638)
(-0.00132046 0.00156751 0.000769639)
(-0.00157259 0.0013144 0.000769639)
(-0.00177694 0.00102136 0.000769639)
(-0.0019273 0.000697277 0.000769639)
(-0.00201911 0.000352012 0.000769638)
(-0.00204956 -3.95044e-06 0.000769638)
(-0.00201773 -0.000359792 0.000769638)
(-0.0019246 -0.000704702 0.000769638)
(-0.00177299 -0.0010282 0.000769638)
(-0.00156751 -0.00132046 0.000769638)
(-0.0013144 -0.00157259 0.000769639)
(-0.00102136 -0.00177694 0.000769638)
(-0.000697277 -0.0019273 0.000769638)
(-0.000352012 -0.00201911 0.000769638)
(3.95056e-06 -0.00204956 0.000769638)
(0.000359792 -0.00201773 0.000769638)
(0.000704702 -0.0019246 0.000769638)
(0.0010282 -0.00177299 0.000769638)
(0.00132046 -0.00156751 0.000769638)
(0.00157259 -0.0013144 0.000769639)
(0.00177694 -0.00102136 0.000769639)
(0.0019273 -0.000697277 0.000769639)
(0.00201911 -0.000352012 0.000769638)
(0.00204956 3.95042e-06 0.000769638)
(0.00201773 0.000359792 0.000769638)
(0.0019246 0.000704702 0.000769638)
(0.00177299 0.0010282 0.000769638)
(0.00156751 0.00132046 0.000769639)
(0.0013144 0.00157259 0.000769639)
(0.00102136 0.00177694 0.000769639)
(0.000697278 0.0019273 0.000769639)
(0.000352012 0.00201911 0.000769638)
(-0.000135775 0.00203162 0.000820739)
(-0.000486499 0.00197718 0.000820739)
(-0.000822442 0.00186266 0.000820739)
(-0.00113339 0.00169154 0.000820739)
(-0.00140991 0.00146904 0.000820739)
(-0.00164358 0.00120189 0.000820739)
(-0.00182732 0.000898224 0.000820739)
(-0.00195553 0.000567269 0.000820739)
(-0.00202433 0.000219074 0.000820739)
(-0.00203162 -0.000135776 0.000820739)
(-0.00197718 -0.000486499 0.000820739)
(-0.00186266 -0.000822442 0.000820739)
(-0.00169154 -0.00113339 0.000820739)
(-0.00146904 -0.00140991 0.000820739)
(-0.00120189 -0.00164358 0.000820739)
(-0.000898224 -0.00182732 0.000820739)
(-0.000567268 -0.00195553 0.000820739)
(-0.000219074 -0.00202433 0.000820739)
(0.000135776 -0.00203162 0.000820739)
(0.000486499 -0.00197718 0.000820739)
(0.000822442 -0.00186266 0.000820739)
(0.00113339 -0.00169154 0.000820739)
(0.00140991 -0.00146904 0.000820739)
(0.00164358 -0.00120189 0.000820739)
(0.00182732 -0.000898224 0.000820739)
(0.00195553 -0.000567269 0.000820739)
(0.00202433 -0.000219074 0.000820739)
(0.00203162 0.000135776 0.000820739)
(0.00197718 0.000486499 0.000820739)
(0.00186266 0.000822442 0.000820739)
(0.00169155 0.00113339 0.000820739)
(0.00146904 0.00140991 0.000820739)
(0.00120189 0.00164358 0.000820739)
(0.000898225 0.00182732 0.000820739)
(0.000567269 0.00195553 0.000820739)
(0.000219074 0.00202433 0.000820739)
(-0.000272482 0.0020016 0.000864478)
(-0.000615917 0.00192387 0.000864478)
(-0.000940635 0.00178769 0.000864478)
(-0.00123678 0.00159719 0.000864478)
(-0.00149533 0.00135816 0.000864477)
(-0.00170846 0.00107787 0.000864477)
(-0.00186967 0.000764821 0.000864478)
(-0.00197408 0.000428537 0.000864477)
(-0.0020185 7.92305e-05 0.000864478)
(-0.0020016 -0.000272482 0.000864478)
(-0.00192387 -0.000615917 0.000864478)
(-0.00178769 -0.000940635 0.000864477)
(-0.00159719 -0.00123678 0.000864477)
(-0.00135816 -0.00149533 0.000864477)
(-0.00107787 -0.00170846 0.000864477)
(-0.000764821 -0.00186967 0.000864478)
(-0.000428537 -0.00197408 0.000864477)
(-7.92304e-05 -0.0020185 0.000864478)
(0.000272483 -0.0020016 0.000864478)
(0.000615917 -0.00192387 0.000864478)
(0.000940635 -0.00178769 0.000864477)
(0.00123678 -0.00159719 0.000864477)
(0.00149533 -0.00135816 0.000864477)
(0.00170846 -0.00107787 0.000864477)
(0.00186967 -0.000764821 0.000864478)
(0.00197408 -0.000428537 0.000864478)
(0.0020185 -7.92305e-05 0.000864478)
(0.0020016 0.000272482 0.000864478)
(0.00192387 0.000615917 0.000864478)
(0.00178769 0.000940635 0.000864478)
(0.00159719 0.00123678 0.000864478)
(0.00135816 0.00149533 0.000864477)
(0.00107787 0.00170846 0.000864477)
(0.000764821 0.00186967 0.000864478)
(0.000428537 0.00197408 0.000864478)
(7.92306e-05 0.0020185 0.000864478)
(6.91009e-06 0.00252221 0.00100476)
(-0.000431173 0.0024851 0.00100475)
(-0.000856153 0.00237247 0.00100476)
(-0.00125512 0.00218776 0.00100476)
(-0.00161595 0.00193657 0.00100476)
(-0.00192768 0.00162654 0.00100476)
(-0.00218084 0.00126709 0.00100476)
(-0.00236774 0.00086914 0.00100476)
(-0.00248269 0.000444782 0.00100476)
(-0.00252221 6.90989e-06 0.00100476)
(-0.0024851 -0.000431173 0.00100475)
(-0.00237247 -0.000856153 0.00100475)
(-0.00218776 -0.00125512 0.00100476)
(-0.00193657 -0.00161595 0.00100476)
(-0.00162654 -0.00192769 0.00100476)
(-0.00126709 -0.00218084 0.00100476)
(-0.00086914 -0.00236774 0.00100476)
(-0.000444782 -0.00248269 0.00100476)
(-6.90972e-06 -0.00252221 0.00100476)
(0.000431173 -0.0024851 0.00100475)
(0.000856153 -0.00237247 0.00100475)
(0.00125512 -0.00218776 0.00100476)
(0.00161595 -0.00193657 0.00100476)
(0.00192769 -0.00162654 0.00100476)
(0.00218084 -0.00126709 0.00100476)
(0.00236774 -0.00086914 0.00100476)
(0.0024827 -0.000444782 0.00100476)
(0.00252221 -6.90991e-06 0.00100476)
(0.0024851 0.000431173 0.00100475)
(0.00237247 0.000856153 0.00100476)
(0.00218776 0.00125512 0.00100476)
(0.00193657 0.00161595 0.00100476)
(0.00162654 0.00192768 0.00100476)
(0.00126709 0.00218084 0.00100476)
(0.00086914 0.00236774 0.00100476)
(0.000444782 0.00248269 0.00100476)
(-0.000112665 0.0024674 0.00105488)
(-0.000539412 0.00241035 0.00105488)
(-0.00094977 0.00228007 0.00105488)
(-0.00133127 0.0020805 0.00105488)
(-0.00167232 0.00181772 0.00105488)
(-0.00196256 0.00149971 0.00105488)
(-0.00219316 0.00113613 0.00105488)
(-0.00235713 0.000738032 0.00105488)
(-0.00244948 0.000317507 0.00105488)
(-0.0024674 -0.000112665 0.00105488)
(-0.00241035 -0.000539412 0.00105488)
(-0.00228006 -0.00094977 0.00105488)
(-0.0020805 -0.00133127 0.00105488)
(-0.00181772 -0.00167232 0.00105488)
(-0.00149971 -0.00196256 0.00105488)
(-0.00113613 -0.00219316 0.00105488)
(-0.000738032 -0.00235713 0.00105488)
(-0.000317506 -0.00244948 0.00105488)
(0.000112665 -0.0024674 0.00105488)
(0.000539412 -0.00241035 0.00105488)
(0.000949771 -0.00228007 0.00105488)
(0.00133127 -0.0020805 0.00105488)
(0.00167232 -0.00181772 0.00105488)
(0.00196256 -0.00149971 0.00105488)
(0.00219316 -0.00113613 0.00105488)
(0.00235713 -0.000738032 0.00105488)
(0.00244948 -0.000317507 0.00105488)
(0.0024674 0.000112665 0.00105488)
(0.00241035 0.000539412 0.00105488)
(0.00228007 0.00094977 0.00105488)
(0.0020805 0.00133127 0.00105488)
(0.00181772 0.00167232 0.00105488)
(0.00149971 0.00196256 0.00105488)
(0.00113613 0.00219316 0.00105488)
(0.000738032 0.00235713 0.00105488)
(0.000317507 0.00244948 0.00105488)
(-0.000240638 0.00241092 0.00109938)
(-0.000655632 0.00233251 0.00109938)
(-0.00105071 0.00218322 0.00109938)
(-0.00141386 0.0019676 0.00109939)
(-0.00173405 0.00169219 0.00109939)
(-0.00200155 0.00136537 0.00109938)
(-0.00220824 0.000997062 0.00109938)
(-0.00234783 0.00059846 0.00109938)
(-0.00241608 0.000181671 0.00109938)
(-0.00241092 -0.000240638 0.00109938)
(-0.00233251 -0.000655633 0.00109938)
(-0.00218322 -0.00105071 0.00109938)
(-0.0019676 -0.00141386 0.00109938)
(-0.00169219 -0.00173405 0.00109938)
(-0.00136537 -0.00200155 0.00109938)
(-0.000997062 -0.00220824 0.00109938)
(-0.00059846 -0.00234783 0.00109938)
(-0.000181671 -0.00241608 0.00109938)
(0.000240638 -0.00241092 0.00109938)
(0.000655633 -0.00233251 0.00109938)
(0.00105071 -0.00218322 0.00109938)
(0.00141386 -0.0019676 0.00109938)
(0.00173405 -0.00169219 0.00109939)
(0.00200155 -0.00136537 0.00109938)
(0.00220824 -0.000997062 0.00109938)
(0.00234783 -0.00059846 0.00109938)
(0.00241608 -0.000181671 0.00109938)
(0.00241092 0.000240638 0.00109938)
(0.00233251 0.000655633 0.00109938)
(0.00218322 0.00105071 0.00109938)
(0.0019676 0.00141386 0.00109939)
(0.00169219 0.00173405 0.00109939)
(0.00136537 0.00200155 0.00109938)
(0.000997063 0.00220824 0.00109938)
(0.00059846 0.00234783 0.00109938)
(0.000181671 0.00241608 0.00109938)
(-0.000372018 0.00234336 0.00113644)
(-0.000773288 0.00224316 0.00113644)
(-0.00115106 0.0020748 0.00113644)
(-0.00149386 0.0018434 0.00113644)
(-0.00179126 0.00155599 0.00113644)
(-0.00203424 0.0012213 0.00113644)
(-0.00221542 0.000849503 0.00113644)
(-0.00232927 0.000451892 0.00113644)
(-0.00237236 4.05523e-05 0.00113644)
(-0.00234336 -0.000372018 0.00113644)
(-0.00224316 -0.000773288 0.00113644)
(-0.0020748 -0.00115106 0.00113644)
(-0.0018434 -0.00149386 0.00113644)
(-0.00155599 -0.00179126 0.00113644)
(-0.0012213 -0.00203424 0.00113644)
(-0.000849503 -0.00221542 0.00113644)
(-0.000451892 -0.00232927 0.00113644)
(-4.05521e-05 -0.00237236 0.00113644)
(0.000372018 -0.00234336 0.00113644)
(0.000773288 -0.00224316 0.00113644)
(0.00115106 -0.0020748 0.00113644)
(0.00149386 -0.0018434 0.00113644)
(0.00179126 -0.00155599 0.00113644)
(0.00203424 -0.0012213 0.00113644)
(0.00221542 -0.000849503 0.00113644)
(0.00232927 -0.000451892 0.00113644)
(0.00237236 -4.05523e-05 0.00113644)
(0.00234336 0.000372018 0.00113644)
(0.00224316 0.000773288 0.00113644)
(0.0020748 0.00115106 0.00113644)
(0.0018434 0.00149386 0.00113644)
(0.00155599 0.00179126 0.00113644)
(0.0012213 0.00203424 0.00113644)
(0.000849503 0.00221542 0.00113644)
(0.000451892 0.00232927 0.00113644)
(4.05524e-05 0.00237236 0.00113644)
(-0.000136122 0.00292191 0.00131848)
(-0.000641438 0.00285388 0.00131848)
(-0.00112726 0.00269914 0.00131848)
(-0.00157884 0.00246238 0.00131848)
(-0.00198244 0.00215081 0.00131848)
(-0.0023258 0.00177389 0.00131848)
(-0.0025985 0.00134307 0.00131848)
(-0.00279225 0.000871437 0.00131848)
(-0.00290115 0.000373329 0.00131848)
(-0.00292191 -0.000136122 0.00131848)
(-0.00285388 -0.000641438 0.00131848)
(-0.00269914 -0.00112726 0.00131848)
(-0.00246238 -0.00157884 0.00131848)
(-0.00215081 -0.00198244 0.00131848)
(-0.00177389 -0.0023258 0.00131848)
(-0.00134307 -0.0025985 0.00131848)
(-0.000871437 -0.00279225 0.00131848)
(-0.000373329 -0.00290115 0.00131848)
(0.000136122 -0.00292191 0.00131848)
(0.000641438 -0.00285388 0.00131848)
(0.00112726 -0.00269914 0.00131848)
(0.00157884 -0.00246238 0.00131848)
(0.00198244 -0.00215081 0.00131848)
(0.0023258 -0.00177389 0.00131848)
(0.0025985 -0.00134307 0.00131848)
(0.00279225 -0.000871437 0.00131848)
(0.00290115 -0.000373329 0.00131848)
(0.00292191 0.000136122 0.00131848)
(0.00285388 0.000641438 0.00131848)
(0.00269914 0.00112726 0.00131848)
(0.00246238 0.00157884 0.00131848)
(0.00215081 0.00198244 0.00131848)
(0.00177389 0.0023258 0.00131848)
(0.00134307 0.0025985 0.00131848)
(0.000871438 0.00279225 0.00131848)
(0.000373329 0.00290115 0.00131848)
(-0.000246796 0.00281859 0.00135671)
(-0.000732489 0.00273291 0.00135671)
(-0.00119593 0.0025642 0.00135671)
(-0.00162302 0.00231757 0.00135671)
(-0.00200081 0.00200053 0.00135671)
(-0.0023178 0.0016227 0.00135671)
(-0.00256437 0.00119556 0.00135671)
(-0.00273301 0.000732102 0.00135671)
(-0.00281862 0.000246396 0.00135671)
(-0.00281859 -0.000246796 0.00135671)
(-0.00273291 -0.00073249 0.00135671)
(-0.0025642 -0.00119593 0.00135671)
(-0.00231757 -0.00162302 0.00135671)
(-0.00200053 -0.00200081 0.00135671)
(-0.0016227 -0.0023178 0.00135671)
(-0.00119556 -0.00256437 0.00135671)
(-0.000732101 -0.00273302 0.00135671)
(-0.000246396 -0.00281862 0.00135671)
(0.000246796 -0.00281859 0.00135671)
(0.00073249 -0.00273291 0.00135671)
(0.00119593 -0.0025642 0.00135671)
(0.00162302 -0.00231757 0.00135671)
(0.00200081 -0.00200053 0.00135671)
(0.0023178 -0.0016227 0.00135671)
(0.00256437 -0.00119556 0.00135671)
(0.00273302 -0.000732102 0.00135671)
(0.00281862 -0.000246397 0.00135671)
(0.00281859 0.000246796 0.00135671)
(0.00273291 0.000732489 0.00135671)
(0.0025642 0.00119593 0.00135671)
(0.00231757 0.00162302 0.00135671)
(0.00200053 0.00200081 0.00135671)
(0.0016227 0.0023178 0.00135671)
(0.00119556 0.00256437 0.00135671)
(0.000732102 0.00273302 0.00135671)
(0.000246397 0.00281862 0.00135671)
(-0.000364311 0.00271548 0.00138902)
(-0.000830318 0.00261097 0.00138902)
(-0.00127109 0.00242712 0.00138902)
(-0.00167324 0.00216952 0.00138902)
(-0.00202456 0.001846 0.00138902)
(-0.00231435 0.0014664 0.00138902)
(-0.00253383 0.00104224 0.00138902)
(-0.00267632 0.000586407 0.00138902)
(-0.00273749 0.00011276 0.00138902)
(-0.00271548 -0.000364311 0.00138902)
(-0.00261096 -0.000830318 0.00138902)
(-0.00242712 -0.00127109 0.00138902)
(-0.00216952 -0.00167324 0.00138902)
(-0.001846 -0.00202456 0.00138902)
(-0.0014664 -0.00231435 0.00138902)
(-0.00104224 -0.00253383 0.00138902)
(-0.000586407 -0.00267632 0.00138902)
(-0.00011276 -0.00273749 0.00138902)
(0.000364311 -0.00271548 0.00138902)
(0.000830318 -0.00261097 0.00138902)
(0.00127109 -0.00242712 0.00138902)
(0.00167324 -0.00216952 0.00138902)
(0.00202456 -0.001846 0.00138902)
(0.00231435 -0.0014664 0.00138902)
(0.00253383 -0.00104224 0.00138902)
(0.00267632 -0.000586407 0.00138902)
(0.00273749 -0.00011276 0.00138902)
(0.00271548 0.000364311 0.00138902)
(0.00261097 0.000830318 0.00138902)
(0.00242712 0.00127109 0.00138902)
(0.00216952 0.00167324 0.00138902)
(0.001846 0.00202456 0.00138902)
(0.0014664 0.00231435 0.00138902)
(0.00104224 0.00253383 0.00138902)
(0.000586407 0.00267632 0.00138902)
(0.00011276 0.00273749 0.00138902)
(-0.000483606 0.00260305 0.00141369)
(-0.000928275 0.00247953 0.00141369)
(-0.00134474 0.00228066 0.00141369)
(-0.00172034 0.0020125 0.00141369)
(-0.00204367 0.0016832 0.00141369)
(-0.00230491 0.00130274 0.00141369)
(-0.00249611 0.000882712 0.00141369)
(-0.00261147 0.000435856 0.00141369)
(-0.00264748 -2.42435e-05 0.00141369)
(-0.00260305 -0.000483606 0.00141369)
(-0.00247953 -0.000928275 0.00141369)
(-0.00228066 -0.00134474 0.00141369)
(-0.0020125 -0.00172034 0.00141369)
(-0.0016832 -0.00204367 0.00141369)
(-0.00130274 -0.00230491 0.00141369)
(-0.000882712 -0.00249611 0.00141369)
(-0.000435856 -0.00261147 0.00141369)
(2.42437e-05 -0.00264748 0.00141369)
(0.000483606 -0.00260305 0.00141369)
(0.000928275 -0.00247953 0.00141369)
(0.00134474 -0.00228066 0.00141369)
(0.00172034 -0.0020125 0.00141369)
(0.00204367 -0.0016832 0.00141369)
(0.00230491 -0.00130274 0.00141369)
(0.00249611 -0.000882712 0.00141369)
(0.00261147 -0.000435856 0.00141369)
(0.00264748 2.42435e-05 0.00141369)
(0.00260305 0.000483606 0.00141369)
(0.00247953 0.000928275 0.00141369)
(0.00228066 0.00134474 0.00141369)
(0.0020125 0.00172034 0.00141369)
(0.0016832 0.00204367 0.00141369)
(0.00130274 0.00230491 0.00141369)
(0.000882712 0.00249611 0.00141369)
(0.000435856 0.00261147 0.00141369)
(-2.42433e-05 0.00264748 0.00141369)
(-0.000292383 0.00324768 0.00165466)
(-0.000851895 0.00314756 0.00165466)
(-0.00138552 0.00295182 0.00165466)
(-0.00187705 0.00266638 0.00165466)
(-0.00231154 0.00229992 0.00165466)
(-0.0026758 0.00186358 0.00165466)
(-0.00295876 0.00137062 0.00165466)
(-0.00315182 0.000836017 0.00165466)
(-0.00324911 0.00027601 0.00165466)
(-0.00324768 -0.000292383 0.00165466)
(-0.00314756 -0.000851896 0.00165466)
(-0.00295182 -0.00138552 0.00165466)
(-0.00266638 -0.00187705 0.00165465)
(-0.00229992 -0.00231154 0.00165465)
(-0.00186358 -0.0026758 0.00165466)
(-0.00137062 -0.00295876 0.00165466)
(-0.000836016 -0.00315182 0.00165466)
(-0.00027601 -0.00324911 0.00165466)
(0.000292383 -0.00324768 0.00165466)
(0.000851896 -0.00314756 0.00165466)
(0.00138552 -0.00295182 0.00165466)
(0.00187705 -0.00266638 0.00165465)
(0.00231154 -0.00229992 0.00165466)
(0.0026758 -0.00186358 0.00165466)
(0.00295876 -0.00137062 0.00165466)
(0.00315182 -0.000836017 0.00165466)
(0.00324911 -0.000276011 0.00165466)
(0.00324768 0.000292383 0.00165466)
(0.00314756 0.000851895 0.00165466)
(0.00295182 0.00138552 0.00165466)
(0.00266638 0.00187705 0.00165466)
(0.00229992 0.00231154 0.00165466)
(0.00186358 0.0026758 0.00165466)
(0.00137063 0.00295876 0.00165466)
(0.000836017 0.00315182 0.00165466)
(0.000276011 0.00324911 0.00165466)
(-0.000389928 0.00308988 0.00167575)
(-0.000920557 0.00297523 0.00167575)
(-0.00142322 0.00277017 0.00167575)
(-0.00188263 0.00248095 0.00167575)
(-0.00228484 0.00211634 0.00167575)
(-0.00261763 0.00168743 0.00167575)
(-0.00287088 0.00120725 0.00167575)
(-0.0030369 0.000690384 0.00167575)
(-0.00311065 0.000152545 0.00167575)
(-0.00308988 -0.000389928 0.00167575)
(-0.00297523 -0.000920557 0.00167575)
(-0.00277017 -0.00142322 0.00167575)
(-0.00248095 -0.00188263 0.00167575)
(-0.00211634 -0.00228484 0.00167575)
(-0.00168743 -0.00261763 0.00167575)
(-0.00120725 -0.00287088 0.00167575)
(-0.000690384 -0.0030369 0.00167575)
(-0.000152544 -0.00311065 0.00167575)
(0.000389929 -0.00308988 0.00167575)
(0.000920557 -0.00297523 0.00167575)
(0.00142322 -0.00277017 0.00167575)
(0.00188263 -0.00248095 0.00167575)
(0.00228484 -0.00211634 0.00167575)
(0.00261763 -0.00168743 0.00167575)
(0.00287088 -0.00120725 0.00167575)
(0.0030369 -0.000690384 0.00167575)
(0.00311065 -0.000152545 0.00167575)
(0.00308988 0.000389928 0.00167575)
(0.00297523 0.000920557 0.00167575)
(0.00277017 0.00142322 0.00167575)
(0.00248095 0.00188263 0.00167575)
(0.00211634 0.00228484 0.00167575)
(0.00168743 0.00261763 0.00167575)
(0.00120725 0.00287088 0.00167575)
(0.000690385 0.0030369 0.00167575)
(0.000152545 0.00311065 0.00167575)
(-0.00049288 0.00293481 0.00169053)
(-0.000995014 0.00280464 0.00169053)
(-0.00146692 0.00258925 0.00169053)
(-0.00189425 0.00229518 0.00169053)
(-0.00226403 0.00193138 0.00169053)
(-0.00256501 0.0015089 0.00169053)
(-0.00278806 0.00104056 0.00169053)
(-0.00292639 0.000540612 0.00169053)
(-0.00297581 2.42333e-05 0.00169053)
(-0.00293481 -0.00049288 0.00169053)
(-0.00280464 -0.000995015 0.00169053)
(-0.00258925 -0.00146692 0.00169053)
(-0.00229518 -0.00189425 0.00169053)
(-0.00193138 -0.00226403 0.00169053)
(-0.00150889 -0.00256501 0.00169053)
(-0.00104056 -0.00278806 0.00169053)
(-0.000540612 -0.0029264 0.00169053)
(-2.42331e-05 -0.00297581 0.00169053)
(0.00049288 -0.00293481 0.00169053)
(0.000995015 -0.00280464 0.00169053)
(0.00146692 -0.00258925 0.00169053)
(0.00189425 -0.00229518 0.00169053)
(0.00226403 -0.00193138 0.00169053)
(0.00256501 -0.0015089 0.00169053)
(0.00278806 -0.00104056 0.00169053)
(0.0029264 -0.000540612 0.00169053)
(0.00297581 -2.42333e-05 0.00169053)
(0.00293481 0.00049288 0.00169053)
(0.00280464 0.000995015 0.00169053)
(0.00258925 0.00146692 0.00169053)
(0.00229518 0.00189425 0.00169053)
(0.00193138 0.00226403 0.00169053)
(0.0015089 0.00256501 0.00169053)
(0.00104056 0.00278806 0.00169053)
(0.000540612 0.0029264 0.00169053)
(2.42335e-05 0.00297581 0.00169053)
(-0.000595665 0.00277306 0.00169727)
(-0.00106815 0.0026275 0.00169727)
(-0.00150818 0.0024021 0.00169727)
(-0.00190239 0.00210371 0.00169727)
(-0.00223879 0.0017414 0.00169727)
(-0.00250717 0.00132618 0.00169727)
(-0.00269937 0.000870668 0.00169727)
(-0.00280955 0.0003887 0.00169727)
(-0.00283437 -0.000105079 0.00169727)
(-0.00277306 -0.000595665 0.00169727)
(-0.00262749 -0.00106815 0.00169727)
(-0.0024021 -0.00150818 0.00169727)
(-0.00210371 -0.00190239 0.00169727)
(-0.0017414 -0.00223879 0.00169727)
(-0.00132618 -0.00250717 0.00169727)
(-0.000870668 -0.00269937 0.00169727)
(-0.0003887 -0.00280955 0.00169727)
(0.000105079 -0.00283437 0.00169727)
(0.000595666 -0.00277306 0.00169727)
(0.00106815 -0.0026275 0.00169727)
(0.00150818 -0.0024021 0.00169727)
(0.00190239 -0.00210371 0.00169727)
(0.00223879 -0.0017414 0.00169727)
(0.00250717 -0.00132618 0.00169727)
(0.00269937 -0.000870668 0.00169727)
(0.00280955 -0.0003887 0.00169727)
(0.00283437 0.000105079 0.00169727)
(0.00277306 0.000595665 0.00169727)
(0.0026275 0.00106815 0.00169727)
(0.0024021 0.00150818 0.00169727)
(0.00210371 0.00190239 0.00169727)
(0.0017414 0.00223879 0.00169727)
(0.00132618 0.00250717 0.00169727)
(0.000870668 0.00269937 0.00169727)
(0.0003887 0.00280955 0.00169727)
(-0.000105078 0.00283437 0.00169727)
(-0.000441514 0.00348419 0.00201747)
(-0.00103983 0.00335459 0.00201747)
(-0.00160655 0.00312306 0.00201746)
(-0.00212445 0.00279664 0.00201746)
(-0.00257781 0.00238524 0.00201746)
(-0.00295284 0.00190137 0.00201746)
(-0.00323815 0.00135973 0.00201746)
(-0.00342507 0.000776774 0.00201747)
(-0.00350792 0.000170215 0.00201747)
(-0.00348419 -0.000441514 0.00201747)
(-0.00335459 -0.00103983 0.00201746)
(-0.00312306 -0.00160655 0.00201746)
(-0.00279664 -0.00212446 0.00201746)
(-0.00238524 -0.00257781 0.00201746)
(-0.00190137 -0.00295284 0.00201746)
(-0.00135973 -0.00323815 0.00201746)
(-0.000776774 -0.00342507 0.00201747)
(-0.000170215 -0.00350792 0.00201747)
(0.000441515 -0.00348419 0.00201747)
(0.00103983 -0.00335459 0.00201746)
(0.00160655 -0.00312306 0.00201746)
(0.00212446 -0.00279664 0.00201746)
(0.00257781 -0.00238524 0.00201746)
(0.00295284 -0.00190137 0.00201746)
(0.00323815 -0.00135973 0.00201746)
(0.00342507 -0.000776774 0.00201747)
(0.00350792 -0.000170215 0.00201747)
(0.00348419 0.000441514 0.00201747)
(0.00335459 0.00103983 0.00201747)
(0.00312306 0.00160655 0.00201746)
(0.00279664 0.00212446 0.00201746)
(0.00238524 0.00257781 0.00201746)
(0.00190137 0.00295284 0.00201746)
(0.00135973 0.00323815 0.00201746)
(0.000776775 0.00342507 0.00201747)
(0.000170216 0.00350792 0.00201747)
(-0.000523284 0.00326866 0.0020158)
(-0.00108293 0.00312814 0.0020158)
(-0.00160968 0.00289257 0.0020158)
(-0.00208751 0.0025691 0.0020158)
(-0.00250191 0.00216758 0.0020158)
(-0.0028403 0.0017002 0.0020158)
(-0.00309239 0.00118116 0.0020158)
(-0.00325051 0.00062622 0.0020158)
(-0.00330987 5.22621e-05 0.0020158)
(-0.00326866 -0.000523284 0.0020158)
(-0.00312814 -0.00108293 0.0020158)
(-0.00289257 -0.00160968 0.0020158)
(-0.0025691 -0.00208751 0.0020158)
(-0.00216758 -0.00250191 0.0020158)
(-0.0017002 -0.0028403 0.0020158)
(-0.00118115 -0.00309239 0.0020158)
(-0.00062622 -0.00325051 0.0020158)
(-5.22618e-05 -0.00330987 0.0020158)
(0.000523285 -0.00326866 0.0020158)
(0.00108293 -0.00312814 0.0020158)
(0.00160968 -0.00289257 0.0020158)
(0.00208751 -0.0025691 0.0020158)
(0.00250191 -0.00216758 0.0020158)
(0.0028403 -0.0017002 0.0020158)
(0.00309239 -0.00118116 0.0020158)
(0.00325051 -0.00062622 0.0020158)
(0.00330987 -5.22621e-05 0.0020158)
(0.00326866 0.000523284 0.0020158)
(0.00312814 0.00108293 0.0020158)
(0.00289257 0.00160968 0.0020158)
(0.0025691 0.00208751 0.0020158)
(0.00216758 0.00250191 0.0020158)
(0.0017002 0.0028403 0.0020158)
(0.00118116 0.00309239 0.0020158)
(0.00062622 0.00325051 0.0020158)
(5.22624e-05 0.00330987 0.0020158)
(-0.000609054 0.00305886 0.00200725)
(-0.00113097 0.00290663 0.00200725)
(-0.00161852 0.00266608 0.00200725)
(-0.00205689 0.00234453 0.00200725)
(-0.00243276 0.00195173 0.00200725)
(-0.00273472 0.00149964 0.00200725)
(-0.00295358 0.00100197 0.00200725)
(-0.0030827 0.000473866 0.00200725)
(-0.00311815 -6.86356e-05 0.00200725)
(-0.00305886 -0.000609054 0.00200725)
(-0.00290663 -0.00113097 0.00200725)
(-0.00266608 -0.00161852 0.00200725)
(-0.00234453 -0.00205689 0.00200724)
(-0.00195173 -0.00243276 0.00200725)
(-0.00149964 -0.00273472 0.00200724)
(-0.00100197 -0.00295358 0.00200725)
(-0.000473866 -0.0030827 0.00200725)
(6.86359e-05 -0.00311815 0.00200725)
(0.000609054 -0.00305886 0.00200725)
(0.00113097 -0.00290663 0.00200725)
(0.00161852 -0.00266608 0.00200725)
(0.00205689 -0.00234453 0.00200725)
(0.00243276 -0.00195173 0.00200725)
(0.00273472 -0.00149964 0.00200725)
(0.00295358 -0.00100197 0.00200725)
(0.0030827 -0.000473866 0.00200725)
(0.00311815 6.86356e-05 0.00200725)
(0.00305886 0.000609054 0.00200725)
(0.00290663 0.00113097 0.00200725)
(0.00266608 0.00161852 0.00200725)
(0.00234453 0.00205689 0.00200725)
(0.00195173 0.00243276 0.00200725)
(0.00149964 0.00273472 0.00200725)
(0.00100197 0.00295358 0.00200725)
(0.000473866 0.0030827 0.00200725)
(-6.86353e-05 0.00311815 0.00200725)
(-0.000692525 0.00284606 0.00198989)
(-0.00117622 0.00268257 0.00198989)
(-0.00162417 0.00243756 0.00198989)
(-0.00202277 0.0021185 0.00198989)
(-0.00235992 0.00173506 0.00198989)
(-0.00262536 0.00129891 0.00198989)
(-0.00281102 0.000823284 0.00198989)
(-0.00291128 0.000322648 0.00198989)
(-0.00292308 -0.000187792 0.00198989)
(-0.00284606 -0.000692525 0.00198989)
(-0.00268257 -0.00117622 0.00198989)
(-0.00243756 -0.00162417 0.00198989)
(-0.0021185 -0.00202278 0.00198989)
(-0.00173506 -0.00235992 0.00198989)
(-0.00129891 -0.00262536 0.00198989)
(-0.000823283 -0.00281102 0.00198989)
(-0.000322648 -0.00291128 0.00198989)
(0.000187792 -0.00292308 0.00198989)
(0.000692525 -0.00284606 0.00198989)
(0.00117622 -0.00268257 0.00198989)
(0.00162417 -0.00243756 0.00198989)
(0.00202278 -0.0021185 0.00198989)
(0.00235992 -0.00173506 0.00198989)
(0.00262536 -0.00129891 0.00198989)
(0.00281102 -0.000823284 0.00198989)
(0.00291128 -0.000322648 0.00198989)
(0.00292308 0.000187792 0.00198989)
(0.00284606 0.000692525 0.00198989)
(0.00268257 0.00117622 0.00198989)
(0.00243756 0.00162417 0.00198989)
(0.0021185 0.00202278 0.00198989)
(0.00173506 0.00235992 0.00198989)
(0.00129891 0.00262536 0.00198989)
(0.000823284 0.00281102 0.00198989)
(0.000322648 0.00291128 0.00198989)
(-0.000187792 0.00292308 0.00198989)
(-0.000561719 0.003613 0.00241246)
(-0.00118057 0.00346057 0.00241246)
(-0.00176356 0.00320299 0.00241246)
(-0.00229296 0.00284809 0.00241246)
(-0.00275269 0.00240665 0.00241246)
(-0.00312878 0.00189209 0.00241246)
(-0.00340981 0.00132004 0.00241246)
(-0.00358722 0.000707876 0.00241246)
(-0.00365565 7.42059e-05 0.00241246)
(-0.003613 -0.000561719 0.00241246)
(-0.00346057 -0.00118057 0.00241246)
(-0.00320299 -0.00176356 0.00241246)
(-0.00284809 -0.00229296 0.00241246)
(-0.00240665 -0.00275269 0.00241246)
(-0.00189209 -0.00312878 0.00241246)
(-0.00132004 -0.00340981 0.00241246)
(-0.000707876 -0.00358722 0.00241246)
(-7.42055e-05 -0.00365565 0.00241246)
(0.00056172 -0.003613 0.00241246)
(0.00118058 -0.00346057 0.00241246)
(0.00176356 -0.00320299 0.00241246)
(0.00229296 -0.00284809 0.00241246)
(0.00275269 -0.00240665 0.00241246)
(0.00312878 -0.00189209 0.00241246)
(0.00340981 -0.00132004 0.00241246)
(0.00358722 -0.000707876 0.00241246)
(0.00365565 -7.42059e-05 0.00241246)
(0.003613 0.000561719 0.00241246)
(0.00346057 0.00118057 0.00241246)
(0.00320299 0.00176356 0.00241246)
(0.00284809 0.00229296 0.00241246)
(0.00240665 0.00275269 0.00241246)
(0.00189209 0.00312878 0.00241246)
(0.00132004 0.00340981 0.00241246)
(0.000707877 0.00358722 0.00241246)
(7.42062e-05 0.00365565 0.00241246)
(-0.000626362 0.00334101 0.00238116)
(-0.00119701 0.00318149 0.00238116)
(-0.00173128 0.00292529 0.00238115)
(-0.00221295 0.00258022 0.00238115)
(-0.00262738 0.00215674 0.00238115)
(-0.00296198 0.00166774 0.00238115)
(-0.00320658 0.00112806 0.00238115)
(-0.00335375 0.000554103 0.00238116)
(-0.00339902 -3.66866e-05 0.00238116)
(-0.00334101 -0.000626362 0.00238116)
(-0.00318149 -0.00119701 0.00238115)
(-0.00292529 -0.00173128 0.00238115)
(-0.00258022 -0.00221295 0.00238115)
(-0.00215674 -0.00262738 0.00238115)
(-0.00166774 -0.00296198 0.00238115)
(-0.00112806 -0.00320658 0.00238115)
(-0.000554102 -0.00335375 0.00238116)
(3.6687e-05 -0.00339902 0.00238116)
(0.000626363 -0.00334101 0.00238116)
(0.00119701 -0.00318149 0.00238115)
(0.00173128 -0.00292529 0.00238115)
(0.00221295 -0.00258022 0.00238115)
(0.00262738 -0.00215674 0.00238115)
(0.00296198 -0.00166774 0.00238115)
(0.00320658 -0.00112806 0.00238115)
(0.00335375 -0.000554103 0.00238116)
(0.00339902 3.66866e-05 0.00238116)
(0.00334101 0.000626362 0.00238116)
(0.00318149 0.00119701 0.00238116)
(0.00292529 0.00173128 0.00238115)
(0.00258022 0.00221295 0.00238115)
(0.00215674 0.00262738 0.00238115)
(0.00166774 0.00296198 0.00238115)
(0.00112806 0.00320658 0.00238116)
(0.000554103 0.00335375 0.00238116)
(-3.66863e-05 0.00339902 0.00238116)
(-0.000693617 0.00307789 0.00234225)
(-0.00121755 0.00291069 0.00234225)
(-0.00170449 0.00265504 0.00234225)
(-0.00213964 0.00231873 0.00234225)
(-0.00250978 0.00191195 0.00234225)
(-0.00280365 0.00144709 0.00234225)
(-0.00301234 0.000938256 0.00234225)
(-0.00312951 0.000400911 0.00234225)
(-0.00315158 -0.00014861 0.00234225)
(-0.00307789 -0.000693617 0.00234225)
(-0.00291069 -0.00121755 0.00234225)
(-0.00265504 -0.00170449 0.00234225)
(-0.00231873 -0.00213964 0.00234225)
(-0.00191195 -0.00250978 0.00234225)
(-0.00144709 -0.00280365 0.00234225)
(-0.000938256 -0.00301234 0.00234225)
(-0.000400911 -0.00312951 0.00234225)
(0.00014861 -0.00315158 0.00234225)
(0.000693618 -0.00307789 0.00234225)
(0.00121755 -0.00291069 0.00234225)
(0.00170449 -0.00265504 0.00234225)
(0.00213964 -0.00231873 0.00234225)
(0.00250978 -0.00191195 0.00234225)
(0.00280365 -0.00144709 0.00234225)
(0.00301234 -0.000938256 0.00234225)
(0.00312951 -0.000400911 0.00234225)
(0.00315158 0.00014861 0.00234225)
(0.0030779 0.000693617 0.00234225)
(0.00291069 0.00121755 0.00234225)
(0.00265504 0.00170449 0.00234225)
(0.00231873 0.00213964 0.00234225)
(0.00191195 0.00250978 0.00234225)
(0.00144709 0.00280365 0.00234225)
(0.000938256 0.00301234 0.00234225)
(0.000400912 0.00312951 0.00234225)
(-0.00014861 0.00315158 0.00234225)
(-0.000756587 0.00281639 0.00229326)
(-0.00123415 0.00264222 0.00229326)
(-0.00167422 0.00238777 0.00229326)
(-0.00206342 0.00206077 0.00229326)
(-0.00238992 0.00167115 0.00229326)
(-0.0026438 0.00123076 0.00229326)
(-0.00281736 0.000752967 0.00229326)
(-0.00290531 0.000252301 0.00229326)
(-0.00290498 -0.000256034 0.00229326)
(-0.00281639 -0.000756588 0.00229326)
(-0.00264222 -0.00123415 0.00229326)
(-0.00238777 -0.00167422 0.00229326)
(-0.00206077 -0.00206342 0.00229326)
(-0.00167115 -0.00238992 0.00229326)
(-0.00123076 -0.0026438 0.00229326)
(-0.000752967 -0.00281736 0.00229326)
(-0.0002523 -0.00290531 0.00229326)
(0.000256034 -0.00290498 0.00229326)
(0.000756588 -0.00281639 0.00229326)
(0.00123415 -0.00264222 0.00229326)
(0.00167422 -0.00238777 0.00229326)
(0.00206342 -0.00206077 0.00229326)
(0.00238992 -0.00167115 0.00229326)
(0.0026438 -0.00123076 0.00229326)
(0.00281736 -0.000752967 0.00229326)
(0.00290531 -0.000252301 0.00229326)
(0.00290498 0.000256034 0.00229326)
(0.00281639 0.000756588 0.00229326)
(0.00264222 0.00123415 0.00229326)
(0.00238777 0.00167422 0.00229326)
(0.00206077 0.00206342 0.00229326)
(0.00167115 0.00238992 0.00229326)
(0.00123076 0.0026438 0.00229326)
(0.000752968 0.00281736 0.00229326)
(0.000252301 0.00290531 0.00229326)
(-0.000256034 0.00290498 0.00229326)
(-0.000629549 0.0036084 0.00284372)
(-0.00124658 0.00344426 0.00284372)
(-0.00182573 0.00317547 0.00284372)
(-0.00234941 0.00281019 0.00284372)
(-0.0028017 0.00235953 0.00284372)
(-0.00316886 0.00183717 0.00284372)
(-0.00343974 0.00125899 0.00284372)
(-0.00360611 0.000642562 0.00284372)
(-0.0036629 6.60685e-06 0.00284372)
(-0.0036084 -0.000629549 0.00284372)
(-0.00344426 -0.00124658 0.00284372)
(-0.00317547 -0.00182573 0.00284372)
(-0.00281019 -0.00234941 0.00284372)
(-0.00235953 -0.0028017 0.00284372)
(-0.00183717 -0.00316886 0.00284372)
(-0.00125899 -0.00343974 0.00284372)
(-0.000642561 -0.00360611 0.00284372)
(-6.60639e-06 -0.0036629 0.00284372)
(0.00062955 -0.0036084 0.00284372)
(0.00124658 -0.00344426 0.00284372)
(0.00182573 -0.00317547 0.00284372)
(0.00234941 -0.00281019 0.00284372)
(0.0028017 -0.00235953 0.00284372)
(0.00316886 -0.00183717 0.00284372)
(0.00343974 -0.00125899 0.00284372)
(0.00360611 -0.000642562 0.00284372)
(0.0036629 -6.6069e-06 0.00284372)
(0.0036084 0.000629549 0.00284372)
(0.00344426 0.00124658 0.00284372)
(0.00317547 0.00182573 0.00284372)
(0.00281019 0.00234941 0.00284372)
(0.00235953 0.0028017 0.00284372)
(0.00183717 0.00316886 0.00284372)
(0.001259 0.00343974 0.00284372)
(0.000642562 0.00360611 0.00284372)
(6.60717e-06 0.0036629 0.00284372)
(-0.000677962 0.00328925 0.00277366)
(-0.00123884 0.00312155 0.00277366)
(-0.00176207 0.002859 0.00277366)
(-0.00223176 0.00250959 0.00277366)
(-0.00263364 0.00208393 0.00277366)
(-0.0029555 0.00159494 0.00277366)
(-0.00318755 0.00105749 0.00277366)
(-0.00332276 0.000487915 0.00277366)
(-0.003357 -9.64898e-05 0.00277366)
(-0.00328925 -0.000677963 0.00277366)
(-0.00312155 -0.00123884 0.00277366)
(-0.002859 -0.00176207 0.00277366)
(-0.00250959 -0.00223176 0.00277366)
(-0.00208392 -0.00263364 0.00277366)
(-0.00159494 -0.0029555 0.00277366)
(-0.00105749 -0.00318755 0.00277366)
(-0.000487915 -0.00332276 0.00277366)
(9.64902e-05 -0.00335701 0.00277366)
(0.000677963 -0.00328925 0.00277366)
(0.00123884 -0.00312155 0.00277366)
(0.00176207 -0.002859 0.00277366)
(0.00223176 -0.00250959 0.00277366)
(0.00263364 -0.00208393 0.00277366)
(0.0029555 -0.00159494 0.00277366)
(0.00318755 -0.00105749 0.00277366)
(0.00332276 -0.000487915 0.00277366)
(0.00335701 9.64897e-05 0.00277366)
(0.00328925 0.000677962 0.00277366)
(0.00312155 0.00123884 0.00277366)
(0.002859 0.00176207 0.00277366)
(0.00250959 0.00223176 0.00277366)
(0.00208393 0.00263364 0.00277366)
(0.00159494 0.0029555 0.00277366)
(0.00105749 0.00318755 0.00277366)
(0.000487915 0.00332276 0.00277366)
(-9.64894e-05 0.00335701 0.00277366)
(-0.00072772 0.00298168 0.00269519)
(-0.00123443 0.00281001 0.00269519)
(-0.00170363 0.00255296 0.00269519)
(-0.00212106 0.00221835 0.00269519)
(-0.00247405 0.00181633 0.00269519)
(-0.00275187 0.00135911 0.00269519)
(-0.00294607 0.000860614 0.00269519)
(-0.00305075 0.000335959 0.00269519)
(-0.00306274 -0.000198903 0.00269519)
(-0.00298168 -0.000727721 0.00269519)
(-0.00281001 -0.00123443 0.00269519)
(-0.00255296 -0.00170363 0.00269519)
(-0.00221835 -0.00212106 0.00269519)
(-0.00181633 -0.00247405 0.00269519)
(-0.00135911 -0.00275187 0.00269519)
(-0.000860614 -0.00294607 0.00269519)
(-0.000335959 -0.00305076 0.00269519)
(0.000198903 -0.00306274 0.00269519)
(0.000727721 -0.00298168 0.00269519)
(0.00123443 -0.00281001 0.00269519)
(0.00170363 -0.00255296 0.00269519)
(0.00212106 -0.00221835 0.00269519)
(0.00247405 -0.00181633 0.00269519)
(0.00275187 -0.00135911 0.00269519)
(0.00294607 -0.000860614 0.00269519)
(0.00305076 -0.000335959 0.00269519)
(0.00306275 0.000198903 0.00269519)
(0.00298168 0.000727721 0.00269519)
(0.00281001 0.00123443 0.00269519)
(0.00255296 0.00170363 0.00269519)
(0.00221835 0.00212106 0.00269519)
(0.00181633 0.00247405 0.00269519)
(0.00135912 0.00275187 0.00269519)
(0.000860614 0.00294607 0.00269519)
(0.000335959 0.00305076 0.00269519)
(-0.000198902 0.00306274 0.00269519)
(-0.000771903 0.00268052 0.00260515)
(-0.00122564 0.00250576 0.00260515)
(-0.00164214 0.00225486 0.00260515)
(-0.00200875 0.00193545 0.00260515)
(-0.00231432 0.00155723 0.00260515)
(-0.00254957 0.00113169 0.00260515)
(-0.00270735 0.000671773 0.00260515)
(-0.00278287 0.00019144 0.00260515)
(-0.00277383 -0.00029471 0.00260515)
(-0.00268052 -0.000771903 0.00260515)
(-0.00250576 -0.00122564 0.00260515)
(-0.00225486 -0.00164214 0.00260515)
(-0.00193545 -0.00200875 0.00260515)
(-0.00155723 -0.00231432 0.00260515)
(-0.00113169 -0.00254957 0.00260515)
(-0.000671772 -0.00270735 0.00260515)
(-0.000191439 -0.00278287 0.00260515)
(0.00029471 -0.00277383 0.00260515)
(0.000771904 -0.00268052 0.00260515)
(0.00122564 -0.00250576 0.00260515)
(0.00164214 -0.00225486 0.00260515)
(0.00200875 -0.00193545 0.00260515)
(0.00231432 -0.00155723 0.00260515)
(0.00254957 -0.00113169 0.00260515)
(0.00270735 -0.000671773 0.00260515)
(0.00278287 -0.00019144 0.00260515)
(0.00277384 0.00029471 0.00260515)
(0.00268052 0.000771903 0.00260515)
(0.00250576 0.00122564 0.00260515)
(0.00225486 0.00164214 0.00260515)
(0.00193545 0.00200875 0.00260515)
(0.00155723 0.00231432 0.00260515)
(0.00113169 0.00254957 0.00260515)
(0.000671773 0.00270735 0.00260515)
(0.00019144 0.00278287 0.00260515)
(-0.000294709 0.00277383 0.00260515)
(-0.000620344 0.00343453 0.00330939)
(-0.00120732 0.00327462 0.00330939)
(-0.00175761 0.00301522 0.00330939)
(-0.0022545 0.00266421 0.00330939)
(-0.00268289 0.00223224 0.00330939)
(-0.00302975 0.00173246 0.00330939)
(-0.00328456 0.00118003 0.00330939)
(-0.00343957 0.000591742 0.00330939)
(-0.00349007 -1.45215e-05 0.00330939)
(-0.00343453 -0.000620345 0.00330939)
(-0.00327462 -0.00120732 0.00330939)
(-0.00301522 -0.00175761 0.00330939)
(-0.00266421 -0.0022545 0.00330939)
(-0.00223224 -0.00268289 0.00330939)
(-0.00173246 -0.00302975 0.00330939)
(-0.00118003 -0.00328456 0.00330939)
(-0.000591741 -0.00343957 0.00330939)
(1.45221e-05 -0.00349007 0.00330939)
(0.000620345 -0.00343453 0.00330939)
(0.00120732 -0.00327462 0.00330939)
(0.00175761 -0.00301522 0.00330939)
(0.0022545 -0.00266421 0.00330939)
(0.00268289 -0.00223224 0.00330939)
(0.00302975 -0.00173246 0.00330939)
(0.00328456 -0.00118003 0.00330939)
(0.00343957 -0.000591742 0.00330939)
(0.00349007 1.45215e-05 0.00330939)
(0.00343453 0.000620345 0.00330939)
(0.00327462 0.00120732 0.00330939)
(0.00301522 0.00175761 0.00330939)
(0.00266421 0.0022545 0.00330939)
(0.00223224 0.00268289 0.00330939)
(0.00173246 0.00302975 0.00330939)
(0.00118003 0.00328456 0.00330939)
(0.000591742 0.00343957 0.00330939)
(-1.45213e-05 0.00349007 0.00330939)
(-0.000657941 0.00308938 0.00318847)
(-0.00118441 0.00292819 0.00318847)
(-0.00167489 0.00267804 0.00318847)
(-0.00211448 0.00234651 0.00318847)
(-0.00248983 0.00194368 0.00318847)
(-0.00278952 0.0014818 0.00318847)
(-0.00300445 0.000974899 0.00318847)
(-0.0031281 0.00043837 0.00318847)
(-0.0031567 -0.000111479 0.00318847)
(-0.00308938 -0.000657941 0.00318847)
(-0.00292819 -0.00118441 0.00318847)
(-0.00267804 -0.00167489 0.00318847)
(-0.00234651 -0.00211449 0.00318847)
(-0.00194368 -0.00248983 0.00318847)
(-0.0014818 -0.00278952 0.00318847)
(-0.000974899 -0.00300445 0.00318847)
(-0.000438369 -0.0031281 0.00318847)
(0.000111479 -0.0031567 0.00318847)
(0.000657942 -0.00308938 0.00318847)
(0.00118441 -0.00292819 0.00318847)
(0.00167489 -0.00267804 0.00318847)
(0.00211449 -0.00234651 0.00318847)
(0.00248983 -0.00194368 0.00318847)
(0.00278952 -0.0014818 0.00318847)
(0.00300445 -0.000974899 0.00318847)
(0.0031281 -0.00043837 0.00318847)
(0.0031567 0.000111479 0.00318847)
(0.00308938 0.000657941 0.00318847)
(0.00292819 0.00118441 0.00318847)
(0.00267804 0.00167489 0.00318847)
(0.00234651 0.00211449 0.00318847)
(0.00194368 0.00248983 0.00318847)
(0.0014818 0.00278952 0.00318847)
(0.000974899 0.00300445 0.00318847)
(0.00043837 0.0031281 0.00318847)
(-0.000111478 0.0031567 0.00318847)
(-0.000695989 0.00275716 0.00305889)
(-0.00116419 0.00259442 0.00305889)
(-0.00159702 0.00235285 0.00305889)
(-0.00198133 0.00203978 0.00305889)
(-0.00230543 0.00166473 0.00305889)
(-0.00255949 0.00123911 0.00305889)
(-0.00273577 0.000775839 0.00305889)
(-0.00282893 0.00028899 0.00305889)
(-0.00283614 -0.000206638 0.00305889)
(-0.00275716 -0.00069599 0.00305889)
(-0.00259442 -0.00116419 0.00305889)
(-0.00235285 -0.00159702 0.00305889)
(-0.00203978 -0.00198133 0.00305889)
(-0.00166473 -0.00230543 0.00305889)
(-0.00123911 -0.00255949 0.00305889)
(-0.000775839 -0.00273577 0.00305889)
(-0.00028899 -0.00282893 0.00305889)
(0.000206639 -0.00283614 0.00305889)
(0.00069599 -0.00275716 0.00305889)
(0.00116419 -0.00259442 0.00305889)
(0.00159702 -0.00235285 0.00305889)
(0.00198133 -0.00203978 0.00305889)
(0.00230543 -0.00166473 0.00305889)
(0.00255949 -0.00123911 0.00305889)
(0.00273577 -0.000775839 0.00305889)
(0.00282893 -0.00028899 0.00305889)
(0.00283614 0.000206638 0.00305889)
(0.00275716 0.00069599 0.00305889)
(0.00259442 0.00116419 0.00305889)
(0.00235285 0.00159702 0.00305889)
(0.00203978 0.00198133 0.00305889)
(0.00166474 0.00230543 0.00305889)
(0.00123911 0.00255949 0.00305889)
(0.00077584 0.00273577 0.00305889)
(0.000288991 0.00282893 0.00305889)
(-0.000206638 0.00283614 0.00305889)
(-0.000728312 0.00243457 0.00291678)
(-0.00114001 0.00227111 0.00291678)
(-0.00151706 0.00203865 0.00291678)
(-0.00184802 0.00174424 0.00291678)
(-0.00212283 0.00139684 0.00291678)
(-0.00233314 0.00100699 0.00291678)
(-0.00247255 0.000586546 0.00291678)
(-0.00253684 0.000148281 0.00291678)
(-0.00252405 -0.00029449 0.00291678)
(-0.00243457 -0.000728313 0.00291678)
(-0.00227111 -0.00114001 0.00291678)
(-0.00203865 -0.00151706 0.00291678)
(-0.00174424 -0.00184802 0.00291678)
(-0.00139684 -0.00212283 0.00291678)
(-0.00100699 -0.00233314 0.00291678)
(-0.000586545 -0.00247255 0.00291678)
(-0.00014828 -0.00253684 0.00291678)
(0.000294491 -0.00252405 0.00291678)
(0.000728313 -0.00243457 0.00291678)
(0.00114001 -0.00227111 0.00291678)
(0.00151706 -0.00203865 0.00291678)
(0.00184802 -0.00174424 0.00291678)
(0.00212283 -0.00139684 0.00291678)
(0.00233314 -0.00100699 0.00291678)
(0.00247255 -0.000586546 0.00291678)
(0.00253684 -0.000148281 0.00291678)
(0.00252405 0.00029449 0.00291678)
(0.00243457 0.000728313 0.00291678)
(0.00227111 0.00114001 0.00291678)
(0.00203865 0.00151706 0.00291678)
(0.00174424 0.00184802 0.00291678)
(0.00139684 0.00212283 0.00291678)
(0.00100699 0.00233314 0.00291678)
(0.000586546 0.00247255 0.00291678)
(0.000148281 0.00253684 0.00291678)
(-0.00029449 0.00252405 0.00291678)
(-0.000511832 0.00304596 0.00379391)
(-0.00103299 0.0029108 0.00379391)
(-0.00152275 0.0026872 0.00379391)
(-0.00196625 0.00238195 0.00379391)
(-0.00234999 0.00200434 0.00379391)
(-0.00266234 0.00156582 0.00379391)
(-0.0028938 0.00107972 0.00379391)
(-0.00303732 0.000560818 0.00379391)
(-0.00308856 2.4872e-05 0.00379391)
(-0.00304596 -0.000511833 0.00379391)
(-0.0029108 -0.00103299 0.00379391)
(-0.0026872 -0.00152275 0.00379391)
(-0.00238195 -0.00196625 0.00379391)
(-0.00200434 -0.00235 0.00379391)
(-0.00156581 -0.00266235 0.00379391)
(-0.00107972 -0.0028938 0.00379391)
(-0.000560817 -0.00303732 0.00379391)
(-2.48714e-05 -0.00308856 0.00379391)
(0.000511833 -0.00304596 0.00379391)
(0.00103299 -0.0029108 0.00379391)
(0.00152275 -0.0026872 0.00379391)
(0.00196625 -0.00238195 0.00379391)
(0.00235 -0.00200434 0.00379391)
(0.00266235 -0.00156582 0.00379391)
(0.0028938 -0.00107972 0.00379391)
(0.00303732 -0.000560818 0.00379391)
(0.00308857 -2.48721e-05 0.00379391)
(0.00304596 0.000511832 0.00379391)
(0.0029108 0.00103299 0.00379391)
(0.0026872 0.00152275 0.00379391)
(0.00238195 0.00196625 0.00379391)
(0.00200434 0.00235 0.00379391)
(0.00156582 0.00266234 0.00379391)
(0.00107972 0.0028938 0.00379391)
(0.000560818 0.00303732 0.00379391)
(2.48722e-05 0.00308856 0.00379391)
(-0.000551195 0.00270954 0.00360794)
(-0.00101333 0.00257265 0.00360794)
(-0.00144467 0.00235761 0.00360794)
(-0.00183212 0.00207092 0.00360794)
(-0.0021639 0.00172132 0.00360795)
(-0.00242993 0.00131941 0.00360794)
(-0.00262213 0.000877416 0.00360795)
(-0.00273465 0.000408763 0.00360795)
(-0.00276409 -7.23141e-05 0.00360795)
(-0.00270954 -0.000551195 0.00360794)
(-0.00257265 -0.00101333 0.00360794)
(-0.00235761 -0.00144467 0.00360794)
(-0.00207092 -0.00183212 0.00360794)
(-0.00172132 -0.0021639 0.00360794)
(-0.00131941 -0.00242993 0.00360794)
(-0.000877415 -0.00262213 0.00360795)
(-0.000408762 -0.00273465 0.00360795)
(7.23147e-05 -0.00276409 0.00360795)
(0.000551196 -0.00270954 0.00360794)
(0.00101333 -0.00257265 0.00360794)
(0.00144467 -0.00235761 0.00360794)
(0.00183212 -0.00207092 0.00360794)
(0.0021639 -0.00172132 0.00360794)
(0.00242993 -0.00131941 0.00360794)
(0.00262213 -0.000877416 0.00360795)
(0.00273465 -0.000408763 0.00360795)
(0.00276409 7.2314e-05 0.00360795)
(0.00270954 0.000551195 0.00360794)
(0.00257266 0.00101333 0.00360794)
(0.00235761 0.00144467 0.00360794)
(0.00207092 0.00183212 0.00360794)
(0.00172132 0.0021639 0.00360795)
(0.00131941 0.00242993 0.00360795)
(0.000877416 0.00262213 0.00360795)
(0.000408763 0.00273465 0.00360795)
(-7.23138e-05 0.00276409 0.00360795)
(-0.000590626 0.00238459 0.00341477)
(-0.000995736 0.0022458 0.00341477)
(-0.00137059 0.00203878 0.00341477)
(-0.0017038 0.0017698 0.00341477)
(-0.00198523 0.00144706 0.00341477)
(-0.00220635 0.00108034 0.00341477)
(-0.00236043 0.000680801 0.00341477)
(-0.00244279 0.000260571 0.00341477)
(-0.00245092 -0.000167574 0.00341477)
(-0.00238459 -0.000590627 0.00341477)
(-0.0022458 -0.000995736 0.00341477)
(-0.00203878 -0.00137059 0.00341477)
(-0.0017698 -0.0017038 0.00341477)
(-0.00144706 -0.00198523 0.00341477)
(-0.00108034 -0.00220635 0.00341477)
(-0.0006808 -0.00236043 0.00341477)
(-0.00026057 -0.00244279 0.00341477)
(0.000167574 -0.00245093 0.00341477)
(0.000590627 -0.00238459 0.00341477)
(0.000995737 -0.0022458 0.00341477)
(0.00137059 -0.00203878 0.00341477)
(0.0017038 -0.0017698 0.00341477)
(0.00198523 -0.00144706 0.00341477)
(0.00220635 -0.00108034 0.00341477)
(0.00236044 -0.000680801 0.00341477)
(0.00244279 -0.000260571 0.00341477)
(0.00245093 0.000167574 0.00341477)
(0.00238459 0.000590627 0.00341477)
(0.0022458 0.000995736 0.00341477)
(0.00203878 0.00137059 0.00341477)
(0.0017698 0.0017038 0.00341477)
(0.00144706 0.00198523 0.00341477)
(0.00108034 0.00220635 0.00341477)
(0.000680801 0.00236043 0.00341477)
(0.000260571 0.00244279 0.00341477)
(-0.000167573 0.00245093 0.00341477)
(-0.000624997 0.00206831 0.00321065)
(-0.000974658 0.00192836 0.00321065)
(-0.00129471 0.00172982 0.00321065)
(-0.00157542 0.00147871 0.00321065)
(-0.00180826 0.00118268 0.00321065)
(-0.00198616 0.000850707 0.00321065)
(-0.00210371 0.00049289 0.00321065)
(-0.00215734 0.000120098 0.00321065)
(-0.00214542 -0.000256345 0.00321065)
(-0.00206831 -0.000624998 0.00321065)
(-0.00192836 -0.000974659 0.00321065)
(-0.00172982 -0.00129471 0.00321065)
(-0.00147871 -0.00157542 0.00321065)
(-0.00118268 -0.00180826 0.00321065)
(-0.000850707 -0.00198616 0.00321065)
(-0.00049289 -0.00210371 0.00321065)
(-0.000120097 -0.00215734 0.00321065)
(0.000256345 -0.00214542 0.00321065)
(0.000624998 -0.00206831 0.00321065)
(0.000974659 -0.00192836 0.00321065)
(0.00129471 -0.00172982 0.00321065)
(0.00157542 -0.00147871 0.00321065)
(0.00180826 -0.00118268 0.00321065)
(0.00198616 -0.000850707 0.00321065)
(0.00210371 -0.00049289 0.00321065)
(0.00215734 -0.000120098 0.00321065)
(0.00214542 0.000256344 0.00321065)
(0.00206831 0.000624998 0.00321065)
(0.00192836 0.000974659 0.00321065)
(0.00172982 0.00129471 0.00321065)
(0.00147871 0.00157542 0.00321065)
(0.00118268 0.00180826 0.00321065)
(0.000850707 0.00198616 0.00321065)
(0.000492891 0.00210371 0.00321065)
(0.000120098 0.00215734 0.00321065)
(-0.000256344 0.00214542 0.00321065)
(-0.000297576 0.0023919 0.00425295)
(-0.000708415 0.00230388 0.00425295)
(-0.00109772 0.00214587 0.00425295)
(-0.00145367 0.00192265 0.00425295)
(-0.00176546 0.00164102 0.00425295)
(-0.0020236 0.00130952 0.00425295)
(-0.00222025 0.000938245 0.00425295)
(-0.00234944 0.000538454 0.00425295)
(-0.00240724 0.0001223 0.00425295)
(-0.0023919 -0.000297576 0.00425295)
(-0.00230388 -0.000708415 0.00425295)
(-0.00214587 -0.00109772 0.00425295)
(-0.00192265 -0.00145367 0.00425295)
(-0.00164102 -0.00176546 0.00425295)
(-0.00130952 -0.0020236 0.00425295)
(-0.000938244 -0.00222025 0.00425295)
(-0.000538453 -0.00234944 0.00425295)
(-0.000122299 -0.00240724 0.00425295)
(0.000297577 -0.0023919 0.00425295)
(0.000708416 -0.00230388 0.00425295)
(0.00109772 -0.00214587 0.00425295)
(0.00145368 -0.00192265 0.00425295)
(0.00176546 -0.00164102 0.00425295)
(0.0020236 -0.00130952 0.00425295)
(0.00222025 -0.000938245 0.00425295)
(0.00234944 -0.000538454 0.00425295)
(0.00240724 -0.0001223 0.00425295)
(0.0023919 0.000297576 0.00425295)
(0.00230389 0.000708415 0.00425295)
(0.00214587 0.00109772 0.00425295)
(0.00192265 0.00145367 0.00425295)
(0.00164102 0.00176546 0.00425295)
(0.00130952 0.0020236 0.00425296)
(0.000938246 0.00222025 0.00425295)
(0.000538454 0.00234944 0.00425295)
(0.0001223 0.00240724 0.00425295)
(-0.000357817 0.00210991 0.003992)
(-0.000718769 0.00201572 0.003992)
(-0.00105788 0.00186029 0.003992)
(-0.00136484 0.00164833 0.003992)
(-0.00163034 0.00138628 0.003992)
(-0.0018463 0.00108212 0.003992)
(-0.00200615 0.000745079 0.003992)
(-0.00210506 0.000385396 0.003992)
(-0.00213999 1.40033e-05 0.003992)
(-0.00210991 -0.000357817 0.003992)
(-0.00201572 -0.000718769 0.003992)
(-0.00186029 -0.00105788 0.003992)
(-0.00164833 -0.00136484 0.003992)
(-0.00138628 -0.00163034 0.003992)
(-0.00108212 -0.0018463 0.003992)
(-0.000745078 -0.00200616 0.003992)
(-0.000385395 -0.00210506 0.003992)
(-1.40026e-05 -0.00213999 0.003992)
(0.000357818 -0.00210991 0.003992)
(0.00071877 -0.00201572 0.003992)
(0.00105788 -0.00186029 0.003992)
(0.00136484 -0.00164833 0.003992)
(0.00163034 -0.00138628 0.003992)
(0.0018463 -0.00108212 0.003992)
(0.00200616 -0.000745079 0.003992)
(0.00210506 -0.000385396 0.003992)
(0.00214 -1.40034e-05 0.003992)
(0.00210991 0.000357817 0.003992)
(0.00201572 0.000718769 0.003992)
(0.00186029 0.00105788 0.003992)
(0.00164833 0.00136484 0.003992)
(0.00138628 0.00163034 0.003992)
(0.00108212 0.0018463 0.003992)
(0.000745079 0.00200616 0.003992)
(0.000385396 0.00210506 0.003992)
(1.40036e-05 0.00213999 0.003992)
(-0.000416901 0.00183342 0.00372754)
(-0.000728938 0.00173317 0.00372754)
(-0.00101883 0.00158026 0.00372754)
(-0.00127776 0.00137933 0.00372754)
(-0.00149787 0.0011365 0.00372754)
(-0.00167247 0.000859133 0.00372754)
(-0.00179625 0.000555663 0.00372754)
(-0.00186544 0.000235307 0.00372754)
(-0.00187796 -9.21978e-05 0.00372754)
(-0.00183342 -0.000416901 0.00372754)
(-0.00173317 -0.000728938 0.00372754)
(-0.00158026 -0.00101883 0.00372754)
(-0.00137933 -0.00127776 0.00372754)
(-0.0011365 -0.00149787 0.00372754)
(-0.000859133 -0.00167247 0.00372754)
(-0.000555662 -0.00179625 0.00372754)
(-0.000235306 -0.00186544 0.00372754)
(9.21984e-05 -0.00187796 0.00372754)
(0.000416902 -0.00183342 0.00372754)
(0.000728939 -0.00173317 0.00372754)
(0.00101883 -0.00158027 0.00372754)
(0.00127776 -0.00137933 0.00372754)
(0.00149787 -0.0011365 0.00372754)
(0.00167247 -0.000859133 0.00372754)
(0.00179625 -0.000555663 0.00372754)
(0.00186544 -0.000235307 0.00372754)
(0.00187796 9.21977e-05 0.00372754)
(0.00183342 0.000416901 0.00372754)
(0.00173318 0.000728938 0.00372754)
(0.00158027 0.00101883 0.00372754)
(0.00137934 0.00127776 0.00372754)
(0.0011365 0.00149787 0.00372754)
(0.000859134 0.00167247 0.00372754)
(0.000555663 0.00179625 0.00372754)
(0.000235307 0.00186544 0.00372754)
(-9.21974e-05 0.00187796 0.00372754)
(-0.000470969 0.00155679 0.00345844)
(-0.000734146 0.00145135 0.00345844)
(-0.000975019 0.00130182 0.00345844)
(-0.00118627 0.00111273 0.00345844)
(-0.00136146 0.000889838 0.00345844)
(-0.0014953 0.000639902 0.00345844)
(-0.0015837 0.000370521 0.00345844)
(-0.00162398 8.98847e-05 0.00345844)
(-0.00161491 -0.000193483 0.00345844)
(-0.00155679 -0.00047097 0.00345844)
(-0.00145135 -0.000734147 0.00345844)
(-0.00130182 -0.000975019 0.00345844)
(-0.00111273 -0.00118627 0.00345844)
(-0.000889837 -0.00136147 0.00345844)
(-0.000639901 -0.0014953 0.00345844)
(-0.000370521 -0.0015837 0.00345844)
(-8.98842e-05 -0.00162398 0.00345844)
(0.000193483 -0.00161492 0.00345844)
(0.00047097 -0.00155679 0.00345844)
(0.000734147 -0.00145135 0.00345844)
(0.00097502 -0.00130182 0.00345844)
(0.00118627 -0.00111273 0.00345844)
(0.00136147 -0.000889838 0.00345844)
(0.0014953 -0.000639902 0.00345844)
(0.0015837 -0.000370521 0.00345844)
(0.00162398 -8.98848e-05 0.00345844)
(0.00161492 0.000193482 0.00345844)
(0.00155679 0.00047097 0.00345844)
(0.00145135 0.000734147 0.00345844)
(0.00130182 0.000975019 0.00345844)
(0.00111273 0.00118627 0.00345844)
(0.000889838 0.00136147 0.00345844)
(0.000639902 0.0014953 0.00345844)
(0.000370522 0.0015837 0.00345844)
(8.98853e-05 0.00162398 0.00345844)
(-0.000193482 0.00161491 0.00345844)
(1.06566e-05 0.00144081 0.00463675)
(-0.000239724 0.00142075 0.00463675)
(-0.000482825 0.00135754 0.00463675)
(-0.000711213 0.0012531 0.00463675)
(-0.000917983 0.00111056 0.00463675)
(-0.0010969 0.000934254 0.00463675)
(-0.00124249 0.000729596 0.00463674)
(-0.00135031 0.000502789 0.00463674)
(-0.00141709 0.00026069 0.00463675)
(-0.00144081 1.06569e-05 0.00463675)
(-0.00142075 -0.000239724 0.00463675)
(-0.00135754 -0.000482825 0.00463675)
(-0.0012531 -0.000711213 0.00463675)
(-0.00111056 -0.000917983 0.00463675)
(-0.000934254 -0.0010969 0.00463675)
(-0.000729595 -0.00124249 0.00463674)
(-0.000502789 -0.00135031 0.00463674)
(-0.00026069 -0.00141709 0.00463675)
(-1.06561e-05 -0.00144081 0.00463675)
(0.000239725 -0.00142075 0.00463675)
(0.000482826 -0.00135754 0.00463675)
(0.000711214 -0.0012531 0.00463675)
(0.000917984 -0.00111056 0.00463675)
(0.0010969 -0.000934255 0.00463675)
(0.00124249 -0.000729596 0.00463674)
(0.00135031 -0.00050279 0.00463674)
(0.00141709 -0.000260691 0.00463675)
(0.00144081 -1.06571e-05 0.00463675)
(0.00142075 0.000239724 0.00463675)
(0.00135754 0.000482825 0.00463675)
(0.0012531 0.000711213 0.00463675)
(0.00111056 0.000917983 0.00463675)
(0.000934255 0.0010969 0.00463675)
(0.000729596 0.00124249 0.00463674)
(0.000502789 0.00135031 0.00463674)
(0.00026069 0.00141709 0.00463675)
(-0.000106285 0.00125778 0.00426965)
(-0.000323089 0.00122021 0.00426965)
(-0.000530078 0.00114556 0.00426965)
(-0.000720953 0.00103612 0.00426965)
(-0.000889915 0.000895192 0.00426965)
(-0.00103184 0.000727052 0.00426965)
(-0.00114243 0.000536832 0.00426965)
(-0.00121829 0.000330306 0.00426965)
(-0.00125713 0.00011374 0.00426965)
(-0.00125778 -0.000106286 0.00426965)
(-0.00122021 -0.00032309 0.00426965)
(-0.00114556 -0.000530078 0.00426965)
(-0.00103612 -0.000720953 0.00426965)
(-0.000895191 -0.000889916 0.00426965)
(-0.000727051 -0.00103184 0.00426965)
(-0.000536831 -0.00114243 0.00426965)
(-0.000330305 -0.00121829 0.00426965)
(-0.00011374 -0.00125714 0.00426965)
(0.000106286 -0.00125778 0.00426965)
(0.00032309 -0.00122021 0.00426965)
(0.000530079 -0.00114556 0.00426965)
(0.000720954 -0.00103613 0.00426965)
(0.000889917 -0.000895192 0.00426965)
(0.00103184 -0.000727052 0.00426965)
(0.00114243 -0.000536832 0.00426965)
(0.00121829 -0.000330306 0.00426965)
(0.00125714 -0.000113741 0.00426965)
(0.00125778 0.000106285 0.00426965)
(0.00122021 0.000323089 0.00426965)
(0.00114557 0.000530078 0.00426965)
(0.00103613 0.000720953 0.00426965)
(0.000895193 0.000889915 0.00426965)
(0.000727052 0.00103184 0.00426965)
(0.000536833 0.00114243 0.00426965)
(0.000330306 0.00121829 0.00426965)
(0.000113741 0.00125713 0.00426965)
(-0.000210358 0.00106051 0.00392486)
(-0.000391319 0.00100787 0.00392487)
(-0.000560389 0.00092461 0.00392487)
(-0.000712434 0.000813249 0.00392487)
(-0.000842828 0.000677184 0.00392487)
(-0.000947619 0.00052054 0.00392487)
(-0.00102361 0.000348081 0.00392487)
(-0.0010685 0.000165043 0.00392487)
(-0.00108093 -2.30073e-05 0.00392487)
(-0.00106051 -0.000210359 0.00392486)
(-0.00100787 -0.000391319 0.00392487)
(-0.000924609 -0.00056039 0.00392487)
(-0.000813248 -0.000712434 0.00392487)
(-0.000677183 -0.000842829 0.00392487)
(-0.00052054 -0.00094762 0.00392487)
(-0.00034808 -0.00102361 0.00392487)
(-0.000165043 -0.0010685 0.00392487)
(2.30079e-05 -0.00108093 0.00392487)
(0.000210359 -0.00106051 0.00392486)
(0.00039132 -0.00100787 0.00392486)
(0.00056039 -0.00092461 0.00392487)
(0.000712435 -0.000813249 0.00392487)
(0.000842829 -0.000677184 0.00392487)
(0.00094762 -0.000520541 0.00392487)
(0.00102361 -0.000348081 0.00392487)
(0.0010685 -0.000165044 0.00392487)
(0.00108093 2.30071e-05 0.00392487)
(0.00106051 0.000210358 0.00392486)
(0.00100787 0.000391319 0.00392487)
(0.00092461 0.00056039 0.00392487)
(0.000813249 0.000712434 0.00392487)
(0.000677185 0.000842828 0.00392487)
(0.000520541 0.000947619 0.00392487)
(0.000348081 0.00102361 0.00392487)
(0.000165044 0.0010685 0.00392487)
(-2.30067e-05 0.00108093 0.00392487)
(-0.000294455 0.000846053 0.00360955)
(-0.000436896 0.000782066 0.00360955)
(-0.000566062 0.000694322 0.00360955)
(-0.000678029 0.000585478 0.00360955)
(-0.000769397 0.000458843 0.00360955)
(-0.000837385 0.000318268 0.00360955)
(-0.000879927 0.000168021 0.00360955)
(-0.000895738 1.26693e-05 0.00360955)
(-0.000884326 -0.000143067 0.00360955)
(-0.000846053 -0.000294456 0.00360955)
(-0.000782066 -0.000436896 0.00360955)
(-0.000694322 -0.000566063 0.00360955)
(-0.000585478 -0.00067803 0.00360955)
(-0.000458843 -0.000769398 0.00360955)
(-0.000318267 -0.000837385 0.00360955)
(-0.00016802 -0.000879928 0.00360955)
(-1.26688e-05 -0.000895739 0.00360955)
(0.000143068 -0.000884327 0.00360955)
(0.000294456 -0.000846053 0.00360955)
(0.000436897 -0.000782066 0.00360955)
(0.000566064 -0.000694322 0.00360955)
(0.000678031 -0.000585479 0.00360955)
(0.000769398 -0.000458843 0.00360955)
(0.000837386 -0.000318268 0.00360955)
(0.000879928 -0.000168021 0.00360955)
(0.000895739 -1.26695e-05 0.00360955)
(0.000884328 0.000143067 0.00360955)
(0.000846054 0.000294456 0.00360955)
(0.000782067 0.000436896 0.00360955)
(0.000694323 0.000566063 0.00360955)
(0.000585479 0.00067803 0.00360955)
(0.000458844 0.000769398 0.00360955)
(0.000318268 0.000837385 0.00360955)
(0.000168021 0.000879928 0.00360955)
(1.267e-05 0.000895739 0.00360955)
(-0.000143067 0.000884327 0.00360955)
(8.40141e-10 -2.44343e-10 0.004783)
(7.46903e-10 -1.86631e-10 0.0043427)
(6.51868e-10 -1.21397e-10 0.00393854)
(5.7462e-10 -7.03622e-11 0.00361244)
)
;

boundaryField
{
    fixed
    {
        type            fixedValue;
        value           uniform (0 0 0);
    }
    inside
    {
        type            calculated;
    }
    outside
    {
        type            calculated;
    }
}


// ************************************************************************* //
