/*--------------------------------*- C++ -*----------------------------------*\
| =========                 |                                                 |
| \\      /  F ield         | OpenFOAM: The Open Source CFD Toolbox           |
|  \\    /   O peration     | Version:  2312                                  |
|   \\  /    A nd           | Website:  www.openfoam.com                      |
|    \\/     M anipulation  |                                                 |
\*---------------------------------------------------------------------------*/
FoamFile
{
    version     2.0;
    format      ascii;
    arch        "LSB;label=32;scalar=64";
    class       volVectorField;
    location    "0";
    object      dx_du;
}
// * * * * * * * * * * * * * * * * * * * * * * * * * * * * * * * * * * * * * //

dimensions      [0 0 0 0 0 0 0];

internalField   nonuniform List<vector> 
1620
(
(0.000195268 0.0230588 -0.999734)
(0.000562185 0.0223508 -0.99975)
(0.000861128 0.0209582 -0.99978)
(0.00105601 0.0189268 -0.99982)
(0.00112341 0.0163224 -0.999866)
(0.0010553 0.0132274 -0.999912)
(0.000860033 0.00973793 -0.999952)
(0.000561223 0.00595996 -0.999982)
(0.000194888 0.00200632 -0.999998)
(-0.000194888 -0.00200632 -0.999998)
(-0.000561223 -0.00595996 -0.999982)
(-0.000860033 -0.00973793 -0.999952)
(-0.0010553 -0.0132274 -0.999912)
(-0.00112341 -0.0163224 -0.999866)
(-0.00105601 -0.0189268 -0.99982)
(-0.000861128 -0.0209582 -0.99978)
(-0.000562185 -0.0223508 -0.99975)
(-0.000195268 -0.0230588 -0.999734)
(0.000195268 -0.0230588 -0.999734)
(0.000562185 -0.0223508 -0.99975)
(0.000861128 -0.0209582 -0.99978)
(0.00105601 -0.0189268 -0.99982)
(0.00112341 -0.0163224 -0.999866)
(0.0010553 -0.0132274 -0.999912)
(0.000860033 -0.00973793 -0.999952)
(0.000561223 -0.00595996 -0.999982)
(0.000194888 -0.00200632 -0.999998)
(-0.000194888 0.00200632 -0.999998)
(-0.000561223 0.00595996 -0.999982)
(-0.000860033 0.00973793 -0.999952)
(-0.0010553 0.0132274 -0.999912)
(-0.00112341 0.0163224 -0.999866)
(-0.00105601 0.0189268 -0.99982)
(-0.000861128 0.0209582 -0.99978)
(-0.000562185 0.0223508 -0.99975)
(-0.000195268 0.0230588 -0.999734)
(0.000171028 0.0204822 -0.99979)
(0.000492406 0.0198536 -0.999803)
(0.000754262 0.018617 -0.999826)
(0.000924995 0.0168131 -0.999858)
(0.000984063 0.0145001 -0.999894)
(0.000924439 0.0117511 -0.999931)
(0.000753411 0.00865132 -0.999962)
(0.000491658 0.00529504 -0.999986)
(0.000170733 0.0017825 -0.999998)
(-0.000170733 -0.0017825 -0.999998)
(-0.000491658 -0.00529504 -0.999986)
(-0.000753411 -0.00865132 -0.999962)
(-0.000924439 -0.0117511 -0.999931)
(-0.000984063 -0.0145001 -0.999894)
(-0.000924995 -0.0168131 -0.999858)
(-0.000754262 -0.018617 -0.999826)
(-0.000492406 -0.0198536 -0.999803)
(-0.000171028 -0.0204822 -0.99979)
(0.000171028 -0.0204822 -0.99979)
(0.000492406 -0.0198536 -0.999803)
(0.000754262 -0.018617 -0.999826)
(0.000924995 -0.0168131 -0.999858)
(0.000984063 -0.0145001 -0.999894)
(0.000924439 -0.0117511 -0.999931)
(0.000753411 -0.00865132 -0.999962)
(0.000491658 -0.00529504 -0.999986)
(0.000170733 -0.0017825 -0.999998)
(-0.000170733 0.0017825 -0.999998)
(-0.000491658 0.00529504 -0.999986)
(-0.000753411 0.00865132 -0.999962)
(-0.000924439 0.0117511 -0.999931)
(-0.000984063 0.0145001 -0.999894)
(-0.000924995 0.0168131 -0.999858)
(-0.000754262 0.018617 -0.999826)
(-0.000492406 0.0198536 -0.999803)
(-0.000171028 0.0204822 -0.99979)
(0.000148303 0.0177839 -0.999842)
(0.000426982 0.0172381 -0.999851)
(0.000654062 0.0161647 -0.999869)
(0.000802139 0.0145986 -0.999893)
(0.000853393 0.0125904 -0.99992)
(0.000801715 0.0102036 -0.999948)
(0.000653412 0.00751214 -0.999972)
(0.00042641 0.00459785 -0.999989)
(0.000148077 0.00154781 -0.999999)
(-0.000148077 -0.00154781 -0.999999)
(-0.00042641 -0.00459785 -0.999989)
(-0.000653412 -0.00751214 -0.999972)
(-0.000801715 -0.0102036 -0.999948)
(-0.000853393 -0.0125904 -0.99992)
(-0.000802139 -0.0145986 -0.999893)
(-0.000654062 -0.0161647 -0.999869)
(-0.000426982 -0.0172381 -0.999851)
(-0.000148303 -0.0177839 -0.999842)
(0.000148303 -0.0177839 -0.999842)
(0.000426982 -0.0172381 -0.999851)
(0.000654062 -0.0161647 -0.999869)
(0.000802139 -0.0145986 -0.999893)
(0.000853393 -0.0125904 -0.99992)
(0.000801715 -0.0102036 -0.999948)
(0.000653412 -0.00751214 -0.999972)
(0.00042641 -0.00459785 -0.999989)
(0.000148077 -0.00154781 -0.999999)
(-0.000148077 0.00154781 -0.999999)
(-0.00042641 0.00459785 -0.999989)
(-0.000653412 0.00751214 -0.999972)
(-0.000801715 0.0102036 -0.999948)
(-0.000853393 0.0125904 -0.99992)
(-0.000802139 0.0145986 -0.999893)
(-0.000654062 0.0161647 -0.999869)
(-0.000426982 0.0172381 -0.999851)
(-0.000148303 0.0177839 -0.999842)
(0.000200066 0.0234338 -0.999725)
(0.000575997 0.0227142 -0.999742)
(0.000882279 0.0212987 -0.999773)
(0.00108195 0.0192341 -0.999814)
(0.00115098 0.0165871 -0.999862)
(0.0010812 0.0134417 -0.999909)
(0.000881131 0.00989554 -0.999951)
(0.000574987 0.00605636 -0.999981)
(0.000199667 0.00203875 -0.999998)
(-0.000199667 -0.00203875 -0.999998)
(-0.000574987 -0.00605636 -0.999981)
(-0.000881131 -0.00989554 -0.999951)
(-0.0010812 -0.0134417 -0.999909)
(-0.00115098 -0.0165871 -0.999862)
(-0.00108195 -0.0192341 -0.999814)
(-0.000882279 -0.0212987 -0.999773)
(-0.000575997 -0.0227142 -0.999742)
(-0.000200066 -0.0234338 -0.999725)
(0.000200066 -0.0234338 -0.999725)
(0.000575997 -0.0227142 -0.999742)
(0.000882279 -0.0212987 -0.999773)
(0.00108195 -0.0192341 -0.999814)
(0.00115098 -0.0165871 -0.999862)
(0.0010812 -0.0134417 -0.999909)
(0.000881131 -0.00989554 -0.999951)
(0.000574987 -0.00605636 -0.999981)
(0.000199667 -0.00203875 -0.999998)
(-0.000199667 0.00203875 -0.999998)
(-0.000574987 0.00605636 -0.999981)
(-0.000881131 0.00989554 -0.999951)
(-0.0010812 0.0134417 -0.999909)
(-0.00115098 0.0165871 -0.999862)
(-0.00108195 0.0192341 -0.999814)
(-0.000882279 0.0212987 -0.999773)
(-0.000575997 0.0227142 -0.999742)
(-0.000200066 0.0234338 -0.999725)
(0.000176324 0.0208521 -0.999783)
(0.000507651 0.0202119 -0.999796)
(0.000777609 0.0189528 -0.99982)
(0.000953619 0.017116 -0.999853)
(0.00101451 0.0147609 -0.999891)
(0.000953028 0.0119621 -0.999928)
(0.000776705 0.00880655 -0.999961)
(0.000506855 0.00538996 -0.999985)
(0.00017601 0.00181444 -0.999998)
(-0.00017601 -0.00181444 -0.999998)
(-0.000506855 -0.00538996 -0.999985)
(-0.000776705 -0.00880655 -0.999961)
(-0.000953028 -0.0119621 -0.999928)
(-0.00101451 -0.0147609 -0.999891)
(-0.000953619 -0.017116 -0.999853)
(-0.000777609 -0.0189528 -0.99982)
(-0.000507651 -0.0202119 -0.999796)
(-0.000176324 -0.0208521 -0.999783)
(0.000176324 -0.0208521 -0.999783)
(0.000507651 -0.0202119 -0.999796)
(0.000777609 -0.0189528 -0.99982)
(0.000953619 -0.017116 -0.999853)
(0.00101451 -0.0147609 -0.999891)
(0.000953028 -0.0119621 -0.999928)
(0.000776705 -0.00880655 -0.999961)
(0.000506855 -0.00538996 -0.999985)
(0.00017601 -0.00181444 -0.999998)
(-0.00017601 0.00181444 -0.999998)
(-0.000506855 0.00538996 -0.999985)
(-0.000776705 0.00880655 -0.999961)
(-0.000953028 0.0119621 -0.999928)
(-0.00101451 0.0147609 -0.999891)
(-0.000953619 0.017116 -0.999853)
(-0.000777609 0.0189528 -0.99982)
(-0.000507651 0.0202119 -0.999796)
(-0.000176324 0.0208521 -0.999783)
(0.000154046 0.0181459 -0.999835)
(0.000443515 0.0175889 -0.999845)
(0.000679382 0.0164932 -0.999864)
(0.000833184 0.0148949 -0.999889)
(0.000886412 0.0128455 -0.999917)
(0.000832726 0.01041 -0.999945)
(0.00067868 0.00766386 -0.99997)
(0.000442898 0.00469062 -0.999989)
(0.000153802 0.00157902 -0.999999)
(-0.000153802 -0.00157902 -0.999999)
(-0.000442898 -0.00469062 -0.999989)
(-0.00067868 -0.00766386 -0.99997)
(-0.000832726 -0.01041 -0.999945)
(-0.000886412 -0.0128455 -0.999917)
(-0.000833184 -0.0148949 -0.999889)
(-0.000679382 -0.0164932 -0.999864)
(-0.000443515 -0.0175889 -0.999845)
(-0.000154046 -0.0181459 -0.999835)
(0.000154046 -0.0181459 -0.999835)
(0.000443515 -0.0175889 -0.999845)
(0.000679382 -0.0164932 -0.999864)
(0.000833184 -0.0148949 -0.999889)
(0.000886412 -0.0128455 -0.999917)
(0.000832726 -0.01041 -0.999945)
(0.00067868 -0.00766386 -0.99997)
(0.000442898 -0.00469062 -0.999989)
(0.000153802 -0.00157902 -0.999999)
(-0.000153802 0.00157902 -0.999999)
(-0.000442898 0.00469062 -0.999989)
(-0.00067868 0.00766386 -0.99997)
(-0.000832726 0.01041 -0.999945)
(-0.000886412 0.0128455 -0.999917)
(-0.000833184 0.0148949 -0.999889)
(-0.000679382 0.0164932 -0.999864)
(-0.000443515 0.0175889 -0.999845)
(-0.000154046 0.0181459 -0.999835)
(0.000202359 0.0235681 -0.999722)
(0.000582599 0.0228443 -0.999739)
(0.000892389 0.0214206 -0.99977)
(0.00109434 0.0193439 -0.999812)
(0.00116416 0.0166816 -0.99986)
(0.00109357 0.0135182 -0.999908)
(0.000891214 0.00995172 -0.99995)
(0.000581566 0.0060907 -0.999981)
(0.000201951 0.0020503 -0.999998)
(-0.000201951 -0.0020503 -0.999998)
(-0.000581566 -0.0060907 -0.999981)
(-0.000891214 -0.00995172 -0.99995)
(-0.00109357 -0.0135182 -0.999908)
(-0.00116416 -0.0166816 -0.99986)
(-0.00109434 -0.0193439 -0.999812)
(-0.000892389 -0.0214206 -0.99977)
(-0.000582599 -0.0228443 -0.999739)
(-0.000202359 -0.0235681 -0.999722)
(0.000202359 -0.0235681 -0.999722)
(0.000582599 -0.0228443 -0.999739)
(0.000892389 -0.0214206 -0.99977)
(0.00109434 -0.0193439 -0.999812)
(0.00116416 -0.0166816 -0.99986)
(0.00109357 -0.0135182 -0.999908)
(0.000891214 -0.00995172 -0.99995)
(0.000581566 -0.0060907 -0.999981)
(0.000201951 -0.0020503 -0.999998)
(-0.000201951 0.0020503 -0.999998)
(-0.000581566 0.0060907 -0.999981)
(-0.000891214 0.00995172 -0.99995)
(-0.00109357 0.0135182 -0.999908)
(-0.00116416 0.0166816 -0.99986)
(-0.00109434 0.0193439 -0.999812)
(-0.000892389 0.0214206 -0.99977)
(-0.000582599 0.0228443 -0.999739)
(-0.000202359 0.0235681 -0.999722)
(0.00017839 0.0209838 -0.99978)
(0.000513596 0.0203395 -0.999793)
(0.000786714 0.0190723 -0.999818)
(0.000964782 0.0172237 -0.999851)
(0.00102638 0.0148537 -0.999889)
(0.000964177 0.0120372 -0.999927)
(0.000785789 0.00886173 -0.99996)
(0.000512782 0.0054237 -0.999985)
(0.000178068 0.00182579 -0.999998)
(-0.000178068 -0.00182579 -0.999998)
(-0.000512782 -0.0054237 -0.999985)
(-0.000785789 -0.00886173 -0.99996)
(-0.000964177 -0.0120372 -0.999927)
(-0.00102638 -0.0148537 -0.999889)
(-0.000964782 -0.0172237 -0.999851)
(-0.000786714 -0.0190723 -0.999818)
(-0.000513596 -0.0203395 -0.999793)
(-0.00017839 -0.0209838 -0.99978)
(0.00017839 -0.0209838 -0.99978)
(0.000513596 -0.0203395 -0.999793)
(0.000786714 -0.0190723 -0.999818)
(0.000964782 -0.0172237 -0.999851)
(0.00102638 -0.0148537 -0.999889)
(0.000964177 -0.0120372 -0.999927)
(0.000785789 -0.00886173 -0.99996)
(0.000512782 -0.0054237 -0.999985)
(0.000178068 -0.00182579 -0.999998)
(-0.000178068 0.00182579 -0.999998)
(-0.000512782 0.0054237 -0.999985)
(-0.000785789 0.00886173 -0.99996)
(-0.000964177 0.0120372 -0.999927)
(-0.00102638 0.0148537 -0.999889)
(-0.000964782 0.0172237 -0.999851)
(-0.000786714 0.0190723 -0.999818)
(-0.000513596 0.0203395 -0.999793)
(-0.00017839 0.0209838 -0.99978)
(0.000156156 0.0182785 -0.999833)
(0.000449588 0.0177173 -0.999843)
(0.000688684 0.0166135 -0.999862)
(0.000844589 0.0150034 -0.999887)
(0.000898543 0.0129389 -0.999916)
(0.000844118 0.0104855 -0.999945)
(0.000687963 0.00771943 -0.99997)
(0.000448955 0.00472459 -0.999989)
(0.000155905 0.00159045 -0.999999)
(-0.000155905 -0.00159045 -0.999999)
(-0.000448955 -0.00472459 -0.999989)
(-0.000687963 -0.00771943 -0.99997)
(-0.000844118 -0.0104855 -0.999945)
(-0.000898543 -0.0129389 -0.999916)
(-0.000844589 -0.0150034 -0.999887)
(-0.000688684 -0.0166135 -0.999862)
(-0.000449588 -0.0177173 -0.999843)
(-0.000156156 -0.0182785 -0.999833)
(0.000156156 -0.0182785 -0.999833)
(0.000449588 -0.0177173 -0.999843)
(0.000688684 -0.0166135 -0.999862)
(0.000844589 -0.0150034 -0.999887)
(0.000898543 -0.0129389 -0.999916)
(0.000844118 -0.0104855 -0.999945)
(0.000687963 -0.00771943 -0.99997)
(0.000448955 -0.00472459 -0.999989)
(0.000155905 -0.00159045 -0.999999)
(-0.000155905 0.00159045 -0.999999)
(-0.000448955 0.00472459 -0.999989)
(-0.000687963 0.00771943 -0.99997)
(-0.000844118 0.0104855 -0.999945)
(-0.000898543 0.0129389 -0.999916)
(-0.000844589 0.0150034 -0.999887)
(-0.000688684 0.0166135 -0.999862)
(-0.000449588 0.0177173 -0.999843)
(-0.000156156 0.0182785 -0.999833)
(0.000200824 0.0234706 -0.999725)
(0.000578181 0.0227497 -0.999741)
(0.000885624 0.021332 -0.999772)
(0.00108605 0.0192641 -0.999814)
(0.00115534 0.0166129 -0.999861)
(0.00108529 0.0134625 -0.999909)
(0.000884467 0.00991086 -0.99995)
(0.000577164 0.00606571 -0.999981)
(0.000200423 0.0020419 -0.999998)
(-0.000200423 -0.0020419 -0.999998)
(-0.000577164 -0.00606571 -0.999981)
(-0.000884467 -0.00991086 -0.99995)
(-0.00108529 -0.0134625 -0.999909)
(-0.00115534 -0.0166129 -0.999861)
(-0.00108605 -0.0192641 -0.999814)
(-0.000885624 -0.021332 -0.999772)
(-0.000578181 -0.0227497 -0.999741)
(-0.000200824 -0.0234706 -0.999725)
(0.000200824 -0.0234706 -0.999725)
(0.000578181 -0.0227497 -0.999741)
(0.000885624 -0.021332 -0.999772)
(0.00108605 -0.0192641 -0.999814)
(0.00115534 -0.0166129 -0.999861)
(0.00108529 -0.0134625 -0.999909)
(0.000884467 -0.00991086 -0.99995)
(0.000577164 -0.00606571 -0.999981)
(0.000200423 -0.0020419 -0.999998)
(-0.000200423 0.0020419 -0.999998)
(-0.000577164 0.00606571 -0.999981)
(-0.000884467 0.00991086 -0.99995)
(-0.00108529 0.0134625 -0.999909)
(-0.00115534 0.0166129 -0.999861)
(-0.00108605 0.0192641 -0.999814)
(-0.000885624 0.021332 -0.999772)
(-0.000578181 0.0227497 -0.999741)
(-0.000200824 0.0234706 -0.999725)
(0.000176802 0.0208937 -0.999782)
(0.000509026 0.0202522 -0.999795)
(0.000779716 0.0189906 -0.999819)
(0.000956201 0.0171501 -0.999852)
(0.00101725 0.0147903 -0.99989)
(0.000955608 0.011986 -0.999928)
(0.000778807 0.00882406 -0.999961)
(0.000508227 0.00540068 -0.999985)
(0.000176486 0.00181805 -0.999998)
(-0.000176486 -0.00181805 -0.999998)
(-0.000508227 -0.00540068 -0.999985)
(-0.000778807 -0.00882406 -0.999961)
(-0.000955608 -0.011986 -0.999928)
(-0.00101725 -0.0147903 -0.99989)
(-0.000956201 -0.0171501 -0.999852)
(-0.000779716 -0.0189906 -0.999819)
(-0.000509026 -0.0202522 -0.999795)
(-0.000176802 -0.0208937 -0.999782)
(0.000176802 -0.0208937 -0.999782)
(0.000509026 -0.0202522 -0.999795)
(0.000779716 -0.0189906 -0.999819)
(0.000956201 -0.0171501 -0.999852)
(0.00101725 -0.0147903 -0.99989)
(0.000955608 -0.011986 -0.999928)
(0.000778807 -0.00882406 -0.999961)
(0.000508227 -0.00540068 -0.999985)
(0.000176486 -0.00181805 -0.999998)
(-0.000176486 0.00181805 -0.999998)
(-0.000508227 0.00540068 -0.999985)
(-0.000778807 0.00882406 -0.999961)
(-0.000955608 0.011986 -0.999928)
(-0.00101725 0.0147903 -0.99989)
(-0.000956201 0.0171501 -0.999852)
(-0.000779716 0.0189906 -0.999819)
(-0.000509026 0.0202522 -0.999795)
(-0.000176802 0.0208937 -0.999782)
(0.000154723 0.0182011 -0.999834)
(0.000445464 0.0176423 -0.999844)
(0.000682367 0.0165433 -0.999863)
(0.000836844 0.0149401 -0.999888)
(0.000890305 0.0128844 -0.999917)
(0.000836382 0.0104415 -0.999945)
(0.00068166 0.00768707 -0.99997)
(0.000444842 0.00470481 -0.999989)
(0.000154477 0.0015838 -0.999999)
(-0.000154477 -0.0015838 -0.999999)
(-0.000444842 -0.00470481 -0.999989)
(-0.00068166 -0.00768707 -0.99997)
(-0.000836382 -0.0104415 -0.999945)
(-0.000890305 -0.0128844 -0.999917)
(-0.000836844 -0.0149401 -0.999888)
(-0.000682367 -0.0165433 -0.999863)
(-0.000445464 -0.0176423 -0.999844)
(-0.000154723 -0.0182011 -0.999834)
(0.000154723 -0.0182011 -0.999834)
(0.000445464 -0.0176423 -0.999844)
(0.000682367 -0.0165433 -0.999863)
(0.000836844 -0.0149401 -0.999888)
(0.000890305 -0.0128844 -0.999917)
(0.000836382 -0.0104415 -0.999945)
(0.00068166 -0.00768707 -0.99997)
(0.000444842 -0.00470481 -0.999989)
(0.000154477 -0.0015838 -0.999999)
(-0.000154477 0.0015838 -0.999999)
(-0.000444842 0.00470481 -0.999989)
(-0.00068166 0.00768707 -0.99997)
(-0.000836382 0.0104415 -0.999945)
(-0.000890305 0.0128844 -0.999917)
(-0.000836844 0.0149401 -0.999888)
(-0.000682367 0.0165433 -0.999863)
(-0.000445464 0.0176423 -0.999844)
(-0.000154723 0.0182011 -0.999834)
(0.000195365 0.0231421 -0.999732)
(0.000562465 0.0224315 -0.999748)
(0.000861556 0.021034 -0.999778)
(0.00105654 0.0189954 -0.999819)
(0.00112397 0.0163816 -0.999865)
(0.00105583 0.0132754 -0.999911)
(0.000860461 0.00977334 -0.999952)
(0.000561502 0.00598165 -0.999982)
(0.000194985 0.00201362 -0.999998)
(-0.000194985 -0.00201362 -0.999998)
(-0.000561502 -0.00598165 -0.999982)
(-0.000860461 -0.00977334 -0.999952)
(-0.00105583 -0.0132754 -0.999911)
(-0.00112397 -0.0163816 -0.999865)
(-0.00105654 -0.0189954 -0.999819)
(-0.000861556 -0.021034 -0.999778)
(-0.000562465 -0.0224315 -0.999748)
(-0.000195365 -0.0231421 -0.999732)
(0.000195365 -0.0231421 -0.999732)
(0.000562465 -0.0224315 -0.999748)
(0.000861556 -0.021034 -0.999778)
(0.00105654 -0.0189954 -0.999819)
(0.00112397 -0.0163816 -0.999865)
(0.00105583 -0.0132754 -0.999911)
(0.000860461 -0.00977334 -0.999952)
(0.000561502 -0.00598165 -0.999982)
(0.000194985 -0.00201362 -0.999998)
(-0.000194985 0.00201362 -0.999998)
(-0.000561502 0.00598165 -0.999982)
(-0.000860461 0.00977334 -0.999952)
(-0.00105583 0.0132754 -0.999911)
(-0.00112397 0.0163816 -0.999865)
(-0.00105654 0.0189954 -0.999819)
(-0.000861556 0.021034 -0.999778)
(-0.000562465 0.0224315 -0.999748)
(-0.000195365 0.0231421 -0.999732)
(0.000171596 0.0205886 -0.999788)
(0.000494038 0.0199567 -0.999801)
(0.000756761 0.0187137 -0.999825)
(0.000928059 0.0169005 -0.999857)
(0.000987322 0.0145755 -0.999893)
(0.0009275 0.0118122 -0.99993)
(0.000755905 0.00869636 -0.999962)
(0.000493285 0.00532263 -0.999986)
(0.000171298 0.00179179 -0.999998)
(-0.000171298 -0.00179179 -0.999998)
(-0.000493285 -0.00532263 -0.999986)
(-0.000755905 -0.00869636 -0.999962)
(-0.0009275 -0.0118122 -0.99993)
(-0.000987322 -0.0145755 -0.999893)
(-0.000928059 -0.0169005 -0.999857)
(-0.000756761 -0.0187137 -0.999825)
(-0.000494038 -0.0199567 -0.999801)
(-0.000171596 -0.0205886 -0.999788)
(0.000171596 -0.0205886 -0.999788)
(0.000494038 -0.0199567 -0.999801)
(0.000756761 -0.0187137 -0.999825)
(0.000928059 -0.0169005 -0.999857)
(0.000987322 -0.0145755 -0.999893)
(0.0009275 -0.0118122 -0.99993)
(0.000755905 -0.00869636 -0.999962)
(0.000493285 -0.00532263 -0.999986)
(0.000171298 -0.00179179 -0.999998)
(-0.000171298 0.00179179 -0.999998)
(-0.000493285 0.00532263 -0.999986)
(-0.000755905 0.00869636 -0.999962)
(-0.0009275 0.0118122 -0.99993)
(-0.000987322 0.0145755 -0.999893)
(-0.000928059 0.0169005 -0.999857)
(-0.000756761 0.0187137 -0.999825)
(-0.000494038 0.0199567 -0.999801)
(-0.000171596 0.0205886 -0.999788)
(0.000149938 0.017925 -0.999839)
(0.00043169 0.0173749 -0.999849)
(0.000661272 0.0162928 -0.999867)
(0.000810979 0.0147142 -0.999891)
(0.000862795 0.01269 -0.999919)
(0.000810545 0.0102843 -0.999947)
(0.000660607 0.00757153 -0.999971)
(0.000431106 0.00463418 -0.999989)
(0.000149708 0.00156004 -0.999999)
(-0.000149708 -0.00156004 -0.999999)
(-0.000431106 -0.00463418 -0.999989)
(-0.000660607 -0.00757153 -0.999971)
(-0.000810545 -0.0102843 -0.999947)
(-0.000862795 -0.01269 -0.999919)
(-0.000810979 -0.0147142 -0.999891)
(-0.000661272 -0.0162928 -0.999867)
(-0.00043169 -0.0173749 -0.999849)
(-0.000149938 -0.017925 -0.999839)
(0.000149938 -0.017925 -0.999839)
(0.00043169 -0.0173749 -0.999849)
(0.000661272 -0.0162928 -0.999867)
(0.000810979 -0.0147142 -0.999891)
(0.000862795 -0.01269 -0.999919)
(0.000810545 -0.0102843 -0.999947)
(0.000660607 -0.00757153 -0.999971)
(0.000431106 -0.00463418 -0.999989)
(0.000149708 -0.00156004 -0.999999)
(-0.000149708 0.00156004 -0.999999)
(-0.000431106 0.00463418 -0.999989)
(-0.000660607 0.00757153 -0.999971)
(-0.000810545 0.0102843 -0.999947)
(-0.000862795 0.01269 -0.999919)
(-0.000810979 0.0147142 -0.999891)
(-0.000661272 0.0162928 -0.999867)
(-0.00043169 0.0173749 -0.999849)
(-0.000149938 0.017925 -0.999839)
(0.000186052 0.0225783 -0.999745)
(0.000535656 0.0218854 -0.99976)
(0.0008205 0.0205225 -0.999789)
(0.00100621 0.0185342 -0.999828)
(0.00107044 0.0159846 -0.999872)
(0.00100556 0.0129543 -0.999916)
(0.000819507 0.00953731 -0.999954)
(0.000534783 0.00583737 -0.999983)
(0.000185707 0.00196508 -0.999998)
(-0.000185707 -0.00196508 -0.999998)
(-0.000534783 -0.00583737 -0.999983)
(-0.000819507 -0.00953731 -0.999954)
(-0.00100556 -0.0129543 -0.999916)
(-0.00107044 -0.0159846 -0.999872)
(-0.00100621 -0.0185342 -0.999828)
(-0.0008205 -0.0205225 -0.999789)
(-0.000535656 -0.0218854 -0.99976)
(-0.000186052 -0.0225783 -0.999745)
(0.000186052 -0.0225783 -0.999745)
(0.000535656 -0.0218854 -0.99976)
(0.0008205 -0.0205225 -0.999789)
(0.00100621 -0.0185342 -0.999828)
(0.00107044 -0.0159846 -0.999872)
(0.00100556 -0.0129543 -0.999916)
(0.000819507 -0.00953731 -0.999954)
(0.000534783 -0.00583737 -0.999983)
(0.000185707 -0.00196508 -0.999998)
(-0.000185707 0.00196508 -0.999998)
(-0.000534783 0.00583737 -0.999983)
(-0.000819507 0.00953731 -0.999954)
(-0.00100556 0.0129543 -0.999916)
(-0.00107044 0.0159846 -0.999872)
(-0.00100621 0.0185342 -0.999828)
(-0.0008205 0.0205225 -0.999789)
(-0.000535656 0.0218854 -0.99976)
(-0.000186052 0.0225783 -0.999745)
(0.000162918 0.0200691 -0.999799)
(0.000469057 0.0194535 -0.999811)
(0.000718502 0.0182424 -0.999833)
(0.000881152 0.0164756 -0.999864)
(0.000937434 0.0142096 -0.999899)
(0.000880648 0.0115163 -0.999933)
(0.000717731 0.00847885 -0.999964)
(0.000468378 0.00518965 -0.999986)
(0.00016265 0.00174705 -0.999998)
(-0.00016265 -0.00174705 -0.999998)
(-0.000468378 -0.00518965 -0.999986)
(-0.000717731 -0.00847885 -0.999964)
(-0.000880648 -0.0115163 -0.999933)
(-0.000937434 -0.0142096 -0.999899)
(-0.000881152 -0.0164756 -0.999864)
(-0.000718502 -0.0182424 -0.999833)
(-0.000469057 -0.0194535 -0.999811)
(-0.000162918 -0.0200691 -0.999799)
(0.000162918 -0.0200691 -0.999799)
(0.000469057 -0.0194535 -0.999811)
(0.000718502 -0.0182424 -0.999833)
(0.000881152 -0.0164756 -0.999864)
(0.000937434 -0.0142096 -0.999899)
(0.000880648 -0.0115163 -0.999933)
(0.000717731 -0.00847885 -0.999964)
(0.000468378 -0.00518965 -0.999986)
(0.00016265 -0.00174705 -0.999998)
(-0.00016265 0.00174705 -0.999998)
(-0.000468378 0.00518965 -0.999986)
(-0.000717731 0.00847885 -0.999964)
(-0.000880648 0.0115163 -0.999933)
(-0.000937434 0.0142096 -0.999899)
(-0.000881152 0.0164756 -0.999864)
(-0.000718502 0.0182424 -0.999833)
(-0.000469057 0.0194535 -0.999811)
(-0.000162918 0.0200691 -0.999799)
(0.000142039 0.0174555 -0.999848)
(0.00040895 0.0169201 -0.999857)
(0.000626443 0.0158669 -0.999874)
(0.000768274 0.0143302 -0.999897)
(0.000817373 0.0123594 -0.999923)
(0.000767885 0.0100168 -0.99995)
(0.000625847 0.00737495 -0.999973)
(0.000408425 0.00451401 -0.99999)
(0.000141832 0.00151961 -0.999999)
(-0.000141832 -0.00151961 -0.999999)
(-0.000408425 -0.00451401 -0.99999)
(-0.000625847 -0.00737495 -0.999973)
(-0.000767885 -0.0100168 -0.99995)
(-0.000817373 -0.0123594 -0.999923)
(-0.000768274 -0.0143302 -0.999897)
(-0.000626443 -0.0158669 -0.999874)
(-0.00040895 -0.0169201 -0.999857)
(-0.000142039 -0.0174555 -0.999848)
(0.000142039 -0.0174555 -0.999848)
(0.00040895 -0.0169201 -0.999857)
(0.000626443 -0.0158669 -0.999874)
(0.000768274 -0.0143302 -0.999897)
(0.000817373 -0.0123594 -0.999923)
(0.000767885 -0.0100168 -0.99995)
(0.000625847 -0.00737495 -0.999973)
(0.000408425 -0.00451401 -0.99999)
(0.000141832 -0.00151961 -0.999999)
(-0.000141832 0.00151961 -0.999999)
(-0.000408425 0.00451401 -0.99999)
(-0.000625847 0.00737495 -0.999973)
(-0.000767885 0.0100168 -0.99995)
(-0.000817373 0.0123594 -0.999923)
(-0.000768274 0.0143302 -0.999897)
(-0.000626443 0.0158669 -0.999874)
(-0.00040895 0.0169201 -0.999857)
(-0.000142039 0.0174555 -0.999848)
(0.000173015 0.0217699 -0.999763)
(0.000498125 0.0211023 -0.999777)
(0.000763022 0.019789 -0.999804)
(0.000935739 0.0178727 -0.99984)
(0.000995494 0.0154151 -0.999881)
(0.000935178 0.0124936 -0.999922)
(0.000762163 0.0091986 -0.999957)
(0.00049737 0.00563029 -0.999984)
(0.000172716 0.00189541 -0.999998)
(-0.000172716 -0.00189541 -0.999998)
(-0.00049737 -0.00563029 -0.999984)
(-0.000762163 -0.0091986 -0.999957)
(-0.000935178 -0.0124936 -0.999922)
(-0.000995494 -0.0154151 -0.999881)
(-0.000935739 -0.0178727 -0.99984)
(-0.000763022 -0.019789 -0.999804)
(-0.000498125 -0.0211023 -0.999777)
(-0.000173015 -0.0217699 -0.999763)
(0.000173015 -0.0217699 -0.999763)
(0.000498125 -0.0211023 -0.999777)
(0.000763022 -0.019789 -0.999804)
(0.000935739 -0.0178727 -0.99984)
(0.000995494 -0.0154151 -0.999881)
(0.000935178 -0.0124936 -0.999922)
(0.000762163 -0.0091986 -0.999957)
(0.00049737 -0.00563029 -0.999984)
(0.000172716 -0.00189541 -0.999998)
(-0.000172716 0.00189541 -0.999998)
(-0.00049737 0.00563029 -0.999984)
(-0.000762163 0.0091986 -0.999957)
(-0.000935178 0.0124936 -0.999922)
(-0.000995494 0.0154151 -0.999881)
(-0.000935739 0.0178727 -0.99984)
(-0.000763022 0.019789 -0.999804)
(-0.000498125 0.0211023 -0.999777)
(-0.000173015 0.0217699 -0.999763)
(0.000150955 0.0193307 -0.999813)
(0.000434618 0.0187382 -0.999824)
(0.000665758 0.0175724 -0.999845)
(0.000816483 0.0158713 -0.999874)
(0.000868653 0.0136894 -0.999906)
(0.000816051 0.0110954 -0.999938)
(0.000665095 0.00816941 -0.999966)
(0.000434036 0.00500047 -0.999987)
(0.000150725 0.0016834 -0.999999)
(-0.000150725 -0.0016834 -0.999999)
(-0.000434036 -0.00500047 -0.999987)
(-0.000665095 -0.00816941 -0.999966)
(-0.000816051 -0.0110954 -0.999938)
(-0.000868653 -0.0136894 -0.999906)
(-0.000816483 -0.0158713 -0.999874)
(-0.000665758 -0.0175724 -0.999845)
(-0.000434618 -0.0187382 -0.999824)
(-0.000150955 -0.0193307 -0.999813)
(0.000150955 -0.0193307 -0.999813)
(0.000434618 -0.0187382 -0.999824)
(0.000665758 -0.0175724 -0.999845)
(0.000816483 -0.0158713 -0.999874)
(0.000868653 -0.0136894 -0.999906)
(0.000816051 -0.0110954 -0.999938)
(0.000665095 -0.00816941 -0.999966)
(0.000434036 -0.00500047 -0.999987)
(0.000150725 -0.0016834 -0.999999)
(-0.000150725 0.0016834 -0.999999)
(-0.000434036 0.00500047 -0.999987)
(-0.000665095 0.00816941 -0.999966)
(-0.000816051 0.0110954 -0.999938)
(-0.000868653 0.0136894 -0.999906)
(-0.000816483 0.0158713 -0.999874)
(-0.000665758 0.0175724 -0.999845)
(-0.000434618 0.0187382 -0.999824)
(-0.000150955 0.0193307 -0.999813)
(0.000131285 0.0167928 -0.999859)
(0.00037799 0.0162781 -0.999867)
(0.000579026 0.0152654 -0.999883)
(0.000710134 0.0137878 -0.999905)
(0.000755532 0.0118924 -0.999929)
(0.000709801 0.009639 -0.999953)
(0.000578516 0.00709717 -0.999975)
(0.000377542 0.00434418 -0.99999)
(0.000131109 0.00146247 -0.999999)
(-0.000131109 -0.00146247 -0.999999)
(-0.000377542 -0.00434418 -0.99999)
(-0.000578516 -0.00709717 -0.999975)
(-0.000709801 -0.009639 -0.999953)
(-0.000755532 -0.0118924 -0.999929)
(-0.000710134 -0.0137878 -0.999905)
(-0.000579026 -0.0152654 -0.999883)
(-0.00037799 -0.0162781 -0.999867)
(-0.000131285 -0.0167928 -0.999859)
(0.000131285 -0.0167928 -0.999859)
(0.00037799 -0.0162781 -0.999867)
(0.000579026 -0.0152654 -0.999883)
(0.000710134 -0.0137878 -0.999905)
(0.000755532 -0.0118924 -0.999929)
(0.000709801 -0.009639 -0.999953)
(0.000578516 -0.00709717 -0.999975)
(0.000377542 -0.00434418 -0.99999)
(0.000131109 -0.00146247 -0.999999)
(-0.000131109 0.00146247 -0.999999)
(-0.000377542 0.00434418 -0.99999)
(-0.000578516 0.00709717 -0.999975)
(-0.000709801 0.009639 -0.999953)
(-0.000755532 0.0118924 -0.999929)
(-0.000710134 0.0137878 -0.999905)
(-0.000579026 0.0152654 -0.999883)
(-0.00037799 0.0162781 -0.999867)
(-0.000131285 0.0167928 -0.999859)
(0.000156447 0.0207012 -0.999786)
(0.000450429 0.0200669 -0.999799)
(0.000689975 0.018819 -0.999823)
(0.000846179 0.0169979 -0.999855)
(0.00090024 0.0146617 -0.999892)
(0.00084572 0.0118839 -0.999929)
(0.000689273 0.00875037 -0.999961)
(0.000449811 0.00535622 -0.999986)
(0.000156203 0.00180319 -0.999998)
(-0.000156203 -0.00180319 -0.999998)
(-0.000449811 -0.00535622 -0.999986)
(-0.000689273 -0.00875037 -0.999961)
(-0.00084572 -0.0118839 -0.999929)
(-0.00090024 -0.0146617 -0.999892)
(-0.000846179 -0.0169979 -0.999855)
(-0.000689975 -0.018819 -0.999823)
(-0.000450429 -0.0200669 -0.999799)
(-0.000156447 -0.0207012 -0.999786)
(0.000156447 -0.0207012 -0.999786)
(0.000450429 -0.0200669 -0.999799)
(0.000689975 -0.018819 -0.999823)
(0.000846179 -0.0169979 -0.999855)
(0.00090024 -0.0146617 -0.999892)
(0.00084572 -0.0118839 -0.999929)
(0.000689273 -0.00875037 -0.999961)
(0.000449811 -0.00535622 -0.999986)
(0.000156203 -0.00180319 -0.999998)
(-0.000156203 0.00180319 -0.999998)
(-0.000449811 0.00535622 -0.999986)
(-0.000689273 0.00875037 -0.999961)
(-0.00084572 0.0118839 -0.999929)
(-0.00090024 0.0146617 -0.999892)
(-0.000846179 0.0169979 -0.999855)
(-0.000689975 0.018819 -0.999823)
(-0.000450429 0.0200669 -0.999799)
(-0.000156447 0.0207012 -0.999786)
(0.000135937 0.018363 -0.999831)
(0.000391383 0.0178006 -0.999841)
(0.000599541 0.016694 -0.99986)
(0.000735292 0.015079 -0.999886)
(0.000782295 0.0130071 -0.999915)
(0.000734941 0.0105432 -0.999944)
(0.000599004 0.00776343 -0.99997)
(0.000390911 0.00475222 -0.999989)
(0.000135751 0.00159988 -0.999999)
(-0.000135751 -0.00159988 -0.999999)
(-0.000390911 -0.00475222 -0.999989)
(-0.000599004 -0.00776343 -0.99997)
(-0.000734941 -0.0105432 -0.999944)
(-0.000782295 -0.0130071 -0.999915)
(-0.000735292 -0.015079 -0.999886)
(-0.000599541 -0.016694 -0.99986)
(-0.000391383 -0.0178006 -0.999841)
(-0.000135937 -0.018363 -0.999831)
(0.000135937 -0.018363 -0.999831)
(0.000391383 -0.0178006 -0.999841)
(0.000599541 -0.016694 -0.99986)
(0.000735292 -0.015079 -0.999886)
(0.000782295 -0.0130071 -0.999915)
(0.000734941 -0.0105432 -0.999944)
(0.000599004 -0.00776343 -0.99997)
(0.000390911 -0.00475222 -0.999989)
(0.000135751 -0.00159988 -0.999999)
(-0.000135751 0.00159988 -0.999999)
(-0.000390911 0.00475222 -0.999989)
(-0.000599004 0.00776343 -0.99997)
(-0.000734941 0.0105432 -0.999944)
(-0.000782295 0.0130071 -0.999915)
(-0.000735292 0.015079 -0.999886)
(-0.000599541 0.016694 -0.99986)
(-0.000391383 0.0178006 -0.999841)
(-0.000135937 0.018363 -0.999831)
(0.000117959 0.0159312 -0.999873)
(0.000339624 0.0154433 -0.999881)
(0.000520263 0.0144834 -0.999895)
(0.00063808 0.0130824 -0.999914)
(0.000678887 0.0112849 -0.999936)
(0.000637811 0.00914736 -0.999958)
(0.000519852 0.00673566 -0.999977)
(0.000339263 0.00412312 -0.999991)
(0.000117816 0.00138809 -0.999999)
(-0.000117816 -0.00138809 -0.999999)
(-0.000339263 -0.00412312 -0.999991)
(-0.000519852 -0.00673566 -0.999977)
(-0.000637811 -0.00914736 -0.999958)
(-0.000678887 -0.0112849 -0.999936)
(-0.00063808 -0.0130824 -0.999914)
(-0.000520263 -0.0144834 -0.999895)
(-0.000339624 -0.0154433 -0.999881)
(-0.000117959 -0.0159312 -0.999873)
(0.000117959 -0.0159312 -0.999873)
(0.000339624 -0.0154433 -0.999881)
(0.000520263 -0.0144834 -0.999895)
(0.00063808 -0.0130824 -0.999914)
(0.000678887 -0.0112849 -0.999936)
(0.000637811 -0.00914736 -0.999958)
(0.000519852 -0.00673566 -0.999977)
(0.000339263 -0.00412312 -0.999991)
(0.000117816 -0.00138809 -0.999999)
(-0.000117816 0.00138809 -0.999999)
(-0.000339263 0.00412312 -0.999991)
(-0.000519852 0.00673566 -0.999977)
(-0.000637811 0.00914736 -0.999958)
(-0.000678887 0.0112849 -0.999936)
(-0.00063808 0.0130824 -0.999914)
(-0.000520263 0.0144834 -0.999895)
(-0.000339624 0.0154433 -0.999881)
(-0.000117959 0.0159312 -0.999873)
(0.000136621 0.0193486 -0.999813)
(0.000393352 0.0187564 -0.999824)
(0.000602557 0.0175911 -0.999845)
(0.000738992 0.0158901 -0.999873)
(0.000786233 0.0137075 -0.999906)
(0.000738642 0.0111116 -0.999938)
(0.000602022 0.0081824 -0.999966)
(0.000392881 0.00500887 -0.999987)
(0.000136435 0.00168632 -0.999999)
(-0.000136435 -0.00168632 -0.999999)
(-0.000392881 -0.00500887 -0.999987)
(-0.000602022 -0.0081824 -0.999966)
(-0.000738642 -0.0111116 -0.999938)
(-0.000786233 -0.0137075 -0.999906)
(-0.000738992 -0.0158901 -0.999873)
(-0.000602557 -0.0175911 -0.999845)
(-0.000393352 -0.0187564 -0.999824)
(-0.000136621 -0.0193486 -0.999813)
(0.000136621 -0.0193486 -0.999813)
(0.000393352 -0.0187564 -0.999824)
(0.000602557 -0.0175911 -0.999845)
(0.000738992 -0.0158901 -0.999873)
(0.000786233 -0.0137075 -0.999906)
(0.000738642 -0.0111116 -0.999938)
(0.000602022 -0.0081824 -0.999966)
(0.000392881 -0.00500887 -0.999987)
(0.000136435 -0.00168632 -0.999999)
(-0.000136435 0.00168632 -0.999999)
(-0.000392881 0.00500887 -0.999987)
(-0.000602022 0.0081824 -0.999966)
(-0.000738642 0.0111116 -0.999938)
(-0.000786233 0.0137075 -0.999906)
(-0.000738992 0.0158901 -0.999873)
(-0.000602557 0.0175911 -0.999845)
(-0.000393352 0.0187564 -0.999824)
(-0.000136621 0.0193486 -0.999813)
(0.000118175 0.017148 -0.999853)
(0.000340246 0.0166234 -0.999862)
(0.000521218 0.015591 -0.999878)
(0.000639251 0.0140839 -0.999901)
(0.000680136 0.0121499 -0.999926)
(0.000638986 0.00984933 -0.999951)
(0.000520812 0.00725311 -0.999974)
(0.000339889 0.00444011 -0.99999)
(0.000118034 0.00149485 -0.999999)
(-0.000118034 -0.00149485 -0.999999)
(-0.000339889 -0.00444011 -0.99999)
(-0.000520812 -0.00725311 -0.999974)
(-0.000638986 -0.00984933 -0.999951)
(-0.000680136 -0.0121499 -0.999926)
(-0.000639251 -0.0140839 -0.999901)
(-0.000521218 -0.015591 -0.999878)
(-0.000340246 -0.0166234 -0.999862)
(-0.000118175 -0.017148 -0.999853)
(0.000118175 -0.017148 -0.999853)
(0.000340246 -0.0166234 -0.999862)
(0.000521218 -0.015591 -0.999878)
(0.000639251 -0.0140839 -0.999901)
(0.000680136 -0.0121499 -0.999926)
(0.000638986 -0.00984933 -0.999951)
(0.000520812 -0.00725311 -0.999974)
(0.000339889 -0.00444011 -0.99999)
(0.000118034 -0.00149485 -0.999999)
(-0.000118034 0.00149485 -0.999999)
(-0.000339889 0.00444011 -0.99999)
(-0.000520812 0.00725311 -0.999974)
(-0.000638986 0.00984933 -0.999951)
(-0.000680136 0.0121499 -0.999926)
(-0.000639251 0.0140839 -0.999901)
(-0.000521218 0.015591 -0.999878)
(-0.000340246 0.0166234 -0.999862)
(-0.000118175 0.017148 -0.999853)
(0.000102387 0.0148588 -0.99989)
(0.000294793 0.0144042 -0.999896)
(0.000451595 0.0135097 -0.999909)
(0.000553874 0.0122039 -0.999925)
(0.000589313 0.0105282 -0.999944)
(0.000553672 0.00853475 -0.999963)
(0.000451285 0.0062851 -0.99998)
(0.00029452 0.00384755 -0.999993)
(0.000102279 0.00129536 -0.999999)
(-0.000102279 -0.00129536 -0.999999)
(-0.00029452 -0.00384755 -0.999993)
(-0.000451285 -0.0062851 -0.99998)
(-0.000553672 -0.00853475 -0.999963)
(-0.000589313 -0.0105282 -0.999944)
(-0.000553874 -0.0122039 -0.999925)
(-0.000451595 -0.0135097 -0.999909)
(-0.000294793 -0.0144042 -0.999896)
(-0.000102387 -0.0148588 -0.99989)
(0.000102387 -0.0148588 -0.99989)
(0.000294793 -0.0144042 -0.999896)
(0.000451595 -0.0135097 -0.999909)
(0.000553874 -0.0122039 -0.999925)
(0.000589313 -0.0105282 -0.999944)
(0.000553672 -0.00853475 -0.999963)
(0.000451285 -0.0062851 -0.99998)
(0.00029452 -0.00384755 -0.999993)
(0.000102279 -0.00129536 -0.999999)
(-0.000102279 0.00129536 -0.999999)
(-0.00029452 0.00384755 -0.999993)
(-0.000451285 0.0062851 -0.99998)
(-0.000553672 0.00853475 -0.999963)
(-0.000589313 0.0105282 -0.999944)
(-0.000553874 0.0122039 -0.999925)
(-0.000451595 0.0135097 -0.999909)
(-0.000294793 0.0144042 -0.999896)
(-0.000102387 0.0148588 -0.99989)
(0.000113936 0.0176785 -0.999844)
(0.000328042 0.0171381 -0.999853)
(0.000502525 0.0160745 -0.999871)
(0.00061633 0.0145216 -0.999894)
(0.000655756 0.0125284 -0.999921)
(0.000616087 0.0101569 -0.999948)
(0.000502152 0.00748008 -0.999972)
(0.000327714 0.00457928 -0.999989)
(0.000113806 0.00154175 -0.999999)
(-0.000113806 -0.00154175 -0.999999)
(-0.000327714 -0.00457928 -0.999989)
(-0.000502152 -0.00748008 -0.999972)
(-0.000616087 -0.0101569 -0.999948)
(-0.000655756 -0.0125284 -0.999921)
(-0.00061633 -0.0145216 -0.999894)
(-0.000502525 -0.0160745 -0.999871)
(-0.000328042 -0.0171381 -0.999853)
(-0.000113936 -0.0176785 -0.999844)
(0.000113936 -0.0176785 -0.999844)
(0.000328042 -0.0171381 -0.999853)
(0.000502525 -0.0160745 -0.999871)
(0.00061633 -0.0145216 -0.999894)
(0.000655756 -0.0125284 -0.999921)
(0.000616087 -0.0101569 -0.999948)
(0.000502152 -0.00748008 -0.999972)
(0.000327714 -0.00457928 -0.999989)
(0.000113806 -0.00154175 -0.999999)
(-0.000113806 0.00154175 -0.999999)
(-0.000327714 0.00457928 -0.999989)
(-0.000502152 0.00748008 -0.999972)
(-0.000616087 0.0101569 -0.999948)
(-0.000655756 0.0125284 -0.999921)
(-0.00061633 0.0145216 -0.999894)
(-0.000502525 0.0160745 -0.999871)
(-0.000328042 0.0171381 -0.999853)
(-0.000113936 0.0176785 -0.999844)
(9.81103e-05 0.0156586 -0.999877)
(0.000282481 0.0151801 -0.999885)
(0.000432737 0.0142383 -0.999899)
(0.00053075 0.0128632 -0.999917)
(0.000564716 0.011098 -0.999938)
(0.000530567 0.00899762 -0.999959)
(0.000432457 0.00662654 -0.999978)
(0.000282235 0.00405684 -0.999992)
(9.80131e-05 0.00136587 -0.999999)
(-9.80131e-05 -0.00136587 -0.999999)
(-0.000282235 -0.00405684 -0.999992)
(-0.000432457 -0.00662654 -0.999978)
(-0.000530567 -0.00899762 -0.999959)
(-0.000564716 -0.011098 -0.999938)
(-0.00053075 -0.0128632 -0.999917)
(-0.000432737 -0.0142383 -0.999899)
(-0.000282481 -0.0151801 -0.999885)
(-9.81103e-05 -0.0156586 -0.999877)
(9.81103e-05 -0.0156586 -0.999877)
(0.000282481 -0.0151801 -0.999885)
(0.000432737 -0.0142383 -0.999899)
(0.00053075 -0.0128632 -0.999917)
(0.000564716 -0.011098 -0.999938)
(0.000530567 -0.00899762 -0.999959)
(0.000432457 -0.00662654 -0.999978)
(0.000282235 -0.00405684 -0.999992)
(9.80131e-05 -0.00136587 -0.999999)
(-9.80131e-05 0.00136587 -0.999999)
(-0.000282235 0.00405684 -0.999992)
(-0.000432457 0.00662654 -0.999978)
(-0.000530567 0.00899762 -0.999959)
(-0.000564716 0.011098 -0.999938)
(-0.00053075 0.0128632 -0.999917)
(-0.000432737 0.0142383 -0.999899)
(-0.000282481 0.0151801 -0.999885)
(-9.81103e-05 0.0156586 -0.999877)
(8.49725e-05 0.0135548 -0.999908)
(0.000244656 0.0131407 -0.999914)
(0.000374798 0.0123255 -0.999924)
(0.000459696 0.0111352 -0.999938)
(0.000489124 0.0096072 -0.999954)
(0.000459557 0.00778899 -0.99997)
(0.000374584 0.00573644 -0.999983)
(0.000244468 0.00351193 -0.999994)
(8.48984e-05 0.00118241 -0.999999)
(-8.48984e-05 -0.00118241 -0.999999)
(-0.000244468 -0.00351193 -0.999994)
(-0.000374584 -0.00573644 -0.999983)
(-0.000459557 -0.00778899 -0.99997)
(-0.000489124 -0.0096072 -0.999954)
(-0.000459696 -0.0111352 -0.999938)
(-0.000374798 -0.0123255 -0.999924)
(-0.000244656 -0.0131407 -0.999914)
(-8.49725e-05 -0.0135548 -0.999908)
(8.49725e-05 -0.0135548 -0.999908)
(0.000244656 -0.0131407 -0.999914)
(0.000374798 -0.0123255 -0.999924)
(0.000459696 -0.0111352 -0.999938)
(0.000489124 -0.0096072 -0.999954)
(0.000459557 -0.00778899 -0.99997)
(0.000374584 -0.00573644 -0.999983)
(0.000244468 -0.00351193 -0.999994)
(8.48984e-05 -0.00118241 -0.999999)
(-8.48984e-05 0.00118241 -0.999999)
(-0.000244468 0.00351193 -0.999994)
(-0.000374584 0.00573644 -0.999983)
(-0.000459557 0.00778899 -0.99997)
(-0.000489124 0.0096072 -0.999954)
(-0.000459696 0.0111352 -0.999938)
(-0.000374798 0.0123255 -0.999924)
(-0.000244656 0.0131407 -0.999914)
(-8.49725e-05 0.0135548 -0.999908)
(8.90192e-05 0.0156438 -0.999878)
(0.000256307 0.0151662 -0.999885)
(0.000392646 0.0142261 -0.999899)
(0.000481586 0.0128531 -0.999917)
(0.000512414 0.0110903 -0.999938)
(0.000481437 0.0089921 -0.999959)
(0.000392419 0.00662299 -0.999978)
(0.000256107 0.00405489 -0.999992)
(8.89402e-05 0.00136525 -0.999999)
(-8.89402e-05 -0.00136525 -0.999999)
(-0.000256107 -0.00405489 -0.999992)
(-0.000392419 -0.00662299 -0.999978)
(-0.000481437 -0.0089921 -0.999959)
(-0.000512414 -0.0110903 -0.999938)
(-0.000481586 -0.0128531 -0.999917)
(-0.000392646 -0.0142261 -0.999899)
(-0.000256307 -0.0151662 -0.999885)
(-8.90192e-05 -0.0156438 -0.999878)
(8.90192e-05 -0.0156438 -0.999878)
(0.000256307 -0.0151662 -0.999885)
(0.000392646 -0.0142261 -0.999899)
(0.000481586 -0.0128531 -0.999917)
(0.000512414 -0.0110903 -0.999938)
(0.000481437 -0.0089921 -0.999959)
(0.000392419 -0.00662299 -0.999978)
(0.000256107 -0.00405489 -0.999992)
(8.89402e-05 -0.00136525 -0.999999)
(-8.89402e-05 0.00136525 -0.999999)
(-0.000256107 0.00405489 -0.999992)
(-0.000392419 0.00662299 -0.999978)
(-0.000481437 0.0089921 -0.999959)
(-0.000512414 0.0110903 -0.999938)
(-0.000481586 0.0128531 -0.999917)
(-0.000392646 0.0142261 -0.999899)
(-0.000256307 0.0151662 -0.999885)
(-8.90192e-05 0.0156438 -0.999878)
(7.63862e-05 0.0138541 -0.999904)
(0.000219935 0.0134313 -0.99991)
(0.00033693 0.012599 -0.999921)
(0.000413257 0.0113834 -0.999935)
(0.00043972 0.00982241 -0.999952)
(0.000413147 0.00796434 -0.999968)
(0.000336761 0.00586616 -0.999983)
(0.000219786 0.0035916 -0.999994)
(7.63273e-05 0.00120928 -0.999999)
(-7.63273e-05 -0.00120928 -0.999999)
(-0.000219786 -0.0035916 -0.999994)
(-0.000336761 -0.00586616 -0.999983)
(-0.000413147 -0.00796434 -0.999968)
(-0.00043972 -0.00982241 -0.999952)
(-0.000413257 -0.0113834 -0.999935)
(-0.00033693 -0.012599 -0.999921)
(-0.000219935 -0.0134313 -0.99991)
(-7.63862e-05 -0.0138541 -0.999904)
(7.63862e-05 -0.0138541 -0.999904)
(0.000219935 -0.0134313 -0.99991)
(0.00033693 -0.012599 -0.999921)
(0.000413257 -0.0113834 -0.999935)
(0.00043972 -0.00982241 -0.999952)
(0.000413147 -0.00796434 -0.999968)
(0.000336761 -0.00586616 -0.999983)
(0.000219786 -0.0035916 -0.999994)
(7.63273e-05 -0.00120928 -0.999999)
(-7.63273e-05 0.00120928 -0.999999)
(-0.000219786 0.0035916 -0.999994)
(-0.000336761 0.00586616 -0.999983)
(-0.000413147 0.00796434 -0.999968)
(-0.00043972 0.00982241 -0.999952)
(-0.000413257 0.0113834 -0.999935)
(-0.00033693 0.012599 -0.999921)
(-0.000219935 0.0134313 -0.99991)
(-7.63862e-05 0.0138541 -0.999904)
(6.62383e-05 0.0119868 -0.999928)
(0.000190718 0.011621 -0.999932)
(0.000292174 0.0109009 -0.999941)
(0.000358367 0.0098492 -0.999951)
(0.000381322 0.00849863 -0.999964)
(0.000358283 0.00689101 -0.999976)
(0.000292045 0.00507561 -0.999987)
(0.000190604 0.00310759 -0.999995)
(6.61933e-05 0.00104632 -0.999999)
(-6.61933e-05 -0.00104632 -0.999999)
(-0.000190604 -0.00310759 -0.999995)
(-0.000292045 -0.00507561 -0.999987)
(-0.000358283 -0.00689101 -0.999976)
(-0.000381322 -0.00849863 -0.999964)
(-0.000358367 -0.0098492 -0.999951)
(-0.000292174 -0.0109009 -0.999941)
(-0.000190718 -0.011621 -0.999932)
(-6.62383e-05 -0.0119868 -0.999928)
(6.62383e-05 -0.0119868 -0.999928)
(0.000190718 -0.011621 -0.999932)
(0.000292174 -0.0109009 -0.999941)
(0.000358367 -0.0098492 -0.999951)
(0.000381322 -0.00849863 -0.999964)
(0.000358283 -0.00689101 -0.999976)
(0.000292045 -0.00507561 -0.999987)
(0.000190604 -0.00310759 -0.999995)
(6.61933e-05 -0.00104632 -0.999999)
(-6.61933e-05 0.00104632 -0.999999)
(-0.000190604 0.00310759 -0.999995)
(-0.000292045 0.00507561 -0.999987)
(-0.000358283 0.00689101 -0.999976)
(-0.000381322 0.00849863 -0.999964)
(-0.000358367 0.0098492 -0.999951)
(-0.000292174 0.0109009 -0.999941)
(-0.000190718 0.011621 -0.999932)
(-6.62383e-05 0.0119868 -0.999928)
(6.29181e-05 0.0131801 -0.999913)
(0.000181159 0.0127783 -0.999918)
(0.000277532 0.0119872 -0.999928)
(0.00034041 0.0108315 -0.999941)
(0.000362218 0.00934714 -0.999956)
(0.000340336 0.00757972 -0.999971)
(0.000277418 0.00558334 -0.999984)
(0.000181059 0.00341866 -0.999994)
(6.28787e-05 0.00115109 -0.999999)
(-6.28787e-05 -0.00115109 -0.999999)
(-0.000181059 -0.00341866 -0.999994)
(-0.000277418 -0.00558334 -0.999984)
(-0.000340336 -0.00757972 -0.999971)
(-0.000362218 -0.00934714 -0.999956)
(-0.00034041 -0.0108315 -0.999941)
(-0.000277532 -0.0119872 -0.999928)
(-0.000181159 -0.0127783 -0.999918)
(-6.29181e-05 -0.0131801 -0.999913)
(6.29181e-05 -0.0131801 -0.999913)
(0.000181159 -0.0127783 -0.999918)
(0.000277532 -0.0119872 -0.999928)
(0.00034041 -0.0108315 -0.999941)
(0.000362218 -0.00934714 -0.999956)
(0.000340336 -0.00757972 -0.999971)
(0.000277418 -0.00558334 -0.999984)
(0.000181059 -0.00341866 -0.999994)
(6.28787e-05 -0.00115109 -0.999999)
(-6.28787e-05 0.00115109 -0.999999)
(-0.000181059 0.00341866 -0.999994)
(-0.000277418 0.00558334 -0.999984)
(-0.000340336 0.00757972 -0.999971)
(-0.000362218 0.00934714 -0.999956)
(-0.00034041 0.0108315 -0.999941)
(-0.000277532 0.0119872 -0.999928)
(-0.000181159 0.0127783 -0.999918)
(-6.29181e-05 0.0131801 -0.999913)
(5.39422e-05 0.0116776 -0.999932)
(0.000155315 0.0113217 -0.999936)
(0.000237942 0.010621 -0.999944)
(0.000291855 0.0095972 -0.999954)
(0.000310556 0.00828215 -0.999966)
(0.0002918 0.00671625 -0.999977)
(0.000237858 0.00494739 -0.999988)
(0.000155241 0.00302931 -0.999995)
(5.39129e-05 0.00102 -0.999999)
(-5.39129e-05 -0.00102 -0.999999)
(-0.000155241 -0.00302931 -0.999995)
(-0.000237858 -0.00494739 -0.999988)
(-0.0002918 -0.00671625 -0.999977)
(-0.000310556 -0.00828215 -0.999966)
(-0.000291855 -0.0095972 -0.999954)
(-0.000237942 -0.010621 -0.999944)
(-0.000155315 -0.0113217 -0.999936)
(-5.39422e-05 -0.0116776 -0.999932)
(5.39422e-05 -0.0116776 -0.999932)
(0.000155315 -0.0113217 -0.999936)
(0.000237942 -0.010621 -0.999944)
(0.000291855 -0.0095972 -0.999954)
(0.000310556 -0.00828215 -0.999966)
(0.0002918 -0.00671625 -0.999977)
(0.000237858 -0.00494739 -0.999988)
(0.000155241 -0.00302931 -0.999995)
(5.39129e-05 -0.00102 -0.999999)
(-5.39129e-05 0.00102 -0.999999)
(-0.000155241 0.00302931 -0.999995)
(-0.000237858 0.00494739 -0.999988)
(-0.0002918 0.00671625 -0.999977)
(-0.000310556 0.00828215 -0.999966)
(-0.000291855 0.0095972 -0.999954)
(-0.000237942 0.010621 -0.999944)
(-0.000155315 0.0113217 -0.999936)
(-5.39422e-05 0.0116776 -0.999932)
(4.69253e-05 0.0101066 -0.999949)
(0.000135112 0.00979856 -0.999952)
(0.000206992 0.00919211 -0.999958)
(0.000253895 0.00830609 -0.999965)
(0.000270167 0.00716796 -0.999974)
(0.000253852 0.00581272 -0.999983)
(0.000206927 0.00428183 -0.999991)
(0.000135055 0.00262179 -0.999997)
(4.69027e-05 0.000882787 -1)
(-4.69027e-05 -0.000882787 -1)
(-0.000135055 -0.00262179 -0.999997)
(-0.000206927 -0.00428183 -0.999991)
(-0.000253852 -0.00581272 -0.999983)
(-0.000270167 -0.00716796 -0.999974)
(-0.000253895 -0.00830609 -0.999965)
(-0.000206992 -0.00919211 -0.999958)
(-0.000135112 -0.00979856 -0.999952)
(-4.69253e-05 -0.0101066 -0.999949)
(4.69253e-05 -0.0101066 -0.999949)
(0.000135112 -0.00979856 -0.999952)
(0.000206992 -0.00919211 -0.999958)
(0.000253895 -0.00830609 -0.999965)
(0.000270167 -0.00716796 -0.999974)
(0.000253852 -0.00581272 -0.999983)
(0.000206927 -0.00428183 -0.999991)
(0.000135055 -0.00262179 -0.999997)
(4.69027e-05 -0.000882787 -1)
(-4.69027e-05 0.000882787 -1)
(-0.000135055 0.00262179 -0.999997)
(-0.000206927 0.00428183 -0.999991)
(-0.000253852 0.00581272 -0.999983)
(-0.000270167 0.00716796 -0.999974)
(-0.000253895 0.00830609 -0.999965)
(-0.000206992 0.00919211 -0.999958)
(-0.000135112 0.00979856 -0.999952)
(-4.69253e-05 0.0101066 -0.999949)
(3.74696e-05 0.010209 -0.999948)
(0.000107887 0.00989819 -0.999951)
(0.000165286 0.00928618 -0.999957)
(0.000202741 0.00839184 -0.999965)
(0.000215739 0.00724268 -0.999974)
(0.000202715 0.00587392 -0.999983)
(0.000165245 0.0043273 -0.999991)
(0.000107852 0.0026498 -0.999996)
(3.74556e-05 0.000892248 -1)
(-3.74556e-05 -0.000892248 -1)
(-0.000107852 -0.0026498 -0.999996)
(-0.000165245 -0.0043273 -0.999991)
(-0.000202715 -0.00587392 -0.999983)
(-0.000215739 -0.00724268 -0.999974)
(-0.000202741 -0.00839184 -0.999965)
(-0.000165286 -0.00928618 -0.999957)
(-0.000107887 -0.00989819 -0.999951)
(-3.74696e-05 -0.010209 -0.999948)
(3.74696e-05 -0.010209 -0.999948)
(0.000107887 -0.00989819 -0.999951)
(0.000165286 -0.00928618 -0.999957)
(0.000202741 -0.00839184 -0.999965)
(0.000215739 -0.00724268 -0.999974)
(0.000202715 -0.00587392 -0.999983)
(0.000165245 -0.0043273 -0.999991)
(0.000107852 -0.0026498 -0.999996)
(3.74556e-05 -0.000892248 -1)
(-3.74556e-05 0.000892248 -1)
(-0.000107852 0.0026498 -0.999996)
(-0.000165245 0.0043273 -0.999991)
(-0.000202715 0.00587392 -0.999983)
(-0.000215739 0.00724268 -0.999974)
(-0.000202741 0.00839184 -0.999965)
(-0.000165286 0.00928618 -0.999957)
(-0.000107887 0.00989819 -0.999951)
(-3.74696e-05 0.010209 -0.999948)
(3.2249e-05 0.00905661 -0.999959)
(9.28553e-05 0.00878092 -0.999961)
(0.000142258 0.00823806 -0.999966)
(0.000174496 0.00744474 -0.999972)
(0.000185684 0.00642535 -0.999979)
(0.000174476 0.00521112 -0.999986)
(0.000142227 0.00383905 -0.999993)
(9.28288e-05 0.00235085 -0.999997)
(3.22385e-05 0.000791587 -1)
(-3.22385e-05 -0.000791587 -1)
(-9.28288e-05 -0.00235085 -0.999997)
(-0.000142227 -0.00383905 -0.999993)
(-0.000174476 -0.00521112 -0.999986)
(-0.000185684 -0.00642535 -0.999979)
(-0.000174496 -0.00744474 -0.999972)
(-0.000142258 -0.00823806 -0.999966)
(-9.28553e-05 -0.00878092 -0.999961)
(-3.2249e-05 -0.00905661 -0.999959)
(3.2249e-05 -0.00905661 -0.999959)
(9.28553e-05 -0.00878092 -0.999961)
(0.000142258 -0.00823806 -0.999966)
(0.000174496 -0.00744474 -0.999972)
(0.000185684 -0.00642535 -0.999979)
(0.000174476 -0.00521112 -0.999986)
(0.000142227 -0.00383905 -0.999993)
(9.28288e-05 -0.00235085 -0.999997)
(3.22385e-05 -0.000791587 -1)
(-3.22385e-05 0.000791587 -1)
(-9.28288e-05 0.00235085 -0.999997)
(-0.000142227 0.00383905 -0.999993)
(-0.000174476 0.00521112 -0.999986)
(-0.000185684 0.00642535 -0.999979)
(-0.000174496 0.00744474 -0.999972)
(-0.000142258 0.00823806 -0.999966)
(-9.28553e-05 0.00878092 -0.999961)
(-3.2249e-05 0.00905661 -0.999959)
(2.82046e-05 0.00784898 -0.999969)
(8.12107e-05 0.00761006 -0.999971)
(0.000124418 0.00713958 -0.999975)
(0.000152614 0.00645204 -0.999979)
(0.0001624 0.00556858 -0.999984)
(0.000152599 0.00451625 -0.99999)
(0.000124394 0.00332714 -0.999994)
(8.119e-05 0.00203738 -0.999998)
(2.81964e-05 0.000686034 -1)
(-2.81964e-05 -0.000686034 -1)
(-8.119e-05 -0.00203738 -0.999998)
(-0.000124394 -0.00332714 -0.999994)
(-0.000152599 -0.00451625 -0.99999)
(-0.0001624 -0.00556858 -0.999984)
(-0.000152614 -0.00645204 -0.999979)
(-0.000124418 -0.00713958 -0.999975)
(-8.12107e-05 -0.00761006 -0.999971)
(-2.82046e-05 -0.00784898 -0.999969)
(2.82046e-05 -0.00784898 -0.999969)
(8.12107e-05 -0.00761006 -0.999971)
(0.000124418 -0.00713958 -0.999975)
(0.000152614 -0.00645204 -0.999979)
(0.0001624 -0.00556858 -0.999984)
(0.000152599 -0.00451625 -0.99999)
(0.000124394 -0.00332714 -0.999994)
(8.119e-05 -0.00203738 -0.999998)
(2.81964e-05 -0.000686034 -1)
(-2.81964e-05 0.000686034 -1)
(-8.119e-05 0.00203738 -0.999998)
(-0.000124394 0.00332714 -0.999994)
(-0.000152599 0.00451625 -0.99999)
(-0.0001624 0.00556858 -0.999984)
(-0.000152614 0.00645204 -0.999979)
(-0.000124418 0.00713958 -0.999975)
(-8.12107e-05 0.00761006 -0.999971)
(-2.82046e-05 0.00784898 -0.999969)
(1.58989e-05 0.00668516 -0.999978)
(4.57788e-05 0.00648187 -0.999979)
(7.01358e-05 0.0060815 -0.999982)
(8.60323e-05 0.00549631 -0.999985)
(9.15512e-05 0.00474416 -0.999989)
(8.60275e-05 0.00384798 -0.999993)
(7.01285e-05 0.00283505 -0.999996)
(4.57724e-05 0.00173615 -0.999998)
(1.58964e-05 0.000584621 -1)
(-1.58964e-05 -0.000584621 -1)
(-4.57724e-05 -0.00173615 -0.999998)
(-7.01285e-05 -0.00283505 -0.999996)
(-8.60275e-05 -0.00384798 -0.999993)
(-9.15512e-05 -0.00474416 -0.999989)
(-8.60323e-05 -0.00549631 -0.999985)
(-7.01358e-05 -0.0060815 -0.999982)
(-4.57788e-05 -0.00648187 -0.999979)
(-1.58989e-05 -0.00668516 -0.999978)
(1.58989e-05 -0.00668516 -0.999978)
(4.57788e-05 -0.00648187 -0.999979)
(7.01358e-05 -0.0060815 -0.999982)
(8.60323e-05 -0.00549631 -0.999985)
(9.15512e-05 -0.00474416 -0.999989)
(8.60275e-05 -0.00384798 -0.999993)
(7.01285e-05 -0.00283505 -0.999996)
(4.57724e-05 -0.00173615 -0.999998)
(1.58964e-05 -0.000584621 -1)
(-1.58964e-05 0.000584621 -1)
(-4.57724e-05 0.00173615 -0.999998)
(-7.01285e-05 0.00283505 -0.999996)
(-8.60275e-05 0.00384798 -0.999993)
(-9.15512e-05 0.00474416 -0.999989)
(-8.60323e-05 0.00549631 -0.999985)
(-7.01358e-05 0.0060815 -0.999982)
(-4.57788e-05 0.00648187 -0.999979)
(-1.58989e-05 0.00668516 -0.999978)
(1.38056e-05 0.00594191 -0.999982)
(3.97515e-05 0.00576123 -0.999983)
(6.09018e-05 0.00540539 -0.999985)
(7.47055e-05 0.00488527 -0.999988)
(7.94981e-05 0.00421676 -0.999991)
(7.47019e-05 0.00342021 -0.999994)
(6.08963e-05 0.0025199 -0.999997)
(3.97466e-05 0.00154316 -0.999999)
(1.38037e-05 0.000519637 -1)
(-1.38037e-05 -0.000519637 -1)
(-3.97466e-05 -0.00154316 -0.999999)
(-6.08963e-05 -0.0025199 -0.999997)
(-7.47019e-05 -0.00342021 -0.999994)
(-7.94981e-05 -0.00421676 -0.999991)
(-7.47055e-05 -0.00488527 -0.999988)
(-6.09018e-05 -0.00540539 -0.999985)
(-3.97515e-05 -0.00576123 -0.999983)
(-1.38056e-05 -0.00594191 -0.999982)
(1.38056e-05 -0.00594191 -0.999982)
(3.97515e-05 -0.00576123 -0.999983)
(6.09018e-05 -0.00540539 -0.999985)
(7.47055e-05 -0.00488527 -0.999988)
(7.94981e-05 -0.00421676 -0.999991)
(7.47019e-05 -0.00342021 -0.999994)
(6.08963e-05 -0.0025199 -0.999997)
(3.97466e-05 -0.00154316 -0.999999)
(1.38037e-05 -0.000519637 -1)
(-1.38037e-05 0.000519637 -1)
(-3.97466e-05 0.00154316 -0.999999)
(-6.08963e-05 0.0025199 -0.999997)
(-7.47019e-05 0.00342021 -0.999994)
(-7.94981e-05 0.00421676 -0.999991)
(-7.47055e-05 0.00488527 -0.999988)
(-6.09018e-05 0.00540539 -0.999985)
(-3.97515e-05 0.00576123 -0.999983)
(-1.38056e-05 0.00594191 -0.999982)
(1.21548e-05 0.0051614 -0.999987)
(3.49981e-05 0.00500445 -0.999987)
(5.36196e-05 0.00469535 -0.999989)
(6.57728e-05 0.00424355 -0.999991)
(6.99923e-05 0.00366284 -0.999993)
(6.577e-05 0.00297094 -0.999996)
(5.36152e-05 0.00218888 -0.999998)
(3.49943e-05 0.00134045 -0.999999)
(1.21533e-05 0.000451376 -1)
(-1.21533e-05 -0.000451376 -1)
(-3.49943e-05 -0.00134045 -0.999999)
(-5.36152e-05 -0.00218888 -0.999998)
(-6.577e-05 -0.00297094 -0.999996)
(-6.99923e-05 -0.00366284 -0.999993)
(-6.57728e-05 -0.00424355 -0.999991)
(-5.36196e-05 -0.00469535 -0.999989)
(-3.49981e-05 -0.00500445 -0.999987)
(-1.21548e-05 -0.0051614 -0.999987)
(1.21548e-05 -0.0051614 -0.999987)
(3.49981e-05 -0.00500445 -0.999987)
(5.36196e-05 -0.00469535 -0.999989)
(6.57728e-05 -0.00424355 -0.999991)
(6.99923e-05 -0.00366284 -0.999993)
(6.577e-05 -0.00297094 -0.999996)
(5.36152e-05 -0.00218888 -0.999998)
(3.49943e-05 -0.00134045 -0.999999)
(1.21533e-05 -0.000451376 -1)
(-1.21533e-05 0.000451376 -1)
(-3.49943e-05 0.00134045 -0.999999)
(-5.36152e-05 0.00218888 -0.999998)
(-6.577e-05 0.00297094 -0.999996)
(-6.99923e-05 0.00366284 -0.999993)
(-6.57728e-05 0.00424355 -0.999991)
(-5.36196e-05 0.00469535 -0.999989)
(-3.49981e-05 0.00500445 -0.999987)
(-1.21548e-05 0.0051614 -0.999987)
(-8.43888e-05 -0.0155232 -0.99988)
(-0.000242934 -0.0150482 -0.999887)
(-0.000372039 -0.0141134 -0.9999)
(-0.000456115 -0.012749 -0.999919)
(-0.000485076 -0.0109981 -0.999939)
(-0.000455529 -0.00891546 -0.99996)
(-0.00037114 -0.0065653 -0.999978)
(-0.000242144 -0.00401903 -0.999992)
(-8.40768e-05 -0.00135308 -0.999999)
(8.40768e-05 0.00135308 -0.999999)
(0.000242144 0.00401903 -0.999992)
(0.00037114 0.0065653 -0.999978)
(0.000455529 0.00891546 -0.99996)
(0.000485076 0.0109981 -0.999939)
(0.000456115 0.012749 -0.999919)
(0.000372039 0.0141134 -0.9999)
(0.000242934 0.0150482 -0.999887)
(8.43888e-05 0.0155232 -0.99988)
(-8.43888e-05 0.0155232 -0.99988)
(-0.000242934 0.0150482 -0.999887)
(-0.000372039 0.0141134 -0.9999)
(-0.000456115 0.012749 -0.999919)
(-0.000485076 0.0109981 -0.999939)
(-0.000455529 0.00891546 -0.99996)
(-0.00037114 0.0065653 -0.999978)
(-0.000242144 0.00401903 -0.999992)
(-8.40768e-05 0.00135308 -0.999999)
(8.40768e-05 -0.00135308 -0.999999)
(0.000242144 -0.00401903 -0.999992)
(0.00037114 -0.0065653 -0.999978)
(0.000455529 -0.00891546 -0.99996)
(0.000485076 -0.0109981 -0.999939)
(0.000456115 -0.012749 -0.999919)
(0.000372039 -0.0141134 -0.9999)
(0.000242934 -0.0150482 -0.999887)
(8.43888e-05 -0.0155232 -0.99988)
(2.76478e-06 0.00266736 -0.999996)
(7.96087e-06 0.0025863 -0.999997)
(1.21967e-05 0.00242665 -0.999997)
(1.49614e-05 0.00219326 -0.999998)
(1.59216e-05 0.00189324 -0.999998)
(1.49613e-05 0.0015357 -0.999999)
(1.21965e-05 0.0011315 -0.999999)
(7.96067e-06 0.000692947 -1)
(2.76471e-06 0.000233344 -1)
(-2.76471e-06 -0.000233344 -1)
(-7.96067e-06 -0.000692947 -1)
(-1.21965e-05 -0.0011315 -0.999999)
(-1.49613e-05 -0.0015357 -0.999999)
(-1.59216e-05 -0.00189324 -0.999998)
(-1.49614e-05 -0.00219326 -0.999998)
(-1.21967e-05 -0.00242665 -0.999997)
(-7.96087e-06 -0.0025863 -0.999997)
(-2.76478e-06 -0.00266736 -0.999996)
(2.76478e-06 -0.00266736 -0.999996)
(7.96087e-06 -0.0025863 -0.999997)
(1.21967e-05 -0.00242665 -0.999997)
(1.49614e-05 -0.00219326 -0.999998)
(1.59216e-05 -0.00189324 -0.999998)
(1.49613e-05 -0.0015357 -0.999999)
(1.21965e-05 -0.0011315 -0.999999)
(7.96067e-06 -0.000692947 -1)
(2.76471e-06 -0.000233344 -1)
(-2.76471e-06 0.000233344 -1)
(-7.96067e-06 0.000692947 -1)
(-1.21965e-05 0.0011315 -0.999999)
(-1.49613e-05 0.0015357 -0.999999)
(-1.59216e-05 0.00189324 -0.999998)
(-1.49614e-05 0.00219326 -0.999998)
(-1.21967e-05 0.00242665 -0.999997)
(-7.96087e-06 0.0025863 -0.999997)
(-2.76478e-06 0.00266736 -0.999996)
(2.45187e-06 0.00232207 -0.999997)
(7.05987e-06 0.00225151 -0.999997)
(1.08163e-05 0.00211252 -0.999998)
(1.32682e-05 0.00190935 -0.999998)
(1.41196e-05 0.00164816 -0.999999)
(1.3268e-05 0.0013369 -0.999999)
(1.08162e-05 0.000985032 -1)
(7.05972e-06 0.000603245 -1)
(2.45181e-06 0.000203138 -1)
(-2.45181e-06 -0.000203138 -1)
(-7.05972e-06 -0.000603245 -1)
(-1.08162e-05 -0.000985032 -1)
(-1.3268e-05 -0.0013369 -0.999999)
(-1.41196e-05 -0.00164816 -0.999999)
(-1.32682e-05 -0.00190935 -0.999998)
(-1.08163e-05 -0.00211252 -0.999998)
(-7.05987e-06 -0.00225151 -0.999997)
(-2.45187e-06 -0.00232207 -0.999997)
(2.45187e-06 -0.00232207 -0.999997)
(7.05987e-06 -0.00225151 -0.999997)
(1.08163e-05 -0.00211252 -0.999998)
(1.32682e-05 -0.00190935 -0.999998)
(1.41196e-05 -0.00164816 -0.999999)
(1.3268e-05 -0.0013369 -0.999999)
(1.08162e-05 -0.000985032 -1)
(7.05972e-06 -0.000603245 -1)
(2.45181e-06 -0.000203138 -1)
(-2.45181e-06 0.000203138 -1)
(-7.05972e-06 0.000603245 -1)
(-1.08162e-05 0.000985032 -1)
(-1.3268e-05 0.0013369 -0.999999)
(-1.41196e-05 0.00164816 -0.999999)
(-1.32682e-05 0.00190935 -0.999998)
(-1.08163e-05 0.00211252 -0.999998)
(-7.05987e-06 0.00225151 -0.999997)
(-2.45187e-06 0.00232207 -0.999997)
)
;

boundaryField
{
    fixed
    {
        type            calculated;
        value           nonuniform List<vector> 
108
(
(-0.0871565 0.996195 0)
(-0.258819 0.965926 0)
(-0.422619 0.906307 0)
(-0.573578 0.819151 0)
(-0.707107 0.707107 0)
(-0.819151 0.573578 0)
(-0.906307 0.422619 0)
(-0.965926 0.258819 0)
(-0.996195 0.0871565 0)
(-0.996195 -0.0871565 0)
(-0.965926 -0.258819 0)
(-0.906307 -0.422619 0)
(-0.819151 -0.573578 0)
(-0.707107 -0.707107 0)
(-0.573578 -0.819151 0)
(-0.422619 -0.906307 0)
(-0.258819 -0.965926 0)
(-0.0871565 -0.996195 0)
(0.0871565 -0.996195 0)
(0.258819 -0.965926 0)
(0.422619 -0.906307 0)
(0.573578 -0.819151 0)
(0.707107 -0.707107 0)
(0.819151 -0.573578 0)
(0.906307 -0.422619 0)
(0.965926 -0.258819 0)
(0.996195 -0.0871565 0)
(0.996195 0.0871565 -0)
(0.965926 0.258819 -0)
(0.906307 0.422619 -0)
(0.819151 0.573578 -0)
(0.707107 0.707107 -0)
(0.573578 0.819151 -0)
(0.422619 0.906307 -0)
(0.258819 0.965926 -0)
(0.0871565 0.996195 -0)
(-0.0871557 0.996195 0)
(-0.258819 0.965926 0)
(-0.422619 0.906307 0)
(-0.573578 0.819151 0)
(-0.707107 0.707107 0)
(-0.819151 0.573578 0)
(-0.906307 0.422619 0)
(-0.965926 0.258819 0)
(-0.996195 0.0871557 0)
(-0.996195 -0.0871557 0)
(-0.965926 -0.258819 0)
(-0.906307 -0.422619 0)
(-0.819151 -0.573578 0)
(-0.707107 -0.707107 0)
(-0.573578 -0.819151 0)
(-0.422619 -0.906307 0)
(-0.258819 -0.965926 0)
(-0.0871557 -0.996195 0)
(0.0871557 -0.996195 0)
(0.258819 -0.965926 0)
(0.422619 -0.906307 0)
(0.573578 -0.819151 0)
(0.707107 -0.707107 0)
(0.819151 -0.573578 0)
(0.906307 -0.422619 0)
(0.965926 -0.258819 0)
(0.996195 -0.0871557 0)
(0.996195 0.0871557 -0)
(0.965926 0.258819 -0)
(0.906307 0.422619 -0)
(0.819151 0.573578 -0)
(0.707107 0.707107 -0)
(0.573578 0.819151 -0)
(0.422619 0.906307 -0)
(0.258819 0.965926 -0)
(0.0871557 0.996195 -0)
(-0.0871553 0.996195 0)
(-0.258817 0.965926 0)
(-0.422619 0.906307 0)
(-0.573577 0.819151 0)
(-0.707107 0.707107 0)
(-0.819151 0.573577 0)
(-0.906307 0.422619 0)
(-0.965926 0.258817 0)
(-0.996195 0.0871553 0)
(-0.996195 -0.0871553 0)
(-0.965926 -0.258817 0)
(-0.906307 -0.422619 0)
(-0.819151 -0.573577 0)
(-0.707107 -0.707107 0)
(-0.573577 -0.819151 0)
(-0.422619 -0.906307 0)
(-0.258817 -0.965926 0)
(-0.0871553 -0.996195 0)
(0.0871553 -0.996195 0)
(0.258817 -0.965926 0)
(0.422619 -0.906307 0)
(0.573577 -0.819151 0)
(0.707107 -0.707107 0)
(0.819151 -0.573577 0)
(0.906307 -0.422619 0)
(0.965926 -0.258817 0)
(0.996195 -0.0871553 0)
(0.996195 0.0871553 -0)
(0.965926 0.258817 -0)
(0.906307 0.422619 -0)
(0.819151 0.573577 -0)
(0.707107 0.707107 -0)
(0.573577 0.819151 -0)
(0.422619 0.906307 -0)
(0.258817 0.965926 -0)
(0.0871553 0.996195 -0)
)
;
    }
    inside
    {
        type            calculated;
        value           nonuniform List<vector> 
540
(
(-0.0871554 0.996195 3.93368e-19)
(-0.258817 0.965926 3.16787e-19)
(-0.422619 0.906307 -1.91393e-18)
(-0.573577 0.819151 -1.32805e-18)
(-0.707107 0.707107 -9.90358e-19)
(-0.819151 0.573577 9.76416e-19)
(-0.906307 0.422619 1.08762e-18)
(-0.965926 0.258817 -3.86197e-19)
(-0.996195 0.0871554 2.03167e-19)
(-0.996195 -0.0871554 -1.59242e-19)
(-0.965926 -0.258817 -1.36275e-18)
(-0.906307 -0.422619 -1.66357e-18)
(-0.819151 -0.573577 -1.55661e-19)
(-0.707107 -0.707107 -3.2717e-20)
(-0.573577 -0.819151 -1.25014e-18)
(-0.422619 -0.906307 6.11071e-19)
(-0.258817 -0.965926 2.11908e-18)
(-0.0871554 -0.996195 -8.34918e-19)
(0.0871554 -0.996195 -2.99535e-19)
(0.258817 -0.965926 5.41547e-19)
(0.422619 -0.906307 -1.36985e-20)
(0.573577 -0.819151 -3.2939e-19)
(0.707107 -0.707107 -6.05067e-19)
(0.819151 -0.573577 -2.37631e-18)
(0.906307 -0.422619 1.31229e-18)
(0.965926 -0.258817 9.54354e-19)
(0.996195 -0.0871554 -9.16299e-20)
(0.996195 0.0871554 5.52433e-19)
(0.965926 0.258817 4.91065e-21)
(0.906307 0.422619 -9.87129e-19)
(0.819151 0.573577 2.2772e-18)
(0.707107 0.707107 2.05645e-18)
(0.573577 0.819151 -3.23196e-18)
(0.422619 0.906307 6.0481e-19)
(0.258817 0.965926 -4.98874e-19)
(0.0871554 0.996195 -4.48715e-19)
(-0.087157 0.996195 -3.13304e-19)
(-0.258819 0.965926 1.8573e-18)
(-0.422617 0.906308 -4.13271e-18)
(-0.573577 0.819152 -1.6637e-18)
(-0.707107 0.707107 -7.17614e-19)
(-0.819152 0.573577 2.8399e-18)
(-0.906308 0.422617 1.7388e-18)
(-0.965926 0.258819 -8.09031e-19)
(-0.996195 0.087157 -3.79993e-20)
(-0.996195 -0.087157 3.47049e-19)
(-0.965926 -0.258819 -1.00635e-18)
(-0.906308 -0.422617 -1.33454e-18)
(-0.819152 -0.573577 3.55187e-19)
(-0.707107 -0.707107 1.06375e-18)
(-0.573577 -0.819152 1.73167e-18)
(-0.422617 -0.906308 1.99036e-18)
(-0.258819 -0.965926 -9.23122e-19)
(-0.087157 -0.996195 -9.80967e-19)
(0.087157 -0.996195 8.60603e-19)
(0.258819 -0.965926 -5.73422e-19)
(0.422617 -0.906308 -5.07373e-19)
(0.573577 -0.819152 2.52713e-18)
(0.707107 -0.707107 1.63891e-18)
(0.819152 -0.573577 4.87035e-18)
(0.906308 -0.422617 -9.83104e-19)
(0.965926 -0.258819 1.54828e-18)
(0.996195 -0.087157 -5.62517e-19)
(0.996195 0.087157 -5.24797e-19)
(0.965926 0.258819 -1.94839e-18)
(0.906308 0.422617 3.42569e-18)
(0.819152 0.573577 -4.12216e-18)
(0.707107 0.707107 -4.48421e-18)
(0.573577 0.819152 -2.36234e-18)
(0.422617 0.906308 -4.28756e-18)
(0.258819 0.965926 2.14802e-19)
(0.087157 0.996195 -2.09569e-19)
(-0.0871563 0.996195 -1.0802e-19)
(-0.258819 0.965926 2.64205e-21)
(-0.422618 0.906308 2.84106e-19)
(-0.573576 0.819152 2.09002e-19)
(-0.707107 0.707107 4.54323e-19)
(-0.819152 0.573576 -3.94216e-19)
(-0.906308 0.422618 -6.11119e-19)
(-0.965926 0.258819 1.33061e-19)
(-0.996195 0.0871563 -4.95944e-21)
(-0.996195 -0.0871563 -1.8672e-20)
(-0.965926 -0.258819 -1.22278e-19)
(-0.906308 -0.422618 1.31356e-20)
(-0.819152 -0.573576 -3.34241e-19)
(-0.707107 -0.707107 6.10706e-19)
(-0.573576 -0.819152 -2.06493e-19)
(-0.422618 -0.906308 -6.52258e-19)
(-0.258819 -0.965926 1.12544e-19)
(-0.0871563 -0.996195 -6.02703e-20)
(0.0871563 -0.996195 5.24103e-20)
(0.258819 -0.965926 3.40205e-19)
(0.422618 -0.906308 2.44752e-20)
(0.573576 -0.819152 6.4275e-20)
(0.707107 -0.707107 1.32489e-19)
(0.819152 -0.573576 -2.32509e-19)
(0.906308 -0.422618 -4.81289e-19)
(0.965926 -0.258819 -8.84167e-20)
(0.996195 -0.0871563 4.46479e-20)
(0.996195 0.0871563 -9.64794e-20)
(0.965926 0.258819 1.32027e-19)
(0.906308 0.422618 1.8075e-19)
(0.819152 0.573576 -3.57052e-19)
(0.707107 0.707107 2.45168e-19)
(0.573576 0.819152 2.27346e-19)
(0.422618 0.906308 -1.5232e-19)
(0.258819 0.965926 1.22435e-19)
(0.0871563 0.996195 -1.54643e-19)
(-0.0871552 0.996195 1.56564e-19)
(-0.25882 0.965926 4.08276e-19)
(-0.422618 0.906308 1.20247e-18)
(-0.573577 0.819152 2.935e-18)
(-0.707107 0.707107 -4.29407e-18)
(-0.819152 0.573577 4.90918e-19)
(-0.906308 0.422618 2.08262e-18)
(-0.965926 0.25882 1.1447e-18)
(-0.996195 0.0871552 1.73027e-19)
(-0.996195 -0.0871552 7.0214e-20)
(-0.965926 -0.25882 2.32174e-18)
(-0.906308 -0.422618 -2.09194e-18)
(-0.819152 -0.573577 4.56252e-19)
(-0.707107 -0.707107 -1.87684e-19)
(-0.573577 -0.819152 4.74125e-19)
(-0.422618 -0.906308 1.36339e-18)
(-0.25882 -0.965926 -3.3792e-19)
(-0.0871552 -0.996195 -8.81398e-20)
(0.0871552 -0.996195 -8.38726e-19)
(0.25882 -0.965926 -2.89778e-18)
(0.422618 -0.906308 2.06608e-18)
(0.573577 -0.819152 -4.15833e-19)
(0.707107 -0.707107 5.8136e-19)
(0.819152 -0.573577 -5.55501e-19)
(0.906308 -0.422618 -1.34325e-18)
(0.965926 -0.25882 1.65988e-18)
(0.996195 -0.0871552 2.88619e-19)
(0.996195 0.0871552 -4.60954e-19)
(0.965926 0.25882 -7.86179e-19)
(0.906308 0.422618 2.46956e-19)
(0.819152 0.573577 5.99195e-19)
(0.707107 0.707107 -6.85079e-19)
(0.573577 0.819152 4.01179e-19)
(0.422618 0.906308 3.55443e-18)
(0.25882 0.965926 1.35849e-18)
(0.0871552 0.996195 -5.15682e-19)
(-0.0871546 0.996195 -1.44502e-19)
(-0.258819 0.965926 5.56363e-19)
(-0.422619 0.906307 -6.74786e-18)
(-0.573577 0.819152 2.53397e-18)
(-0.707107 0.707107 -2.87584e-18)
(-0.819152 0.573577 -2.02697e-18)
(-0.906307 0.422619 6.14708e-18)
(-0.965926 0.258819 2.68518e-19)
(-0.996195 0.0871546 -5.27604e-19)
(-0.996195 -0.0871546 -3.13767e-19)
(-0.965926 -0.258819 -1.59625e-18)
(-0.906307 -0.422619 -5.01495e-18)
(-0.819152 -0.573577 -2.74969e-18)
(-0.707107 -0.707107 2.68833e-18)
(-0.573577 -0.819152 7.14173e-18)
(-0.422619 -0.906307 3.62244e-18)
(-0.258819 -0.965926 -3.2801e-19)
(-0.0871546 -0.996195 1.92192e-19)
(0.0871546 -0.996195 5.01844e-19)
(0.258819 -0.965926 -8.04463e-19)
(0.422619 -0.906307 3.02536e-19)
(0.573577 -0.819152 -2.06537e-18)
(0.707107 -0.707107 4.42035e-18)
(0.819152 -0.573577 6.53168e-18)
(0.906307 -0.422619 1.04503e-17)
(0.965926 -0.258819 -1.96668e-18)
(0.996195 -0.0871546 -2.83444e-19)
(0.996195 0.0871546 -1.54913e-18)
(0.965926 0.258819 -3.32378e-18)
(0.906307 0.422619 5.74419e-18)
(0.819152 0.573577 2.49235e-18)
(0.707107 0.707107 8.20587e-18)
(0.573577 0.819152 -1.16936e-18)
(0.422619 0.906307 -5.7261e-18)
(0.258819 0.965926 -1.07733e-18)
(0.0871546 0.996195 9.1834e-19)
(-0.0871552 0.996195 -1.3195e-18)
(-0.25882 0.965926 -2.4898e-18)
(-0.42262 0.906307 -2.18451e-18)
(-0.573577 0.819152 -2.06669e-19)
(-0.707107 0.707107 1.01539e-17)
(-0.819152 0.573577 -7.13833e-18)
(-0.906307 0.42262 -1.52752e-18)
(-0.965926 0.25882 -1.4238e-18)
(-0.996195 0.0871552 3.38686e-19)
(-0.996195 -0.0871552 1.49677e-18)
(-0.965926 -0.25882 6.79672e-18)
(-0.906307 -0.42262 2.48625e-18)
(-0.819152 -0.573577 -9.60102e-18)
(-0.707107 -0.707107 1.21582e-17)
(-0.573577 -0.819152 5.48167e-18)
(-0.42262 -0.906307 8.43128e-18)
(-0.25882 -0.965926 -5.30735e-18)
(-0.0871552 -0.996195 -7.44488e-19)
(0.0871552 -0.996195 -1.45787e-18)
(0.25882 -0.965926 -1.01436e-18)
(0.42262 -0.906307 2.24586e-18)
(0.573577 -0.819152 9.27306e-18)
(0.707107 -0.707107 3.07885e-18)
(0.819152 -0.573577 -1.20446e-17)
(0.906307 -0.42262 6.60893e-18)
(0.965926 -0.25882 -1.61897e-18)
(0.996195 -0.0871552 4.54148e-19)
(0.996195 0.0871552 1.35519e-18)
(0.965926 0.25882 -1.59805e-18)
(0.906307 0.42262 1.75034e-20)
(0.819152 0.573577 -6.25219e-18)
(0.707107 0.707107 -3.59205e-18)
(0.573577 0.819152 4.39768e-19)
(0.42262 0.906307 -1.10261e-18)
(0.25882 0.965926 -7.74971e-18)
(0.0871552 0.996195 1.54241e-18)
(-0.0871568 0.996195 -2.0769e-18)
(-0.25882 0.965926 -3.57848e-18)
(-0.422619 0.906308 -4.08816e-19)
(-0.573577 0.819152 8.79691e-18)
(-0.707107 0.707107 1.48232e-17)
(-0.819152 0.573577 4.77012e-18)
(-0.906308 0.422619 -1.56686e-17)
(-0.965926 0.25882 -2.5184e-18)
(-0.996195 0.0871568 -3.04317e-19)
(-0.996195 -0.0871568 1.08692e-18)
(-0.965926 -0.25882 -8.41295e-18)
(-0.906308 -0.422619 6.02067e-18)
(-0.819152 -0.573577 -6.99581e-18)
(-0.707107 -0.707107 -1.13541e-17)
(-0.573577 -0.819152 -6.20495e-19)
(-0.422619 -0.906308 6.09137e-18)
(-0.25882 -0.965926 8.70768e-18)
(-0.0871568 -0.996195 8.44468e-19)
(0.0871568 -0.996195 1.60163e-18)
(0.25882 -0.965926 1.83022e-18)
(0.422619 -0.906308 -1.85283e-18)
(0.573577 -0.819152 -7.12545e-18)
(0.707107 -0.707107 -7.75285e-18)
(0.819152 -0.573577 -2.42531e-18)
(0.906308 -0.422619 3.94343e-18)
(0.965926 -0.25882 2.12683e-18)
(0.996195 -0.0871568 -5.17081e-19)
(0.996195 0.0871568 1.35516e-18)
(0.965926 0.25882 4.73197e-18)
(0.906308 0.422619 -2.27242e-18)
(0.819152 0.573577 -3.39572e-18)
(0.707107 0.707107 -5.53258e-18)
(0.573577 0.819152 -1.43459e-17)
(0.422619 0.906308 6.16137e-18)
(0.25882 0.965926 2.35998e-18)
(0.0871568 0.996195 -3.94449e-19)
(-0.0871561 0.996195 2.16041e-18)
(-0.25882 0.965926 1.22484e-19)
(-0.422617 0.906308 -1.45152e-18)
(-0.573576 0.819152 4.86504e-18)
(-0.707107 0.707107 -1.06437e-17)
(-0.819152 0.573576 2.57472e-17)
(-0.906308 0.422617 1.19956e-17)
(-0.965926 0.25882 -4.52124e-18)
(-0.996195 0.0871561 -1.5449e-18)
(-0.996195 -0.0871561 1.06412e-18)
(-0.965926 -0.25882 2.54669e-18)
(-0.906308 -0.422617 4.75449e-18)
(-0.819152 -0.573576 -9.68429e-18)
(-0.707107 -0.707107 -1.91897e-17)
(-0.573576 -0.819152 2.75192e-17)
(-0.422617 -0.906308 -1.14031e-18)
(-0.25882 -0.965926 7.52194e-18)
(-0.0871561 -0.996195 -5.91803e-19)
(0.0871561 -0.996195 -1.13749e-18)
(0.25882 -0.965926 1.90032e-18)
(0.422617 -0.906308 6.84826e-18)
(0.573576 -0.819152 4.65448e-18)
(0.707107 -0.707107 1.83116e-17)
(0.819152 -0.573576 2.17508e-17)
(0.906308 -0.422617 -1.73224e-18)
(0.965926 -0.25882 -2.38887e-18)
(0.996195 -0.0871561 -2.82859e-19)
(0.996195 0.0871561 -2.78279e-18)
(0.965926 0.25882 -3.98898e-18)
(0.906308 0.422617 4.23113e-18)
(0.819152 0.573576 4.90106e-20)
(0.707107 0.707107 1.50262e-17)
(0.573576 0.819152 2.37267e-17)
(0.422617 0.906308 -1.02911e-17)
(0.25882 0.965926 -2.8687e-18)
(0.0871561 0.996195 1.49994e-18)
(-0.0871546 0.996195 -5.37586e-18)
(-0.25882 0.965926 7.11916e-18)
(-0.422619 0.906307 -1.17975e-17)
(-0.573578 0.819151 -2.11144e-17)
(-0.707107 0.707107 -3.39373e-17)
(-0.819151 0.573578 -1.52489e-17)
(-0.906307 0.422619 1.33716e-18)
(-0.965926 0.25882 -1.65337e-17)
(-0.996195 0.0871546 4.54804e-18)
(-0.996195 -0.0871546 3.67351e-19)
(-0.965926 -0.25882 -8.96774e-19)
(-0.906307 -0.422619 -1.01817e-17)
(-0.819151 -0.573578 2.91763e-18)
(-0.707107 -0.707107 4.51324e-18)
(-0.573578 -0.819151 -5.11077e-18)
(-0.422619 -0.906307 5.77444e-18)
(-0.25882 -0.965926 6.57045e-18)
(-0.0871546 -0.996195 3.2961e-18)
(0.0871546 -0.996195 2.3817e-18)
(0.25882 -0.965926 6.34929e-18)
(0.422619 -0.906307 1.27608e-17)
(0.573578 -0.819151 2.97865e-17)
(0.707107 -0.707107 5.06962e-18)
(0.819151 -0.573578 -1.01608e-18)
(0.906307 -0.422619 7.38226e-18)
(0.965926 -0.25882 2.80526e-18)
(0.996195 -0.0871546 -6.52315e-19)
(0.996195 0.0871546 5.12094e-18)
(0.965926 0.25882 -7.62521e-18)
(0.906307 0.422619 4.52017e-18)
(0.819151 0.573578 6.16109e-18)
(0.707107 0.707107 -8.98868e-18)
(0.573578 0.819151 -1.47633e-18)
(0.422619 0.906307 -1.41986e-17)
(0.25882 0.965926 7.64002e-18)
(0.0871546 0.996195 -4.65191e-19)
(-0.0871542 0.996195 -3.35208e-18)
(-0.258819 0.965926 6.41875e-18)
(-0.42262 0.906307 -1.08765e-17)
(-0.573577 0.819152 2.32925e-17)
(-0.707107 0.707107 2.60972e-17)
(-0.819152 0.573577 -2.388e-17)
(-0.906307 0.42262 -1.98875e-17)
(-0.965926 0.258819 -1.54532e-18)
(-0.996195 0.0871542 1.28575e-18)
(-0.996195 -0.0871542 -2.75692e-19)
(-0.965926 -0.258819 -9.76107e-19)
(-0.906307 -0.42262 5.13197e-18)
(-0.819152 -0.573577 1.21321e-18)
(-0.707107 -0.707107 3.61062e-18)
(-0.573577 -0.819152 1.10289e-17)
(-0.42262 -0.906307 3.0921e-18)
(-0.258819 -0.965926 -5.57619e-18)
(-0.0871542 -0.996195 -2.42227e-18)
(0.0871542 -0.996195 6.46486e-19)
(0.258819 -0.965926 1.83422e-18)
(0.42262 -0.906307 -1.0934e-17)
(0.573577 -0.819152 4.61573e-18)
(0.707107 -0.707107 4.47224e-18)
(0.819152 -0.573577 3.45099e-17)
(0.906307 -0.42262 -1.1e-17)
(0.965926 -0.258819 6.1916e-18)
(0.996195 -0.0871542 3.08545e-18)
(0.996195 0.0871542 -3.21393e-19)
(0.965926 0.258819 -5.46141e-18)
(0.906307 0.42262 1.86446e-17)
(0.819152 0.573577 1.66064e-17)
(0.707107 0.707107 -1.21092e-17)
(0.573577 0.819152 -1.9207e-17)
(0.42262 0.906307 -4.74573e-18)
(0.258819 0.965926 -3.03948e-18)
(0.0871542 0.996195 -1.92054e-18)
(-0.0871549 0.996195 -4.64322e-18)
(-0.258819 0.965926 -2.34291e-17)
(-0.422619 0.906308 1.98306e-18)
(-0.573576 0.819152 -1.64103e-17)
(-0.707107 0.707107 1.19536e-17)
(-0.819152 0.573576 -1.52281e-17)
(-0.906308 0.422619 6.83994e-18)
(-0.965926 0.258819 -2.40226e-18)
(-0.996195 0.0871549 3.12129e-19)
(-0.996195 -0.0871549 2.40957e-18)
(-0.965926 -0.258819 1.52055e-20)
(-0.906308 -0.422619 1.66032e-17)
(-0.819152 -0.573576 3.0499e-18)
(-0.707107 -0.707107 1.06974e-17)
(-0.573576 -0.819152 3.10759e-17)
(-0.422619 -0.906308 1.07205e-17)
(-0.258819 -0.965926 -5.40355e-18)
(-0.0871549 -0.996195 3.1007e-18)
(0.0871549 -0.996195 8.62187e-19)
(0.258819 -0.965926 3.35018e-20)
(0.422619 -0.906308 -2.01079e-17)
(0.573576 -0.819152 1.39778e-17)
(0.707107 -0.707107 2.04533e-18)
(0.819152 -0.573576 2.56441e-17)
(0.906308 -0.422619 5.67492e-19)
(0.965926 -0.258819 -2.33017e-18)
(0.996195 -0.0871549 -4.23761e-18)
(0.996195 0.0871549 3.99857e-19)
(0.965926 0.258819 -7.60628e-18)
(0.906308 0.422619 1.43971e-17)
(0.819152 0.573576 -9.28885e-19)
(0.707107 0.707107 1.01538e-17)
(0.573576 0.819152 8.8294e-18)
(0.422619 0.906308 1.81523e-17)
(0.258819 0.965926 -1.48005e-17)
(0.0871549 0.996195 3.60513e-18)
(-0.087156 0.996195 -2.05415e-18)
(-0.258818 0.965926 -6.01724e-18)
(-0.422619 0.906307 3.33821e-17)
(-0.573577 0.819151 -1.07114e-17)
(-0.707107 0.707107 -1.41784e-17)
(-0.819151 0.573577 -5.14932e-18)
(-0.906307 0.422619 1.75732e-18)
(-0.965926 0.258818 2.62275e-18)
(-0.996195 0.087156 -7.27915e-20)
(-0.996195 -0.087156 -5.05857e-18)
(-0.965926 -0.258818 -1.23674e-17)
(-0.906307 -0.422619 3.01772e-18)
(-0.819151 -0.573577 1.0853e-18)
(-0.707107 -0.707107 6.19074e-17)
(-0.573577 -0.819151 -1.10214e-17)
(-0.422619 -0.906307 1.48568e-17)
(-0.258818 -0.965926 4.39145e-18)
(-0.087156 -0.996195 6.83588e-18)
(0.087156 -0.996195 8.48474e-19)
(0.258818 -0.965926 2.04412e-17)
(0.422619 -0.906307 1.07676e-18)
(0.573577 -0.819151 1.65816e-17)
(0.707107 -0.707107 -3.6529e-17)
(0.819151 -0.573577 4.13777e-18)
(0.906307 -0.422619 5.60525e-18)
(0.965926 -0.258818 7.27212e-18)
(0.996195 -0.087156 4.97808e-18)
(0.996195 0.087156 6.73334e-18)
(0.965926 0.258818 8.3119e-19)
(0.906307 0.422619 -7.15796e-18)
(0.819151 0.573577 -3.0005e-17)
(0.707107 0.707107 4.04888e-17)
(0.573577 0.819151 -7.64456e-18)
(0.422619 0.906307 -5.14463e-18)
(0.258818 0.965926 4.62536e-19)
(0.087156 0.996195 1.52335e-18)
(-0.0871543 0.996195 -9.70872e-18)
(-0.258817 0.965926 -1.36078e-17)
(-0.422618 0.906308 2.67828e-17)
(-0.573578 0.819151 3.52093e-17)
(-0.707107 0.707107 4.18776e-17)
(-0.819151 0.573578 -1.20139e-17)
(-0.906308 0.422618 4.13115e-17)
(-0.965926 0.258817 2.93917e-17)
(-0.996195 0.0871543 -3.8787e-18)
(-0.996195 -0.0871543 4.82957e-18)
(-0.965926 -0.258817 1.73559e-17)
(-0.906308 -0.422618 1.25971e-17)
(-0.819151 -0.573578 1.69216e-18)
(-0.707107 -0.707107 1.92424e-17)
(-0.573578 -0.819151 -2.41006e-17)
(-0.422618 -0.906308 1.65394e-17)
(-0.258817 -0.965926 2.27497e-19)
(-0.0871543 -0.996195 -3.33186e-18)
(0.0871543 -0.996195 -2.7811e-19)
(0.258817 -0.965926 1.76116e-17)
(0.422618 -0.906308 -2.50849e-18)
(0.573578 -0.819151 -4.33179e-18)
(0.707107 -0.707107 -3.93098e-17)
(0.819151 -0.573578 -7.43697e-18)
(0.906308 -0.422618 -8.76553e-18)
(0.965926 -0.258817 1.2781e-17)
(0.996195 -0.0871543 -3.3181e-18)
(0.996195 0.0871543 4.77725e-18)
(0.965926 0.258817 -7.95665e-18)
(0.906308 0.422618 7.58524e-18)
(0.819151 0.573578 5.08108e-17)
(0.707107 0.707107 5.49109e-18)
(0.573578 0.819151 2.66792e-18)
(0.422618 0.906308 7.44988e-18)
(0.258817 0.965926 -1.46086e-17)
(0.0871543 0.996195 -2.96549e-18)
(-0.0871525 0.996195 -2.28389e-18)
(-0.258819 0.965926 3.23655e-18)
(-0.422616 0.906309 -1.30178e-17)
(-0.573579 0.81915 -3.19821e-17)
(-0.707107 0.707107 -9.43934e-18)
(-0.81915 0.573579 5.03651e-18)
(-0.906309 0.422616 1.20648e-17)
(-0.965926 0.258819 -3.1359e-18)
(-0.996195 0.0871524 -6.94808e-19)
(-0.996195 -0.0871525 -4.10069e-18)
(-0.965926 -0.258819 6.31108e-18)
(-0.906309 -0.422616 1.84179e-18)
(-0.81915 -0.573579 5.10436e-17)
(-0.707107 -0.707107 3.11261e-17)
(-0.573579 -0.81915 1.54732e-17)
(-0.422616 -0.906309 -5.96572e-18)
(-0.258819 -0.965926 -4.66511e-19)
(-0.0871525 -0.996195 5.63603e-19)
(0.0871524 -0.996195 -2.80019e-18)
(0.258819 -0.965926 1.00113e-17)
(0.422616 -0.906309 1.50444e-18)
(0.573579 -0.81915 -9.0334e-18)
(0.707107 -0.707107 -1.00654e-17)
(0.81915 -0.573579 -5.99162e-18)
(0.906309 -0.422616 1.24412e-17)
(0.965926 -0.258819 4.16507e-18)
(0.996195 -0.0871525 -9.98513e-19)
(0.996195 0.0871525 2.30676e-18)
(0.965926 0.258819 -1.12688e-17)
(0.906309 0.422616 -9.09339e-18)
(0.81915 0.573579 8.29222e-18)
(0.707107 0.707107 2.36554e-17)
(0.573579 0.81915 7.90144e-18)
(0.422616 0.906309 -9.0941e-18)
(0.258819 0.965926 3.82373e-18)
(0.0871525 0.996195 -5.15108e-18)
(-0.0871565 0.996195 6.6273e-20)
(-0.258823 0.965925 2.97941e-18)
(-0.422608 0.906313 -5.90484e-18)
(-0.573589 0.819143 -1.26019e-17)
(-0.707107 0.707107 2.4509e-17)
(-0.819143 0.573589 -5.36065e-17)
(-0.906313 0.422607 2.93495e-17)
(-0.965925 0.258823 4.26301e-18)
(-0.996195 0.0871564 -3.34675e-18)
(-0.996195 -0.0871565 4.61188e-18)
(-0.965925 -0.258823 1.96462e-17)
(-0.906313 -0.422607 1.47351e-17)
(-0.819143 -0.573589 -7.58086e-18)
(-0.707107 -0.707107 -6.43614e-18)
(-0.573589 -0.819143 -6.11058e-18)
(-0.422607 -0.906313 1.1945e-17)
(-0.258823 -0.965925 2.68718e-18)
(-0.0871565 -0.996195 1.37849e-18)
(0.0871565 -0.996195 3.30515e-18)
(0.258823 -0.965925 -1.69716e-18)
(0.422607 -0.906313 1.21965e-17)
(0.573589 -0.819143 4.03178e-17)
(0.707107 -0.707107 -8.03133e-18)
(0.819143 -0.573589 -1.5883e-17)
(0.906313 -0.422607 -1.08902e-17)
(0.965925 -0.258823 -6.9482e-18)
(0.996195 -0.0871565 2.61189e-18)
(0.996195 0.0871565 -3.93591e-18)
(0.965925 0.258823 1.46618e-18)
(0.906313 0.422607 4.75444e-18)
(0.819143 0.573589 -5.4087e-18)
(0.707107 0.707107 -1.25867e-17)
(0.573589 0.819143 -7.23126e-18)
(0.422607 0.906313 -9.8519e-18)
(0.258823 0.965925 6.95574e-18)
(0.0871565 0.996195 1.7626e-19)
)
;
    }
    outside
    {
        type            calculated;
        value           nonuniform List<vector> 
540
(
(-0.0871565 0.996195 -1.60675e-20)
(-0.258819 0.965926 -1.14077e-18)
(-0.422619 0.906307 -3.29035e-19)
(-0.573578 0.819151 3.41384e-19)
(-0.707107 0.707107 2.13273e-19)
(-0.819151 0.573578 -1.38876e-18)
(-0.906307 0.422619 -7.79327e-19)
(-0.965926 0.258819 3.85233e-19)
(-0.996195 0.0871565 7.86601e-20)
(-0.996195 -0.0871565 -1.15136e-19)
(-0.965926 -0.258819 8.08841e-19)
(-0.906307 -0.422619 4.80822e-19)
(-0.819151 -0.573578 -8.30189e-19)
(-0.707107 -0.707107 -7.74592e-19)
(-0.573578 -0.819151 -3.67127e-19)
(-0.422619 -0.906307 5.51746e-19)
(-0.258819 -0.965926 1.21127e-19)
(-0.0871565 -0.996195 -2.41347e-19)
(0.0871565 -0.996195 3.87628e-20)
(0.258819 -0.965926 -1.189e-19)
(0.422619 -0.906307 -2.42107e-20)
(0.573578 -0.819151 7.94045e-19)
(0.707107 -0.707107 -2.49777e-20)
(0.819151 -0.573578 -6.72312e-19)
(0.906307 -0.422619 -1.84085e-19)
(0.965926 -0.258819 -3.5621e-19)
(0.996195 -0.0871565 -6.37759e-20)
(0.996195 0.0871565 -3.60234e-19)
(0.965926 0.258819 -2.88737e-19)
(0.906307 0.422619 4.55651e-19)
(0.819151 0.573578 -3.9482e-19)
(0.707107 0.707107 -6.31107e-19)
(0.573578 0.819151 8.94951e-19)
(0.422619 0.906307 -6.54239e-19)
(0.258819 0.965926 -8.30941e-19)
(0.0871565 0.996195 -4.46089e-20)
(-0.087158 0.996194 -1.74768e-19)
(-0.258819 0.965926 -1.31608e-19)
(-0.422619 0.906308 8.30033e-19)
(-0.573579 0.81915 3.14956e-19)
(-0.707107 0.707107 -1.75433e-18)
(-0.81915 0.573579 2.35736e-18)
(-0.906308 0.422619 -6.8943e-19)
(-0.965926 0.258819 -4.17689e-19)
(-0.996194 0.087158 -3.45066e-20)
(-0.996194 -0.087158 -1.16528e-19)
(-0.965926 -0.258819 1.26238e-18)
(-0.906308 -0.422619 -3.91931e-19)
(-0.81915 -0.573579 -7.75612e-19)
(-0.707107 -0.707107 -1.57011e-19)
(-0.573579 -0.81915 -6.46277e-19)
(-0.422619 -0.906308 -6.74112e-19)
(-0.258819 -0.965926 5.40249e-19)
(-0.087158 -0.996194 5.4115e-20)
(0.087158 -0.996194 1.73017e-19)
(0.258819 -0.965926 6.57516e-19)
(0.422619 -0.906308 1.31781e-18)
(0.573579 -0.81915 -3.80121e-19)
(0.707107 -0.707107 -9.88325e-20)
(0.81915 -0.573579 1.36441e-18)
(0.906308 -0.422619 -1.66327e-18)
(0.965926 -0.258819 -6.82876e-19)
(0.996194 -0.087158 3.00309e-19)
(0.996194 0.087158 1.91837e-19)
(0.965926 0.258819 4.46291e-19)
(0.906308 0.422619 1.74492e-18)
(0.81915 0.573579 1.76436e-19)
(0.707107 0.707107 6.11788e-19)
(0.573579 0.81915 -1.56432e-18)
(0.422619 0.906308 2.18487e-19)
(0.258819 0.965926 8.96555e-19)
(0.087158 0.996194 -1.55731e-19)
(-0.087156 0.996195 -8.99004e-21)
(-0.258819 0.965926 -1.1808e-19)
(-0.422619 0.906307 1.20059e-19)
(-0.573577 0.819152 -2.54792e-19)
(-0.707107 0.707107 1.47788e-19)
(-0.819152 0.573577 -1.19199e-19)
(-0.906307 0.422619 1.3925e-19)
(-0.965926 0.258819 -4.35614e-21)
(-0.996195 0.087156 -1.42827e-20)
(-0.996195 -0.087156 8.12777e-21)
(-0.965926 -0.258819 7.77475e-21)
(-0.906307 -0.422619 7.52298e-20)
(-0.819152 -0.573577 -1.89057e-19)
(-0.707107 -0.707107 -1.39549e-19)
(-0.573577 -0.819152 -1.23975e-19)
(-0.422619 -0.906307 2.00169e-19)
(-0.258819 -0.965926 -8.05659e-20)
(-0.087156 -0.996195 -9.13259e-21)
(0.087156 -0.996195 3.1171e-21)
(0.258819 -0.965926 6.03988e-20)
(0.422619 -0.906307 1.41222e-19)
(0.573577 -0.819152 1.01356e-19)
(0.707107 -0.707107 -1.48965e-21)
(0.819152 -0.573577 -1.33028e-19)
(0.906307 -0.422619 6.73025e-20)
(0.965926 -0.258819 1.59582e-20)
(0.996195 -0.087156 4.62688e-21)
(0.996195 0.087156 -3.38832e-20)
(0.965926 0.258819 -1.3474e-19)
(0.906307 0.422619 -1.67018e-21)
(0.819152 0.573577 -8.16959e-20)
(0.707107 0.707107 -5.33028e-20)
(0.573577 0.819152 -6.38218e-20)
(0.422619 0.906307 1.00161e-19)
(0.258819 0.965926 -3.15109e-20)
(0.087156 0.996195 6.0962e-21)
(-0.0871546 0.996195 7.96655e-20)
(-0.258817 0.965926 4.75871e-19)
(-0.42262 0.906307 5.7032e-19)
(-0.573577 0.819151 -3.18862e-18)
(-0.707107 0.707107 -1.16185e-18)
(-0.819151 0.573577 1.88081e-18)
(-0.906307 0.42262 -2.0934e-18)
(-0.965926 0.258817 -6.93874e-19)
(-0.996195 0.0871546 -4.3133e-19)
(-0.996195 -0.0871546 -1.61718e-19)
(-0.965926 -0.258817 1.22306e-18)
(-0.906307 -0.42262 6.02069e-19)
(-0.819151 -0.573577 -2.96175e-18)
(-0.707107 -0.707107 -2.90651e-19)
(-0.573577 -0.819151 2.60339e-18)
(-0.42262 -0.906307 -4.3734e-18)
(-0.258817 -0.965926 2.03715e-18)
(-0.0871546 -0.996195 6.14638e-19)
(0.0871546 -0.996195 -3.82766e-20)
(0.258817 -0.965926 6.64496e-19)
(0.42262 -0.906307 -3.19564e-18)
(0.573577 -0.819151 1.95014e-19)
(0.707107 -0.707107 -2.32981e-18)
(0.819151 -0.573577 2.34318e-18)
(0.906307 -0.42262 -6.04909e-19)
(0.965926 -0.258817 1.56961e-18)
(0.996195 -0.0871546 -3.50232e-19)
(0.996195 0.0871546 -5.25396e-19)
(0.965926 0.258817 -1.18488e-19)
(0.906307 0.42262 -5.48779e-19)
(0.819151 0.573577 3.27628e-18)
(0.707107 0.707107 -1.27938e-18)
(0.573577 0.819151 -3.00907e-18)
(0.42262 0.906307 -1.44026e-18)
(0.258817 0.965926 1.06422e-18)
(0.0871546 0.996195 2.73475e-19)
(-0.0871547 0.996195 -2.1213e-19)
(-0.258818 0.965926 -2.28075e-20)
(-0.422619 0.906307 7.68526e-18)
(-0.573578 0.819151 -9.85665e-18)
(-0.707107 0.707107 4.8786e-18)
(-0.819151 0.573578 -3.35534e-18)
(-0.906307 0.422619 -2.49638e-18)
(-0.965926 0.258818 -1.3871e-18)
(-0.996195 0.0871547 2.60077e-18)
(-0.996195 -0.0871547 7.97471e-19)
(-0.965926 -0.258818 8.12818e-19)
(-0.906307 -0.422619 5.34776e-18)
(-0.819151 -0.573578 -3.13068e-18)
(-0.707107 -0.707107 -7.08949e-18)
(-0.573578 -0.819151 3.407e-18)
(-0.422619 -0.906307 -2.6146e-18)
(-0.258818 -0.965926 -4.27826e-19)
(-0.0871547 -0.996195 7.76939e-19)
(0.0871547 -0.996195 3.09223e-19)
(0.258818 -0.965926 3.42683e-18)
(0.422619 -0.906307 -4.94817e-18)
(0.573578 -0.819151 -3.5072e-18)
(0.707107 -0.707107 4.07019e-18)
(0.819151 -0.573578 -4.73361e-18)
(0.906307 -0.422619 7.33493e-18)
(0.965926 -0.258818 2.10731e-18)
(0.996195 -0.0871547 1.71686e-18)
(0.996195 0.0871547 7.5331e-19)
(0.965926 0.258818 -2.49888e-18)
(0.906307 0.422619 -4.99944e-18)
(0.819151 0.573578 5.50543e-18)
(0.707107 0.707107 1.07723e-17)
(0.573578 0.819151 -3.21194e-18)
(0.422619 0.906307 4.12282e-19)
(0.258818 0.965926 5.10948e-18)
(0.0871547 0.996195 -6.79452e-19)
(-0.0871558 0.996195 -1.51227e-18)
(-0.258819 0.965926 6.52575e-18)
(-0.422618 0.906308 -5.13506e-18)
(-0.573576 0.819153 -1.04794e-17)
(-0.707107 0.707107 6.80156e-18)
(-0.819153 0.573576 -2.16299e-18)
(-0.906308 0.422618 -1.96152e-18)
(-0.965926 0.258819 8.58953e-19)
(-0.996195 0.0871558 -9.1222e-19)
(-0.996195 -0.0871558 2.82786e-18)
(-0.965926 -0.258819 -8.40713e-18)
(-0.906308 -0.422618 1.02943e-18)
(-0.819153 -0.573576 4.81427e-18)
(-0.707107 -0.707107 -4.59609e-18)
(-0.573576 -0.819153 3.96638e-18)
(-0.422618 -0.906308 3.64829e-18)
(-0.258819 -0.965926 -1.48715e-18)
(-0.0871558 -0.996195 2.01191e-18)
(0.0871558 -0.996195 2.53505e-18)
(0.258819 -0.965926 -8.31202e-19)
(0.422618 -0.906308 -8.37939e-18)
(0.573576 -0.819153 2.9057e-18)
(0.707107 -0.707107 -4.23353e-18)
(0.819153 -0.573576 -4.75119e-18)
(0.906308 -0.422618 1.60307e-18)
(0.965926 -0.258819 3.63679e-18)
(0.996195 -0.0871558 7.81633e-19)
(0.996195 0.0871558 3.84699e-18)
(0.965926 0.258819 -4.93756e-19)
(0.906308 0.422618 5.58226e-18)
(0.819153 0.573576 1.19853e-18)
(0.707107 0.707107 -5.84432e-18)
(0.573576 0.819153 -3.16156e-18)
(0.422618 0.906308 6.74438e-18)
(0.258819 0.965926 -9.64687e-19)
(0.0871558 0.996195 -1.10144e-18)
(-0.0871559 0.996195 1.15039e-18)
(-0.25882 0.965926 -5.53488e-18)
(-0.422618 0.906308 1.33416e-17)
(-0.573575 0.819153 -1.96294e-17)
(-0.707107 0.707107 1.54947e-17)
(-0.819153 0.573575 3.62714e-18)
(-0.906308 0.422618 -4.75624e-18)
(-0.965926 0.25882 1.8694e-18)
(-0.996195 0.0871559 -3.33802e-19)
(-0.996195 -0.0871559 -1.43879e-18)
(-0.965926 -0.25882 9.23385e-18)
(-0.906308 -0.422618 -1.46056e-18)
(-0.819153 -0.573575 3.15168e-20)
(-0.707107 -0.707107 1.2293e-17)
(-0.573575 -0.819153 7.97658e-18)
(-0.422618 -0.906308 -3.88068e-18)
(-0.25882 -0.965926 -3.15873e-18)
(-0.0871559 -0.996195 -2.86854e-18)
(0.0871559 -0.996195 -1.45642e-18)
(0.25882 -0.965926 1.55721e-18)
(0.422618 -0.906308 -5.54478e-18)
(0.573575 -0.819153 -2.20136e-17)
(0.707107 -0.707107 3.83813e-18)
(0.819153 -0.573575 -2.07573e-18)
(0.906308 -0.422618 4.01164e-19)
(0.965926 -0.25882 -2.94418e-18)
(0.996195 -0.0871559 3.13371e-19)
(0.996195 0.0871559 1.06927e-18)
(0.965926 0.25882 -1.70135e-18)
(0.906308 0.422618 7.30336e-18)
(0.819153 0.573575 -2.79152e-17)
(0.707107 0.707107 -1.1955e-17)
(0.573575 0.819153 -8.06745e-18)
(0.422618 0.906308 1.76806e-18)
(0.25882 0.965926 -3.82608e-18)
(0.0871559 0.996195 1.04195e-18)
(-0.0871571 0.996195 -4.90027e-18)
(-0.25882 0.965926 5.31992e-18)
(-0.422617 0.906308 -2.31081e-18)
(-0.573576 0.819153 2.93531e-18)
(-0.707107 0.707107 2.72881e-17)
(-0.819153 0.573576 -2.03102e-17)
(-0.906308 0.422617 5.87783e-18)
(-0.965926 0.25882 -6.15659e-18)
(-0.996195 0.0871571 -5.47004e-19)
(-0.996195 -0.0871571 -4.3877e-18)
(-0.965926 -0.25882 8.15349e-18)
(-0.906308 -0.422617 -8.09025e-18)
(-0.819153 -0.573576 -9.06455e-18)
(-0.707107 -0.707107 2.23508e-17)
(-0.573576 -0.819153 7.60902e-18)
(-0.422617 -0.906308 -1.10444e-17)
(-0.25882 -0.965926 3.23429e-18)
(-0.0871571 -0.996195 6.34372e-18)
(0.0871571 -0.996195 3.39298e-19)
(0.25882 -0.965926 -3.26361e-18)
(0.422617 -0.906308 -4.60186e-18)
(0.573576 -0.819153 -9.27713e-18)
(0.707107 -0.707107 -9.90448e-18)
(0.819153 -0.573576 1.82959e-18)
(0.906308 -0.422617 4.10929e-18)
(0.965926 -0.25882 1.23704e-17)
(0.996195 -0.0871571 1.57208e-18)
(0.996195 0.0871571 1.79404e-19)
(0.965926 0.25882 -6.29973e-18)
(0.906308 0.422617 -6.28415e-18)
(0.819153 0.573576 1.59892e-17)
(0.707107 0.707107 -2.59252e-18)
(0.573576 0.819153 -1.07815e-17)
(0.422617 0.906308 1.20314e-17)
(0.25882 0.965926 7.81016e-18)
(0.0871571 0.996195 -2.11541e-18)
(-0.0871582 0.996194 -2.7579e-18)
(-0.258819 0.965926 1.05475e-17)
(-0.422618 0.906308 -8.78726e-18)
(-0.573577 0.819152 -3.35492e-18)
(-0.707107 0.707107 7.60486e-18)
(-0.819152 0.573577 -4.00421e-17)
(-0.906308 0.422618 2.44646e-17)
(-0.965926 0.258819 9.31185e-18)
(-0.996194 0.0871582 -5.48647e-19)
(-0.996194 -0.0871582 2.68711e-19)
(-0.965926 -0.258819 -3.71231e-18)
(-0.906308 -0.422618 -2.636e-17)
(-0.819152 -0.573577 8.46944e-18)
(-0.707107 -0.707107 1.48336e-17)
(-0.573577 -0.819152 2.6045e-17)
(-0.422618 -0.906308 -1.66899e-17)
(-0.258819 -0.965926 -1.44282e-17)
(-0.0871582 -0.996194 -1.95313e-18)
(0.0871582 -0.996194 2.80857e-18)
(0.258819 -0.965926 6.95178e-19)
(0.422618 -0.906308 3.71631e-17)
(0.573577 -0.819152 1.12679e-17)
(0.707107 -0.707107 7.47681e-18)
(0.819152 -0.573577 2.74257e-17)
(0.906308 -0.422618 7.04434e-18)
(0.965926 -0.258819 -9.66338e-18)
(0.996194 -0.0871582 1.37381e-18)
(0.996194 0.0871582 -2.20649e-19)
(0.965926 0.258819 -1.38552e-17)
(0.906308 0.422618 -2.61229e-17)
(0.819152 0.573577 1.1266e-17)
(0.707107 0.707107 1.02452e-17)
(0.573577 0.819152 1.26553e-17)
(0.422618 0.906308 3.02938e-17)
(0.258819 0.965926 -1.80925e-17)
(0.0871582 0.996194 2.92926e-18)
(-0.0871559 0.996195 -9.63273e-19)
(-0.258818 0.965926 -9.15008e-18)
(-0.422619 0.906308 -1.7227e-17)
(-0.573578 0.819151 -2.14262e-17)
(-0.707107 0.707107 -4.25676e-18)
(-0.819151 0.573578 -3.91196e-17)
(-0.906308 0.422619 6.1091e-18)
(-0.965926 0.258818 3.47357e-19)
(-0.996195 0.0871559 6.91292e-19)
(-0.996195 -0.0871558 2.21446e-18)
(-0.965926 -0.258818 5.04093e-18)
(-0.906308 -0.422619 -7.21362e-18)
(-0.819151 -0.573578 3.18221e-17)
(-0.707107 -0.707107 8.58443e-18)
(-0.573578 -0.819151 -1.39936e-17)
(-0.422619 -0.906308 1.12792e-17)
(-0.258818 -0.965926 7.24784e-18)
(-0.0871559 -0.996195 4.99859e-19)
(0.0871559 -0.996195 -3.88662e-18)
(0.258818 -0.965926 -2.78821e-18)
(0.422619 -0.906308 -4.20891e-18)
(0.573578 -0.819151 -1.17593e-17)
(0.707107 -0.707107 3.10838e-17)
(0.819151 -0.573578 -2.78366e-17)
(0.906308 -0.422619 -6.22737e-18)
(0.965926 -0.258818 3.25102e-18)
(0.996195 -0.0871559 3.19122e-19)
(0.996195 0.0871559 6.11308e-19)
(0.965926 0.258818 -5.18375e-18)
(0.906308 0.422619 -5.84828e-18)
(0.819151 0.573578 -1.89577e-17)
(0.707107 0.707107 5.21141e-17)
(0.573578 0.819151 -3.58518e-17)
(0.422619 0.906308 2.23667e-18)
(0.258818 0.965926 1.46817e-17)
(0.0871558 0.996195 8.71541e-18)
(-0.0871524 0.996195 3.55079e-18)
(-0.258816 0.965927 1.25952e-17)
(-0.422621 0.906307 -1.13916e-18)
(-0.573577 0.819151 1.27918e-18)
(-0.707107 0.707107 -8.9929e-18)
(-0.819151 0.573577 1.56448e-17)
(-0.906307 0.422621 3.41695e-18)
(-0.965927 0.258816 -1.81789e-17)
(-0.996195 0.0871524 -3.60393e-18)
(-0.996195 -0.0871524 -3.84479e-18)
(-0.965927 -0.258816 -5.73986e-18)
(-0.906307 -0.422621 -3.06913e-18)
(-0.819151 -0.573577 3.71556e-17)
(-0.707107 -0.707107 -4.74206e-18)
(-0.573577 -0.819151 1.06609e-17)
(-0.422621 -0.906307 1.87188e-17)
(-0.258816 -0.965927 -4.07249e-18)
(-0.0871524 -0.996195 -6.05699e-18)
(0.0871524 -0.996195 -4.04914e-18)
(0.258816 -0.965927 -8.14027e-18)
(0.422621 -0.906307 -8.42738e-19)
(0.573577 -0.819151 -1.21505e-17)
(0.707107 -0.707107 2.65012e-17)
(0.819151 -0.573577 -4.1607e-17)
(0.906307 -0.422621 1.06627e-18)
(0.965927 -0.258816 -4.79208e-18)
(0.996195 -0.0871524 1.3801e-18)
(0.996195 0.0871524 -5.57316e-18)
(0.965927 0.258816 1.44506e-17)
(0.906307 0.422621 1.88598e-17)
(0.819151 0.573577 -2.23836e-17)
(0.707107 0.707107 2.12683e-17)
(0.573577 0.819151 1.80741e-17)
(0.422621 0.906307 1.76685e-17)
(0.258816 0.965927 1.00906e-17)
(0.0871524 0.996195 -1.72672e-18)
(-0.0871516 0.996195 1.37498e-18)
(-0.25882 0.965926 -7.95361e-18)
(-0.42262 0.906307 -6.56686e-18)
(-0.573575 0.819153 -1.30025e-17)
(-0.707107 0.707107 2.63684e-17)
(-0.819153 0.573575 -1.17539e-17)
(-0.906307 0.42262 9.63769e-19)
(-0.965926 0.25882 3.60874e-18)
(-0.996195 0.0871516 -5.0443e-18)
(-0.996195 -0.0871516 -4.03681e-18)
(-0.965926 -0.25882 -3.06874e-17)
(-0.906307 -0.42262 -7.14801e-19)
(-0.819153 -0.573575 2.55706e-17)
(-0.707107 -0.707107 6.25661e-19)
(-0.573575 -0.819153 -1.56487e-17)
(-0.42262 -0.906307 7.0581e-18)
(-0.25882 -0.965926 1.31555e-17)
(-0.0871516 -0.996195 1.99359e-18)
(0.0871516 -0.996195 -5.87832e-18)
(0.25882 -0.965926 1.47759e-17)
(0.42262 -0.906307 -1.59956e-17)
(0.573575 -0.819153 -1.84553e-19)
(0.707107 -0.707107 1.54149e-18)
(0.819153 -0.573575 1.6602e-17)
(0.906307 -0.42262 -4.72762e-17)
(0.965926 -0.25882 -7.41242e-18)
(0.996195 -0.0871516 1.42832e-18)
(0.996195 0.0871516 4.57038e-18)
(0.965926 0.25882 -2.99075e-18)
(0.906307 0.42262 2.19487e-17)
(0.819153 0.573575 -2.70397e-17)
(0.707107 0.707107 1.39789e-17)
(0.573575 0.819153 1.81238e-17)
(0.42262 0.906307 2.49278e-19)
(0.25882 0.965926 1.04928e-17)
(0.0871516 0.996195 -4.40366e-18)
(-0.0871542 0.996195 3.29968e-18)
(-0.258831 0.965923 -7.11738e-19)
(-0.422621 0.906307 -2.23061e-17)
(-0.573571 0.819156 -1.86651e-17)
(-0.707107 0.707107 1.99303e-17)
(-0.819156 0.573571 -1.98366e-17)
(-0.906307 0.42262 -3.92422e-17)
(-0.965923 0.258831 1.74128e-19)
(-0.996195 0.0871542 -5.25102e-19)
(-0.996195 -0.0871542 1.1991e-19)
(-0.965923 -0.258831 1.52437e-17)
(-0.906307 -0.422621 -9.21765e-18)
(-0.819156 -0.573571 1.07166e-17)
(-0.707107 -0.707107 -1.11815e-17)
(-0.573571 -0.819156 -1.30633e-17)
(-0.422621 -0.906307 -2.17611e-17)
(-0.258831 -0.965923 4.12116e-18)
(-0.0871542 -0.996195 4.52827e-18)
(0.0871542 -0.996195 1.04074e-17)
(0.258831 -0.965923 1.35337e-17)
(0.42262 -0.906307 -3.19732e-18)
(0.573571 -0.819156 3.62574e-18)
(0.707107 -0.707107 3.88941e-17)
(0.819156 -0.573571 1.66991e-17)
(0.906307 -0.422621 1.93291e-17)
(0.965923 -0.258831 9.59823e-18)
(0.996195 -0.0871542 -6.19616e-19)
(0.996195 0.0871542 5.96825e-18)
(0.965923 0.258831 9.33642e-18)
(0.906307 0.42262 -2.10383e-17)
(0.819156 0.573571 3.88785e-17)
(0.707107 0.707107 4.08146e-17)
(0.573571 0.819156 1.42507e-17)
(0.422621 0.906307 -1.39492e-18)
(0.258831 0.965923 1.78292e-17)
(0.0871542 0.996195 2.19386e-18)
(-0.0872108 0.99619 3.01959e-19)
(-0.258832 0.965922 -1.45873e-18)
(-0.422627 0.906304 -7.74781e-18)
(-0.57362 0.819122 2.22647e-17)
(-0.707107 0.707107 -6.4989e-18)
(-0.819122 0.57362 2.12934e-17)
(-0.906304 0.422627 2.67207e-19)
(-0.965922 0.258832 -2.23824e-18)
(-0.99619 0.0872112 -1.87111e-18)
(-0.99619 -0.0872114 8.19418e-19)
(-0.965922 -0.258832 -3.3798e-18)
(-0.906304 -0.422627 -5.49198e-18)
(-0.819122 -0.57362 5.08057e-19)
(-0.707107 -0.707107 -2.48944e-18)
(-0.57362 -0.819122 8.9958e-18)
(-0.422627 -0.906304 7.22267e-18)
(-0.258832 -0.965922 1.25839e-18)
(-0.0872114 -0.99619 -2.565e-19)
(0.0872113 -0.99619 2.48239e-18)
(0.258832 -0.965922 -1.20567e-18)
(0.422627 -0.906304 -4.27391e-18)
(0.57362 -0.819122 1.86151e-17)
(0.707107 -0.707107 1.36362e-18)
(0.819122 -0.57362 1.23416e-17)
(0.906304 -0.422627 -2.57443e-18)
(0.965922 -0.258832 -2.23699e-18)
(0.99619 -0.0872114 8.6172e-19)
(0.99619 0.0872113 4.25254e-19)
(0.965922 0.258832 5.86918e-18)
(0.906304 0.422627 -1.43198e-18)
(0.819122 0.57362 -1.81557e-17)
(0.707107 0.707107 -6.09002e-18)
(0.57362 0.819122 -1.21204e-17)
(0.422627 0.906304 -3.76877e-18)
(0.258832 0.965922 -4.19717e-18)
(0.0872115 0.99619 2.10346e-19)
(0.0871418 -0.996196 -1.91635e-19)
(0.258937 -0.965894 1.47438e-18)
(0.422673 -0.906282 -2.01761e-17)
(0.573463 -0.819231 1.40783e-17)
(0.707106 -0.707107 9.73403e-18)
(0.81923 -0.573465 -3.59549e-18)
(0.906282 -0.422674 1.26687e-17)
(0.965894 -0.258938 -2.85102e-18)
(0.996196 -0.087142 -1.88426e-18)
(0.996196 0.0871414 1.01079e-18)
(0.965894 0.258937 -1.82753e-18)
(0.906282 0.422674 1.17373e-17)
(0.819231 0.573464 -3.52553e-17)
(0.707107 0.707107 2.90971e-18)
(0.573464 0.819231 -2.3893e-17)
(0.422674 0.906282 2.56598e-17)
(0.258938 0.965894 6.02127e-18)
(0.0871416 0.996196 -5.03228e-18)
(-0.0871418 0.996196 -2.21189e-18)
(-0.258938 0.965894 4.05401e-18)
(-0.422674 0.906282 8.34513e-18)
(-0.573464 0.81923 -1.76379e-17)
(-0.707107 0.707107 4.79156e-18)
(-0.819231 0.573464 -1.46959e-17)
(-0.906282 0.422674 -9.82049e-18)
(-0.965894 0.258937 9.06766e-18)
(-0.996196 0.0871415 3.82647e-18)
(-0.996196 -0.087142 2.05553e-18)
(-0.965894 -0.258938 -6.39706e-18)
(-0.906282 -0.422674 -2.02712e-18)
(-0.81923 -0.573465 1.16948e-17)
(-0.707106 -0.707107 4.39407e-18)
(-0.573464 -0.819231 -1.7168e-17)
(-0.422673 -0.906282 -6.3582e-18)
(-0.258937 -0.965894 -2.65478e-18)
(-0.0871412 -0.996196 1.65765e-18)
)
;
    }
}


// ************************************************************************* //
