/*--------------------------------*- C++ -*----------------------------------*\
| =========                 |                                                 |
| \\      /  F ield         | OpenFOAM: The Open Source CFD Toolbox           |
|  \\    /   O peration     | Version:  2412                                  |
|   \\  /    A nd           | Website:  www.openfoam.com                      |
|    \\/     M anipulation  |                                                 |
\*---------------------------------------------------------------------------*/
FoamFile
{
    version     2.0;
    format      ascii;
    arch        "LSB;label=32;scalar=64";
    class       volScalarField;
    location    "0.030011";
    object      Vm;
}
// * * * * * * * * * * * * * * * * * * * * * * * * * * * * * * * * * * * * * //

dimensions      [0 0 0 0 0 0 0];

internalField   nonuniform List<scalar> 
8679
(
1.09862
1.09857
1.09842
1.0982
1.09794
1.09761
1.09723
1.0968
1.0963
1.09573
1.09508
1.09439
1.09367
1.09291
1.0921
1.09124
1.09036
1.08946
1.08853
1.08755
1.08656
1.08555
1.08451
1.08349
1.08251
1.08153
1.0806
1.0797
1.07883
1.078
1.07724
1.07656
1.07595
1.09853
1.09845
1.09831
1.09811
1.09784
1.0975
1.09712
1.09667
1.09615
1.09559
1.09497
1.09429
1.09357
1.09279
1.09197
1.09112
1.09022
1.08931
1.08837
1.0874
1.08641
1.08541
1.08441
1.08343
1.08244
1.08148
1.08053
1.07962
1.07876
1.07792
1.07716
1.07648
1.07589
1.09823
1.09816
1.09803
1.09783
1.09756
1.09723
1.09683
1.09636
1.09584
1.09525
1.09462
1.09395
1.09324
1.09248
1.09169
1.09086
1.09
1.0891
1.08816
1.08719
1.08622
1.08525
1.08425
1.08326
1.08229
1.08133
1.0804
1.0795
1.07862
1.07781
1.07708
1.07643
1.07586
1.11258
1.1125
1.11236
1.11214
1.11186
1.11149
1.11106
1.11056
1.11
1.10937
1.10868
1.10791
1.10708
1.10619
1.10525
1.10425
1.10321
1.10212
1.10099
1.09981
1.09859
1.09736
1.09609
1.0948
1.09348
1.09216
1.09085
1.08955
1.08823
1.08692
1.08562
1.08435
1.08311
1.11244
1.11236
1.11222
1.112
1.1117
1.11134
1.11091
1.11041
1.10984
1.1092
1.10851
1.10775
1.10694
1.10606
1.10512
1.10413
1.10306
1.10196
1.10082
1.09965
1.09847
1.09723
1.09597
1.09469
1.09338
1.09205
1.09073
1.0894
1.08809
1.08678
1.08548
1.08422
1.08299
1.11221
1.11213
1.11197
1.11176
1.11148
1.11111
1.11066
1.11014
1.10956
1.10889
1.10819
1.10743
1.10664
1.10577
1.10484
1.10385
1.10282
1.10174
1.10062
1.09945
1.09825
1.09703
1.09577
1.0945
1.09318
1.09187
1.09056
1.08922
1.08788
1.08657
1.08531
1.08406
1.08285
1.1118
1.11171
1.11155
1.11134
1.11105
1.11069
1.11024
1.10972
1.10914
1.10847
1.10776
1.10701
1.10621
1.10534
1.10442
1.10343
1.1024
1.10133
1.10021
1.09905
1.09786
1.09665
1.0954
1.09413
1.09282
1.09152
1.0902
1.08886
1.08754
1.08625
1.08499
1.08378
1.08259
1.11112
1.11104
1.11089
1.11066
1.11037
1.11001
1.10957
1.10908
1.1085
1.10786
1.10716
1.10641
1.10559
1.10472
1.10379
1.1028
1.10175
1.10067
1.09955
1.0984
1.09724
1.09603
1.09479
1.09354
1.09228
1.09098
1.08969
1.08841
1.08713
1.08587
1.08462
1.0834
1.08223
1.12653
1.12648
1.12633
1.12611
1.12581
1.12542
1.12495
1.1244
1.12381
1.12315
1.12243
1.12164
1.12078
1.11987
1.11889
1.11784
1.11673
1.11555
1.11432
1.11303
1.11171
1.11033
1.10891
1.10743
1.10592
1.10439
1.10283
1.10125
1.09964
1.09801
1.0964
1.09476
1.09313
1.12645
1.12637
1.12621
1.12598
1.12568
1.1253
1.12484
1.12431
1.1237
1.12303
1.1223
1.1215
1.12065
1.11972
1.11874
1.11769
1.11658
1.1154
1.11416
1.11288
1.11155
1.11017
1.10877
1.10732
1.10582
1.10427
1.1027
1.10111
1.09952
1.0979
1.09626
1.09461
1.09298
1.12619
1.12611
1.12596
1.12573
1.12542
1.12504
1.1246
1.12408
1.12349
1.12282
1.12209
1.12128
1.1204
1.11947
1.11846
1.1174
1.11629
1.11513
1.11391
1.11264
1.11131
1.10994
1.10853
1.10706
1.10557
1.10404
1.10249
1.1009
1.0993
1.09767
1.09605
1.09441
1.09277
1.1258
1.12571
1.12556
1.12531
1.125
1.12463
1.12419
1.12367
1.12308
1.12241
1.12167
1.12086
1.11998
1.11905
1.11804
1.11698
1.11587
1.11471
1.1135
1.11223
1.1109
1.10953
1.1081
1.10665
1.10517
1.10366
1.10211
1.10053
1.09893
1.09731
1.09569
1.09408
1.09245
1.12518
1.1251
1.12493
1.1247
1.12439
1.12401
1.12354
1.12301
1.1224
1.12172
1.12099
1.12019
1.11933
1.1184
1.11742
1.11637
1.11526
1.11409
1.11286
1.11159
1.11028
1.10892
1.10752
1.10608
1.10458
1.10305
1.10151
1.09995
1.09838
1.0968
1.0952
1.09359
1.09199
1.12424
1.12415
1.12398
1.12375
1.12345
1.12307
1.12261
1.12208
1.12147
1.1208
1.12007
1.11929
1.11842
1.11749
1.1165
1.11547
1.11437
1.1132
1.11197
1.1107
1.1094
1.10805
1.10666
1.10523
1.10374
1.10223
1.1007
1.09916
1.09759
1.09602
1.09444
1.09285
1.09127
1.12294
1.12286
1.12271
1.12248
1.12218
1.1218
1.12135
1.12084
1.12024
1.11957
1.11883
1.11804
1.11718
1.11625
1.11527
1.11424
1.11315
1.11199
1.11078
1.10951
1.10822
1.10687
1.10549
1.10405
1.1026
1.10113
1.09963
1.09811
1.09658
1.09503
1.09348
1.09193
1.09038
1.12118
1.12112
1.12098
1.12077
1.12049
1.12012
1.11967
1.11915
1.11857
1.11792
1.11719
1.1164
1.11556
1.11464
1.11367
1.11265
1.11156
1.11042
1.10921
1.10795
1.10665
1.10533
1.10396
1.10257
1.10116
1.09972
1.09824
1.09675
1.09526
1.09378
1.09228
1.09077
1.08926
1.11896
1.11889
1.11876
1.11854
1.11825
1.1179
1.11749
1.11699
1.11641
1.11576
1.11504
1.11427
1.11344
1.11254
1.11158
1.11058
1.10952
1.10841
1.10723
1.10601
1.10474
1.10345
1.10211
1.10075
1.09936
1.09795
1.09653
1.0951
1.09365
1.0922
1.09075
1.08929
1.08784
1.11631
1.11625
1.1161
1.11588
1.11557
1.1152
1.11477
1.11428
1.11371
1.11309
1.1124
1.11165
1.11083
1.10995
1.10903
1.10805
1.10701
1.10593
1.10479
1.1036
1.10238
1.10113
1.09983
1.0985
1.09716
1.09581
1.09443
1.09304
1.09165
1.09026
1.08888
1.0875
1.08615
1.1131
1.11302
1.11286
1.11265
1.11237
1.11201
1.11158
1.11107
1.11051
1.10989
1.10922
1.10849
1.10769
1.10684
1.10595
1.105
1.10401
1.10295
1.10184
1.1007
1.09953
1.09832
1.09707
1.0958
1.09451
1.09321
1.09191
1.09062
1.08932
1.08802
1.08671
1.08544
1.0842
1.10916
1.10909
1.10895
1.10874
1.10847
1.10812
1.1077
1.10721
1.10667
1.10607
1.10542
1.10472
1.10395
1.10313
1.10228
1.10136
1.10039
1.09937
1.09832
1.09722
1.0961
1.09494
1.09376
1.09257
1.09134
1.09011
1.08889
1.08767
1.08645
1.08526
1.0841
1.08296
1.08186
1.1046
1.10454
1.10442
1.10421
1.10394
1.10361
1.1032
1.10273
1.10221
1.10164
1.10101
1.10032
1.09959
1.09882
1.09799
1.09711
1.09618
1.09521
1.09421
1.09317
1.0921
1.09102
1.08991
1.08879
1.08765
1.08653
1.08541
1.0843
1.0832
1.08215
1.08115
1.08019
1.07928
1.09977
1.09971
1.09958
1.09939
1.09912
1.0988
1.09841
1.09796
1.09746
1.09691
1.0963
1.09564
1.09494
1.09418
1.09338
1.09252
1.09164
1.09071
1.08976
1.08878
1.08776
1.08674
1.08574
1.08473
1.08371
1.08268
1.08168
1.08069
1.07974
1.07882
1.07797
1.0772
1.0765
1.09606
1.09599
1.09584
1.09564
1.09536
1.09503
1.09465
1.09421
1.09373
1.09321
1.09263
1.09201
1.09135
1.09062
1.08984
1.08901
1.08816
1.08727
1.08635
1.0854
1.08445
1.08349
1.08253
1.08157
1.0806
1.07966
1.07875
1.07786
1.07701
1.07621
1.07547
1.07481
1.07422
1.13998
1.1399
1.13975
1.1395
1.13918
1.13879
1.13834
1.13779
1.13719
1.13652
1.13579
1.135
1.13413
1.1332
1.1322
1.13113
1.12999
1.12878
1.12751
1.12618
1.12481
1.12339
1.12191
1.12037
1.11876
1.1171
1.1154
1.11365
1.11186
1.11003
1.10817
1.10628
1.10436
1.13988
1.1398
1.13965
1.13942
1.1391
1.13872
1.13826
1.13773
1.13712
1.13645
1.13572
1.13492
1.13404
1.13309
1.13208
1.131
1.12986
1.12867
1.1274
1.12607
1.12468
1.12323
1.12174
1.1202
1.1186
1.11694
1.11524
1.11349
1.11171
1.10989
1.10803
1.10615
1.10424
1.13969
1.13961
1.13944
1.13921
1.1389
1.13851
1.13804
1.13753
1.13694
1.13627
1.13552
1.1347
1.13383
1.1329
1.13188
1.1308
1.12966
1.12845
1.12718
1.12585
1.12446
1.123
1.12149
1.11994
1.11835
1.11671
1.11502
1.11327
1.11149
1.10967
1.10782
1.10593
1.10401
1.13932
1.13924
1.13907
1.13883
1.13852
1.13813
1.13767
1.13715
1.13655
1.13588
1.13513
1.13431
1.13343
1.13249
1.13147
1.1304
1.12926
1.12804
1.12677
1.12545
1.12406
1.1226
1.1211
1.11955
1.11796
1.11632
1.11464
1.1129
1.11112
1.10931
1.10745
1.10558
1.10367
1.13871
1.13862
1.13846
1.13822
1.1379
1.13751
1.13705
1.13651
1.1359
1.13522
1.13447
1.13367
1.13278
1.13184
1.13083
1.12976
1.12861
1.1274
1.12613
1.12481
1.12344
1.12201
1.12053
1.11899
1.11739
1.11574
1.11404
1.11231
1.11053
1.10872
1.10688
1.10501
1.10312
1.13781
1.13772
1.13757
1.13733
1.13702
1.13665
1.13619
1.13566
1.13504
1.13436
1.13363
1.13282
1.13193
1.13096
1.12994
1.12886
1.12772
1.12652
1.12526
1.12394
1.12257
1.12114
1.11966
1.11812
1.11652
1.11488
1.11318
1.11146
1.1097
1.1079
1.10607
1.10422
1.10235
1.13656
1.13649
1.13634
1.1361
1.1358
1.13542
1.13496
1.13444
1.13385
1.13317
1.13242
1.1316
1.13071
1.12974
1.12872
1.12764
1.1265
1.1253
1.12404
1.12271
1.12134
1.11992
1.11844
1.11689
1.1153
1.11367
1.11202
1.11032
1.10857
1.1068
1.10498
1.10313
1.10127
1.13484
1.13476
1.13461
1.13438
1.13408
1.13371
1.13326
1.13273
1.13213
1.13147
1.13073
1.12993
1.12906
1.12811
1.1271
1.12602
1.12488
1.12368
1.12242
1.12109
1.11973
1.11831
1.11682
1.1153
1.11374
1.11214
1.11049
1.10881
1.1071
1.10535
1.10357
1.10176
1.09992
1.13259
1.13252
1.13239
1.13216
1.13186
1.13149
1.13104
1.13052
1.12993
1.12927
1.12853
1.12773
1.12687
1.12593
1.12494
1.12389
1.12277
1.12158
1.12034
1.11904
1.11768
1.11628
1.11481
1.11332
1.11178
1.11021
1.1086
1.10694
1.10524
1.10352
1.10178
1.10001
1.09823
1.12984
1.12976
1.12961
1.12938
1.12907
1.12869
1.12824
1.12773
1.12713
1.12647
1.12574
1.12496
1.12411
1.1232
1.12223
1.1212
1.12011
1.11894
1.11771
1.11642
1.11509
1.11372
1.11231
1.11084
1.10933
1.10779
1.10621
1.10459
1.10293
1.10124
1.09954
1.09784
1.09612
1.12641
1.12633
1.12617
1.12593
1.12563
1.12526
1.12482
1.12431
1.12371
1.12306
1.12235
1.12157
1.12073
1.11983
1.11887
1.11784
1.11676
1.11562
1.11442
1.11316
1.11186
1.11052
1.10913
1.1077
1.10621
1.1047
1.10317
1.10161
1.10002
1.09841
1.09678
1.09514
1.0935
1.12222
1.12214
1.12198
1.12176
1.12146
1.12108
1.12064
1.12012
1.11953
1.11889
1.11819
1.11742
1.11659
1.11569
1.11475
1.11375
1.11267
1.11154
1.11036
1.10913
1.10787
1.10656
1.10521
1.10381
1.10239
1.10094
1.09945
1.09793
1.09642
1.09488
1.09334
1.0918
1.09028
1.11718
1.1171
1.11694
1.11671
1.11639
1.11602
1.11558
1.1151
1.11454
1.11392
1.11324
1.11248
1.11166
1.11078
1.10984
1.10885
1.10779
1.10669
1.10554
1.10434
1.10311
1.10183
1.10052
1.09919
1.09782
1.09644
1.09504
1.0936
1.09216
1.09072
1.08929
1.08787
1.08647
1.11163
1.11156
1.11141
1.11119
1.11089
1.11052
1.11009
1.1096
1.10905
1.10846
1.10779
1.10706
1.10626
1.10539
1.10445
1.10346
1.10243
1.10135
1.10021
1.09905
1.09785
1.09664
1.0954
1.09412
1.09282
1.0915
1.09016
1.08882
1.08747
1.08612
1.08481
1.08354
1.0823
1.10732
1.10723
1.10706
1.10683
1.10651
1.10615
1.10573
1.10525
1.10472
1.10413
1.10348
1.10278
1.102
1.10115
1.10023
1.09925
1.09825
1.09719
1.09608
1.09495
1.09379
1.09261
1.09139
1.09015
1.08888
1.08762
1.08634
1.08507
1.08379
1.08255
1.08135
1.08018
1.07905
1.15257
1.15251
1.15236
1.15213
1.15182
1.15143
1.15097
1.15043
1.14983
1.14918
1.14845
1.14765
1.14678
1.14585
1.14486
1.1438
1.14267
1.14145
1.14016
1.13882
1.13741
1.13595
1.13441
1.13282
1.13117
1.12945
1.12766
1.12583
1.12394
1.12198
1.11998
1.11793
1.11584
1.15251
1.15243
1.15227
1.15205
1.15174
1.15136
1.15091
1.15037
1.14978
1.14913
1.1484
1.1476
1.14672
1.14577
1.14476
1.1437
1.14255
1.14134
1.14004
1.13869
1.13728
1.13581
1.13427
1.13267
1.13102
1.12931
1.12753
1.12569
1.12379
1.12183
1.11983
1.11778
1.11569
1.15231
1.15223
1.15209
1.15187
1.15157
1.15119
1.15073
1.15021
1.14962
1.14896
1.14823
1.14742
1.14656
1.14562
1.1446
1.14352
1.14238
1.14116
1.13989
1.13854
1.13713
1.13565
1.1341
1.13249
1.13082
1.1291
1.12731
1.12547
1.12357
1.12163
1.11964
1.1176
1.1155
1.15198
1.1519
1.15174
1.15151
1.15121
1.15084
1.15039
1.14987
1.14927
1.14861
1.14786
1.14706
1.14619
1.14526
1.14425
1.14317
1.14203
1.14081
1.13954
1.1382
1.13679
1.1353
1.13374
1.13212
1.13045
1.12873
1.12695
1.12511
1.12321
1.12127
1.11928
1.11723
1.11513
1.15142
1.15134
1.1512
1.15097
1.15066
1.15028
1.14981
1.14928
1.14868
1.14801
1.14727
1.14646
1.14558
1.14464
1.14363
1.14256
1.14142
1.1402
1.13891
1.13756
1.13615
1.13467
1.13312
1.13151
1.12983
1.12811
1.12633
1.1245
1.12261
1.12067
1.11868
1.11664
1.11456
1.15062
1.15055
1.1504
1.15017
1.14986
1.14948
1.14902
1.14848
1.14788
1.14722
1.14648
1.14566
1.14477
1.14381
1.14279
1.14171
1.14056
1.13934
1.13805
1.13669
1.13528
1.1338
1.13226
1.13065
1.12897
1.12725
1.12547
1.12363
1.12175
1.11981
1.11784
1.11582
1.11374
1.14946
1.14937
1.14921
1.14898
1.14867
1.14829
1.14785
1.14733
1.14674
1.14607
1.14532
1.1445
1.14361
1.14265
1.14163
1.14053
1.13937
1.13814
1.13685
1.1355
1.1341
1.13262
1.13108
1.12947
1.1278
1.12609
1.12431
1.12248
1.1206
1.11867
1.11668
1.11465
1.11258
1.14779
1.14771
1.14755
1.14732
1.14701
1.14663
1.14618
1.14565
1.14506
1.1444
1.14366
1.14284
1.14196
1.141
1.13999
1.13889
1.13773
1.13652
1.13524
1.13388
1.13247
1.13101
1.12947
1.12788
1.12623
1.12452
1.12277
1.12096
1.1191
1.11718
1.11521
1.1132
1.11113
1.14556
1.14549
1.14534
1.14511
1.14481
1.14443
1.14398
1.14346
1.14287
1.14221
1.14147
1.14066
1.13978
1.13883
1.13782
1.13674
1.13558
1.13438
1.1331
1.13175
1.13034
1.12887
1.12736
1.12579
1.12416
1.12248
1.12074
1.11894
1.11709
1.11519
1.11324
1.11126
1.10925
1.14273
1.14265
1.14248
1.14225
1.14195
1.14158
1.14114
1.14063
1.14004
1.13938
1.13863
1.13782
1.13695
1.136
1.13497
1.13389
1.13276
1.13157
1.13031
1.12899
1.12761
1.12617
1.12467
1.12312
1.12151
1.11984
1.11811
1.11633
1.1145
1.11264
1.11074
1.1088
1.10682
1.13914
1.13905
1.13888
1.13864
1.13833
1.13795
1.13751
1.137
1.13642
1.13575
1.13501
1.13421
1.13334
1.13239
1.13137
1.1303
1.12917
1.12798
1.12674
1.12543
1.12405
1.12262
1.12115
1.11961
1.118
1.11636
1.11468
1.11296
1.11118
1.10937
1.10752
1.10562
1.10369
1.13461
1.13454
1.13437
1.13413
1.13381
1.13343
1.13299
1.13248
1.1319
1.13124
1.13051
1.1297
1.12882
1.12787
1.12687
1.12581
1.12469
1.1235
1.12225
1.12093
1.11957
1.11817
1.11672
1.1152
1.11365
1.11204
1.1104
1.10871
1.10699
1.10523
1.10345
1.10163
1.09978
1.12905
1.12897
1.12881
1.12858
1.12827
1.12789
1.12744
1.12692
1.12633
1.12568
1.12494
1.12414
1.12328
1.12236
1.12136
1.1203
1.11918
1.118
1.11675
1.11545
1.11411
1.11273
1.1113
1.10984
1.10832
1.10676
1.10515
1.10351
1.10184
1.10014
1.09844
1.09673
1.09501
1.12276
1.12269
1.12253
1.1223
1.12198
1.12159
1.12115
1.12065
1.12007
1.11943
1.11872
1.11793
1.11707
1.11613
1.11513
1.11407
1.11296
1.11177
1.11054
1.10927
1.10797
1.10662
1.10522
1.10379
1.10231
1.1008
1.09925
1.09766
1.09606
1.09445
1.09285
1.09124
1.08963
1.11774
1.11766
1.1175
1.11726
1.11695
1.11657
1.11614
1.11563
1.11505
1.1144
1.11368
1.1129
1.11206
1.11115
1.11017
1.10912
1.10802
1.10685
1.10563
1.10436
1.10307
1.10175
1.10038
1.09897
1.09753
1.09605
1.09454
1.09301
1.09146
1.08992
1.08839
1.08685
1.08534
1.16423
1.16415
1.164
1.16377
1.16348
1.1631
1.16265
1.16213
1.16155
1.16092
1.16021
1.15943
1.15859
1.15769
1.15671
1.15564
1.1545
1.15328
1.152
1.15064
1.14923
1.14774
1.14619
1.14456
1.14285
1.14108
1.13925
1.13733
1.13534
1.13329
1.13118
1.12899
1.12674
1.16415
1.16408
1.16394
1.16372
1.16343
1.16307
1.16263
1.16213
1.16155
1.1609
1.16019
1.1594
1.15855
1.15762
1.15662
1.15555
1.1544
1.15318
1.15189
1.15054
1.14913
1.14764
1.14606
1.14443
1.14272
1.14095
1.13911
1.1372
1.13522
1.13317
1.13104
1.12885
1.12659
1.16397
1.1639
1.16376
1.16354
1.16325
1.16289
1.16246
1.16196
1.16138
1.16073
1.16002
1.15924
1.15838
1.15746
1.15646
1.15539
1.15425
1.15304
1.15176
1.15039
1.14896
1.14745
1.14588
1.14423
1.14252
1.14073
1.13887
1.13695
1.13496
1.13291
1.1308
1.12862
1.12638
1.16367
1.1636
1.16347
1.16326
1.16297
1.1626
1.16217
1.16167
1.16109
1.16043
1.15972
1.15893
1.15808
1.15715
1.15616
1.15509
1.15395
1.15274
1.15145
1.15008
1.14863
1.14712
1.14554
1.14389
1.14217
1.14037
1.13851
1.13659
1.1346
1.13254
1.13042
1.12824
1.12601
1.1632
1.16313
1.16299
1.16277
1.16247
1.1621
1.16166
1.16115
1.16057
1.15992
1.15919
1.15839
1.15753
1.15659
1.15559
1.15451
1.15337
1.15215
1.15086
1.1495
1.14806
1.14656
1.14498
1.14332
1.1416
1.13981
1.13795
1.13602
1.13403
1.13197
1.12987
1.12769
1.12544
1.16248
1.16241
1.16226
1.16204
1.16175
1.16138
1.16094
1.16042
1.15982
1.15917
1.15844
1.15764
1.15677
1.15584
1.15483
1.15375
1.15258
1.15135
1.15005
1.14868
1.14724
1.14574
1.14416
1.14249
1.14077
1.13898
1.13711
1.13518
1.1332
1.13115
1.12904
1.12687
1.12463
1.16141
1.16133
1.16118
1.16096
1.16066
1.16029
1.15985
1.15934
1.15874
1.15808
1.15735
1.15655
1.15568
1.15473
1.1537
1.15261
1.15144
1.1502
1.1489
1.14753
1.1461
1.1446
1.14302
1.14136
1.13963
1.13784
1.13599
1.13407
1.13209
1.13004
1.12792
1.12574
1.12349
1.15979
1.15972
1.15957
1.15935
1.15905
1.15868
1.15825
1.15774
1.15715
1.15648
1.15575
1.15494
1.15406
1.15312
1.1521
1.15101
1.14985
1.14861
1.1473
1.14592
1.14449
1.14299
1.14142
1.13977
1.13806
1.13628
1.13444
1.13254
1.13057
1.12853
1.12643
1.12425
1.12202
1.1576
1.15753
1.15738
1.15715
1.15686
1.15649
1.15606
1.15556
1.15498
1.15432
1.15358
1.15276
1.15188
1.15093
1.14991
1.14882
1.14767
1.14644
1.14513
1.14375
1.14231
1.14081
1.13924
1.13762
1.13593
1.13416
1.13233
1.13043
1.12846
1.12642
1.12433
1.12218
1.11999
1.15472
1.15463
1.15446
1.15423
1.15393
1.15356
1.15314
1.15264
1.15206
1.1514
1.15065
1.14984
1.14894
1.14798
1.14696
1.14588
1.14472
1.1435
1.14221
1.14085
1.13942
1.13792
1.13637
1.13475
1.13307
1.13131
1.12949
1.12761
1.12567
1.12368
1.12162
1.11951
1.11734
1.15093
1.15084
1.15067
1.15043
1.15011
1.14973
1.14929
1.14877
1.14818
1.14752
1.1468
1.14598
1.1451
1.14413
1.14309
1.142
1.14086
1.13964
1.13834
1.13699
1.13558
1.13409
1.13253
1.13091
1.12925
1.12752
1.12573
1.12388
1.12197
1.12001
1.11799
1.11591
1.11378
1.14601
1.14593
1.14577
1.14552
1.14521
1.14482
1.14437
1.14385
1.14325
1.14259
1.14184
1.14101
1.14011
1.13913
1.1381
1.13701
1.13586
1.13463
1.13335
1.132
1.13059
1.12912
1.12756
1.12597
1.12432
1.12262
1.12087
1.11906
1.1172
1.11529
1.11333
1.11131
1.10926
1.13976
1.1397
1.13955
1.13932
1.13901
1.13862
1.13815
1.1376
1.137
1.13634
1.13559
1.13477
1.13389
1.13293
1.1319
1.13081
1.12966
1.12842
1.12713
1.12578
1.12437
1.12291
1.1214
1.11985
1.11823
1.11657
1.11484
1.11306
1.11123
1.10937
1.10747
1.10553
1.10358
1.13256
1.13248
1.13233
1.13209
1.13178
1.13139
1.13094
1.13042
1.12982
1.12916
1.12842
1.1276
1.12671
1.12576
1.12473
1.12363
1.12248
1.12125
1.11996
1.11861
1.11722
1.11578
1.11429
1.11276
1.11118
1.10956
1.10789
1.10617
1.1044
1.10261
1.10079
1.09895
1.09708
1.12678
1.1267
1.12653
1.12629
1.12597
1.12559
1.12515
1.12464
1.12404
1.12338
1.12265
1.12184
1.12095
1.12
1.11898
1.11788
1.11673
1.11551
1.11422
1.11289
1.11151
1.11007
1.10858
1.10706
1.1055
1.10391
1.10228
1.10062
1.09892
1.09719
1.09543
1.09365
1.09186
1.17483
1.17476
1.17463
1.17442
1.17413
1.17377
1.17336
1.17288
1.17234
1.17172
1.17104
1.17029
1.16947
1.16857
1.1676
1.16654
1.16541
1.1642
1.16291
1.16155
1.1601
1.15858
1.15697
1.15528
1.15352
1.15167
1.14974
1.14774
1.14567
1.14351
1.14128
1.13896
1.13656
1.17478
1.17471
1.17458
1.17437
1.17409
1.17375
1.17333
1.17286
1.17232
1.1717
1.17101
1.17026
1.16943
1.16852
1.16753
1.16646
1.16533
1.16412
1.16282
1.16145
1.16001
1.15848
1.15686
1.15517
1.15341
1.15156
1.14964
1.14764
1.14556
1.14341
1.14117
1.13885
1.13645
1.17465
1.17458
1.17443
1.17423
1.17396
1.17362
1.17321
1.17273
1.17218
1.17156
1.17087
1.17011
1.16927
1.16836
1.16739
1.16633
1.16519
1.16396
1.16266
1.16129
1.15983
1.1583
1.15669
1.15501
1.15324
1.15139
1.14946
1.14745
1.14537
1.14321
1.14097
1.13864
1.13624
1.17439
1.17432
1.17418
1.17398
1.1737
1.17337
1.17296
1.17248
1.17193
1.1713
1.17061
1.16984
1.169
1.1681
1.16712
1.16606
1.16491
1.16368
1.16237
1.16099
1.15953
1.158
1.15639
1.15471
1.15293
1.15107
1.14913
1.14711
1.14501
1.14284
1.14059
1.13828
1.13589
1.17399
1.17392
1.17378
1.17357
1.17329
1.17295
1.17253
1.17205
1.17148
1.17086
1.17016
1.16939
1.16855
1.16763
1.16664
1.16556
1.16441
1.16318
1.16188
1.1605
1.15904
1.15749
1.15587
1.15418
1.1524
1.15054
1.14859
1.14657
1.14448
1.14231
1.14006
1.13773
1.13533
1.17334
1.17327
1.17313
1.17292
1.17264
1.17229
1.17187
1.17137
1.17081
1.17017
1.16947
1.1687
1.16785
1.16693
1.16593
1.16485
1.16368
1.16244
1.16112
1.15973
1.15826
1.15671
1.1551
1.1534
1.15162
1.14976
1.14781
1.14578
1.14368
1.14151
1.13925
1.13693
1.13454
1.17236
1.17229
1.17215
1.17193
1.17163
1.17126
1.17083
1.17033
1.16977
1.16913
1.16842
1.16765
1.16679
1.16585
1.16485
1.16376
1.1626
1.16136
1.16004
1.15865
1.15717
1.15563
1.154
1.15229
1.1505
1.14862
1.14669
1.14466
1.14257
1.14039
1.13814
1.13581
1.1334
1.17081
1.17074
1.17059
1.17038
1.1701
1.16974
1.16932
1.16882
1.16824
1.16761
1.16689
1.16611
1.16524
1.16431
1.16329
1.16221
1.16104
1.15979
1.15846
1.15706
1.15559
1.15404
1.15241
1.1507
1.14891
1.14704
1.1451
1.1431
1.14101
1.13884
1.1366
1.13428
1.13188
1.16866
1.16858
1.16843
1.16821
1.16793
1.16758
1.16715
1.16665
1.16607
1.16542
1.16469
1.16389
1.16302
1.16208
1.16106
1.15996
1.15878
1.15753
1.15621
1.15483
1.15336
1.1518
1.15018
1.14848
1.14671
1.14486
1.14293
1.14093
1.13884
1.13667
1.13444
1.13214
1.12976
1.16565
1.16557
1.16543
1.16521
1.16492
1.16455
1.16412
1.16361
1.16302
1.16236
1.16162
1.16082
1.15993
1.15897
1.15794
1.15683
1.15566
1.15442
1.15311
1.15173
1.15026
1.14871
1.14709
1.1454
1.14365
1.1418
1.13989
1.13791
1.13585
1.13372
1.13151
1.12925
1.1269
1.16157
1.16149
1.16133
1.1611
1.16079
1.16042
1.15997
1.15945
1.15885
1.15817
1.15744
1.15662
1.15572
1.15475
1.15371
1.15261
1.15144
1.15019
1.14887
1.14747
1.146
1.14446
1.14286
1.14119
1.13945
1.13763
1.13574
1.13379
1.13176
1.12967
1.12751
1.12528
1.123
1.15608
1.156
1.15584
1.15561
1.1553
1.15492
1.15445
1.15391
1.15331
1.15263
1.15187
1.15104
1.15013
1.14916
1.14811
1.14699
1.14582
1.14457
1.14324
1.14185
1.14039
1.13886
1.13727
1.13561
1.13391
1.13213
1.13028
1.12837
1.1264
1.12437
1.12227
1.1201
1.11788
1.14895
1.14887
1.14872
1.14848
1.14816
1.14777
1.14731
1.14677
1.14616
1.14548
1.14472
1.14389
1.14299
1.14201
1.14096
1.13984
1.13867
1.13741
1.13609
1.13471
1.13327
1.13176
1.13018
1.12855
1.12686
1.12512
1.12332
1.12145
1.11952
1.11754
1.11551
1.11343
1.11132
1.1407
1.14063
1.14048
1.14025
1.13994
1.13956
1.13911
1.13858
1.13798
1.1373
1.13654
1.1357
1.13479
1.13382
1.13277
1.13165
1.13047
1.12922
1.1279
1.12653
1.1251
1.12362
1.12206
1.12045
1.11879
1.11708
1.11533
1.11352
1.11166
1.10974
1.10779
1.1058
1.10377
1.13417
1.13409
1.13395
1.13371
1.13341
1.13303
1.13257
1.13205
1.13144
1.13077
1.13002
1.12919
1.12829
1.12732
1.12628
1.12517
1.12399
1.12274
1.12143
1.12006
1.11862
1.11713
1.11559
1.114
1.11238
1.11071
1.10899
1.10722
1.1054
1.10354
1.10165
1.09973
1.09777
1.18446
1.1844
1.18427
1.18407
1.18381
1.1835
1.18311
1.18266
1.18215
1.18157
1.18092
1.1802
1.1794
1.17851
1.17754
1.17647
1.17531
1.17407
1.17274
1.17134
1.16984
1.16825
1.16658
1.16482
1.16296
1.16102
1.15898
1.15685
1.15464
1.15234
1.14996
1.14749
1.14495
1.18441
1.18435
1.18422
1.18403
1.18378
1.18346
1.18307
1.18261
1.1821
1.18153
1.18088
1.18015
1.17934
1.17844
1.17746
1.17639
1.17524
1.174
1.17267
1.17125
1.16974
1.16816
1.16649
1.16472
1.16286
1.16091
1.15887
1.15674
1.15453
1.15223
1.14985
1.14738
1.14483
1.18433
1.18426
1.18413
1.18394
1.18368
1.18335
1.18296
1.18251
1.18199
1.18141
1.18075
1.18001
1.17919
1.17829
1.17732
1.17625
1.1751
1.17385
1.17252
1.1711
1.16959
1.16799
1.1663
1.16452
1.16266
1.16071
1.15868
1.15656
1.15436
1.15206
1.14967
1.14719
1.14463
1.18412
1.18405
1.18392
1.18372
1.18347
1.18315
1.18276
1.1823
1.18178
1.18119
1.18052
1.17978
1.17895
1.17804
1.17706
1.17599
1.17482
1.17357
1.17224
1.17083
1.16932
1.16771
1.16601
1.16423
1.16237
1.16041
1.15838
1.15626
1.15405
1.15174
1.14934
1.14686
1.14428
1.1838
1.18373
1.18359
1.18339
1.18314
1.18281
1.18241
1.18195
1.18142
1.18081
1.18014
1.17939
1.17857
1.17766
1.17666
1.17557
1.1744
1.17314
1.1718
1.17037
1.16885
1.16724
1.16554
1.16376
1.16189
1.15993
1.15788
1.15575
1.15353
1.15122
1.14882
1.14634
1.14377
1.18324
1.18317
1.18303
1.18283
1.18255
1.18222
1.18183
1.18138
1.18085
1.18024
1.17956
1.1788
1.17796
1.17704
1.17604
1.17494
1.17376
1.17249
1.17113
1.16969
1.16817
1.16654
1.16483
1.16304
1.16116
1.15919
1.15713
1.155
1.15278
1.15047
1.14806
1.14557
1.14299
1.18229
1.18222
1.18208
1.18188
1.18162
1.18128
1.18088
1.1804
1.17986
1.17925
1.17856
1.1778
1.17696
1.17604
1.17502
1.17392
1.17274
1.17147
1.17011
1.16867
1.16714
1.16552
1.16381
1.16201
1.16012
1.15814
1.15607
1.15391
1.15167
1.14935
1.14694
1.14446
1.14189
1.18082
1.18077
1.18064
1.18043
1.18016
1.17982
1.17941
1.17892
1.17837
1.17775
1.17705
1.17628
1.17542
1.17449
1.17346
1.17236
1.17118
1.1699
1.16854
1.16708
1.16554
1.16392
1.16221
1.16041
1.15854
1.15657
1.15451
1.15236
1.15012
1.1478
1.1454
1.14291
1.14035
1.17864
1.17858
1.17844
1.17823
1.17795
1.17759
1.17717
1.17668
1.17611
1.17546
1.17475
1.17396
1.1731
1.17216
1.17113
1.17002
1.16883
1.16754
1.16618
1.16474
1.16321
1.16159
1.15989
1.15811
1.15624
1.15429
1.15224
1.15011
1.1479
1.14559
1.14319
1.14072
1.13817
1.17541
1.17534
1.1752
1.17499
1.1747
1.17434
1.17391
1.1734
1.17282
1.17215
1.17141
1.1706
1.16971
1.16875
1.16772
1.16659
1.1654
1.16414
1.16279
1.16136
1.15985
1.15824
1.15655
1.15479
1.15294
1.151
1.14898
1.14689
1.1447
1.14243
1.14009
1.13766
1.13514
1.17081
1.17074
1.17059
1.17037
1.17007
1.16969
1.16924
1.16872
1.16811
1.16743
1.16669
1.16587
1.16497
1.16399
1.16294
1.16181
1.16061
1.15934
1.158
1.15658
1.15508
1.1535
1.15183
1.15009
1.14826
1.14636
1.14438
1.14232
1.14019
1.13798
1.13569
1.13331
1.13086
1.16446
1.16438
1.16422
1.16398
1.16368
1.1633
1.16283
1.16229
1.16168
1.16101
1.16026
1.15945
1.15855
1.15757
1.15651
1.15537
1.15417
1.15289
1.15154
1.15013
1.14865
1.1471
1.14546
1.14375
1.14197
1.14012
1.13818
1.13618
1.13411
1.13198
1.12977
1.12748
1.12512
1.15629
1.15621
1.15605
1.15581
1.15551
1.15512
1.15466
1.15411
1.15349
1.15281
1.15207
1.15125
1.15035
1.14939
1.14834
1.14721
1.14602
1.14475
1.14342
1.14203
1.14057
1.13904
1.13743
1.13575
1.134
1.1322
1.13032
1.12839
1.12639
1.12431
1.12217
1.11999
1.11775
1.14719
1.14711
1.14698
1.14677
1.14646
1.14608
1.14561
1.14507
1.14443
1.14374
1.14298
1.14217
1.14127
1.14031
1.13926
1.13815
1.13696
1.13569
1.13437
1.13298
1.13153
1.13002
1.12845
1.1268
1.12509
1.12333
1.12149
1.1196
1.11766
1.11568
1.11365
1.11157
1.10943
1.14016
1.1401
1.13995
1.13974
1.13944
1.13905
1.13858
1.13803
1.13741
1.13672
1.13596
1.13512
1.13422
1.13324
1.13219
1.13107
1.12988
1.12863
1.1273
1.12592
1.12448
1.12297
1.1214
1.11977
1.11809
1.11635
1.11456
1.11271
1.11083
1.10891
1.10694
1.10492
1.10286
1.19316
1.19311
1.19298
1.19279
1.19256
1.19227
1.19191
1.19149
1.19101
1.19046
1.18983
1.18912
1.18831
1.18741
1.18643
1.18532
1.18411
1.1828
1.18139
1.1799
1.1783
1.17661
1.17482
1.17293
1.17093
1.16883
1.16664
1.16437
1.162
1.15955
1.15701
1.15437
1.15165
1.19312
1.19306
1.19294
1.19276
1.19252
1.19222
1.19186
1.19144
1.19096
1.19039
1.18976
1.18905
1.18825
1.18735
1.18635
1.18525
1.18404
1.18272
1.18132
1.17982
1.17821
1.17651
1.17471
1.17281
1.17082
1.16872
1.16653
1.16426
1.16189
1.15943
1.15689
1.15425
1.15152
1.19304
1.19298
1.19285
1.19266
1.1924
1.19209
1.19172
1.19131
1.19083
1.19029
1.18966
1.18894
1.18813
1.18722
1.1862
1.18508
1.18387
1.18256
1.18116
1.17964
1.17803
1.17632
1.17451
1.17261
1.17062
1.16853
1.16635
1.16407
1.1617
1.15924
1.15667
1.15402
1.15129
1.19291
1.19284
1.1927
1.1925
1.19224
1.19192
1.19155
1.19112
1.19064
1.19008
1.18945
1.18872
1.1879
1.18698
1.18596
1.18483
1.18362
1.18231
1.1809
1.17938
1.17776
1.17604
1.17423
1.17232
1.17032
1.16824
1.16605
1.16377
1.16139
1.15892
1.15635
1.15369
1.15096
1.19265
1.19258
1.19245
1.19225
1.192
1.19167
1.19129
1.19085
1.19034
1.18977
1.18912
1.18839
1.18756
1.18664
1.18561
1.18449
1.18326
1.18193
1.1805
1.17897
1.17734
1.17562
1.1738
1.17189
1.16989
1.16779
1.16559
1.16329
1.16091
1.15844
1.15588
1.15321
1.15046
1.19216
1.19209
1.19196
1.19177
1.19152
1.19121
1.19084
1.1904
1.18989
1.18931
1.18865
1.18789
1.18704
1.1861
1.18505
1.1839
1.18266
1.18132
1.17989
1.17835
1.17672
1.17498
1.17314
1.17122
1.16919
1.16707
1.16487
1.16258
1.16019
1.15771
1.15513
1.15246
1.14972
1.19129
1.19122
1.19108
1.19088
1.19063
1.19031
1.18993
1.18948
1.18897
1.18838
1.18771
1.18696
1.18611
1.18516
1.1841
1.18295
1.1817
1.18036
1.17893
1.17739
1.17574
1.174
1.17216
1.17023
1.1682
1.16607
1.16385
1.16154
1.15913
1.15665
1.15408
1.15142
1.14866
1.18985
1.18979
1.18965
1.18945
1.18918
1.18885
1.18846
1.188
1.18747
1.18686
1.18617
1.1854
1.18454
1.18358
1.18252
1.18138
1.18013
1.17878
1.17734
1.1758
1.17417
1.17243
1.17059
1.16866
1.16664
1.16453
1.16232
1.16
1.1576
1.15511
1.15253
1.14985
1.14709
1.18752
1.18745
1.18732
1.18711
1.18683
1.18649
1.18607
1.1856
1.18504
1.1844
1.18369
1.18289
1.18201
1.18104
1.17999
1.17884
1.1776
1.17626
1.17484
1.17331
1.17169
1.16998
1.16817
1.16627
1.16428
1.16218
1.15999
1.1577
1.15532
1.15284
1.15027
1.14761
1.14486
1.18383
1.18376
1.18362
1.18341
1.18312
1.18277
1.18235
1.18185
1.18127
1.18061
1.17987
1.17905
1.17815
1.17717
1.17611
1.17497
1.17375
1.17243
1.17103
1.16953
1.16794
1.16625
1.16446
1.16259
1.16063
1.15859
1.15645
1.1542
1.15188
1.14945
1.14692
1.14432
1.14163
1.17837
1.17829
1.17815
1.17793
1.17764
1.17728
1.17684
1.17632
1.17572
1.17505
1.17431
1.17347
1.17257
1.17159
1.17053
1.16939
1.16817
1.16688
1.16549
1.16403
1.16247
1.16083
1.1591
1.15728
1.15538
1.1534
1.15132
1.14914
1.14687
1.14453
1.14211
1.1396
1.13702
1.17095
1.17086
1.1707
1.17047
1.17018
1.16982
1.16938
1.16886
1.16826
1.16758
1.16683
1.16601
1.16511
1.16412
1.16306
1.16193
1.16074
1.15946
1.15811
1.15667
1.15516
1.15357
1.1519
1.15015
1.14833
1.14641
1.14442
1.14234
1.14018
1.13795
1.13563
1.13325
1.13079
1.16191
1.16183
1.16168
1.16146
1.16116
1.16078
1.16033
1.15979
1.15919
1.15851
1.15776
1.15694
1.15603
1.15505
1.15401
1.1529
1.15171
1.15045
1.14913
1.14773
1.14626
1.14471
1.14307
1.14137
1.1396
1.13774
1.13583
1.13386
1.13181
1.12968
1.12748
1.1252
1.12286
1.15229
1.15221
1.15206
1.15183
1.15153
1.15115
1.15069
1.15015
1.14953
1.14884
1.14809
1.14726
1.14636
1.14539
1.14434
1.14323
1.14205
1.14079
1.13947
1.13808
1.13663
1.13511
1.13352
1.13186
1.13011
1.1283
1.12643
1.12451
1.12252
1.12049
1.1184
1.11625
1.11404
1.14499
1.1449
1.14474
1.1445
1.14419
1.1438
1.14334
1.14279
1.14216
1.14147
1.14071
1.13988
1.13897
1.13798
1.13691
1.13578
1.13459
1.13335
1.13204
1.13067
1.12923
1.12771
1.12614
1.1245
1.12279
1.12102
1.11919
1.11729
1.11535
1.11337
1.11133
1.10924
1.10709
1.20099
1.20093
1.20081
1.20062
1.20039
1.2001
1.19976
1.19938
1.19894
1.19841
1.19778
1.19704
1.19618
1.19521
1.1941
1.19288
1.19154
1.19009
1.18854
1.18689
1.18513
1.18327
1.1813
1.17923
1.17706
1.1748
1.17245
1.17
1.16746
1.16484
1.16212
1.15932
1.15643
1.20098
1.20091
1.20078
1.2006
1.20036
1.20006
1.19971
1.19931
1.19885
1.19832
1.19768
1.19694
1.19609
1.19512
1.19403
1.19282
1.19148
1.19004
1.18849
1.18683
1.18506
1.18319
1.18121
1.17914
1.17697
1.17471
1.17235
1.1699
1.16737
1.16475
1.16204
1.15925
1.15637
1.20085
1.20079
1.20067
1.20048
1.20024
1.19995
1.1996
1.1992
1.19875
1.19821
1.19759
1.19685
1.19599
1.195
1.19389
1.19268
1.19136
1.18992
1.18836
1.18669
1.18492
1.18304
1.18107
1.179
1.17683
1.17457
1.1722
1.16975
1.16721
1.16458
1.16187
1.15907
1.1562
1.20074
1.20067
1.20055
1.20036
1.2001
1.19978
1.19943
1.19902
1.19856
1.19803
1.19739
1.19663
1.19576
1.19477
1.19367
1.19245
1.19111
1.18967
1.1881
1.18642
1.18464
1.18276
1.18077
1.17869
1.17652
1.17425
1.17189
1.16944
1.16689
1.16426
1.16155
1.15875
1.15588
1.20058
1.20053
1.20041
1.20023
1.19997
1.19964
1.19926
1.19881
1.19832
1.19776
1.19711
1.19635
1.19547
1.19447
1.19335
1.19211
1.19076
1.1893
1.18772
1.18604
1.18426
1.18237
1.18039
1.17831
1.17612
1.17384
1.17147
1.169
1.16645
1.16381
1.16109
1.15829
1.1554
1.20022
1.20016
1.20004
1.19985
1.1996
1.19927
1.19888
1.19844
1.19793
1.19735
1.19668
1.1959
1.19501
1.19399
1.19286
1.19161
1.19025
1.18877
1.18718
1.18548
1.18368
1.18177
1.17977
1.17766
1.17546
1.17317
1.17078
1.16831
1.16576
1.16311
1.16038
1.15755
1.15465
1.19943
1.19936
1.19923
1.19903
1.19877
1.19844
1.19805
1.19759
1.19708
1.1965
1.19582
1.19504
1.19413
1.19311
1.19196
1.1907
1.18933
1.18785
1.18627
1.18457
1.18276
1.18085
1.17883
1.17671
1.1745
1.1722
1.1698
1.16732
1.16475
1.16209
1.15934
1.15651
1.1536
1.19788
1.19782
1.19768
1.19749
1.19723
1.19689
1.19649
1.19603
1.19551
1.19491
1.19421
1.1934
1.19249
1.19147
1.19032
1.18907
1.18771
1.18624
1.18467
1.18298
1.18118
1.17927
1.17725
1.17513
1.17293
1.17063
1.16824
1.16576
1.1632
1.16055
1.1578
1.15498
1.15207
1.19517
1.1951
1.19497
1.19476
1.19449
1.19415
1.19375
1.19326
1.1927
1.19206
1.19134
1.19051
1.18959
1.18857
1.18745
1.18622
1.18489
1.18345
1.18191
1.18025
1.17849
1.17663
1.17466
1.1726
1.17044
1.16818
1.16583
1.16338
1.16085
1.15822
1.15549
1.15268
1.14979
1.19059
1.19052
1.19038
1.19017
1.1899
1.18955
1.18913
1.18863
1.18806
1.1874
1.18666
1.18582
1.18491
1.18392
1.18283
1.18165
1.18037
1.17898
1.17749
1.17589
1.1742
1.17241
1.17053
1.16854
1.16646
1.16429
1.16202
1.15966
1.15721
1.15466
1.152
1.14926
1.14644
1.18399
1.18392
1.18378
1.18356
1.18328
1.18292
1.18249
1.18198
1.1814
1.18074
1.18
1.17917
1.17827
1.1773
1.17624
1.17509
1.17385
1.17253
1.17111
1.16959
1.16799
1.16631
1.16452
1.16264
1.16068
1.15861
1.15644
1.15419
1.15184
1.14942
1.14689
1.14428
1.14159
1.17567
1.1756
1.17544
1.17522
1.17493
1.17457
1.17414
1.17363
1.17304
1.17239
1.17165
1.17085
1.16995
1.16899
1.16794
1.16681
1.16561
1.16432
1.16295
1.16151
1.15998
1.15837
1.15668
1.1549
1.15303
1.15108
1.14903
1.1469
1.14469
1.1424
1.14001
1.13754
1.13501
1.16614
1.16606
1.1659
1.16567
1.16537
1.165
1.16455
1.16404
1.16345
1.16278
1.16204
1.16123
1.16034
1.15937
1.15832
1.15721
1.15602
1.15476
1.15343
1.15202
1.15052
1.14896
1.14733
1.14562
1.14383
1.14196
1.14
1.13798
1.1359
1.13373
1.13149
1.12916
1.12677
1.15625
1.15616
1.15599
1.15576
1.15545
1.15508
1.15464
1.15412
1.15351
1.15283
1.15206
1.15123
1.15032
1.14934
1.14829
1.14718
1.146
1.14474
1.14342
1.14203
1.14058
1.13904
1.13743
1.13575
1.13399
1.13216
1.13029
1.12834
1.12633
1.12426
1.12211
1.11991
1.11764
1.14879
1.1487
1.14854
1.14829
1.14798
1.1476
1.14714
1.14661
1.146
1.14531
1.14454
1.14369
1.14278
1.14178
1.14071
1.13957
1.13838
1.13713
1.13581
1.13444
1.13298
1.13145
1.12986
1.12821
1.12648
1.12468
1.12282
1.1209
1.11893
1.1169
1.11482
1.11267
1.11048
1.20792
1.20788
1.20777
1.2076
1.20738
1.2071
1.20676
1.20637
1.20589
1.20529
1.20457
1.2037
1.20268
1.20152
1.20023
1.19882
1.19728
1.19562
1.19386
1.19199
1.19003
1.18797
1.18582
1.18358
1.18125
1.17885
1.17636
1.17378
1.17112
1.16837
1.16554
1.16265
1.15969
1.20793
1.20789
1.2078
1.20765
1.20742
1.20711
1.20674
1.2063
1.20581
1.20521
1.20448
1.20361
1.2026
1.20145
1.20017
1.19877
1.19723
1.19557
1.19381
1.19193
1.18996
1.18789
1.18574
1.1835
1.18116
1.17875
1.17626
1.1737
1.17105
1.16831
1.16549
1.16259
1.15962
1.20782
1.20779
1.2077
1.20755
1.20733
1.20702
1.20664
1.20621
1.20571
1.20511
1.20437
1.2035
1.20249
1.20134
1.20005
1.19864
1.1971
1.19544
1.19368
1.19181
1.18983
1.18776
1.18559
1.18335
1.18103
1.17862
1.17611
1.17353
1.17087
1.16814
1.16534
1.16246
1.15951
1.20772
1.20766
1.20756
1.20738
1.20712
1.2068
1.20643
1.20601
1.20552
1.20491
1.20417
1.20329
1.20227
1.20112
1.19983
1.19841
1.19686
1.19521
1.19344
1.19157
1.18959
1.18752
1.18535
1.1831
1.18076
1.17832
1.17582
1.17324
1.1706
1.16787
1.16507
1.16219
1.15923
1.20757
1.20754
1.20746
1.20731
1.20705
1.20668
1.20622
1.20573
1.20521
1.2046
1.20385
1.20297
1.20195
1.2008
1.1995
1.19808
1.19654
1.19487
1.1931
1.19121
1.18923
1.18715
1.18498
1.18272
1.18038
1.17794
1.17542
1.17283
1.17016
1.16743
1.16461
1.16173
1.15876
1.20746
1.2074
1.20727
1.20707
1.20679
1.20641
1.20597
1.20549
1.20495
1.2043
1.20353
1.20262
1.20157
1.20039
1.19907
1.19763
1.19606
1.19437
1.19258
1.19069
1.18869
1.1866
1.18442
1.18214
1.17978
1.17733
1.1748
1.1722
1.16953
1.16677
1.16393
1.16101
1.15801
1.20679
1.20672
1.20658
1.20636
1.20604
1.20565
1.20519
1.20469
1.20414
1.20348
1.20271
1.2018
1.20074
1.19955
1.19823
1.19678
1.19521
1.19352
1.19172
1.18981
1.1878
1.18569
1.18348
1.18119
1.17882
1.17638
1.17384
1.17122
1.16851
1.16573
1.16289
1.15997
1.15698
1.20487
1.20481
1.20469
1.20449
1.2042
1.20383
1.20341
1.20293
1.20237
1.2017
1.20091
1.2
1.19896
1.19779
1.19649
1.19505
1.1935
1.19183
1.19005
1.18816
1.18617
1.18408
1.18189
1.17963
1.17727
1.17482
1.17229
1.16966
1.16696
1.16419
1.16135
1.15844
1.15545
1.20118
1.20111
1.20098
1.20078
1.2005
1.20015
1.19973
1.19924
1.19868
1.19802
1.19726
1.19639
1.19541
1.19431
1.19308
1.19173
1.19026
1.18869
1.187
1.18519
1.18327
1.18126
1.17916
1.17697
1.17467
1.17227
1.1698
1.16722
1.16457
1.16183
1.15901
1.15612
1.15314
1.19529
1.19523
1.19511
1.19491
1.19464
1.1943
1.19388
1.19339
1.19282
1.19217
1.19144
1.19062
1.1897
1.18868
1.18756
1.18633
1.18498
1.18353
1.18198
1.18032
1.17855
1.17668
1.1747
1.17262
1.17045
1.16819
1.16584
1.16339
1.16085
1.15821
1.15548
1.15265
1.14976
1.18779
1.18772
1.18759
1.18739
1.18712
1.18678
1.18635
1.18585
1.18528
1.18463
1.18392
1.18312
1.18223
1.18127
1.18021
1.17905
1.1778
1.17645
1.175
1.17346
1.17183
1.1701
1.16827
1.16634
1.16432
1.16221
1.16001
1.15771
1.15532
1.15282
1.15024
1.14757
1.1448
1.17901
1.17893
1.17879
1.17858
1.1783
1.17795
1.17753
1.17703
1.17646
1.17581
1.17509
1.17428
1.1734
1.17244
1.17141
1.17029
1.16908
1.16779
1.16642
1.16496
1.16342
1.16179
1.16008
1.15827
1.15637
1.15438
1.15232
1.15016
1.14792
1.1456
1.14319
1.14069
1.13811
1.16926
1.16918
1.16902
1.1688
1.16852
1.16815
1.16772
1.1672
1.16661
1.16594
1.1652
1.16439
1.1635
1.16255
1.16152
1.16041
1.15922
1.15795
1.15661
1.15519
1.15369
1.15211
1.15047
1.14874
1.14693
1.14504
1.14307
1.14103
1.13892
1.13674
1.13447
1.13213
1.12969
1.15925
1.15917
1.15902
1.1588
1.1585
1.15813
1.15767
1.15714
1.15654
1.15585
1.15509
1.15427
1.15337
1.15239
1.15134
1.15021
1.14903
1.14777
1.14643
1.14502
1.14354
1.14199
1.14037
1.13869
1.13693
1.13511
1.13321
1.13125
1.12923
1.12713
1.12496
1.12272
1.12039
1.15175
1.15167
1.15152
1.15129
1.15098
1.15061
1.15014
1.14961
1.149
1.1483
1.14752
1.14667
1.14575
1.14477
1.1437
1.14256
1.14136
1.14008
1.13875
1.13734
1.13586
1.13432
1.13271
1.13104
1.1293
1.1275
1.12564
1.12371
1.12172
1.11966
1.11754
1.11535
1.1131
1.21355
1.21358
1.21356
1.21351
1.21337
1.21307
1.21263
1.21209
1.21142
1.21058
1.20959
1.20844
1.20714
1.20571
1.20417
1.20253
1.20079
1.19895
1.19701
1.195
1.1929
1.19074
1.18849
1.18617
1.18377
1.18128
1.17872
1.17608
1.17337
1.1706
1.16777
1.16487
1.16189
1.21359
1.21359
1.21354
1.21345
1.2133
1.213
1.21255
1.21197
1.21132
1.2105
1.20953
1.20838
1.20707
1.20565
1.20411
1.20247
1.20072
1.19889
1.19696
1.19494
1.19285
1.19068
1.18843
1.18609
1.18368
1.18119
1.17863
1.176
1.17331
1.17055
1.16771
1.16479
1.1618
1.21377
1.21375
1.21371
1.21361
1.21342
1.2131
1.21263
1.21199
1.21128
1.21044
1.20944
1.20828
1.20697
1.20554
1.20399
1.20235
1.2006
1.19876
1.19683
1.19482
1.19272
1.19053
1.18827
1.18593
1.18353
1.18105
1.1785
1.17587
1.17317
1.17039
1.16754
1.16463
1.16165
1.21345
1.2134
1.21337
1.21326
1.21307
1.21276
1.21231
1.21175
1.21108
1.21025
1.20926
1.2081
1.20679
1.20536
1.20381
1.20215
1.2004
1.19855
1.19662
1.1946
1.1925
1.19031
1.18804
1.1857
1.18327
1.18079
1.17823
1.17561
1.17291
1.17013
1.16728
1.16435
1.16136
1.21343
1.21336
1.21327
1.21308
1.21279
1.21237
1.21183
1.21123
1.21061
1.20984
1.20889
1.20776
1.20647
1.20504
1.2035
1.20184
1.20009
1.19824
1.1963
1.19428
1.19217
1.18997
1.18769
1.18533
1.18291
1.18042
1.17785
1.17521
1.1725
1.16971
1.16684
1.16391
1.16091
1.21362
1.21354
1.21337
1.21312
1.21279
1.21233
1.21178
1.21119
1.2105
1.20965
1.20864
1.20746
1.20612
1.20466
1.2031
1.20143
1.19966
1.19779
1.19583
1.19378
1.19164
1.18944
1.18715
1.18479
1.18235
1.17983
1.17724
1.17458
1.17186
1.16906
1.16619
1.16324
1.16022
1.21305
1.21298
1.21283
1.2126
1.21228
1.21183
1.21124
1.21052
1.20977
1.20887
1.20783
1.20663
1.20529
1.20382
1.20225
1.20058
1.19881
1.19693
1.19497
1.19292
1.19078
1.18855
1.18624
1.18386
1.18142
1.1789
1.1763
1.17363
1.17087
1.16805
1.16516
1.1622
1.15919
1.21047
1.21041
1.21022
1.21
1.20966
1.20918
1.20874
1.2082
1.20753
1.20673
1.20575
1.20462
1.20335
1.20195
1.20043
1.19879
1.19705
1.19523
1.1933
1.19127
1.18916
1.18696
1.18469
1.18233
1.17988
1.17736
1.17477
1.17209
1.16934
1.16651
1.16362
1.16066
1.15764
1.205
1.20495
1.20482
1.20463
1.20434
1.20397
1.20355
1.20307
1.2025
1.20182
1.20102
1.2001
1.19904
1.19785
1.19655
1.19511
1.19355
1.19187
1.19008
1.18819
1.18619
1.1841
1.18191
1.17963
1.17726
1.17481
1.17227
1.16964
1.16692
1.16414
1.16128
1.15836
1.15537
1.19814
1.19808
1.19796
1.19777
1.19751
1.19718
1.19679
1.19633
1.19579
1.19517
1.19445
1.19362
1.19269
1.19165
1.19051
1.18924
1.18787
1.18637
1.18477
1.18307
1.18126
1.17934
1.17732
1.1752
1.17298
1.17067
1.16827
1.16577
1.16317
1.16051
1.15774
1.15491
1.15198
1.19027
1.1902
1.19007
1.18987
1.18961
1.18927
1.18887
1.18839
1.18784
1.18721
1.1865
1.18572
1.18484
1.18387
1.18281
1.18165
1.18039
1.17903
1.17756
1.176
1.17433
1.17259
1.17075
1.16881
1.16677
1.16464
1.1624
1.16008
1.15766
1.15514
1.15253
1.14983
1.14704
1.18132
1.18126
1.18112
1.18091
1.18065
1.18031
1.17989
1.17939
1.17883
1.17819
1.17747
1.17668
1.1758
1.17485
1.17381
1.17269
1.17149
1.17019
1.16881
1.16733
1.16577
1.16413
1.16241
1.1606
1.1587
1.15671
1.15463
1.15247
1.15022
1.14789
1.14545
1.14292
1.14031
1.17152
1.17145
1.17131
1.1711
1.17081
1.17045
1.17001
1.16951
1.16892
1.16826
1.16753
1.16672
1.16582
1.16486
1.16383
1.16272
1.16153
1.16025
1.1589
1.15747
1.15597
1.15439
1.15275
1.15102
1.14921
1.14733
1.14535
1.1433
1.14116
1.13895
1.13665
1.13428
1.13182
1.16153
1.16146
1.16132
1.16109
1.1608
1.16042
1.15996
1.15943
1.15882
1.15814
1.15738
1.15655
1.15565
1.15468
1.15363
1.1525
1.1513
1.15002
1.14867
1.14726
1.14578
1.14424
1.14262
1.14091
1.13915
1.1373
1.1354
1.13343
1.13138
1.12927
1.12707
1.1248
1.12245
1.15406
1.15398
1.15384
1.15362
1.15332
1.15292
1.15244
1.15189
1.15127
1.15058
1.14982
1.14897
1.14805
1.14706
1.14599
1.14485
1.14363
1.14235
1.141
1.1396
1.13813
1.13658
1.13496
1.13326
1.1315
1.12968
1.1278
1.12585
1.12384
1.12176
1.11962
1.11743
1.11518
1.21622
1.21621
1.21618
1.21611
1.21594
1.21563
1.21514
1.21446
1.21366
1.21272
1.21162
1.21037
1.20898
1.20747
1.20587
1.20417
1.20237
1.20048
1.19852
1.19648
1.19436
1.19217
1.1899
1.18756
1.18514
1.18265
1.18008
1.17746
1.17476
1.17199
1.16914
1.16622
1.16324
1.21624
1.21622
1.21618
1.21609
1.2159
1.21559
1.2151
1.21441
1.21362
1.21268
1.21157
1.21032
1.20892
1.20741
1.2058
1.2041
1.20231
1.20043
1.19847
1.19643
1.1943
1.19211
1.18983
1.18749
1.18506
1.18257
1.18001
1.17738
1.17468
1.1719
1.16905
1.16613
1.16315
1.21631
1.21629
1.21624
1.21614
1.21594
1.2156
1.21508
1.21438
1.21356
1.2126
1.21149
1.21023
1.20883
1.20731
1.20569
1.20398
1.20219
1.20031
1.19834
1.1963
1.19417
1.19197
1.18968
1.18733
1.18491
1.18243
1.17986
1.17722
1.17451
1.17174
1.1689
1.16598
1.16299
1.21621
1.21619
1.21614
1.21603
1.21582
1.21548
1.21496
1.21426
1.21344
1.21247
1.21135
1.21009
1.20868
1.20715
1.20553
1.20382
1.20201
1.20012
1.19815
1.19609
1.19395
1.19175
1.18947
1.18711
1.18468
1.18219
1.17962
1.17698
1.17426
1.17147
1.16861
1.16569
1.16271
1.2162
1.21615
1.21606
1.21591
1.21566
1.21529
1.21475
1.21404
1.21321
1.21224
1.21112
1.20985
1.20844
1.20691
1.20529
1.20356
1.20175
1.19985
1.19787
1.1958
1.19365
1.19143
1.18914
1.18677
1.18433
1.18182
1.17925
1.17659
1.17386
1.17106
1.1682
1.16527
1.16227
1.21618
1.21613
1.21602
1.21583
1.21554
1.21511
1.21453
1.21382
1.21299
1.21199
1.21084
1.20954
1.2081
1.20656
1.20491
1.20316
1.20133
1.19941
1.19741
1.19533
1.19317
1.19093
1.18861
1.18623
1.18378
1.18125
1.17865
1.17599
1.17326
1.17045
1.16757
1.16462
1.16161
1.21556
1.21551
1.21539
1.2152
1.2149
1.21447
1.21385
1.21306
1.21219
1.21118
1.21003
1.20873
1.20729
1.20574
1.20409
1.20235
1.20052
1.19859
1.19658
1.19449
1.19231
1.19006
1.18774
1.18534
1.18287
1.18034
1.17773
1.17505
1.1723
1.16948
1.1666
1.16365
1.16062
1.21313
1.21306
1.2129
1.21265
1.21232
1.21184
1.21126
1.21064
1.2099
1.209
1.20793
1.20672
1.20536
1.20388
1.20229
1.2006
1.1988
1.19691
1.19494
1.19288
1.19073
1.18849
1.18619
1.18381
1.18137
1.17884
1.17623
1.17354
1.17078
1.16796
1.16507
1.16212
1.1591
1.20708
1.20701
1.20688
1.20667
1.20638
1.20601
1.20556
1.20507
1.2045
1.20381
1.20299
1.20202
1.20094
1.19972
1.19837
1.19689
1.19528
1.19357
1.19175
1.18983
1.1878
1.18568
1.18347
1.18117
1.17878
1.17632
1.17377
1.17114
1.16841
1.16562
1.16274
1.15979
1.15678
1.19989
1.19983
1.1997
1.1995
1.19923
1.1989
1.19851
1.19806
1.19753
1.19692
1.1962
1.19538
1.19444
1.19338
1.19221
1.19093
1.18954
1.18804
1.18643
1.1847
1.18287
1.18094
1.1789
1.17677
1.17454
1.17221
1.1698
1.16729
1.16469
1.162
1.15922
1.15638
1.15345
1.19187
1.1918
1.19166
1.19146
1.19119
1.19086
1.19047
1.19001
1.18947
1.18886
1.18816
1.18738
1.1865
1.18552
1.18444
1.18326
1.18199
1.18063
1.17917
1.1776
1.17593
1.17416
1.1723
1.17035
1.1683
1.16616
1.16393
1.1616
1.15917
1.15666
1.15405
1.15135
1.14857
1.18292
1.18286
1.18272
1.18251
1.18223
1.18189
1.18147
1.18098
1.18042
1.17979
1.17908
1.17829
1.17742
1.17647
1.17543
1.17431
1.1731
1.1718
1.17042
1.16895
1.16739
1.16574
1.164
1.16217
1.16026
1.15826
1.15618
1.15401
1.15175
1.1494
1.14695
1.14443
1.14182
1.17317
1.1731
1.17296
1.17274
1.17245
1.17209
1.17165
1.17113
1.17053
1.16987
1.16914
1.16833
1.16746
1.1665
1.16546
1.16435
1.16315
1.16187
1.16052
1.15908
1.15758
1.156
1.15435
1.15262
1.1508
1.1489
1.14691
1.14484
1.1427
1.14048
1.13819
1.13581
1.13335
1.16325
1.16317
1.16302
1.16279
1.16249
1.1621
1.16165
1.16111
1.16049
1.1598
1.15904
1.15821
1.15731
1.15633
1.15528
1.15415
1.15296
1.15169
1.15035
1.14893
1.14743
1.14587
1.14424
1.14253
1.14075
1.13889
1.13697
1.13499
1.13293
1.1308
1.12859
1.12632
1.12399
1.15581
1.15573
1.15557
1.15533
1.15503
1.15464
1.15416
1.15361
1.15298
1.15227
1.1515
1.15065
1.14972
1.14872
1.14765
1.14651
1.1453
1.14402
1.14268
1.14127
1.13979
1.13824
1.13661
1.13491
1.13314
1.13131
1.12941
1.12745
1.12542
1.12334
1.1212
1.119
1.11674
1.21705
1.21703
1.21699
1.21688
1.21669
1.21636
1.21585
1.21517
1.21437
1.21342
1.21231
1.21105
1.20965
1.20814
1.20653
1.20482
1.20302
1.20114
1.19918
1.19715
1.19504
1.19285
1.1906
1.18827
1.18586
1.18337
1.18082
1.17819
1.17551
1.17276
1.16992
1.16702
1.16404
1.21706
1.21704
1.21698
1.21687
1.21667
1.21633
1.21582
1.21512
1.21431
1.21335
1.21225
1.21099
1.2096
1.20809
1.20647
1.20476
1.20297
1.2011
1.19913
1.19709
1.19497
1.19279
1.19053
1.18819
1.18578
1.1833
1.18075
1.17814
1.17545
1.17268
1.16984
1.16693
1.16397
1.21708
1.21705
1.21699
1.21687
1.21664
1.21628
1.21575
1.21507
1.21427
1.21331
1.21219
1.21092
1.20952
1.208
1.20637
1.20466
1.20286
1.20097
1.19901
1.19697
1.19486
1.19266
1.19038
1.18804
1.18563
1.18316
1.1806
1.17798
1.17528
1.17252
1.16969
1.16679
1.1638
1.21707
1.21704
1.21698
1.21685
1.21663
1.21627
1.21572
1.215
1.21416
1.21318
1.21206
1.21078
1.20937
1.20784
1.2062
1.20448
1.20268
1.20079
1.19882
1.19678
1.19466
1.19246
1.19019
1.18783
1.18541
1.18293
1.18037
1.17774
1.17503
1.17225
1.1694
1.16649
1.16352
1.21705
1.21702
1.21695
1.21682
1.21659
1.21622
1.21567
1.21493
1.21407
1.21306
1.21191
1.21061
1.20918
1.20763
1.20599
1.20426
1.20244
1.20054
1.19856
1.1965
1.19436
1.19215
1.18987
1.18751
1.18507
1.18258
1.18001
1.17736
1.17464
1.17184
1.16898
1.16607
1.16308
1.21694
1.2169
1.21682
1.21667
1.21642
1.21602
1.21543
1.21466
1.21379
1.21277
1.2116
1.21029
1.20885
1.20729
1.20563
1.20389
1.20205
1.20013
1.19813
1.19605
1.1939
1.19167
1.18936
1.18699
1.18455
1.18203
1.17943
1.17677
1.17404
1.17125
1.16838
1.16545
1.16245
1.21629
1.21625
1.21616
1.21599
1.21571
1.21527
1.21467
1.21392
1.21306
1.21203
1.21086
1.20953
1.20808
1.20651
1.20485
1.20311
1.20126
1.19934
1.19733
1.19524
1.19307
1.19083
1.18852
1.18613
1.18367
1.18114
1.17854
1.17587
1.17312
1.17031
1.16744
1.16449
1.16148
1.21395
1.21392
1.21381
1.21363
1.21333
1.21288
1.21228
1.21154
1.21076
1.20983
1.20876
1.20754
1.20617
1.20468
1.20308
1.20139
1.19959
1.1977
1.19572
1.19366
1.19152
1.1893
1.18699
1.18462
1.18217
1.17966
1.17707
1.17439
1.17164
1.16882
1.16594
1.163
1.15999
1.20799
1.20793
1.2078
1.20758
1.20729
1.20691
1.20646
1.20595
1.20536
1.20467
1.20386
1.20291
1.20183
1.2006
1.19925
1.19777
1.19617
1.19444
1.19261
1.19068
1.18865
1.18652
1.18431
1.18201
1.17963
1.17717
1.17462
1.17198
1.16926
1.16648
1.16362
1.1607
1.15771
1.20082
1.20076
1.20062
1.20041
1.20014
1.19981
1.19942
1.19896
1.19843
1.19781
1.1971
1.19629
1.19535
1.19431
1.19314
1.19186
1.19047
1.18896
1.18734
1.18561
1.18377
1.18184
1.17979
1.17765
1.17542
1.1731
1.17069
1.16819
1.16559
1.16291
1.16015
1.15731
1.15438
1.19283
1.19276
1.19262
1.19241
1.19214
1.19181
1.19141
1.19095
1.19042
1.18981
1.18912
1.18833
1.18745
1.18648
1.18541
1.18424
1.18297
1.1816
1.18014
1.17857
1.17691
1.17515
1.1733
1.17134
1.16928
1.16714
1.1649
1.16256
1.16012
1.15758
1.15497
1.15227
1.1495
1.18392
1.18386
1.18372
1.18351
1.18323
1.18288
1.18246
1.18199
1.18143
1.1808
1.18009
1.1793
1.17843
1.17748
1.17644
1.17532
1.17411
1.17282
1.17144
1.16997
1.16841
1.16676
1.16503
1.16321
1.16129
1.15929
1.1572
1.15501
1.15273
1.15037
1.14793
1.14541
1.1428
1.17423
1.17416
1.17402
1.1738
1.1735
1.17314
1.17271
1.1722
1.17162
1.17095
1.17022
1.16942
1.16854
1.16758
1.16655
1.16544
1.16424
1.16296
1.1616
1.16017
1.15865
1.15706
1.1554
1.15366
1.15184
1.14994
1.14796
1.14589
1.14374
1.14151
1.13921
1.13684
1.13439
1.16438
1.1643
1.16415
1.16393
1.16362
1.16323
1.16278
1.16225
1.16164
1.16096
1.16022
1.15939
1.15848
1.1575
1.15643
1.15531
1.15411
1.15284
1.15149
1.15007
1.14857
1.147
1.14536
1.14364
1.14186
1.14001
1.1381
1.13612
1.13405
1.13191
1.12969
1.1274
1.12505
1.15699
1.15692
1.15677
1.15654
1.15622
1.15583
1.15537
1.15483
1.15421
1.1535
1.15271
1.15186
1.15094
1.14994
1.14886
1.14771
1.1465
1.14521
1.14387
1.14245
1.14096
1.1394
1.13776
1.13605
1.13428
1.13245
1.13053
1.12857
1.12654
1.12444
1.12228
1.12006
1.11778
1.21725
1.21722
1.21717
1.21706
1.21686
1.21653
1.21603
1.21534
1.21455
1.21361
1.21251
1.21126
1.20987
1.20836
1.20675
1.20505
1.20327
1.20141
1.19946
1.19743
1.19533
1.19316
1.19092
1.18861
1.18621
1.18374
1.1812
1.1786
1.17593
1.17319
1.17036
1.16747
1.1645
1.21725
1.21723
1.21717
1.21706
1.21685
1.21651
1.216
1.2153
1.21449
1.21354
1.21244
1.21118
1.20979
1.20829
1.20669
1.205
1.20322
1.20135
1.19939
1.19736
1.19526
1.1931
1.19085
1.18852
1.18613
1.18366
1.18113
1.17853
1.17586
1.1731
1.17028
1.16739
1.16444
1.21726
1.21723
1.21717
1.21705
1.21683
1.21647
1.21593
1.21523
1.21441
1.21345
1.21234
1.21108
1.20969
1.20818
1.20657
1.20488
1.20311
1.20124
1.19929
1.19726
1.19515
1.19296
1.1907
1.18838
1.186
1.18353
1.18099
1.17837
1.17569
1.17295
1.17013
1.16724
1.16427
1.21726
1.21723
1.21716
1.21703
1.21679
1.21641
1.21587
1.21518
1.21436
1.21339
1.21225
1.21098
1.20957
1.20805
1.20644
1.20473
1.20293
1.20106
1.19911
1.19708
1.19497
1.19278
1.19051
1.18817
1.18576
1.1833
1.18076
1.17814
1.17545
1.17268
1.16985
1.16696
1.164
1.21724
1.21721
1.21714
1.21701
1.21678
1.2164
1.21584
1.21509
1.21424
1.21325
1.2121
1.21081
1.20939
1.20786
1.20624
1.20452
1.20271
1.20082
1.19885
1.1968
1.19468
1.19248
1.19021
1.18786
1.18544
1.18295
1.1804
1.17777
1.17507
1.17229
1.16944
1.16654
1.16357
1.21709
1.21706
1.21699
1.21684
1.21658
1.21617
1.21559
1.21487
1.21402
1.213
1.21184
1.21052
1.20908
1.20753
1.20588
1.20414
1.20231
1.20041
1.19843
1.19636
1.19422
1.192
1.18971
1.18735
1.18492
1.18242
1.17983
1.17718
1.17447
1.1717
1.16884
1.16592
1.16293
1.21638
1.21635
1.21628
1.21613
1.21586
1.21543
1.21483
1.21411
1.21326
1.21224
1.21107
1.20976
1.20831
1.20676
1.20511
1.20337
1.20155
1.19964
1.19764
1.19556
1.19341
1.19119
1.18889
1.18651
1.18406
1.18155
1.17896
1.1763
1.17357
1.17077
1.1679
1.16497
1.16197
1.21396
1.21396
1.21389
1.21375
1.21348
1.21308
1.21257
1.21193
1.21115
1.21021
1.20912
1.20788
1.20651
1.20502
1.20342
1.20172
1.19993
1.19804
1.19608
1.19403
1.1919
1.18968
1.18739
1.18503
1.1826
1.18009
1.17751
1.17486
1.17212
1.16932
1.16644
1.1635
1.1605
1.20826
1.20821
1.20807
1.20786
1.20759
1.20726
1.20688
1.20641
1.20583
1.20512
1.20428
1.20331
1.20222
1.201
1.19965
1.19818
1.19657
1.19485
1.19303
1.19109
1.18907
1.18696
1.18475
1.18246
1.1801
1.17764
1.17509
1.17247
1.16978
1.16701
1.16417
1.16127
1.15829
1.20122
1.20115
1.20101
1.2008
1.20053
1.20021
1.19983
1.19939
1.19886
1.19826
1.19756
1.19674
1.19582
1.19477
1.19361
1.19234
1.19096
1.18945
1.18783
1.1861
1.18427
1.18233
1.18029
1.17816
1.17593
1.17362
1.17121
1.16872
1.16613
1.16345
1.1607
1.15786
1.15496
1.1933
1.19323
1.19309
1.19288
1.1926
1.19226
1.19187
1.19141
1.19088
1.19028
1.1896
1.18882
1.18796
1.187
1.18593
1.18477
1.18352
1.18216
1.18069
1.17912
1.17744
1.17568
1.17382
1.17186
1.16982
1.16768
1.16544
1.16311
1.16068
1.15816
1.15556
1.15288
1.1501
1.1845
1.18443
1.18428
1.18406
1.18377
1.18342
1.183
1.18252
1.18197
1.18135
1.18065
1.17987
1.179
1.17806
1.17704
1.17592
1.17471
1.17341
1.17203
1.17056
1.16899
1.16734
1.16561
1.16379
1.16188
1.15988
1.1578
1.15563
1.15337
1.15101
1.14856
1.14603
1.14342
1.17487
1.1748
1.17465
1.17443
1.17414
1.17377
1.17334
1.17283
1.17225
1.17159
1.17086
1.17006
1.16919
1.16824
1.16721
1.1661
1.1649
1.16362
1.16227
1.16083
1.15932
1.15772
1.15604
1.15429
1.15247
1.15057
1.1486
1.14654
1.1444
1.14218
1.13988
1.13749
1.13503
1.1651
1.16502
1.16487
1.16465
1.16434
1.16395
1.1635
1.16297
1.16236
1.16169
1.16095
1.16012
1.15921
1.15823
1.15717
1.15603
1.15483
1.15355
1.1522
1.15077
1.14927
1.1477
1.14606
1.14435
1.14256
1.14071
1.13879
1.1368
1.13474
1.1326
1.13038
1.12809
1.12575
1.15776
1.15769
1.15754
1.15732
1.157
1.15661
1.15615
1.15562
1.155
1.15429
1.1535
1.15265
1.15173
1.15072
1.14963
1.14848
1.14726
1.14596
1.14461
1.14319
1.1417
1.14013
1.1385
1.1368
1.13503
1.13319
1.13129
1.12932
1.12729
1.12521
1.12307
1.12086
1.11858
1.21727
1.21725
1.21719
1.21708
1.21688
1.21654
1.21603
1.21534
1.21455
1.21361
1.21252
1.21127
1.20989
1.20839
1.20679
1.20511
1.20335
1.2015
1.19956
1.19754
1.19545
1.19328
1.19104
1.18874
1.18638
1.18393
1.1814
1.1788
1.17612
1.17337
1.17056
1.1677
1.16476
1.21728
1.21725
1.21719
1.21708
1.21687
1.21652
1.216
1.21531
1.2145
1.21355
1.21245
1.21121
1.20984
1.20835
1.20677
1.20508
1.2033
1.20144
1.1995
1.19747
1.19538
1.19322
1.191
1.18869
1.18631
1.18385
1.18132
1.17871
1.17604
1.17331
1.17051
1.16764
1.16469
1.21728
1.21726
1.2172
1.21708
1.21687
1.21651
1.21598
1.21528
1.21445
1.2135
1.21239
1.21114
1.20975
1.20826
1.20666
1.20496
1.20319
1.20133
1.1994
1.19738
1.19529
1.19312
1.19087
1.18855
1.18616
1.1837
1.18118
1.17859
1.17592
1.17317
1.17036
1.16747
1.16451
1.21729
1.21726
1.2172
1.21707
1.21685
1.21648
1.21593
1.2152
1.21437
1.2134
1.21228
1.21102
1.20963
1.20813
1.20653
1.20483
1.20304
1.20117
1.19921
1.19718
1.19509
1.19292
1.19067
1.18835
1.18595
1.18348
1.18093
1.17832
1.17566
1.17292
1.1701
1.16721
1.16424
1.21727
1.21724
1.21717
1.21703
1.21678
1.21639
1.21584
1.21513
1.21431
1.21332
1.21217
1.21088
1.20947
1.20794
1.20632
1.20462
1.20281
1.20092
1.19895
1.1969
1.19479
1.19261
1.19036
1.18802
1.18561
1.18313
1.18058
1.17797
1.17529
1.17254
1.16971
1.1668
1.16382
1.21711
1.21709
1.21701
1.21687
1.21663
1.21623
1.21564
1.21487
1.214
1.21298
1.21183
1.21053
1.2091
1.20756
1.20593
1.20421
1.20239
1.20049
1.19852
1.19648
1.19435
1.19214
1.18985
1.1875
1.18509
1.18261
1.18004
1.17741
1.1747
1.17193
1.1691
1.16619
1.16321
1.21643
1.2164
1.21633
1.21619
1.21594
1.21553
1.21493
1.21415
1.21328
1.21225
1.21108
1.20978
1.20835
1.20681
1.20517
1.20344
1.20162
1.19972
1.19774
1.19568
1.19354
1.19133
1.18905
1.18669
1.18425
1.18174
1.17915
1.1765
1.17379
1.17102
1.16817
1.16524
1.16224
1.21409
1.21406
1.21399
1.21385
1.2136
1.2132
1.21263
1.21191
1.21113
1.2102
1.20912
1.2079
1.20654
1.20506
1.20349
1.20181
1.20004
1.19817
1.19621
1.19417
1.19206
1.18986
1.18759
1.18524
1.18281
1.1803
1.17772
1.17506
1.17235
1.16957
1.16672
1.1638
1.16081
1.20827
1.20822
1.2081
1.2079
1.20764
1.20729
1.20687
1.20638
1.20582
1.20515
1.20435
1.2034
1.20232
1.2011
1.19976
1.19829
1.1967
1.195
1.19319
1.19128
1.18927
1.18717
1.18497
1.18268
1.18032
1.17788
1.17536
1.17276
1.17007
1.1673
1.16446
1.16156
1.15859
1.20128
1.20121
1.20108
1.20088
1.20061
1.20028
1.1999
1.19946
1.19896
1.19837
1.19768
1.19688
1.19597
1.19493
1.19378
1.19252
1.19113
1.18964
1.18803
1.18632
1.1845
1.18256
1.18053
1.17841
1.17619
1.17389
1.1715
1.16902
1.16644
1.16379
1.16104
1.15822
1.15531
1.19343
1.19336
1.19322
1.19302
1.19275
1.19242
1.19203
1.19157
1.19106
1.19048
1.18981
1.18905
1.18818
1.18723
1.18619
1.18504
1.18378
1.18243
1.18097
1.1794
1.17774
1.17597
1.17412
1.17218
1.17014
1.168
1.16577
1.16345
1.16103
1.15852
1.15593
1.15325
1.15048
1.1847
1.18463
1.18449
1.18429
1.18402
1.18367
1.18326
1.18277
1.18222
1.1816
1.18091
1.18013
1.17928
1.17835
1.17733
1.17623
1.17503
1.17374
1.17236
1.17088
1.16933
1.1677
1.16596
1.16414
1.16223
1.16024
1.15816
1.15599
1.15374
1.15139
1.14896
1.14644
1.14382
1.17515
1.17508
1.17494
1.17473
1.17444
1.17408
1.17365
1.17315
1.17258
1.17193
1.17121
1.1704
1.16952
1.16857
1.16754
1.16644
1.16525
1.16398
1.16264
1.16121
1.15971
1.15813
1.15645
1.15471
1.15289
1.151
1.14902
1.14695
1.14481
1.14259
1.14029
1.13791
1.13545
1.16547
1.1654
1.16525
1.16503
1.16472
1.16434
1.16389
1.16336
1.16276
1.16209
1.16134
1.16051
1.1596
1.15861
1.15755
1.15642
1.15522
1.15395
1.15261
1.15119
1.1497
1.14814
1.1465
1.14479
1.14301
1.14116
1.13924
1.13724
1.13518
1.13304
1.13083
1.12855
1.12621
1.1582
1.15813
1.15798
1.15775
1.15743
1.15704
1.15659
1.15606
1.15543
1.15473
1.15394
1.15309
1.15216
1.15116
1.15007
1.14892
1.1477
1.14642
1.14507
1.14365
1.14216
1.14059
1.13896
1.13726
1.13549
1.13366
1.13177
1.1298
1.12777
1.1257
1.12355
1.12135
1.11907
1.21727
1.21724
1.21719
1.21707
1.21686
1.21652
1.216
1.21531
1.21451
1.21357
1.21247
1.21123
1.20986
1.20839
1.20682
1.20515
1.2034
1.20155
1.19961
1.1976
1.1955
1.19333
1.1911
1.1888
1.18644
1.18401
1.1815
1.17891
1.17624
1.1735
1.17069
1.16781
1.16487
1.21727
1.21724
1.21718
1.21705
1.21683
1.21647
1.21596
1.2153
1.21452
1.21357
1.21247
1.21122
1.20985
1.20836
1.20678
1.2051
1.20333
1.20148
1.19954
1.19752
1.19543
1.19327
1.19105
1.18876
1.18639
1.18394
1.18142
1.17882
1.17615
1.17342
1.17061
1.16775
1.16483
1.21728
1.21725
1.21719
1.21707
1.21686
1.2165
1.21597
1.21527
1.21445
1.2135
1.21241
1.21116
1.20978
1.20829
1.20669
1.205
1.20322
1.20136
1.19943
1.19742
1.19534
1.19318
1.19094
1.18863
1.18624
1.18379
1.18126
1.17867
1.17602
1.17329
1.17049
1.16761
1.16466
1.21728
1.21726
1.2172
1.21707
1.21685
1.21649
1.21594
1.21522
1.21439
1.21342
1.2123
1.21104
1.20965
1.20816
1.20656
1.20487
1.20309
1.20122
1.19927
1.19724
1.19514
1.19298
1.19074
1.18843
1.18604
1.18358
1.18104
1.17843
1.17575
1.17301
1.17021
1.16734
1.16439
1.21726
1.21723
1.21716
1.21703
1.21679
1.2164
1.21583
1.21508
1.21424
1.21326
1.21212
1.21085
1.20944
1.20794
1.20633
1.20464
1.20285
1.20097
1.199
1.19696
1.19485
1.19267
1.19043
1.18811
1.18571
1.18323
1.18068
1.17807
1.17538
1.17264
1.16983
1.16694
1.16398
1.21708
1.21705
1.21697
1.21682
1.21656
1.21614
1.21555
1.21484
1.21398
1.21297
1.2118
1.2105
1.20907
1.20754
1.20593
1.20423
1.20244
1.20056
1.19859
1.19654
1.19441
1.19221
1.18993
1.18758
1.18516
1.18269
1.18014
1.17752
1.17482
1.17205
1.16922
1.16631
1.16335
1.21633
1.2163
1.21623
1.21609
1.21582
1.21539
1.21479
1.21407
1.21323
1.21222
1.21106
1.20976
1.20833
1.20681
1.20519
1.20348
1.20168
1.19979
1.19781
1.19574
1.1936
1.19139
1.18912
1.18677
1.18435
1.18185
1.17927
1.17662
1.17391
1.17114
1.1683
1.16539
1.16241
1.21384
1.21383
1.21376
1.21364
1.21339
1.21299
1.21245
1.21176
1.21103
1.21014
1.20909
1.20789
1.20656
1.2051
1.20354
1.20188
1.20011
1.19824
1.19629
1.19425
1.19215
1.18996
1.1877
1.18536
1.18294
1.18044
1.17787
1.17522
1.1725
1.16971
1.16686
1.16394
1.16097
1.20819
1.20814
1.20801
1.20781
1.20755
1.20722
1.20682
1.20635
1.2058
1.20514
1.20434
1.20341
1.20235
1.20115
1.19982
1.19836
1.19678
1.19509
1.19329
1.19139
1.18938
1.18729
1.1851
1.18283
1.18048
1.17804
1.17552
1.17291
1.17023
1.16748
1.16467
1.16178
1.15882
1.20125
1.20118
1.20105
1.20084
1.20058
1.20026
1.19989
1.19946
1.19897
1.19839
1.19771
1.19692
1.19603
1.19501
1.19387
1.19262
1.19124
1.18975
1.18815
1.18644
1.18462
1.1827
1.18068
1.17858
1.17637
1.17408
1.17169
1.16922
1.16665
1.16399
1.16126
1.15844
1.15555
1.19346
1.1934
1.19326
1.19306
1.19279
1.19246
1.19208
1.19162
1.19111
1.19052
1.18986
1.18911
1.18827
1.18733
1.1863
1.18515
1.18391
1.18256
1.1811
1.17954
1.17788
1.17614
1.17429
1.17236
1.17033
1.16821
1.16599
1.16368
1.16127
1.15878
1.15619
1.15351
1.15074
1.18479
1.18472
1.18458
1.18437
1.18409
1.18375
1.18334
1.18286
1.18231
1.1817
1.18101
1.18024
1.17939
1.17845
1.17744
1.17634
1.17515
1.17387
1.17251
1.17106
1.16951
1.16788
1.16616
1.16435
1.16245
1.16047
1.1584
1.15625
1.154
1.15166
1.14922
1.1467
1.14409
1.1753
1.17523
1.17509
1.17487
1.17458
1.17422
1.17379
1.17329
1.1727
1.17204
1.17131
1.17051
1.16965
1.1687
1.16766
1.16656
1.1654
1.16415
1.16282
1.16141
1.15992
1.15835
1.1567
1.15496
1.15314
1.15124
1.14926
1.14719
1.14505
1.14284
1.14056
1.1382
1.13576
1.16568
1.1656
1.16544
1.1652
1.1649
1.16453
1.16408
1.16354
1.16293
1.16224
1.16148
1.16066
1.15975
1.15878
1.15773
1.15661
1.15541
1.15415
1.15282
1.15142
1.14994
1.14839
1.14677
1.14506
1.14328
1.14143
1.13949
1.13749
1.13543
1.1333
1.13111
1.12885
1.1265
1.15843
1.15835
1.15818
1.15793
1.15762
1.15724
1.15677
1.15623
1.1556
1.1549
1.15412
1.15327
1.15234
1.15134
1.15028
1.14914
1.14794
1.14666
1.14532
1.14391
1.14242
1.14087
1.13925
1.13756
1.13579
1.13396
1.13206
1.13009
1.12806
1.12597
1.12383
1.12162
1.11934
1.21727
1.21724
1.21719
1.21708
1.21687
1.21654
1.21603
1.21534
1.21455
1.21362
1.21253
1.21129
1.20992
1.20843
1.20684
1.20517
1.20341
1.20157
1.19965
1.19764
1.19556
1.19339
1.19115
1.18885
1.18648
1.18405
1.18155
1.17898
1.17632
1.17359
1.17078
1.1679
1.16495
1.21727
1.21724
1.21718
1.21707
1.21686
1.21651
1.216
1.21531
1.21451
1.21356
1.21247
1.21123
1.20986
1.20839
1.20681
1.20514
1.20338
1.20153
1.19959
1.19758
1.19548
1.19332
1.19109
1.1888
1.18643
1.184
1.18149
1.1789
1.17623
1.1735
1.17069
1.16782
1.16489
1.21727
1.21725
1.21719
1.21707
1.21685
1.2165
1.21598
1.21528
1.21446
1.21352
1.21243
1.21119
1.20981
1.20833
1.20674
1.20505
1.20328
1.20141
1.19947
1.19745
1.19537
1.19322
1.19099
1.18869
1.1863
1.18385
1.18132
1.17873
1.17608
1.17336
1.17056
1.16769
1.16475
1.21727
1.21725
1.21718
1.21705
1.21682
1.21644
1.21591
1.21522
1.21442
1.21346
1.21235
1.2111
1.20971
1.20821
1.20661
1.20492
1.20314
1.20127
1.19932
1.19729
1.19518
1.19301
1.19076
1.18846
1.18609
1.18363
1.1811
1.1785
1.17582
1.17307
1.17027
1.16741
1.16447
1.21725
1.21722
1.21715
1.21702
1.21678
1.21639
1.21582
1.21507
1.21423
1.21326
1.21213
1.21086
1.20946
1.20796
1.20636
1.20467
1.20289
1.20101
1.19905
1.19701
1.19489
1.19271
1.19046
1.18815
1.18576
1.18329
1.18075
1.17813
1.17544
1.17269
1.16989
1.16701
1.16406
1.21707
1.21703
1.21695
1.2168
1.21653
1.21611
1.21551
1.21481
1.21397
1.21297
1.21183
1.21054
1.20911
1.20759
1.20597
1.20427
1.20248
1.2006
1.19864
1.19659
1.19446
1.19226
1.18998
1.18763
1.18521
1.18273
1.18019
1.17758
1.17489
1.17212
1.16929
1.16638
1.16341
1.21632
1.21628
1.2162
1.21604
1.21578
1.21536
1.21478
1.21408
1.21324
1.21224
1.21109
1.20979
1.20837
1.20685
1.20524
1.20353
1.20173
1.19984
1.19787
1.1958
1.19366
1.19145
1.18916
1.18682
1.18441
1.18192
1.17935
1.1767
1.17399
1.1712
1.16835
1.16545
1.16248
1.21385
1.2138
1.2137
1.21356
1.2133
1.21293
1.21243
1.21184
1.21112
1.21023
1.20918
1.20797
1.20662
1.20516
1.20361
1.20194
1.20018
1.19832
1.19637
1.19433
1.19221
1.19002
1.18776
1.18542
1.18301
1.18052
1.17796
1.17532
1.17261
1.16982
1.16696
1.16403
1.16103
1.2081
1.20806
1.20796
1.20778
1.20752
1.20718
1.20679
1.20636
1.20583
1.20518
1.2044
1.20348
1.20242
1.20123
1.19991
1.19845
1.19688
1.19518
1.19338
1.19148
1.18947
1.18738
1.18519
1.18292
1.18056
1.17811
1.17559
1.173
1.17034
1.1676
1.16478
1.16189
1.1589
1.20122
1.20116
1.20103
1.20083
1.20056
1.20025
1.19988
1.19946
1.19898
1.1984
1.19774
1.19697
1.19608
1.19507
1.19394
1.19269
1.19133
1.18985
1.18825
1.18654
1.18473
1.18282
1.18081
1.17871
1.1765
1.1742
1.17181
1.16932
1.16675
1.1641
1.16135
1.15854
1.15565
1.19345
1.1934
1.19326
1.19306
1.19279
1.19246
1.19208
1.19163
1.19112
1.19054
1.18988
1.18914
1.18831
1.18737
1.18633
1.18519
1.18395
1.18261
1.18117
1.17963
1.17799
1.17626
1.17443
1.17249
1.17046
1.16833
1.16611
1.16379
1.16138
1.15888
1.15628
1.1536
1.15084
1.18479
1.18472
1.18458
1.18437
1.1841
1.18376
1.18336
1.18289
1.18234
1.18173
1.18104
1.18028
1.17944
1.17851
1.1775
1.17641
1.17523
1.17397
1.17262
1.17118
1.16964
1.16802
1.1663
1.1645
1.1626
1.1606
1.15852
1.15635
1.15409
1.15175
1.14933
1.14682
1.14422
1.17534
1.17526
1.17513
1.17491
1.17463
1.17427
1.17385
1.17334
1.17276
1.1721
1.17138
1.17058
1.16971
1.16876
1.16773
1.16664
1.16547
1.16423
1.16291
1.1615
1.16002
1.15846
1.15683
1.15511
1.1533
1.1514
1.14942
1.14735
1.14522
1.143
1.1407
1.13832
1.13587
1.16576
1.16567
1.16551
1.16528
1.16499
1.16462
1.16417
1.16364
1.16303
1.16234
1.16158
1.16075
1.15984
1.15886
1.15781
1.15668
1.15549
1.15424
1.15291
1.15151
1.15005
1.14851
1.14688
1.14519
1.14343
1.14158
1.13966
1.13767
1.13561
1.13348
1.13128
1.12902
1.12668
1.15853
1.15843
1.15826
1.15802
1.15772
1.15735
1.15689
1.15635
1.15573
1.15502
1.15424
1.15338
1.15245
1.15146
1.1504
1.14927
1.14806
1.14678
1.14543
1.14401
1.14252
1.14097
1.13936
1.13768
1.13592
1.1341
1.13221
1.13025
1.12823
1.12616
1.12403
1.12182
1.11954
1.21727
1.21724
1.21719
1.21708
1.21689
1.21656
1.21606
1.21539
1.21461
1.21368
1.2126
1.21137
1.20999
1.2085
1.20691
1.20522
1.20344
1.20158
1.19965
1.19765
1.19557
1.19342
1.19118
1.18887
1.1865
1.18406
1.18156
1.17899
1.17635
1.17362
1.17082
1.16794
1.16499
1.21727
1.21725
1.21719
1.21708
1.21688
1.21654
1.21604
1.21536
1.21457
1.21364
1.21255
1.21131
1.20994
1.20844
1.20685
1.20516
1.20339
1.20154
1.19962
1.19761
1.19552
1.19336
1.19112
1.18881
1.18643
1.184
1.1815
1.17892
1.17626
1.17353
1.17072
1.16785
1.16491
1.21727
1.21725
1.21719
1.21708
1.21687
1.21653
1.21601
1.21532
1.21452
1.21358
1.21248
1.21124
1.20986
1.20836
1.20677
1.20508
1.20332
1.20146
1.19952
1.1975
1.1954
1.19325
1.19101
1.18871
1.18634
1.18388
1.18136
1.17876
1.1761
1.17338
1.17058
1.16772
1.16478
1.21728
1.21725
1.21719
1.21707
1.21685
1.21649
1.21596
1.21525
1.21443
1.21347
1.21237
1.21111
1.20973
1.20822
1.20662
1.20493
1.20316
1.2013
1.19936
1.19733
1.19522
1.19304
1.19079
1.18848
1.18611
1.18366
1.18114
1.17853
1.17585
1.1731
1.17029
1.16742
1.16449
1.21725
1.21722
1.21716
1.21703
1.2168
1.21643
1.21587
1.21514
1.21429
1.21331
1.21218
1.2109
1.20949
1.20799
1.20638
1.20468
1.2029
1.20103
1.19908
1.19704
1.19493
1.19274
1.19048
1.18817
1.18578
1.18332
1.18078
1.17817
1.17548
1.17272
1.1699
1.16703
1.16408
1.21706
1.21703
1.21696
1.21681
1.21656
1.21616
1.21558
1.21487
1.21403
1.21304
1.21189
1.2106
1.20918
1.20765
1.20602
1.2043
1.20249
1.2006
1.19864
1.1966
1.19448
1.19229
1.19002
1.18767
1.18525
1.18276
1.18021
1.1776
1.17492
1.17216
1.16932
1.16642
1.16344
1.21627
1.21625
1.2162
1.21609
1.21587
1.2155
1.21493
1.21418
1.21333
1.21233
1.21118
1.20988
1.20846
1.20693
1.2053
1.20357
1.20176
1.19986
1.19788
1.19582
1.1937
1.19149
1.1892
1.18684
1.18443
1.18194
1.17938
1.17674
1.17403
1.17125
1.1684
1.16549
1.16252
1.21371
1.21372
1.21369
1.21362
1.21345
1.21314
1.21265
1.21199
1.21124
1.21034
1.20928
1.20807
1.20671
1.20524
1.20366
1.20198
1.20021
1.19835
1.19639
1.19436
1.19225
1.19005
1.18778
1.18543
1.18301
1.18053
1.17798
1.17536
1.17265
1.16987
1.16701
1.16408
1.16107
1.20812
1.20807
1.20796
1.20777
1.2075
1.20718
1.20679
1.20633
1.20581
1.20517
1.20441
1.2035
1.20246
1.20127
1.19994
1.19849
1.19691
1.19521
1.19342
1.19151
1.18951
1.18741
1.18523
1.18295
1.18058
1.17815
1.17564
1.17305
1.17039
1.16765
1.16482
1.16191
1.15891
1.20123
1.20116
1.20102
1.20081
1.20054
1.20022
1.19985
1.19943
1.19895
1.1984
1.19775
1.19699
1.19611
1.1951
1.19397
1.19271
1.19134
1.18985
1.18826
1.18657
1.18477
1.18287
1.18087
1.17875
1.17655
1.17425
1.17186
1.16937
1.16679
1.16413
1.16139
1.15858
1.15569
1.19348
1.19341
1.19326
1.19305
1.19276
1.19243
1.19204
1.19159
1.19109
1.19052
1.18987
1.18915
1.18833
1.18739
1.18635
1.18521
1.18398
1.18264
1.18121
1.17967
1.17805
1.17632
1.17449
1.17255
1.17051
1.16837
1.16614
1.16382
1.16141
1.15889
1.1563
1.15363
1.15087
1.18479
1.18472
1.18458
1.18437
1.18409
1.18375
1.18335
1.18288
1.18234
1.18173
1.18105
1.1803
1.17947
1.17855
1.17754
1.17646
1.17528
1.17402
1.17267
1.17123
1.1697
1.16807
1.16634
1.16452
1.16262
1.16062
1.15854
1.15638
1.15413
1.15179
1.14937
1.14686
1.14426
1.17534
1.17527
1.17513
1.17492
1.17463
1.17428
1.17386
1.17335
1.17278
1.17213
1.17141
1.17061
1.16975
1.1688
1.16778
1.16668
1.16551
1.16426
1.16294
1.16154
1.16006
1.1585
1.15684
1.15511
1.15331
1.15143
1.14946
1.14741
1.14529
1.14307
1.14077
1.13838
1.13593
1.16578
1.16569
1.16553
1.1653
1.16501
1.16465
1.16421
1.16368
1.16307
1.16238
1.16163
1.1608
1.15989
1.15891
1.15787
1.15674
1.15555
1.15429
1.15296
1.15156
1.15009
1.14854
1.14692
1.14522
1.14346
1.14162
1.13972
1.13774
1.13569
1.13356
1.13135
1.12907
1.12674
1.15855
1.15846
1.15829
1.15805
1.15775
1.15739
1.15693
1.1564
1.15577
1.15506
1.15428
1.15342
1.1525
1.15151
1.15044
1.1493
1.1481
1.14683
1.14548
1.14407
1.14258
1.14102
1.1394
1.13772
1.13597
1.13416
1.13228
1.13032
1.12831
1.12623
1.12408
1.12186
1.11958
)
;

boundaryField
{
    walls
    {
        type            zeroGradient;
    }
    procBoundary2to0
    {
        type            processor;
        value           nonuniform List<scalar> 
263
(
1.07545
1.07542
1.07538
1.08191
1.08182
1.08167
1.08144
1.0811
1.09149
1.09134
1.09114
1.09085
1.09039
1.0897
1.08884
1.08779
1.08643
1.08483
1.08299
1.08081
1.07843
1.07588
1.07375
1.10241
1.1023
1.10209
1.10176
1.10121
1.10045
1.0994
1.09809
1.09643
1.09439
1.09186
1.08876
1.08511
1.08112
1.07797
1.1137
1.11354
1.11337
1.113
1.11243
1.11162
1.11047
1.10903
1.1072
1.10479
1.10173
1.09794
1.09329
1.08803
1.08384
1.12443
1.12429
1.12408
1.12371
1.12313
1.12233
1.1212
1.11973
1.11772
1.1151
1.1116
1.10717
1.10161
1.09521
1.09008
1.13408
1.13397
1.13377
1.13342
1.13286
1.13207
1.13092
1.12942
1.12729
1.12449
1.12064
1.11559
1.10915
1.10171
1.09578
1.1423
1.14219
1.14198
1.14164
1.14112
1.14033
1.13923
1.13769
1.13552
1.13254
1.12834
1.1227
1.11546
1.10723
1.10076
1.14883
1.1487
1.14847
1.14814
1.14763
1.14688
1.14583
1.14425
1.14202
1.13885
1.13435
1.12826
1.12046
1.11176
1.10491
1.15348
1.15341
1.15324
1.15293
1.15244
1.15167
1.15063
1.14909
1.14682
1.14354
1.1388
1.13239
1.1243
1.1153
1.10824
1.15666
1.15657
1.15649
1.1562
1.15573
1.15494
1.15392
1.15239
1.1501
1.14678
1.14196
1.13544
1.12719
1.11801
1.11081
1.15883
1.15874
1.1586
1.1583
1.15785
1.15714
1.15611
1.15454
1.1523
1.14898
1.14418
1.13762
1.12929
1.12005
1.11287
1.16019
1.16011
1.15993
1.15964
1.15919
1.15854
1.15752
1.15601
1.1537
1.15044
1.1457
1.13913
1.13082
1.12159
1.11441
1.16102
1.16093
1.16075
1.16046
1.16002
1.15938
1.15839
1.15691
1.15465
1.1514
1.14665
1.1401
1.13187
1.12264
1.11544
1.16148
1.16141
1.16123
1.16096
1.16051
1.15987
1.1589
1.15744
1.15525
1.15198
1.14725
1.14073
1.13249
1.12334
1.11623
1.16175
1.16167
1.1615
1.1612
1.16077
1.16015
1.15917
1.15775
1.15555
1.15234
1.14762
1.14113
1.13292
1.12379
1.11672
1.16188
1.16182
1.16164
1.16136
1.16094
1.16031
1.15935
1.15792
1.15578
1.15258
1.14789
1.1414
1.13323
1.1241
1.117
1.16195
1.1619
1.16173
1.16146
1.16103
1.16038
1.15943
1.15796
1.15584
1.15268
1.148
1.14153
1.13334
1.12427
1.1172
1.16198
1.16192
1.16176
1.16148
1.16106
1.1604
1.15947
1.15799
1.15584
1.15271
1.14803
1.14159
1.1334
1.12434
1.11726
)
;
    }
    procBoundary2to1
    {
        type            processor;
        value           nonuniform List<scalar> 
561
(
1.08572
1.08566
1.08555
1.0854
1.08519
1.08491
1.08459
1.08425
1.08383
1.08336
1.08287
1.08237
1.08183
1.08126
1.08067
1.08008
1.07946
1.07884
1.07819
1.07756
1.07695
1.07636
1.0758
1.07528
1.07483
1.07441
1.07407
1.07384
1.0737
1.07364
1.07371
1.07391
1.07424
1.08561
1.08556
1.08546
1.0853
1.0851
1.08484
1.08452
1.08415
1.08372
1.08326
1.08275
1.08223
1.08169
1.08111
1.08052
1.07993
1.07931
1.07871
1.07809
1.07744
1.07683
1.07626
1.07575
1.07525
1.07479
1.07437
1.07405
1.0738
1.07366
1.07363
1.07368
1.07389
1.07427
1.08541
1.08534
1.08522
1.08505
1.08482
1.08455
1.08424
1.08389
1.08347
1.083
1.08253
1.08203
1.08149
1.08093
1.08034
1.07974
1.07915
1.07855
1.07793
1.07732
1.07673
1.07616
1.07562
1.07513
1.07471
1.07431
1.07397
1.07374
1.0736
1.07359
1.07371
1.07395
1.0743
1.09781
1.09774
1.09762
1.09741
1.09715
1.09682
1.09642
1.09595
1.09543
1.09484
1.09422
1.09355
1.09284
1.09209
1.09131
1.09048
1.08961
1.08871
1.08776
1.08681
1.08587
1.08492
1.08394
1.08296
1.08201
1.08106
1.08013
1.07923
1.07839
1.07762
1.07692
1.0763
1.07576
1.09781
1.09774
1.09762
1.09741
1.09715
1.09682
1.09642
1.09595
1.09543
1.09484
1.09422
1.09355
1.09284
1.09209
1.09131
1.09048
1.08961
1.08871
1.08776
1.08681
1.08587
1.08492
1.08394
1.08296
1.08201
1.08106
1.08013
1.07923
1.07839
1.07762
1.07692
1.0763
1.07576
1.09722
1.09714
1.09701
1.09682
1.09657
1.09625
1.09586
1.09539
1.09486
1.09431
1.0937
1.09304
1.09233
1.09157
1.09076
1.08993
1.08905
1.08815
1.08724
1.0863
1.08536
1.0844
1.08345
1.08252
1.08159
1.08069
1.07979
1.07895
1.07815
1.07738
1.0767
1.0761
1.07561
1.11018
1.11011
1.10997
1.10975
1.10945
1.10909
1.10867
1.10818
1.1076
1.10696
1.10626
1.1055
1.10468
1.10382
1.10291
1.10194
1.10091
1.09983
1.09872
1.09759
1.09643
1.09523
1.094
1.09277
1.09153
1.09025
1.08899
1.08774
1.0865
1.08527
1.08406
1.08287
1.08173
1.11018
1.11011
1.10997
1.10975
1.10945
1.10909
1.10867
1.10818
1.1076
1.10696
1.10626
1.1055
1.10468
1.10382
1.10291
1.10194
1.10091
1.09983
1.09872
1.09759
1.09643
1.09523
1.094
1.09277
1.09153
1.09025
1.08899
1.08774
1.0865
1.08527
1.08406
1.08287
1.08173
1.10894
1.10886
1.10872
1.10851
1.10824
1.10788
1.10745
1.10695
1.10638
1.10573
1.10503
1.10428
1.10348
1.10263
1.10173
1.10078
1.09977
1.0987
1.0976
1.09648
1.09534
1.09417
1.09297
1.09175
1.09052
1.08929
1.08807
1.08684
1.08563
1.08444
1.08329
1.08217
1.08109
1.10724
1.10717
1.10703
1.10683
1.10657
1.10623
1.10582
1.10533
1.10477
1.10414
1.10345
1.10272
1.10193
1.10111
1.10022
1.09928
1.09829
1.09726
1.09619
1.09509
1.09396
1.09283
1.09166
1.09047
1.08928
1.08808
1.08691
1.08577
1.08464
1.08354
1.08246
1.08141
1.0804
1.10512
1.10506
1.10493
1.10472
1.10446
1.10413
1.10374
1.10329
1.10275
1.10214
1.10147
1.10075
1.09998
1.09918
1.09832
1.09742
1.09646
1.09548
1.09446
1.0934
1.09231
1.09119
1.09005
1.08893
1.08779
1.08666
1.08554
1.08445
1.08339
1.08236
1.08137
1.0804
1.07948
1.10267
1.10259
1.10244
1.10225
1.10199
1.10166
1.10127
1.10081
1.10028
1.09972
1.09909
1.09841
1.09766
1.09688
1.09604
1.09518
1.09427
1.09334
1.09237
1.09137
1.09033
1.08927
1.0882
1.08712
1.08606
1.08499
1.08395
1.08292
1.08193
1.08099
1.08009
1.07924
1.07845
1.09975
1.09967
1.09951
1.0993
1.09902
1.09869
1.09831
1.0979
1.0974
1.09685
1.09624
1.09557
1.09486
1.09411
1.09333
1.09252
1.09167
1.09079
1.08988
1.08892
1.08795
1.08698
1.08601
1.08503
1.08405
1.08309
1.08213
1.08122
1.08033
1.0795
1.07872
1.07799
1.07731
1.09628
1.0962
1.09606
1.09587
1.0956
1.09528
1.09492
1.09451
1.09405
1.09352
1.09295
1.09233
1.09165
1.09094
1.09022
1.08945
1.08866
1.08784
1.087
1.08611
1.08522
1.08434
1.08345
1.08257
1.08171
1.08086
1.08002
1.07924
1.07849
1.07782
1.07721
1.07667
1.07618
1.09225
1.0922
1.09209
1.09191
1.09168
1.09141
1.09107
1.09067
1.09022
1.08974
1.0892
1.08863
1.08802
1.08738
1.0867
1.086
1.08528
1.08453
1.08375
1.08295
1.08216
1.08138
1.08061
1.07985
1.07911
1.07841
1.07772
1.07708
1.07652
1.07602
1.07561
1.07529
1.07505
1.08814
1.08809
1.08798
1.08782
1.08759
1.08731
1.08699
1.08665
1.08625
1.08579
1.0853
1.08477
1.08421
1.08362
1.083
1.08236
1.0817
1.08102
1.08032
1.07963
1.07897
1.07831
1.07767
1.07703
1.07642
1.07583
1.07529
1.07483
1.07444
1.07414
1.07395
1.07385
1.07391
1.08501
1.08494
1.08482
1.08466
1.08443
1.08417
1.08386
1.08352
1.08315
1.08275
1.0823
1.08183
1.08133
1.08079
1.08021
1.07961
1.07898
1.07834
1.07771
1.07708
1.07648
1.07591
1.07536
1.07482
1.07431
1.07384
1.07342
1.07308
1.07285
1.07268
1.07263
1.07274
1.07298
)
;
    }
}


// ************************************************************************* //
