/*--------------------------------*- C++ -*----------------------------------*\
| =========                 |                                                 |
| \\      /  F ield         | OpenFOAM: The Open Source CFD Toolbox           |
|  \\    /   O peration     | Version:  2412                                  |
|   \\  /    A nd           | Website:  www.openfoam.com                      |
|    \\/     M anipulation  |                                                 |
\*---------------------------------------------------------------------------*/
FoamFile
{
    version     2.0;
    format      ascii;
    arch        "LSB;label=32;scalar=64";
    class       volScalarField;
    location    "0.030011";
    object      Vm_0;
}
// * * * * * * * * * * * * * * * * * * * * * * * * * * * * * * * * * * * * * //

dimensions      [1 2 -3 0 0 -1 0];

internalField   nonuniform List<scalar> 
8679
(
0.0101517
0.0101471
0.0101347
0.010116
0.0100932
0.0100655
0.010033
0.00999592
0.00995265
0.00990373
0.00984831
0.00978951
0.00972739
0.00966226
0.0095926
0.00951889
0.00944392
0.00936689
0.0092868
0.00920342
0.00911844
0.00903123
0.00894288
0.00885537
0.00877076
0.00868719
0.00860752
0.0085307
0.00845539
0.00838427
0.00831934
0.00826083
0.00820934
0.010144
0.0101376
0.0101253
0.0101083
0.0100852
0.0100561
0.0100231
0.00998448
0.00993986
0.00989167
0.00983888
0.00978096
0.00971914
0.00965245
0.00958181
0.00950877
0.00943176
0.0093535
0.00927311
0.00919027
0.00910568
0.00901982
0.00893391
0.00884975
0.00876532
0.00868279
0.00860132
0.00852382
0.00844935
0.00837762
0.00831227
0.00825421
0.00820416
0.0101179
0.0101121
0.0101014
0.0100838
0.0100612
0.0100328
0.00999819
0.00995794
0.00991328
0.00986258
0.00980895
0.00975177
0.00969059
0.00962564
0.00955826
0.00948652
0.00941281
0.00933604
0.00925519
0.00917195
0.00908948
0.00900582
0.00892041
0.00883527
0.00875235
0.00866968
0.00859016
0.00851296
0.00843746
0.00836839
0.00830601
0.00825
0.00820084
0.0113477
0.0113417
0.0113296
0.0113107
0.011286
0.0112549
0.0112177
0.0111752
0.0111267
0.0110731
0.0110136
0.0109481
0.0108769
0.0108005
0.0107202
0.0106342
0.0105449
0.0104518
0.0103546
0.0102535
0.0101495
0.0100439
0.00993466
0.00982399
0.00971092
0.0095984
0.00948626
0.00937403
0.00926143
0.00914909
0.00903779
0.0089284
0.00882225
0.0113361
0.0113296
0.0113175
0.0112981
0.0112731
0.0112419
0.0112048
0.0111624
0.011113
0.0110588
0.0109995
0.0109345
0.0108643
0.0107894
0.0107091
0.0106237
0.0105324
0.0104381
0.0103406
0.0102404
0.0101386
0.0100327
0.00992439
0.00981463
0.00970308
0.00958882
0.00947516
0.009362
0.00924906
0.00913671
0.00902586
0.00891766
0.00881248
0.0113164
0.0113093
0.011296
0.0112777
0.0112534
0.0112221
0.0111837
0.011139
0.011089
0.0110322
0.0109716
0.010907
0.0108388
0.0107643
0.0106847
0.0106
0.0105116
0.0104194
0.010323
0.0102229
0.0101202
0.0100159
0.00990792
0.00979829
0.00968594
0.0095735
0.00946057
0.00934649
0.00923154
0.00911932
0.00901096
0.00890431
0.00880004
0.0112809
0.0112736
0.01126
0.0112417
0.0112173
0.0111861
0.0111477
0.011103
0.0110529
0.0109961
0.0109352
0.0108705
0.0108019
0.0107279
0.0106486
0.0105641
0.0104759
0.0103839
0.0102879
0.0101885
0.0100864
0.00998276
0.00987543
0.00976665
0.00965508
0.00954313
0.00943017
0.0093156
0.00920236
0.00909142
0.00898367
0.00887975
0.00877778
0.0112226
0.011216
0.0112036
0.011184
0.0111589
0.0111277
0.0110905
0.0110478
0.010998
0.0109435
0.0108839
0.0108191
0.0107492
0.0106749
0.0105951
0.0105102
0.0104203
0.0103272
0.0102313
0.0101331
0.0100335
0.00992964
0.00982325
0.0097167
0.00960823
0.00949702
0.00938639
0.00927643
0.0091671
0.00905873
0.00895194
0.00884766
0.00874706
0.0125438
0.012539
0.0125266
0.012508
0.0124822
0.0124488
0.0124081
0.0123613
0.0123102
0.012254
0.012192
0.0121241
0.0120512
0.0119725
0.0118887
0.0117988
0.0117035
0.0116027
0.0114972
0.0113868
0.0112733
0.011155
0.0110332
0.010907
0.0107776
0.010646
0.0105124
0.0103769
0.010239
0.0100998
0.00996108
0.00982087
0.0096811
0.0125367
0.0125295
0.0125158
0.0124966
0.0124708
0.012438
0.0123987
0.0123535
0.0123012
0.0122439
0.0121812
0.0121129
0.0120399
0.0119603
0.0118759
0.0117863
0.011691
0.01159
0.0114839
0.0113735
0.01126
0.011142
0.0110214
0.0108972
0.0107688
0.0106361
0.0105013
0.0103654
0.0102287
0.0100898
0.0099496
0.00980831
0.00966811
0.0125142
0.0125075
0.0124952
0.0124754
0.0124483
0.0124157
0.0123779
0.0123332
0.0122828
0.0122257
0.0121628
0.0120934
0.0120182
0.0119382
0.0118517
0.0117611
0.0116659
0.0115662
0.0114624
0.0113533
0.0112392
0.0111222
0.0110012
0.0108753
0.0107471
0.0106165
0.0104831
0.0103472
0.0102097
0.0100706
0.00993143
0.00979119
0.00965021
0.0124807
0.0124735
0.0124602
0.0124393
0.0124128
0.0123805
0.0123427
0.0122983
0.0122479
0.0121905
0.012127
0.0120577
0.0119824
0.0119023
0.0118158
0.0117252
0.0116301
0.0115305
0.0114269
0.011318
0.011204
0.0110866
0.0109645
0.0108402
0.0107132
0.0105834
0.0104508
0.0103156
0.0101785
0.0100397
0.00990044
0.00976227
0.00962334
0.012428
0.0124209
0.0124065
0.0123866
0.0123603
0.0123272
0.0122875
0.0122417
0.0121894
0.0121317
0.0120684
0.0119999
0.0119266
0.0118469
0.0117627
0.011673
0.0115776
0.0114775
0.0113723
0.011263
0.011151
0.0110342
0.0109146
0.010791
0.0106624
0.0105318
0.0103995
0.0102661
0.010131
0.00999541
0.00985853
0.00972065
0.00958381
0.0123473
0.0123397
0.0123253
0.0123057
0.0122798
0.0122472
0.0122078
0.0121623
0.0121101
0.0120526
0.0119902
0.0119227
0.0118489
0.0117686
0.0116844
0.0115955
0.0115011
0.0114011
0.0112962
0.0111874
0.0110759
0.0109598
0.0108409
0.0107181
0.0105905
0.010461
0.0103301
0.0101979
0.0100637
0.00992849
0.00979341
0.00965761
0.0095215
0.0122361
0.0122294
0.0122164
0.0121967
0.0121709
0.0121385
0.0120998
0.0120559
0.012005
0.0119471
0.0118841
0.0118164
0.0117426
0.0116626
0.0115789
0.0114906
0.011397
0.0112978
0.0111935
0.0110852
0.0109745
0.0108591
0.0107405
0.0106175
0.0104929
0.0103666
0.0102384
0.0101082
0.00997656
0.00984426
0.00971095
0.00957817
0.00944548
0.0120849
0.0120798
0.0120682
0.0120501
0.0120257
0.0119943
0.0119558
0.0119115
0.0118617
0.0118054
0.0117435
0.0116759
0.0116031
0.011525
0.0114416
0.0113538
0.0112611
0.0111629
0.0110594
0.0109514
0.0108401
0.0107268
0.0106095
0.0104906
0.0103696
0.0102458
0.010119
0.00999158
0.00986413
0.00973692
0.00960817
0.00947899
0.00934994
0.0118947
0.011889
0.0118777
0.0118587
0.0118343
0.0118044
0.0117687
0.0117261
0.0116766
0.0116204
0.011559
0.0114926
0.0114216
0.0113448
0.0112624
0.0111764
0.011086
0.0109905
0.01089
0.0107849
0.0106762
0.0105655
0.0104508
0.0103344
0.0102152
0.0100944
0.00997263
0.00984986
0.00972611
0.00960167
0.00947707
0.009352
0.00922805
0.0116679
0.0116625
0.0116502
0.0116309
0.0116047
0.011573
0.011536
0.011494
0.0114452
0.0113917
0.0113328
0.0112681
0.0111977
0.0111225
0.0110439
0.0109602
0.0108712
0.0107779
0.0106803
0.0105786
0.0104737
0.0103668
0.0102555
0.0101418
0.0100268
0.00991057
0.00979226
0.00967364
0.00955479
0.00943564
0.00931662
0.00919868
0.00908308
0.0113925
0.0113854
0.0113721
0.011354
0.0113298
0.0112992
0.0112621
0.0112189
0.0111705
0.0111176
0.0110602
0.0109975
0.0109292
0.0108564
0.0107802
0.0106986
0.0106133
0.0105232
0.0104278
0.0103296
0.0102295
0.0101258
0.0100187
0.00990974
0.00979982
0.00968796
0.00957686
0.00946598
0.00935468
0.00924292
0.00913103
0.00902256
0.00891594
0.0110553
0.011049
0.0110371
0.0110191
0.0109956
0.010966
0.01093
0.0108881
0.0108416
0.0107902
0.0107347
0.0106742
0.0106085
0.0105385
0.010465
0.0103867
0.0103037
0.0102162
0.0101256
0.010032
0.00993542
0.00983615
0.00973488
0.00963287
0.00952824
0.00942278
0.00931774
0.00921356
0.00910915
0.009007
0.00890723
0.00881001
0.00871579
0.0106644
0.0106593
0.0106485
0.010631
0.0106077
0.010579
0.0105444
0.0105041
0.0104593
0.0104104
0.0103567
0.0102974
0.0102347
0.0101686
0.0100975
0.010022
0.00994271
0.00985944
0.00977363
0.00968458
0.00959331
0.00949999
0.00940535
0.00930895
0.00921184
0.00911595
0.00901936
0.00892443
0.00883059
0.00874059
0.00865465
0.00857256
0.00849454
0.0102504
0.0102448
0.0102342
0.0102173
0.0101948
0.0101671
0.0101339
0.0100953
0.0100524
0.0100052
0.00995312
0.00989661
0.00983626
0.00977146
0.00970249
0.00962919
0.00955339
0.0094742
0.00939277
0.00930852
0.00922097
0.00913388
0.00904769
0.00896145
0.00887356
0.0087857
0.00870001
0.00861497
0.00853338
0.0084547
0.00838216
0.00831583
0.00825587
0.00993263
0.00992605
0.00991386
0.00989608
0.00987244
0.00984448
0.00981175
0.0097742
0.00973258
0.00968805
0.00963828
0.00958553
0.00952853
0.00946646
0.00939944
0.0093285
0.00925529
0.00917901
0.00910061
0.00901893
0.00893732
0.00885551
0.00877314
0.0086903
0.00860759
0.00852682
0.00844881
0.00837282
0.00830016
0.00823099
0.0081679
0.00811156
0.00806097
0.0136961
0.0136895
0.0136765
0.0136554
0.013628
0.0135946
0.0135554
0.0135088
0.0134572
0.0134001
0.0133373
0.0132694
0.0131947
0.0131149
0.0130295
0.0129378
0.0128398
0.0127361
0.0126279
0.012514
0.0123964
0.0122744
0.0121475
0.0120153
0.011878
0.0117358
0.0115897
0.0114395
0.0112863
0.0111295
0.0109699
0.0108084
0.0106441
0.0136876
0.0136808
0.0136682
0.0136481
0.0136211
0.0135884
0.0135492
0.0135033
0.013451
0.0133937
0.0133313
0.0132627
0.0131876
0.0131061
0.0130194
0.0129271
0.0128294
0.012727
0.0126181
0.0125043
0.0123847
0.0122611
0.0121334
0.012001
0.0118636
0.0117216
0.0115757
0.0114258
0.0112736
0.0111172
0.0109585
0.0107967
0.0106331
0.0136717
0.0136642
0.01365
0.0136301
0.0136035
0.0135701
0.0135304
0.0134859
0.0134354
0.0133781
0.0133142
0.0132441
0.0131696
0.0130893
0.0130023
0.0129099
0.012812
0.0127082
0.0125994
0.0124853
0.012366
0.0122411
0.012112
0.011979
0.0118423
0.0117021
0.011557
0.0114076
0.0112543
0.0110988
0.0109398
0.010778
0.0106138
0.0136401
0.0136329
0.0136184
0.0135981
0.0135714
0.013538
0.0134985
0.0134537
0.0134026
0.0133453
0.0132809
0.0132105
0.0131353
0.013054
0.0129667
0.0128749
0.0127774
0.0126733
0.0125641
0.0124508
0.0123322
0.0122071
0.0120781
0.0119453
0.0118089
0.0116683
0.0115243
0.0113759
0.0112232
0.0110679
0.0109088
0.010748
0.0105847
0.0135873
0.01358
0.0135661
0.0135451
0.0135179
0.0134845
0.0134453
0.0133987
0.0133464
0.0132883
0.0132244
0.0131554
0.0130796
0.0129988
0.0129123
0.01282
0.0127217
0.0126178
0.0125096
0.0123959
0.0122785
0.0121565
0.0120296
0.0118974
0.0117603
0.0116188
0.0114737
0.0113247
0.0111728
0.0110176
0.0108594
0.0106993
0.0105376
0.0135101
0.013503
0.0134893
0.0134688
0.0134426
0.0134107
0.0133719
0.0133258
0.0132729
0.0132149
0.0131518
0.0130824
0.0130062
0.0129236
0.0128361
0.0127434
0.0126457
0.0125432
0.0124352
0.0123219
0.0122039
0.0120818
0.0119549
0.0118229
0.011686
0.0115448
0.0113999
0.0112522
0.0111014
0.0109473
0.0107904
0.0106316
0.0104713
0.0134032
0.0133972
0.013384
0.0133641
0.0133379
0.0133051
0.0132663
0.0132216
0.0131706
0.0131129
0.0130486
0.0129784
0.0129018
0.012819
0.0127314
0.0126387
0.0125409
0.0124383
0.0123299
0.012216
0.0120989
0.0119774
0.0118502
0.0117173
0.0115808
0.0114415
0.0112997
0.0111542
0.0110048
0.0108528
0.0106965
0.0105382
0.0103792
0.013256
0.0132492
0.0132361
0.0132162
0.0131906
0.0131591
0.01312
0.0130745
0.0130237
0.0129669
0.0129039
0.0128352
0.0127602
0.0126791
0.0125924
0.0124997
0.0124026
0.0122996
0.0121912
0.0120775
0.0119606
0.0118391
0.0117117
0.0115811
0.0114472
0.0113101
0.0111691
0.0110248
0.0108783
0.0107286
0.0105757
0.0104205
0.0102635
0.0130634
0.0130572
0.0130456
0.0130264
0.0130003
0.0129687
0.01293
0.0128852
0.0128348
0.0127783
0.0127154
0.0126465
0.0125724
0.0124925
0.0124077
0.0123174
0.0122214
0.0121197
0.0120127
0.0119017
0.0117852
0.0116649
0.0115394
0.0114112
0.0112798
0.0111451
0.011007
0.0108648
0.0107191
0.0105715
0.0104221
0.0102709
0.0101181
0.0128277
0.0128208
0.0128076
0.0127875
0.0127612
0.0127287
0.0126901
0.0126461
0.0125948
0.0125384
0.0124763
0.0124087
0.0123366
0.0122581
0.012175
0.0120869
0.011993
0.0118932
0.0117877
0.0116772
0.011563
0.0114457
0.0113246
0.011199
0.01107
0.0109374
0.0108022
0.0106632
0.0105211
0.0103766
0.010231
0.0100847
0.00993721
0.012533
0.0125261
0.0125131
0.0124926
0.0124666
0.0124346
0.0123969
0.012353
0.0123022
0.0122466
0.0121856
0.0121188
0.0120468
0.0119695
0.0118868
0.011799
0.0117066
0.0116089
0.0115059
0.0113981
0.0112867
0.0111717
0.0110526
0.0109296
0.0108022
0.010673
0.0105418
0.0104081
0.010272
0.0101339
0.00999384
0.00985343
0.00971303
0.0121744
0.0121677
0.012154
0.0121347
0.0121087
0.0120768
0.012039
0.0119943
0.0119438
0.0118892
0.0118292
0.0117632
0.0116914
0.0116149
0.0115339
0.011448
0.0113556
0.011259
0.011158
0.0110528
0.0109444
0.0108325
0.0107164
0.0105965
0.0104747
0.0103504
0.0102226
0.0100929
0.00996294
0.00983152
0.00969933
0.00956731
0.00943711
0.0117423
0.0117356
0.0117217
0.0117019
0.0116747
0.0116426
0.0116055
0.0115639
0.0115159
0.0114632
0.0114044
0.0113392
0.0112696
0.0111941
0.0111132
0.0110282
0.0109378
0.010843
0.0107444
0.0106421
0.0105364
0.0104269
0.0103145
0.0102005
0.0100834
0.00996521
0.00984472
0.00972165
0.00959825
0.00947496
0.00935227
0.00923059
0.00911071
0.011267
0.0112605
0.0112479
0.0112286
0.0112033
0.0111717
0.0111348
0.011093
0.0110457
0.0109946
0.0109378
0.0108752
0.0108065
0.0107316
0.0106515
0.0105665
0.0104786
0.0103861
0.0102883
0.0101882
0.0100859
0.00998197
0.00987583
0.00976646
0.0096548
0.00954172
0.00942709
0.00931197
0.00919597
0.00908027
0.00896785
0.00885913
0.00875344
0.0108971
0.0108895
0.0108752
0.0108553
0.0108283
0.0107968
0.0107607
0.0107202
0.0106747
0.0106236
0.0105684
0.010508
0.0104414
0.0103685
0.0102897
0.0102061
0.0101198
0.0100289
0.00993439
0.00983752
0.00973821
0.00963633
0.00953187
0.00942549
0.00931712
0.00920863
0.00909948
0.00899052
0.00888094
0.00877451
0.00867133
0.00857125
0.00847455
0.0147756
0.0147701
0.014757
0.0147374
0.0147109
0.0146774
0.0146378
0.0145918
0.0145408
0.014485
0.0144225
0.0143533
0.0142791
0.0141998
0.0141147
0.0140239
0.0139264
0.0138223
0.0137121
0.0135968
0.0134764
0.0133506
0.0132193
0.0130831
0.0129416
0.0127941
0.0126409
0.0124837
0.0123216
0.012154
0.0119824
0.0118068
0.0116272
0.0147701
0.0147635
0.0147498
0.0147303
0.0147042
0.0146714
0.0146326
0.0145868
0.0145359
0.0144801
0.014418
0.014349
0.0142735
0.0141925
0.0141062
0.0140149
0.0139166
0.0138125
0.0137016
0.013586
0.0134651
0.0133387
0.0132071
0.0130701
0.0129284
0.0127816
0.0126296
0.0124714
0.0123088
0.0121408
0.0119691
0.0117936
0.0116144
0.0147529
0.0147464
0.0147343
0.0147151
0.0146893
0.0146567
0.0146174
0.0145728
0.0145222
0.0144655
0.0144029
0.0143342
0.0142599
0.0141793
0.0140925
0.0139999
0.0139021
0.0137976
0.0136882
0.0135732
0.0134522
0.0133251
0.0131922
0.0130543
0.0129111
0.0127639
0.0126107
0.012453
0.0122902
0.0121235
0.0119529
0.011778
0.0115988
0.0147246
0.0147177
0.0147045
0.0146845
0.0146585
0.0146267
0.0145884
0.014544
0.0144928
0.0144355
0.014372
0.0143034
0.0142289
0.0141485
0.0140623
0.0139698
0.0138717
0.0137678
0.0136585
0.0135436
0.0134226
0.0132952
0.0131618
0.013023
0.0128797
0.012732
0.0125793
0.012422
0.0122595
0.0120929
0.011922
0.0117465
0.0115664
0.0146764
0.01467
0.0146578
0.0146382
0.0146118
0.0145787
0.0145386
0.0144932
0.0144418
0.0143843
0.014321
0.0142516
0.0141765
0.0140957
0.0140093
0.0139175
0.0138194
0.013715
0.0136046
0.013489
0.013368
0.0132411
0.0131082
0.01297
0.0128265
0.0126791
0.0125262
0.0123694
0.0122079
0.0120412
0.0118707
0.0116962
0.0115177
0.0146082
0.0146021
0.0145891
0.0145691
0.0145429
0.0145103
0.0144709
0.014425
0.0143734
0.0143166
0.0142533
0.0141833
0.0141066
0.0140245
0.0139371
0.0138446
0.013746
0.0136413
0.0135305
0.0134147
0.0132937
0.013167
0.0130343
0.0128963
0.0127529
0.0126056
0.0124525
0.0122955
0.0121337
0.0119681
0.0117988
0.0116254
0.0114478
0.0145088
0.0145014
0.0144875
0.0144675
0.0144412
0.0144087
0.0143705
0.0143263
0.0142754
0.0142178
0.0141539
0.0140839
0.0140077
0.013925
0.0138373
0.0137435
0.013644
0.0135389
0.0134282
0.0133126
0.013192
0.0130657
0.0129335
0.0127955
0.0126528
0.0125057
0.0123537
0.0121966
0.0120353
0.0118698
0.0116992
0.0115251
0.011348
0.0143659
0.0143586
0.0143448
0.0143251
0.014299
0.0142663
0.0142276
0.0141823
0.0141316
0.014075
0.0140113
0.0139413
0.0138658
0.0137841
0.0136969
0.0136032
0.0135038
0.0133999
0.0132898
0.0131738
0.013053
0.0129272
0.0127958
0.0126591
0.0125177
0.0123715
0.0122216
0.0120662
0.0119068
0.0117424
0.0115738
0.0114009
0.0112235
0.0141748
0.0141688
0.0141559
0.0141363
0.0141103
0.0140776
0.0140391
0.0139946
0.0139443
0.0138875
0.0138244
0.0137549
0.0136793
0.0135981
0.0135111
0.0134182
0.0133196
0.013216
0.0131065
0.0129914
0.0128699
0.0127444
0.0126145
0.0124803
0.0123407
0.0121961
0.0120476
0.0118931
0.0117342
0.0115716
0.0114049
0.0112353
0.0110628
0.013932
0.0139248
0.0139104
0.0138907
0.013865
0.0138332
0.0137957
0.0137518
0.0137016
0.0136446
0.0135808
0.013511
0.0134363
0.0133553
0.0132672
0.0131746
0.0130777
0.0129758
0.0128678
0.0127549
0.012636
0.0125128
0.0123845
0.0122516
0.0121138
0.0119705
0.0118223
0.0116698
0.011513
0.0113536
0.0111904
0.0110244
0.0108547
0.013624
0.0136163
0.0136018
0.0135813
0.013555
0.0135227
0.013485
0.0134412
0.013391
0.0133337
0.0132705
0.013202
0.0131272
0.013046
0.0129586
0.0128666
0.0127698
0.012668
0.0125617
0.012449
0.0123311
0.0122089
0.0120824
0.0119505
0.011813
0.0116719
0.0115279
0.0113805
0.0112284
0.011073
0.0109144
0.0107515
0.0105865
0.0132363
0.0132298
0.0132157
0.0131952
0.0131678
0.013135
0.0130974
0.0130536
0.0130037
0.0129476
0.0128847
0.0128152
0.0127397
0.0126581
0.0125726
0.0124822
0.0123861
0.0122843
0.0121768
0.0120641
0.0119474
0.0118271
0.0117025
0.0115729
0.0114395
0.0113022
0.0111611
0.0110164
0.0108688
0.010718
0.0105655
0.0104093
0.0102514
0.0127599
0.0127529
0.0127392
0.0127193
0.012693
0.0126602
0.0126213
0.0125769
0.0125269
0.0124709
0.0124077
0.012339
0.0122655
0.0121859
0.0121005
0.0120095
0.0119136
0.0118124
0.0117058
0.0115943
0.011479
0.0113609
0.0112383
0.0111129
0.0109833
0.010849
0.0107115
0.0105708
0.0104275
0.0102824
0.0101365
0.00999
0.00984259
0.0122203
0.0122144
0.012201
0.0121811
0.0121534
0.0121205
0.0120829
0.0120397
0.01199
0.0119353
0.0118744
0.0118067
0.0117326
0.0116521
0.0115664
0.0114759
0.0113805
0.0112791
0.0111733
0.0110643
0.0109527
0.0108372
0.0107174
0.0105947
0.0104678
0.0103384
0.0102058
0.0100695
0.009932
0.00979433
0.00965734
0.00951951
0.00938155
0.0117907
0.0117834
0.0117696
0.0117495
0.011723
0.0116902
0.011653
0.0116095
0.01156
0.0115045
0.0114428
0.0113759
0.0113035
0.0112257
0.0111413
0.0110517
0.0109575
0.0108574
0.0107521
0.0106439
0.0105332
0.0104199
0.0103028
0.0101817
0.0100583
0.00993131
0.00980247
0.00967084
0.00953823
0.00940623
0.00927461
0.00914334
0.00901337
0.0157743
0.0157677
0.0157547
0.0157353
0.0157101
0.0156779
0.0156388
0.0155946
0.0155452
0.0154909
0.0154296
0.015363
0.0152912
0.0152137
0.0151297
0.0150385
0.0149404
0.0148362
0.0147261
0.0146101
0.0144888
0.0143616
0.0142282
0.0140888
0.0139423
0.0137907
0.0136336
0.0134695
0.0132988
0.0131232
0.012942
0.0127543
0.0125615
0.015768
0.0157617
0.0157498
0.0157311
0.015706
0.0156748
0.0156375
0.0155942
0.0155448
0.0154895
0.0154279
0.0153603
0.0152876
0.0152083
0.0151228
0.0150309
0.0149318
0.0148274
0.0147172
0.0146017
0.0144804
0.0143525
0.0142176
0.0140774
0.013931
0.0137792
0.0136217
0.013458
0.0132881
0.0131125
0.0129304
0.0127427
0.0125491
0.0157521
0.0157463
0.0157342
0.0157158
0.0156908
0.0156593
0.0156226
0.0155796
0.01553
0.0154741
0.0154133
0.0153466
0.0152734
0.015194
0.0151087
0.0150171
0.0149196
0.0148158
0.0147054
0.0145886
0.0144656
0.0143362
0.0142016
0.0140602
0.0139136
0.0137609
0.0136013
0.0134364
0.0132664
0.0130905
0.0129094
0.012723
0.0125309
0.0157267
0.0157207
0.0157092
0.0156912
0.0156663
0.015635
0.0155982
0.0155548
0.0155052
0.0154491
0.0153878
0.0153204
0.0152474
0.0151679
0.0150825
0.0149909
0.0148933
0.0147895
0.0146789
0.0145616
0.0144379
0.0143084
0.014173
0.0140314
0.013884
0.0137301
0.0135707
0.0134057
0.0132354
0.0130589
0.0128768
0.0126901
0.0124987
0.0156862
0.0156805
0.0156681
0.0156493
0.0156236
0.0155916
0.0155542
0.0155107
0.0154607
0.0154048
0.0153425
0.0152743
0.0152001
0.01512
0.0150345
0.0149419
0.0148438
0.0147395
0.0146289
0.0145119
0.0143891
0.0142601
0.0141245
0.0139825
0.0138349
0.0136819
0.0135227
0.0133572
0.0131862
0.0130101
0.0128297
0.0126428
0.0124503
0.0156246
0.0156187
0.015606
0.0155868
0.0155618
0.0155304
0.0154921
0.0154476
0.0153969
0.0153405
0.0152779
0.0152096
0.0151355
0.0150556
0.0149693
0.0148762
0.0147764
0.0146707
0.0145592
0.0144417
0.0143187
0.0141898
0.0140542
0.0139117
0.0137642
0.0136108
0.0134507
0.0132853
0.013115
0.0129392
0.0127585
0.0125726
0.0123809
0.015533
0.0155262
0.0155134
0.0154939
0.0154686
0.0154367
0.0153992
0.0153551
0.0153042
0.0152471
0.0151848
0.0151165
0.0150415
0.0149599
0.0148723
0.0147784
0.0146782
0.0145725
0.0144609
0.0143436
0.0142209
0.0140924
0.013957
0.0138145
0.0136667
0.0135129
0.013354
0.0131898
0.01302
0.0128447
0.012663
0.0124758
0.012283
0.0153938
0.0153877
0.0153752
0.0153564
0.0153309
0.0152991
0.0152618
0.0152181
0.0151675
0.0151104
0.0150475
0.014978
0.0149029
0.0148224
0.014735
0.0146415
0.0145421
0.014436
0.0143233
0.0142056
0.0140825
0.0139541
0.0138194
0.0136781
0.0135315
0.013379
0.0132216
0.0130589
0.0128902
0.0127154
0.012535
0.0123485
0.0121571
0.0152063
0.0152002
0.0151873
0.015168
0.0151429
0.0151113
0.0150742
0.0150312
0.0149814
0.014925
0.0148618
0.0147919
0.0147163
0.0146348
0.0145474
0.0144543
0.0143549
0.0142495
0.0141374
0.0140197
0.0138962
0.0137672
0.013633
0.0134941
0.0133491
0.0131978
0.0130406
0.012878
0.0127092
0.0125342
0.012355
0.0121709
0.0119827
0.0149593
0.0149516
0.0149371
0.0149173
0.0148916
0.0148603
0.0148242
0.0147817
0.0147319
0.0146748
0.0146109
0.0145411
0.0144645
0.0143819
0.0142945
0.0142017
0.0141025
0.0139977
0.0138874
0.0137711
0.0136479
0.0135197
0.0133869
0.0132481
0.0131037
0.0129532
0.0127972
0.0126359
0.0124699
0.0122991
0.0121231
0.0119423
0.0117558
0.0146349
0.0146273
0.0146128
0.0145916
0.0145647
0.0145322
0.0144946
0.0144498
0.0143994
0.0143428
0.0142806
0.0142108
0.0141346
0.0140516
0.0139632
0.0138698
0.0137714
0.0136668
0.0135559
0.0134403
0.0133189
0.0131914
0.0130574
0.012919
0.0127767
0.0126284
0.012475
0.0123165
0.0121531
0.0119851
0.011812
0.0116331
0.0114507
0.0142132
0.0142061
0.0141923
0.0141714
0.0141443
0.0141113
0.0140727
0.0140278
0.0139769
0.0139196
0.0138553
0.0137843
0.0137076
0.0136238
0.0135354
0.0134418
0.013343
0.013238
0.0131278
0.0130121
0.0128916
0.0127653
0.0126322
0.0124955
0.0123542
0.0122082
0.0120583
0.0119033
0.0117436
0.01158
0.0114123
0.0112395
0.0110636
0.0136776
0.0136722
0.0136592
0.0136397
0.0136133
0.0135797
0.0135393
0.0134927
0.0134413
0.013384
0.0133201
0.0132499
0.0131745
0.013092
0.0130042
0.0129108
0.0128115
0.012706
0.0125948
0.0124789
0.0123585
0.0122334
0.0121042
0.0119708
0.0118327
0.0116897
0.0115417
0.0113889
0.0112324
0.0110734
0.0109104
0.0107439
0.0105766
0.01306
0.0130535
0.0130408
0.0130201
0.0129934
0.0129605
0.0129217
0.0128772
0.0128256
0.0127687
0.0127053
0.0126353
0.0125593
0.0124773
0.012389
0.0122952
0.0121961
0.0120911
0.0119805
0.0118649
0.0117455
0.011622
0.0114944
0.0113633
0.0112279
0.011089
0.0109458
0.0107984
0.0106474
0.0104938
0.0103374
0.01018
0.01002
0.0125654
0.0125585
0.012544
0.0125229
0.0124955
0.012463
0.0124254
0.0123813
0.01233
0.0122735
0.0122109
0.0121415
0.0120656
0.0119836
0.0118964
0.0118026
0.0117038
0.0115993
0.011489
0.0113751
0.0112561
0.0111326
0.0110055
0.010875
0.0107414
0.0106052
0.0104656
0.010323
0.0101773
0.0100288
0.00987846
0.00972593
0.00957252
0.0166829
0.0166769
0.0166656
0.0166478
0.0166233
0.0165925
0.0165567
0.0165156
0.0164691
0.0164164
0.0163578
0.0162934
0.0162232
0.0161464
0.016063
0.0159727
0.0158754
0.0157719
0.0156617
0.0155447
0.015421
0.0152899
0.0151523
0.0150079
0.0148565
0.0146985
0.014533
0.0143612
0.0141835
0.0139987
0.0138075
0.013609
0.0134029
0.0166786
0.016673
0.0166613
0.0166437
0.0166199
0.0165902
0.0165548
0.0165143
0.0164679
0.0164149
0.0163556
0.016291
0.01622
0.0161421
0.0160571
0.0159659
0.0158684
0.015765
0.015654
0.0155364
0.0154126
0.0152817
0.0151433
0.0149984
0.0148471
0.0146887
0.0145239
0.0143526
0.0141746
0.01399
0.013798
0.0135993
0.0133937
0.0166679
0.0166616
0.0166488
0.0166311
0.0166082
0.0165791
0.0165438
0.0165029
0.0164555
0.0164028
0.0163438
0.0162781
0.0162061
0.0161288
0.0160453
0.0159546
0.0158567
0.0157517
0.0156402
0.0155224
0.0153971
0.0152659
0.0151284
0.0149843
0.0148328
0.0146743
0.0145085
0.0143364
0.0141582
0.0139729
0.0137808
0.0135816
0.0133762
0.0166452
0.0166395
0.0166276
0.0166099
0.0165865
0.0165577
0.016523
0.0164816
0.0164341
0.0163806
0.0163212
0.0162557
0.0161835
0.016106
0.0160221
0.0159311
0.0158327
0.0157273
0.0156155
0.0154971
0.0153719
0.0152406
0.0151028
0.0149583
0.0148062
0.0146466
0.0144804
0.0143074
0.0141276
0.0139413
0.0137485
0.0135503
0.0133457
0.0166107
0.016605
0.0165928
0.0165747
0.0165508
0.0165217
0.0164861
0.0164444
0.016396
0.0163423
0.0162825
0.0162165
0.0161444
0.0160657
0.0159807
0.0158887
0.0157899
0.0156844
0.0155731
0.0154548
0.0153295
0.0151967
0.0150583
0.0149129
0.0147604
0.014601
0.0144342
0.014261
0.0140819
0.0138958
0.0137032
0.0135036
0.013298
0.0165552
0.0165492
0.0165371
0.016519
0.0164951
0.0164651
0.0164292
0.0163868
0.0163383
0.0162837
0.0162235
0.0161575
0.016085
0.0160058
0.0159201
0.0158274
0.0157274
0.0156207
0.0155079
0.0153888
0.0152625
0.0151303
0.0149918
0.0148466
0.0146939
0.0145342
0.014367
0.0141933
0.0140131
0.013827
0.0136339
0.0134349
0.0132297
0.0164715
0.0164651
0.0164531
0.0164345
0.0164091
0.0163773
0.0163402
0.0162974
0.0162492
0.0161944
0.0161339
0.0160676
0.015994
0.0159137
0.0158273
0.0157343
0.0156345
0.0155281
0.0154158
0.015296
0.0151696
0.0150372
0.014898
0.0147514
0.0145975
0.0144371
0.0142711
0.0140978
0.0139179
0.0137318
0.0135386
0.0133388
0.0131322
0.0163381
0.0163326
0.0163199
0.0163015
0.0162774
0.0162471
0.0162108
0.0161678
0.0161185
0.0160638
0.0160029
0.0159353
0.0158612
0.0157812
0.0156943
0.015601
0.015501
0.0153939
0.0152801
0.0151602
0.0150343
0.0149013
0.0147615
0.0146154
0.0144614
0.0143011
0.0141354
0.0139635
0.0137846
0.0135988
0.0134066
0.0132075
0.0130024
0.0161543
0.0161474
0.0161344
0.016116
0.016092
0.0160613
0.0160249
0.0159818
0.0159321
0.0158764
0.0158138
0.0157452
0.0156704
0.0155899
0.0155026
0.0154089
0.0153078
0.0152007
0.0150875
0.0149688
0.0148426
0.0147097
0.0145707
0.0144249
0.0142729
0.0141143
0.013949
0.0137773
0.0135983
0.0134129
0.0132219
0.0130241
0.0128201
0.0158958
0.0158895
0.0158769
0.0158583
0.0158333
0.0158022
0.0157649
0.0157215
0.0156711
0.0156143
0.0155512
0.0154821
0.0154063
0.015324
0.0152354
0.0151407
0.0150402
0.0149341
0.0148218
0.0147031
0.014577
0.0144443
0.0143052
0.014161
0.0140104
0.0138526
0.0136888
0.0135192
0.0133426
0.0131599
0.0129707
0.0127764
0.0125756
0.0155469
0.0155398
0.0155262
0.0155059
0.0154798
0.0154482
0.0154094
0.0153646
0.0153133
0.0152556
0.0151922
0.015122
0.0150455
0.0149625
0.0148733
0.0147787
0.0146781
0.0145714
0.0144577
0.0143382
0.0142125
0.0140805
0.0139429
0.0137997
0.0136505
0.0134952
0.0133331
0.0131655
0.0129922
0.0128128
0.0126277
0.0124365
0.0122407
0.0150757
0.0150688
0.0150557
0.0150361
0.0150096
0.0149762
0.0149365
0.0148905
0.0148387
0.0147806
0.0147156
0.0146443
0.0145665
0.0144827
0.0143928
0.0142974
0.0141969
0.0140893
0.013976
0.0138564
0.0137314
0.0136006
0.0134639
0.0133221
0.0131759
0.0130233
0.0128654
0.0127014
0.0125325
0.0123583
0.0121785
0.0119929
0.011802
0.0144654
0.0144585
0.0144453
0.0144244
0.0143973
0.014364
0.0143249
0.0142782
0.0142258
0.0141672
0.0141021
0.014031
0.0139539
0.0138705
0.0137802
0.0136844
0.0135836
0.0134762
0.0133632
0.0132449
0.0131213
0.0129915
0.0128565
0.0127166
0.0125721
0.012423
0.0122684
0.0121079
0.0119432
0.0117733
0.0115994
0.0114212
0.0112399
0.0137581
0.0137517
0.0137393
0.0137194
0.0136927
0.0136602
0.0136221
0.0135765
0.0135247
0.0134665
0.0134015
0.0133297
0.0132517
0.0131684
0.0130784
0.0129828
0.0128814
0.0127738
0.0126609
0.0125435
0.0124211
0.0122939
0.0121609
0.0120225
0.0118802
0.0117339
0.0115837
0.011429
0.0112691
0.0111051
0.0109376
0.0107669
0.0105934
0.0131982
0.0131919
0.0131794
0.0131592
0.0131331
0.0131005
0.0130616
0.0130169
0.0129647
0.0129069
0.0128427
0.0127716
0.0126943
0.0126116
0.0125219
0.0124269
0.0123259
0.0122184
0.0121065
0.011989
0.011866
0.0117385
0.0116064
0.01147
0.0113306
0.0111875
0.0110404
0.0108888
0.010733
0.0105735
0.0104113
0.0102465
0.0100785
0.0175083
0.017503
0.0174918
0.017475
0.0174527
0.0174256
0.0173927
0.0173541
0.0173105
0.0172609
0.017205
0.0171433
0.0170744
0.0169987
0.0169149
0.0168235
0.0167244
0.0166177
0.0165041
0.0163835
0.0162551
0.0161193
0.0159759
0.0158247
0.0156657
0.0154993
0.0153242
0.0151418
0.0149523
0.0147557
0.0145513
0.01434
0.0141219
0.0175042
0.0174991
0.017488
0.0174717
0.01745
0.0174224
0.017389
0.0173501
0.0173063
0.0172568
0.0172012
0.0171388
0.0170695
0.0169927
0.0169083
0.0168169
0.0167184
0.0166119
0.0164977
0.016376
0.016247
0.016111
0.0159678
0.0158163
0.0156569
0.0154901
0.0153154
0.0151327
0.0149432
0.014746
0.014542
0.0143308
0.0141119
0.017497
0.0174915
0.01748
0.0174633
0.0174412
0.0174134
0.0173799
0.0173408
0.0172968
0.0172467
0.01719
0.0171269
0.0170564
0.0169793
0.016896
0.0168045
0.0167058
0.016599
0.0164849
0.0163633
0.0162342
0.0160972
0.0159519
0.0157994
0.0156399
0.0154728
0.015299
0.0151175
0.0149283
0.0147315
0.0145265
0.0143143
0.0140951
0.0174789
0.0174733
0.0174618
0.0174449
0.0174232
0.0173961
0.0173628
0.0173234
0.0172787
0.0172279
0.0171706
0.0171069
0.0170359
0.0169583
0.0168743
0.0167819
0.0166821
0.0165753
0.0164614
0.0163397
0.0162104
0.0160726
0.0159273
0.0157746
0.0156149
0.0154473
0.0152728
0.0150913
0.0149017
0.0147045
0.0144987
0.0142857
0.0140652
0.0174516
0.0174459
0.017434
0.0174168
0.0173947
0.017367
0.017333
0.0172928
0.0172473
0.0171958
0.0171382
0.0170741
0.0170033
0.0169253
0.01684
0.0167467
0.0166464
0.0165383
0.0164233
0.0163011
0.0161708
0.0160329
0.015887
0.0157344
0.0155741
0.0154062
0.0152307
0.0150477
0.0148574
0.0146597
0.0144539
0.014241
0.0140214
0.0174039
0.0173976
0.0173858
0.0173682
0.0173447
0.0173164
0.0172827
0.0172439
0.0171987
0.0171467
0.0170879
0.017023
0.016951
0.0168724
0.0167863
0.0166921
0.016591
0.0164821
0.0163661
0.0162428
0.016112
0.0159729
0.0158263
0.0156723
0.0155112
0.0153422
0.0151663
0.0149836
0.0147931
0.014595
0.0143887
0.0141751
0.0139539
0.0173221
0.0173158
0.0173044
0.0172873
0.0172649
0.017236
0.0172011
0.0171605
0.0171143
0.0170616
0.0170025
0.0169377
0.0168658
0.0167864
0.0166996
0.016605
0.0165038
0.0163948
0.0162787
0.0161551
0.016024
0.0158848
0.0157382
0.0155839
0.0154222
0.0152524
0.0150751
0.0148897
0.0146979
0.0144989
0.0142931
0.0140803
0.01386
0.0171967
0.0171919
0.0171806
0.0171632
0.0171398
0.0171106
0.0170751
0.0170334
0.0169862
0.0169328
0.0168729
0.0168071
0.0167338
0.0166535
0.0165659
0.0164712
0.0163699
0.0162606
0.0161438
0.016019
0.0158872
0.0157482
0.0156013
0.0154475
0.0152866
0.0151177
0.0149414
0.0147569
0.0145656
0.0143667
0.0141605
0.0139476
0.0137279
0.0170098
0.017004
0.016992
0.016974
0.01695
0.0169199
0.0168839
0.0168417
0.0167929
0.0167372
0.0166757
0.0166086
0.0165343
0.0164538
0.0163661
0.016271
0.0161686
0.0160585
0.0159415
0.015818
0.015687
0.0155482
0.0154022
0.0152496
0.0150899
0.0149225
0.0147472
0.0145648
0.0143747
0.0141766
0.0139713
0.0137593
0.013541
0.0167329
0.0167266
0.0167148
0.0166966
0.0166718
0.0166411
0.0166039
0.0165607
0.0165104
0.0164537
0.0163899
0.0163202
0.0162445
0.0161623
0.0160733
0.015977
0.0158747
0.0157665
0.0156513
0.0155288
0.015399
0.0152612
0.0151166
0.0149652
0.0148069
0.0146409
0.0144679
0.0142882
0.0141005
0.0139064
0.0137054
0.0134974
0.0132817
0.0163387
0.0163321
0.0163199
0.016301
0.0162751
0.0162425
0.016204
0.0161589
0.016107
0.0160489
0.0159851
0.0159149
0.0158377
0.015754
0.0156641
0.015567
0.0154644
0.0153557
0.0152407
0.0151185
0.01499
0.0148545
0.0147122
0.0145624
0.0144061
0.0142431
0.0140731
0.0138969
0.0137141
0.0135246
0.0133285
0.013125
0.0129151
0.0157941
0.015787
0.0157737
0.0157531
0.0157272
0.0156946
0.0156545
0.0156085
0.0155563
0.0154984
0.0154347
0.0153648
0.015288
0.0152038
0.0151127
0.0150154
0.0149122
0.0148026
0.0146874
0.0145662
0.0144391
0.0143061
0.0141662
0.0140194
0.0138672
0.0137084
0.0135423
0.0133704
0.013193
0.0130106
0.0128209
0.012625
0.0124231
0.0150941
0.0150872
0.0150732
0.0150533
0.015027
0.0149938
0.0149542
0.0149069
0.014854
0.0147957
0.0147323
0.0146618
0.0145854
0.0145024
0.0144125
0.0143159
0.0142135
0.0141052
0.013991
0.0138718
0.0137468
0.0136154
0.0134775
0.0133334
0.013184
0.0130292
0.0128685
0.0127028
0.0125313
0.0123532
0.0121703
0.0119829
0.0117914
0.0143138
0.0143076
0.0142962
0.0142778
0.0142519
0.0142192
0.0141791
0.0141323
0.014078
0.0140185
0.0139537
0.0138837
0.0138068
0.0137242
0.013635
0.0135393
0.013437
0.0133286
0.0132151
0.0130966
0.0129719
0.0128426
0.0127078
0.012567
0.0124206
0.012269
0.0121116
0.0119499
0.0117838
0.0116134
0.0114395
0.0112613
0.0110781
0.0137121
0.0137065
0.013694
0.0136755
0.0136498
0.0136167
0.013576
0.013529
0.0134757
0.0134167
0.0133515
0.0132801
0.0132025
0.0131188
0.0130286
0.0129328
0.0128311
0.0127232
0.0126097
0.012491
0.0123679
0.0122389
0.0121043
0.0119643
0.01182
0.0116712
0.0115176
0.0113595
0.011198
0.0110332
0.0108644
0.0106916
0.0105148
0.0182538
0.0182492
0.0182381
0.0182224
0.0182023
0.0181772
0.0181465
0.0181106
0.0180697
0.0180221
0.0179682
0.0179072
0.017838
0.0177614
0.0176766
0.0175823
0.0174785
0.0173661
0.0172455
0.0171172
0.0169805
0.0168354
0.016682
0.0165197
0.0163488
0.016169
0.0159814
0.0157865
0.0155836
0.0153733
0.0151554
0.0149298
0.0146962
0.0182506
0.0182455
0.0182348
0.0182192
0.0181989
0.0181734
0.0181425
0.0181065
0.0180649
0.0180168
0.0179627
0.0179018
0.0178328
0.0177557
0.0176703
0.0175757
0.0174722
0.0173595
0.0172387
0.0171102
0.0169724
0.0168266
0.0166727
0.0165101
0.0163391
0.0161596
0.0159716
0.0157768
0.0155743
0.0153634
0.0151451
0.0149191
0.0146853
0.0182436
0.0182382
0.0182271
0.0182106
0.0181886
0.018162
0.0181306
0.018095
0.0180541
0.0180078
0.0179542
0.0178925
0.0178226
0.0177444
0.017657
0.0175613
0.0174576
0.0173455
0.0172251
0.0170955
0.0169574
0.0168106
0.0166556
0.0164928
0.0163217
0.0161434
0.0159564
0.0157611
0.0155581
0.0153469
0.015127
0.0148998
0.0146655
0.0182328
0.0182266
0.0182148
0.0181976
0.0181752
0.0181476
0.0181157
0.018079
0.0180377
0.0179903
0.0179359
0.0178735
0.0178031
0.0177243
0.0176364
0.0175403
0.0174361
0.0173236
0.0172027
0.0170726
0.016934
0.0167868
0.0166313
0.0164681
0.0162968
0.016118
0.0159308
0.015735
0.0155311
0.0153193
0.015099
0.0148714
0.0146373
0.01821
0.0182044
0.0181928
0.0181759
0.0181542
0.0181265
0.0180937
0.0180559
0.0180124
0.0179634
0.017908
0.0178451
0.0177737
0.0176947
0.0176072
0.0175111
0.0174056
0.0172915
0.0171687
0.0170374
0.0168982
0.0167508
0.0165944
0.0164308
0.0162596
0.0160793
0.0158907
0.0156941
0.0154902
0.0152786
0.0150585
0.0148299
0.0145943
0.0181683
0.0181622
0.0181509
0.0181343
0.018113
0.0180863
0.0180546
0.0180172
0.0179735
0.0179238
0.017867
0.0178022
0.0177294
0.0176485
0.0175584
0.0174601
0.0173539
0.0172394
0.0171167
0.0169849
0.0168445
0.0166957
0.0165384
0.0163732
0.0161995
0.0160182
0.0158296
0.0156328
0.015428
0.0152154
0.0149944
0.014766
0.0145307
0.0180935
0.0180875
0.0180756
0.0180588
0.0180366
0.0180095
0.0179769
0.0179387
0.0178947
0.0178442
0.017787
0.0177224
0.0176494
0.0175679
0.0174773
0.0173785
0.0172719
0.0171571
0.0170342
0.0169019
0.0167607
0.0166115
0.0164544
0.0162887
0.0161148
0.0159325
0.0157417
0.0155436
0.0153377
0.0151248
0.0149044
0.0146763
0.0144406
0.0179704
0.0179648
0.0179531
0.0179361
0.0179131
0.0178846
0.0178509
0.0178116
0.017766
0.0177139
0.0176552
0.017589
0.017515
0.0174324
0.0173423
0.0172442
0.0171368
0.0170215
0.0168982
0.0167664
0.0166264
0.0164776
0.0163199
0.0161546
0.0159811
0.0157998
0.0156107
0.0154124
0.0152064
0.0149931
0.0147719
0.0145423
0.0143056
0.0177702
0.0177648
0.0177534
0.0177355
0.0177115
0.0176818
0.0176464
0.0176056
0.0175581
0.0175034
0.017442
0.017374
0.0172985
0.0172155
0.0171249
0.0170267
0.0169199
0.0168055
0.0166834
0.016553
0.0164139
0.0162672
0.0161124
0.0159496
0.0157786
0.0155991
0.0154115
0.015215
0.0150108
0.0147988
0.014578
0.0143501
0.0141147
0.0174542
0.0174479
0.017436
0.0174178
0.0173934
0.017363
0.017327
0.0172844
0.0172347
0.0171781
0.0171145
0.0170446
0.0169673
0.0168839
0.016793
0.0166948
0.0165901
0.0164774
0.0163572
0.0162288
0.0160921
0.0159475
0.0157944
0.0156339
0.0154664
0.0152911
0.0151074
0.014915
0.0147158
0.0145078
0.0142915
0.0140678
0.0138375
0.0169863
0.0169796
0.0169675
0.0169489
0.0169239
0.016893
0.0168553
0.016811
0.0167596
0.0167022
0.016638
0.0165668
0.0164889
0.0164051
0.0163145
0.0162166
0.0161126
0.0160012
0.0158829
0.0157573
0.0156238
0.0154831
0.0153349
0.015179
0.0150158
0.014846
0.0146678
0.0144813
0.0142872
0.0140864
0.013879
0.0136641
0.0134428
0.0163502
0.0163429
0.0163291
0.0163096
0.0162842
0.0162533
0.016216
0.0161715
0.0161198
0.0160619
0.0159976
0.0159271
0.0158498
0.0157652
0.015674
0.0155776
0.0154751
0.0153658
0.0152497
0.0151269
0.0149969
0.014861
0.0147178
0.0145681
0.0144116
0.0142478
0.0140765
0.0138983
0.013713
0.0135219
0.0133237
0.0131195
0.012909
0.0155753
0.0155689
0.0155561
0.015537
0.0155112
0.0154787
0.0154402
0.0153944
0.0153423
0.0152845
0.01522
0.0151494
0.0150717
0.0149881
0.0148989
0.0148035
0.0147017
0.0145939
0.0144804
0.0143606
0.0142341
0.0141012
0.0139613
0.0138154
0.0136635
0.0135047
0.0133408
0.0131716
0.0129958
0.0128134
0.012625
0.0124299
0.0122293
0.0147513
0.0147444
0.0147316
0.0147117
0.0146859
0.0146538
0.0146144
0.0145683
0.0145148
0.0144557
0.0143911
0.01432
0.0142431
0.0141597
0.0140696
0.0139745
0.0138733
0.0137657
0.0136529
0.0135336
0.0134092
0.0132789
0.0131425
0.013
0.0128508
0.0126957
0.0125349
0.0123703
0.0122004
0.0120262
0.0118472
0.0116628
0.011473
0.0141256
0.0141181
0.0141041
0.0140838
0.0140573
0.014024
0.013984
0.0139371
0.0138834
0.0138239
0.0137585
0.0136875
0.0136098
0.013525
0.0134335
0.0133367
0.0132347
0.0131277
0.0130162
0.0128982
0.0127748
0.0126447
0.0125098
0.0123695
0.0122233
0.0120714
0.0119144
0.0117521
0.0115858
0.0114155
0.0112408
0.0110619
0.0108778
0.0189252
0.0189198
0.0189091
0.0188932
0.018873
0.0188482
0.0188196
0.0187869
0.0187487
0.0187034
0.0186494
0.018586
0.018513
0.0184292
0.0183347
0.0182302
0.0181151
0.017991
0.0178582
0.0177168
0.017566
0.0174063
0.0172373
0.0170599
0.0168742
0.0166804
0.0164787
0.0162689
0.0160517
0.0158266
0.0155934
0.0153538
0.0151064
0.0189238
0.0189182
0.0189071
0.0188911
0.0188707
0.018845
0.0188152
0.0187807
0.0187414
0.0186958
0.0186414
0.0185777
0.0185047
0.0184222
0.0183285
0.0182247
0.01811
0.0179863
0.0178538
0.0177117
0.01756
0.0173995
0.0172299
0.0170521
0.0168661
0.0166723
0.0164701
0.0162603
0.0160439
0.0158191
0.015587
0.0153476
0.0151011
0.0189126
0.0189075
0.0188975
0.0188815
0.0188609
0.0188355
0.0188056
0.0187716
0.0187326
0.018687
0.0186331
0.0185698
0.018496
0.0184115
0.0183167
0.0182127
0.0180992
0.0179758
0.0178425
0.0176991
0.0175473
0.0173865
0.0172178
0.0170404
0.0168546
0.0166604
0.0164579
0.0162477
0.0160296
0.0158044
0.0155721
0.0153325
0.0150861
0.0189031
0.0188976
0.0188872
0.0188705
0.0188485
0.0188216
0.0187911
0.0187563
0.0187168
0.0186709
0.0186159
0.0185513
0.0184768
0.018392
0.0182972
0.0181925
0.0180784
0.0179545
0.0178205
0.0176763
0.0175233
0.0173621
0.0171923
0.0170136
0.0168274
0.0166329
0.016431
0.0162208
0.0160028
0.0157771
0.0155448
0.0153049
0.015059
0.0188901
0.0188852
0.0188756
0.0188596
0.0188371
0.0188093
0.0187763
0.0187383
0.0186959
0.0186478
0.0185919
0.0185268
0.0184519
0.0183662
0.0182701
0.018164
0.0180481
0.0179227
0.0177878
0.0176437
0.0174909
0.0173292
0.0171592
0.0169808
0.0167939
0.0165984
0.0163948
0.0161837
0.0159647
0.0157388
0.0155057
0.0152652
0.0150179
0.0188586
0.0188534
0.0188431
0.0188272
0.0188054
0.0187776
0.0187443
0.0187063
0.0186629
0.018613
0.0185553
0.0184887
0.018412
0.0183249
0.0182277
0.0181207
0.018004
0.0178777
0.0177413
0.0175957
0.017441
0.0172781
0.0171062
0.0169255
0.016737
0.0165403
0.016336
0.0161246
0.0159055
0.0156784
0.0154444
0.0152024
0.0149538
0.018791
0.0187853
0.018774
0.0187572
0.0187346
0.0187064
0.0186725
0.0186337
0.0185901
0.01854
0.0184819
0.0184147
0.0183372
0.0182491
0.018151
0.018043
0.0179253
0.0177988
0.0176633
0.0175179
0.0173628
0.0171987
0.0170255
0.016844
0.0166545
0.0164571
0.0162521
0.0160391
0.0158188
0.0155909
0.0153553
0.0151133
0.0148639
0.0186582
0.0186528
0.0186415
0.0186253
0.0186027
0.0185735
0.0185394
0.0185001
0.0184551
0.0184034
0.0183437
0.0182747
0.0181965
0.0181086
0.0180107
0.0179032
0.0177869
0.0176611
0.017526
0.0173812
0.0172268
0.017063
0.0168905
0.0167089
0.0165202
0.0163233
0.0161185
0.0159059
0.0156862
0.0154589
0.0152237
0.014982
0.0147327
0.0184265
0.0184202
0.0184086
0.0183913
0.0183678
0.0183387
0.0183039
0.0182626
0.0182145
0.0181598
0.0180977
0.0180267
0.0179475
0.0178603
0.0177645
0.0176591
0.0175449
0.0174219
0.0172896
0.0171478
0.0169967
0.016837
0.0166684
0.0164918
0.0163065
0.0161127
0.0159114
0.0157019
0.0154845
0.0152593
0.0150257
0.0147846
0.014537
0.0180332
0.0180274
0.0180158
0.0179979
0.0179741
0.0179444
0.0179084
0.0178658
0.0178167
0.0177602
0.0176967
0.0176251
0.0175471
0.017462
0.0173689
0.0172676
0.0171576
0.0170387
0.0169107
0.0167741
0.0166288
0.0164757
0.0163142
0.0161441
0.0159657
0.0157794
0.0155851
0.0153826
0.0151725
0.0149542
0.0147267
0.0144914
0.0142502
0.0174683
0.0174617
0.0174497
0.0174314
0.017407
0.0173763
0.0173391
0.0172957
0.0172459
0.0171893
0.0171256
0.0170551
0.016978
0.0168944
0.0168037
0.016705
0.016599
0.0164857
0.0163642
0.0162341
0.0160967
0.0159525
0.0157995
0.0156386
0.0154701
0.0152931
0.0151072
0.0149137
0.0147128
0.0145052
0.0142888
0.0140649
0.0138341
0.016755
0.0167487
0.0167355
0.0167159
0.0166911
0.0166604
0.0166236
0.01658
0.0165299
0.0164734
0.0164107
0.0163414
0.016265
0.0161823
0.0160924
0.015996
0.0158927
0.0157823
0.0156652
0.0155411
0.01541
0.0152724
0.0151277
0.0149747
0.014815
0.0146476
0.0144723
0.0142891
0.0140999
0.0139035
0.0136989
0.0134876
0.01327
0.0159379
0.0159313
0.0159174
0.0158977
0.0158719
0.0158401
0.0158023
0.0157582
0.0157076
0.0156501
0.0155871
0.0155177
0.0154413
0.0153581
0.0152684
0.0151732
0.0150712
0.0149631
0.0148488
0.0147277
0.0146
0.0144662
0.0143264
0.0141795
0.0140261
0.0138657
0.0136981
0.0135249
0.0133467
0.0131611
0.0129685
0.0127692
0.0125642
0.0150906
0.0150829
0.0150682
0.0150482
0.0150222
0.0149904
0.0149523
0.0149079
0.0148562
0.0147973
0.0147318
0.0146606
0.0145826
0.0144987
0.0144088
0.0143135
0.0142119
0.0141039
0.0139911
0.0138724
0.0137473
0.0136158
0.0134779
0.0133337
0.0131828
0.0130265
0.0128655
0.0126991
0.0125266
0.0123487
0.0121652
0.011976
0.0117814
0.0144516
0.0144439
0.0144295
0.0144088
0.0143823
0.0143496
0.01431
0.0142647
0.0142122
0.014153
0.0140871
0.0140144
0.013936
0.0138506
0.0137586
0.0136612
0.0135589
0.0134522
0.0133393
0.0132211
0.0130962
0.0129653
0.0128291
0.0126872
0.0125395
0.0123854
0.0122258
0.0120615
0.0118924
0.0117184
0.0115397
0.0113557
0.0111678
0.0195188
0.0195152
0.019506
0.0194917
0.0194724
0.0194486
0.0194196
0.0193861
0.0193451
0.0192937
0.0192314
0.0191569
0.0190696
0.0189705
0.0188596
0.0187385
0.0186066
0.0184647
0.0183136
0.0181533
0.0179853
0.0178086
0.0176247
0.0174328
0.0172334
0.017027
0.0168137
0.0165927
0.0163646
0.016129
0.0158871
0.0156393
0.0153854
0.0195195
0.0195164
0.0195084
0.0194953
0.0194762
0.0194496
0.0194175
0.0193802
0.019338
0.0192862
0.0192237
0.0191493
0.0190628
0.0189646
0.0188549
0.0187343
0.0186026
0.0184606
0.0183092
0.0181484
0.0179798
0.0178025
0.017618
0.0174259
0.0172256
0.017019
0.0168057
0.0165857
0.0163587
0.0161242
0.0158828
0.015634
0.0153791
0.0195106
0.0195072
0.0194999
0.0194873
0.019468
0.0194417
0.0194094
0.0193719
0.0193294
0.0192776
0.0192147
0.0191398
0.019053
0.0189548
0.0188446
0.0187231
0.0185911
0.0184495
0.0182985
0.0181382
0.0179686
0.0177911
0.0176054
0.0174131
0.0172139
0.0170074
0.016793
0.0165716
0.0163439
0.0161099
0.0158697
0.015623
0.0153701
0.0195015
0.0194965
0.019488
0.0194723
0.0194506
0.0194228
0.0193908
0.0193552
0.0193129
0.019261
0.0191976
0.019122
0.0190348
0.0189358
0.0188255
0.0187033
0.0185709
0.0184293
0.0182782
0.0181179
0.0179482
0.0177707
0.0175846
0.0173915
0.0171909
0.0169824
0.0167678
0.0165471
0.01632
0.0160865
0.0158465
0.0155997
0.0153462
0.0194887
0.019486
0.0194796
0.0194661
0.019444
0.0194122
0.0193731
0.019331
0.0192863
0.0192338
0.0191701
0.0190946
0.0190075
0.0189084
0.0187972
0.0186753
0.0185433
0.0184007
0.0182483
0.018087
0.0179167
0.017739
0.0175531
0.0173593
0.0171582
0.0169492
0.0167332
0.0165111
0.0162829
0.0160484
0.0158074
0.0155599
0.0153059
0.0194797
0.0194742
0.0194634
0.0194461
0.0194219
0.0193891
0.0193514
0.0193108
0.0192644
0.0192087
0.0191426
0.0190645
0.0189748
0.0188734
0.0187605
0.0186367
0.0185022
0.0183577
0.0182042
0.0180418
0.0178709
0.0176916
0.0175044
0.0173096
0.017107
0.0168971
0.0166807
0.0164579
0.0162285
0.0159923
0.0157489
0.0154986
0.0152413
0.0194217
0.0194159
0.0194038
0.0193847
0.0193578
0.0193239
0.0192847
0.0192418
0.0191944
0.0191385
0.0190719
0.0189941
0.0189038
0.0188017
0.0186884
0.0185644
0.0184296
0.0182849
0.0181302
0.0179666
0.0177943
0.0176135
0.0174246
0.0172282
0.0170253
0.0168155
0.0165984
0.0163735
0.0161414
0.0159034
0.0156593
0.0154093
0.0151533
0.019257
0.0192523
0.0192418
0.0192249
0.0192003
0.0191681
0.0191323
0.0190911
0.0190428
0.0189853
0.018918
0.0188403
0.0187508
0.0186506
0.0185391
0.018416
0.0182828
0.0181399
0.0179873
0.0178254
0.0176544
0.0174756
0.0172883
0.0170939
0.0168916
0.0166818
0.0164649
0.0162403
0.0160086
0.015771
0.0155275
0.015278
0.0150223
0.0189408
0.0189354
0.0189243
0.0189071
0.018883
0.0188525
0.0188165
0.0187749
0.0187265
0.0186703
0.0186053
0.0185305
0.0184466
0.0183523
0.0182473
0.0181311
0.0180052
0.0178705
0.0177257
0.0175708
0.0174066
0.0172343
0.0170543
0.016866
0.0166689
0.0164636
0.0162515
0.0160311
0.0158037
0.0155685
0.0153273
0.0150795
0.0148243
0.0184365
0.0184313
0.0184206
0.0184038
0.0183805
0.0183514
0.0183159
0.0182733
0.0182246
0.0181689
0.0181065
0.0180361
0.0179573
0.0178701
0.0177741
0.0176681
0.0175529
0.0174284
0.0172953
0.0171535
0.0170021
0.0168416
0.0166718
0.0164936
0.0163076
0.016114
0.0159125
0.0157026
0.0154845
0.0152585
0.0150243
0.0147825
0.0145341
0.0177939
0.0177876
0.0177762
0.017759
0.0177362
0.0177068
0.0176704
0.0176274
0.0175784
0.0175231
0.0174619
0.0173932
0.0173174
0.0172345
0.0171436
0.0170444
0.0169371
0.0168216
0.0166976
0.0165657
0.0164256
0.0162772
0.0161207
0.0159557
0.0157826
0.0156015
0.0154128
0.015216
0.0150108
0.0147969
0.0145759
0.0143469
0.0141097
0.0170411
0.0170346
0.0170226
0.0170044
0.0169803
0.0169506
0.0169143
0.0168713
0.0168226
0.016767
0.0167052
0.0166361
0.0165603
0.0164782
0.0163898
0.0162938
0.0161903
0.0160797
0.0159622
0.0158369
0.0157047
0.0155652
0.0154184
0.0152634
0.0151008
0.0149306
0.0147535
0.0145686
0.0143768
0.0141779
0.0139717
0.0137574
0.013536
0.0162054
0.0161983
0.0161851
0.0161665
0.0161421
0.0161108
0.0160733
0.0160293
0.0159785
0.0159208
0.0158576
0.0157881
0.0157123
0.0156307
0.0155419
0.0154471
0.0153453
0.0152363
0.0151215
0.0149999
0.014871
0.0147359
0.014595
0.0144472
0.0142917
0.0141297
0.0139614
0.0137864
0.0136056
0.0134188
0.0132245
0.0130233
0.0128148
0.0153478
0.015341
0.0153281
0.0153092
0.0152837
0.0152517
0.0152127
0.015167
0.0151154
0.0150567
0.0149916
0.0149208
0.0148437
0.01476
0.0146697
0.0145732
0.0144717
0.0143637
0.0142489
0.0141281
0.0140012
0.0138684
0.01373
0.0135857
0.0134352
0.0132788
0.0131157
0.0129479
0.0127749
0.0125953
0.0124091
0.0122167
0.0120177
0.0147046
0.0146978
0.0146851
0.0146653
0.0146393
0.014607
0.0145674
0.0145219
0.0144695
0.0144097
0.0143428
0.0142698
0.0141909
0.0141064
0.0140152
0.0139177
0.0138144
0.013705
0.0135908
0.0134703
0.0133435
0.0132114
0.0130737
0.0129302
0.0127812
0.0126265
0.0124672
0.0123018
0.0121315
0.011955
0.0117731
0.0115851
0.0113929
0.0200016
0.0200038
0.0200023
0.0199981
0.0199855
0.0199604
0.0199227
0.0198761
0.0198185
0.0197471
0.0196622
0.0195633
0.0194515
0.0193292
0.0191974
0.0190567
0.0189076
0.0187498
0.0185841
0.0184112
0.0182317
0.0180461
0.0178539
0.0176549
0.0174487
0.0172357
0.0170161
0.0167901
0.0165582
0.0163205
0.0160779
0.0158294
0.0155739
0.020005
0.0200049
0.0200002
0.0199928
0.0199799
0.0199537
0.0199159
0.0198662
0.0198098
0.0197403
0.0196566
0.019558
0.0194462
0.0193238
0.0191919
0.0190514
0.0189021
0.0187448
0.0185793
0.0184064
0.0182272
0.018041
0.0178482
0.0176482
0.0174414
0.0172281
0.0170087
0.0167835
0.0165528
0.0163159
0.0160728
0.0158228
0.0155665
0.0200201
0.0200185
0.0200145
0.0200063
0.0199904
0.019963
0.0199223
0.0198678
0.0198069
0.0197344
0.0196487
0.0195495
0.0194372
0.0193145
0.0191823
0.019041
0.0188915
0.0187336
0.0185684
0.0183957
0.018216
0.0180287
0.0178346
0.0176343
0.0174284
0.0172161
0.0169976
0.0167722
0.0165403
0.0163023
0.0160582
0.0158084
0.0155533
0.0199925
0.0199884
0.019986
0.0199766
0.0199603
0.0199336
0.0198948
0.0198468
0.0197897
0.0197184
0.0196335
0.0195343
0.0194222
0.0192991
0.0191663
0.0190245
0.0188744
0.018716
0.01855
0.0183771
0.0181969
0.0180098
0.0178153
0.0176141
0.0174066
0.0171933
0.0169746
0.0167496
0.0165183
0.0162802
0.0160356
0.015785
0.0155285
0.019991
0.0199854
0.0199769
0.0199611
0.019936
0.0199003
0.0198539
0.0198022
0.0197497
0.0196835
0.0196023
0.019505
0.0193942
0.0192719
0.0191395
0.0189979
0.0188474
0.0186888
0.0185229
0.0183494
0.0181687
0.0179804
0.0177851
0.0175832
0.0173752
0.0171616
0.0169417
0.0167157
0.0164831
0.0162438
0.0159984
0.0157468
0.0154897
0.0200072
0.0200002
0.0199862
0.0199644
0.0199362
0.0198965
0.0198498
0.0197987
0.0197397
0.0196669
0.0195804
0.0194789
0.0193649
0.0192397
0.0191056
0.0189624
0.0188105
0.0186506
0.0184824
0.0183066
0.0181239
0.0179349
0.0177389
0.0175366
0.0173272
0.0171112
0.0168891
0.0166613
0.016428
0.0161884
0.0159426
0.01569
0.0154312
0.0199582
0.0199524
0.0199398
0.0199202
0.0198921
0.0198535
0.0198029
0.0197418
0.0196769
0.0196
0.0195111
0.0194084
0.019293
0.0191674
0.0190328
0.0188895
0.0187376
0.0185771
0.0184089
0.0182329
0.0180496
0.0178588
0.017661
0.0174571
0.0172475
0.0170315
0.0168091
0.0165797
0.0163439
0.0161019
0.0158541
0.0156009
0.0153427
0.0197375
0.0197319
0.0197161
0.0196973
0.0196677
0.0196266
0.0195886
0.0195424
0.0194855
0.0194165
0.019333
0.0192362
0.0191271
0.0190072
0.0188766
0.0187364
0.0185876
0.0184308
0.0182657
0.0180923
0.0179111
0.0177227
0.0175276
0.0173253
0.0171161
0.0169001
0.0166774
0.016448
0.0162121
0.0159701
0.0157222
0.0154687
0.0152094
0.0192682
0.0192639
0.0192533
0.0192367
0.019212
0.0191803
0.0191446
0.0191028
0.019054
0.0189962
0.0189278
0.0188483
0.0187574
0.0186558
0.018544
0.0184206
0.0182868
0.0181432
0.0179899
0.0178276
0.0176561
0.017477
0.0172893
0.0170944
0.0168915
0.016681
0.0164635
0.0162385
0.0160055
0.0157666
0.0155221
0.0152716
0.015015
0.0186808
0.0186758
0.0186653
0.0186489
0.0186265
0.0185983
0.0185647
0.0185251
0.0184791
0.0184258
0.0183641
0.0182936
0.0182135
0.0181245
0.0180263
0.0179181
0.0178004
0.0176722
0.0175352
0.0173892
0.0172343
0.0170697
0.0168966
0.0167146
0.0165246
0.0163266
0.0161207
0.0159063
0.0156841
0.0154553
0.0152187
0.0149756
0.0147248
0.0180062
0.0180001
0.0179886
0.0179715
0.0179491
0.0179207
0.0178861
0.0178453
0.0177977
0.0177435
0.0176832
0.017616
0.0175407
0.017458
0.0173668
0.0172673
0.0171597
0.0170427
0.0169171
0.0167828
0.0166405
0.0164909
0.0163329
0.0161666
0.0159922
0.0158092
0.0156177
0.0154187
0.0152111
0.0149956
0.0147715
0.0145401
0.0143015
0.0172395
0.017234
0.0172216
0.0172039
0.0171813
0.0171524
0.0171165
0.0170738
0.0170254
0.0169706
0.0169092
0.0168415
0.0167663
0.0166843
0.0165955
0.0164998
0.0163965
0.0162854
0.0161666
0.0160399
0.0159065
0.0157659
0.0156184
0.0154638
0.0153009
0.01513
0.0149521
0.014767
0.0145742
0.0143738
0.0141649
0.0139485
0.0137245
0.0163994
0.0163931
0.0163812
0.016363
0.0163384
0.0163078
0.0162702
0.0162266
0.0161763
0.0161201
0.0160574
0.0159877
0.0159111
0.0158285
0.0157401
0.0156453
0.0155432
0.0154337
0.0153174
0.0151948
0.0150665
0.0149315
0.0147904
0.0146426
0.0144877
0.0143259
0.0141565
0.0139805
0.0137977
0.013608
0.0134111
0.0132075
0.012997
0.0155435
0.0155375
0.0155249
0.0155056
0.0154803
0.0154482
0.0154089
0.0153631
0.015311
0.0152527
0.0151877
0.0151163
0.0150394
0.0149558
0.014866
0.0147696
0.0146664
0.0145566
0.014441
0.0143198
0.0141934
0.0140611
0.0139221
0.0137763
0.0136248
0.0134669
0.0133037
0.0131346
0.0129595
0.0127782
0.0125899
0.0123954
0.0121943
0.0149025
0.0148963
0.0148844
0.0148656
0.0148393
0.0148053
0.014764
0.0147172
0.0146642
0.0146048
0.0145394
0.0144666
0.0143881
0.0143033
0.0142117
0.0141134
0.0140094
0.0138995
0.0137841
0.0136636
0.0135374
0.0134051
0.0132662
0.0131208
0.0129695
0.0128133
0.0126524
0.0124851
0.0123128
0.0121346
0.0119517
0.0117638
0.0115707
0.02023
0.0202293
0.020227
0.0202205
0.020206
0.0201794
0.0201371
0.0200793
0.0200109
0.0199301
0.0198359
0.0197287
0.0196098
0.0194804
0.0193427
0.019197
0.0190428
0.0188814
0.0187134
0.0185387
0.0183568
0.0181686
0.0179745
0.0177738
0.0175668
0.017353
0.0171332
0.016908
0.0166766
0.0164392
0.0161952
0.0159451
0.0156894
0.0202317
0.0202303
0.0202266
0.0202186
0.020203
0.0201761
0.0201338
0.0200753
0.0200069
0.0199263
0.0198314
0.0197242
0.0196046
0.0194753
0.0193375
0.0191917
0.0190379
0.0188771
0.0187091
0.0185337
0.0183516
0.0181634
0.0179687
0.0177677
0.01756
0.0173462
0.017127
0.0169015
0.0166701
0.016432
0.0161876
0.0159374
0.0156822
0.0202381
0.0202364
0.020232
0.0202229
0.0202059
0.020177
0.0201325
0.0200725
0.0200021
0.0199198
0.0198248
0.0197167
0.0195964
0.0194664
0.019328
0.0191813
0.0190274
0.0188664
0.0186978
0.0185226
0.0183404
0.0181516
0.017956
0.0177543
0.0175472
0.0173341
0.0171142
0.0168879
0.0166557
0.0164182
0.0161748
0.0159247
0.0156683
0.0202296
0.0202278
0.020223
0.0202134
0.020196
0.0201669
0.020122
0.0200618
0.0199914
0.0199085
0.0198127
0.0197043
0.0195835
0.019453
0.0193139
0.019167
0.019012
0.0188502
0.0186813
0.0185048
0.0183218
0.0181328
0.0179375
0.0177353
0.017527
0.0173133
0.0170932
0.016867
0.0166339
0.0163946
0.0161497
0.0158998
0.015644
0.0202281
0.0202243
0.0202165
0.0202033
0.0201825
0.0201507
0.0201042
0.0200432
0.0199724
0.0198893
0.0197933
0.0196842
0.0195633
0.0194325
0.019293
0.0191455
0.0189898
0.018827
0.0186572
0.0184797
0.0182955
0.0181054
0.017909
0.0177059
0.0174968
0.0172822
0.0170615
0.0168341
0.0166001
0.0163601
0.0161148
0.0158636
0.0156066
0.0202264
0.020222
0.0202125
0.0201966
0.020172
0.0201354
0.0200854
0.0200246
0.0199529
0.0198675
0.0197688
0.0196572
0.0195345
0.0194021
0.0192604
0.0191106
0.0189537
0.0187895
0.0186177
0.0184394
0.0182544
0.0180623
0.0178639
0.0176599
0.0174498
0.0172331
0.0170104
0.0167823
0.0165482
0.0163076
0.0160607
0.0158081
0.0155503
0.0201736
0.020169
0.0201591
0.0201426
0.0201173
0.0200797
0.0200271
0.0199596
0.0198846
0.0197978
0.0196993
0.0195879
0.0194648
0.0193318
0.0191905
0.0190412
0.0188841
0.0187193
0.0185469
0.0183674
0.0181809
0.0179883
0.0177893
0.0175837
0.017372
0.0171549
0.0169317
0.0167019
0.016466
0.0162248
0.0159775
0.0157245
0.015465
0.0199654
0.0199591
0.0199455
0.0199242
0.0198956
0.0198544
0.0198054
0.0197518
0.0196885
0.019611
0.0195199
0.0194156
0.0192991
0.0191726
0.0190364
0.0188913
0.0187372
0.0185751
0.0184061
0.0182296
0.0180454
0.017854
0.0176562
0.0174528
0.0172431
0.0170262
0.0168026
0.0165724
0.016336
0.016094
0.0158469
0.0155939
0.0153351
0.0194467
0.019441
0.0194294
0.0194118
0.0193872
0.0193548
0.0193168
0.0192748
0.0192254
0.0191661
0.0190959
0.0190135
0.0189207
0.0188163
0.0187007
0.0185731
0.0184354
0.0182885
0.0181327
0.0179681
0.0177946
0.017613
0.0174237
0.0172265
0.0170219
0.0168104
0.016592
0.0163663
0.0161332
0.0158933
0.0156465
0.0153941
0.0151361
0.0188308
0.0188258
0.0188142
0.0187971
0.0187743
0.0187459
0.0187126
0.0186736
0.0186285
0.0185756
0.0185145
0.0184442
0.0183638
0.018273
0.0181723
0.0180628
0.0179438
0.0178152
0.0176768
0.017529
0.0173724
0.0172063
0.0170319
0.0168491
0.016658
0.0164588
0.0162519
0.0160366
0.0158139
0.0155836
0.0153454
0.0151015
0.0148506
0.0181434
0.0181372
0.0181256
0.0181084
0.0180854
0.018057
0.0180235
0.0179839
0.0179376
0.0178853
0.0178257
0.0177586
0.0176832
0.0175994
0.0175066
0.0174057
0.0172969
0.0171798
0.0170545
0.0169202
0.0167774
0.0166259
0.0164662
0.0162987
0.0161234
0.0159401
0.0157486
0.0155491
0.0153411
0.0151253
0.0149018
0.0146708
0.0144324
0.017376
0.017371
0.0173594
0.0173414
0.0173175
0.0172878
0.0172519
0.0172099
0.0171617
0.0171082
0.0170473
0.0169799
0.016905
0.0168236
0.0167346
0.0166384
0.0165349
0.0164235
0.0163048
0.0161788
0.0160453
0.015904
0.0157545
0.0155979
0.0154343
0.0152628
0.0150846
0.0148985
0.0147046
0.0145033
0.014294
0.0140776
0.0138544
0.0165408
0.0165345
0.0165225
0.0165041
0.0164791
0.0164483
0.0164107
0.0163661
0.0163148
0.0162581
0.0161952
0.016126
0.0160509
0.0159687
0.0158798
0.0157848
0.0156823
0.0155726
0.0154563
0.0153335
0.0152042
0.0150691
0.0149276
0.0147795
0.0146238
0.014461
0.0142905
0.0141132
0.0139293
0.0137394
0.0135427
0.0133386
0.0131283
0.0156903
0.0156835
0.0156707
0.0156508
0.015625
0.0155922
0.0155531
0.015507
0.0154539
0.0153948
0.0153296
0.0152587
0.0151816
0.0150975
0.0150074
0.014911
0.0148087
0.0147
0.0145848
0.0144629
0.0143347
0.014201
0.0140615
0.0139147
0.0137622
0.0136031
0.0134386
0.0132682
0.0130921
0.0129093
0.0127205
0.0125255
0.0123259
0.0150527
0.0150458
0.0150323
0.0150121
0.014986
0.0149526
0.0149114
0.0148643
0.0148104
0.01475
0.0146837
0.0146103
0.0145311
0.0144455
0.0143535
0.0142557
0.0141522
0.0140428
0.013928
0.013807
0.0136802
0.0135475
0.0134078
0.0132616
0.0131101
0.0129531
0.0127907
0.0126228
0.0124486
0.0122699
0.0120867
0.0118986
0.0117047
0.0203014
0.0202998
0.0202957
0.020287
0.0202704
0.0202421
0.0201986
0.0201397
0.0200711
0.0199901
0.019895
0.0197872
0.0196673
0.0195376
0.0193992
0.0192531
0.0190989
0.0189376
0.0187701
0.018596
0.0184149
0.0182275
0.0180345
0.017835
0.0176284
0.0174152
0.0171959
0.016971
0.0167411
0.0165051
0.0162623
0.0160132
0.0157586
0.0203019
0.0203001
0.0202955
0.020286
0.0202686
0.0202394
0.0201954
0.020136
0.0200663
0.0199844
0.0198899
0.0197821
0.0196624
0.0195329
0.0193944
0.0192479
0.0190945
0.0189339
0.0187657
0.0185906
0.0184092
0.018222
0.0180285
0.0178281
0.0176213
0.0174086
0.0171906
0.0169666
0.0167358
0.0164985
0.0162551
0.0160059
0.0157519
0.0203037
0.0203015
0.0202962
0.0202854
0.0202661
0.0202348
0.0201895
0.0201316
0.0200628
0.0199804
0.0198847
0.0197762
0.0196558
0.0195254
0.0193863
0.0192392
0.0190848
0.0189234
0.0187555
0.0185805
0.0183991
0.0182107
0.0180157
0.0178149
0.0176087
0.0173967
0.0171778
0.0169526
0.0167214
0.0164849
0.0162426
0.0159935
0.0157379
0.0203026
0.0203004
0.020295
0.0202844
0.0202655
0.0202342
0.0201871
0.0201251
0.0200537
0.0199699
0.0198737
0.0197643
0.0196433
0.0195118
0.0193717
0.0192239
0.0190694
0.0189081
0.0187393
0.0185638
0.0183821
0.0181941
0.017999
0.0177974
0.0175899
0.017377
0.0171578
0.0169323
0.0167001
0.0164617
0.0162176
0.0159686
0.0157136
0.0203013
0.0202987
0.0202927
0.0202814
0.0202617
0.0202299
0.0201827
0.0201191
0.0200458
0.0199595
0.0198605
0.0197495
0.0196268
0.0194941
0.0193534
0.0192051
0.0190491
0.0188863
0.0187167
0.0185398
0.0183564
0.0181671
0.0179716
0.0177693
0.0175609
0.0173469
0.0171265
0.0169
0.0166667
0.0164271
0.016182
0.0159321
0.0156763
0.0202915
0.0202886
0.0202818
0.020269
0.0202472
0.0202127
0.0201626
0.0200968
0.0200215
0.0199344
0.0198344
0.019722
0.0195983
0.019465
0.0193228
0.019173
0.0190156
0.0188513
0.0186797
0.0185018
0.0183174
0.018126
0.0179284
0.0177252
0.0175158
0.0172996
0.0170771
0.0168488
0.0166153
0.0163761
0.0161304
0.0158789
0.015622
0.0202361
0.0202328
0.0202251
0.0202107
0.0201865
0.020149
0.0200968
0.0200332
0.0199592
0.0198713
0.0197705
0.0196569
0.0195324
0.0193981
0.0192559
0.0191061
0.0189483
0.0187833
0.0186109
0.018432
0.0182462
0.0180544
0.0178563
0.0176513
0.0174404
0.0172238
0.0170009
0.016772
0.0165366
0.0162955
0.0160492
0.0157969
0.0155387
0.0200358
0.0200328
0.0200237
0.0200077
0.0199822
0.0199442
0.0198922
0.0198293
0.0197623
0.0196828
0.0195911
0.0194862
0.0193688
0.0192412
0.0191042
0.0189589
0.0188051
0.0186428
0.0184731
0.0182968
0.0181135
0.0179227
0.0177251
0.0175215
0.0173124
0.0170967
0.0168745
0.0166453
0.0164097
0.0161681
0.0159212
0.0156693
0.0154113
0.0195247
0.0195198
0.0195084
0.0194899
0.0194645
0.0194322
0.0193939
0.01935
0.0192997
0.0192404
0.0191704
0.0190894
0.0189967
0.0188917
0.0187759
0.0186489
0.0185116
0.0183639
0.0182071
0.0180415
0.0178675
0.0176851
0.0174951
0.0172983
0.0170946
0.0168837
0.0166647
0.0164384
0.0162058
0.0159672
0.0157225
0.015472
0.0152156
0.01891
0.0189049
0.018893
0.0188749
0.0188517
0.0188233
0.0187901
0.0187511
0.0187053
0.0186524
0.0185917
0.0185217
0.0184419
0.018352
0.0182522
0.0181425
0.0180232
0.017894
0.0177549
0.0176065
0.0174494
0.0172833
0.0171079
0.0169246
0.0167338
0.0165348
0.0163284
0.016114
0.0158913
0.0156617
0.0154245
0.0151811
0.0149305
0.0182254
0.0182196
0.0182077
0.0181898
0.0181663
0.0181381
0.0181042
0.0180646
0.0180189
0.0179667
0.0179072
0.0178402
0.0177648
0.0176811
0.0175894
0.0174891
0.0173805
0.0172633
0.0171378
0.0170036
0.0168614
0.0167106
0.0165514
0.0163835
0.0162076
0.0160235
0.0158317
0.0156311
0.0154221
0.0152045
0.0149808
0.0147499
0.0145121
0.0174622
0.0174568
0.0174449
0.0174271
0.0174027
0.0173728
0.0173372
0.0172963
0.0172488
0.0171944
0.0171334
0.0170656
0.0169912
0.0169099
0.016821
0.0167252
0.0166216
0.0165106
0.0163923
0.0162666
0.0161328
0.0159915
0.0158428
0.0156868
0.0155228
0.0153512
0.0151718
0.0149842
0.0147889
0.0145868
0.0143778
0.0141615
0.0139377
0.0166317
0.0166253
0.0166132
0.0165946
0.0165693
0.0165385
0.0165013
0.0164575
0.0164075
0.0163506
0.0162878
0.0162191
0.0161438
0.0160618
0.0159733
0.0158779
0.0157756
0.0156657
0.0155493
0.0154264
0.0152961
0.01516
0.0150181
0.014869
0.0147128
0.0145499
0.01438
0.0142029
0.0140184
0.0138271
0.0136303
0.0134274
0.0132175
0.015787
0.0157807
0.0157679
0.0157486
0.0157221
0.0156892
0.0156503
0.0156048
0.0155526
0.0154945
0.0154305
0.0153597
0.015282
0.0151975
0.0151063
0.0150099
0.0149076
0.0147987
0.0146831
0.0145608
0.0144326
0.0142983
0.0141573
0.0140101
0.0138571
0.0136991
0.0135355
0.0133651
0.0131879
0.0130044
0.0128142
0.0126184
0.0124169
0.0151536
0.0151477
0.0151348
0.0151152
0.0150884
0.0150548
0.0150154
0.0149693
0.0149158
0.014855
0.0147876
0.0147148
0.0146358
0.0145499
0.0144572
0.0143588
0.0142547
0.0141446
0.0140293
0.0139081
0.0137805
0.0136463
0.0135057
0.0133593
0.013208
0.0130505
0.0128868
0.0127184
0.0125446
0.0123645
0.0121793
0.0119891
0.0117937
0.020318
0.0203162
0.0203116
0.0203023
0.0202853
0.0202567
0.0202134
0.0201549
0.020087
0.0200063
0.0199122
0.0198049
0.019686
0.0195565
0.0194184
0.0192727
0.0191204
0.018961
0.018794
0.0186201
0.01844
0.018254
0.0180619
0.0178636
0.0176584
0.0174468
0.0172293
0.0170064
0.0167773
0.0165421
0.0163002
0.016052
0.015798
0.0203183
0.0203163
0.0203115
0.0203018
0.0202842
0.0202549
0.0202108
0.0201515
0.0200822
0.0200008
0.0199057
0.0197984
0.0196793
0.0195508
0.0194137
0.0192689
0.0191159
0.0189554
0.0187878
0.0186138
0.0184341
0.0182484
0.0180558
0.0178565
0.0176509
0.0174395
0.0172228
0.0170002
0.0167708
0.016535
0.0162931
0.0160452
0.0157922
0.020319
0.0203168
0.0203116
0.0203011
0.0202824
0.0202517
0.0202056
0.0201449
0.0200752
0.0199929
0.0198974
0.0197897
0.0196702
0.019541
0.0194034
0.0192586
0.0191061
0.0189466
0.0187795
0.0186053
0.0184243
0.0182369
0.0180433
0.0178445
0.0176398
0.0174285
0.0172107
0.0169867
0.0167568
0.0165215
0.0162801
0.0160326
0.0157783
0.0203191
0.0203167
0.0203109
0.0202995
0.0202792
0.0202466
0.0201999
0.0201406
0.0200709
0.0199871
0.0198902
0.0197809
0.0196604
0.0195302
0.0193916
0.0192451
0.0190912
0.0189304
0.0187634
0.0185898
0.018409
0.0182213
0.018027
0.0178264
0.0176201
0.0174086
0.0171911
0.0169667
0.0167358
0.0164989
0.0162563
0.0160085
0.0157548
0.0203176
0.0203152
0.0203093
0.0202978
0.0202777
0.0202451
0.0201971
0.0201334
0.0200605
0.0199753
0.0198772
0.0197664
0.0196446
0.0195139
0.0193751
0.0192277
0.0190725
0.0189101
0.0187411
0.018566
0.0183845
0.0181959
0.0180007
0.0177992
0.0175918
0.0173791
0.0171605
0.016935
0.0167031
0.016465
0.0162212
0.0159725
0.0157178
0.0203046
0.020302
0.0202956
0.0202831
0.0202611
0.0202262
0.0201764
0.0201145
0.0200413
0.0199542
0.0198543
0.0197419
0.0196183
0.0194852
0.0193437
0.0191945
0.019038
0.0188751
0.0187054
0.0185285
0.0183447
0.0181546
0.0179586
0.0177562
0.0175479
0.017333
0.0171117
0.0168846
0.0166524
0.0164144
0.0161699
0.0159192
0.0156628
0.0202438
0.0202414
0.0202352
0.0202226
0.0201995
0.0201623
0.0201111
0.0200491
0.0199761
0.0198891
0.0197889
0.0196762
0.0195524
0.0194192
0.0192778
0.0191291
0.0189729
0.0188088
0.0186375
0.0184595
0.0182754
0.018085
0.0178877
0.0176838
0.017474
0.0172586
0.0170368
0.0168091
0.0165749
0.0163346
0.0160887
0.0158377
0.015581
0.0200367
0.0200365
0.0200301
0.020018
0.0199955
0.0199606
0.019917
0.0198628
0.0197959
0.0197153
0.0196216
0.0195152
0.0193975
0.0192698
0.019133
0.0189874
0.0188336
0.018672
0.0185037
0.0183285
0.0181458
0.0179559
0.0177595
0.0175569
0.0173487
0.017134
0.016913
0.0166851
0.0164508
0.0162103
0.0159639
0.015712
0.0154547
0.0195477
0.0195432
0.019532
0.0195138
0.0194905
0.0194626
0.0194296
0.0193893
0.0193392
0.0192789
0.0192071
0.0191241
0.0190306
0.0189258
0.01881
0.0186837
0.0185464
0.0183989
0.0182423
0.0180767
0.0179036
0.0177223
0.0175332
0.0173372
0.0171342
0.0169234
0.0167053
0.0164808
0.01625
0.0160129
0.0157698
0.0155206
0.0152655
0.0189443
0.0189385
0.0189262
0.0189083
0.0188854
0.0188576
0.0188255
0.0187874
0.0187426
0.0186908
0.0186307
0.0185607
0.0184814
0.0183916
0.0182923
0.0181837
0.0180651
0.0179363
0.0177974
0.017649
0.0174918
0.0173254
0.0171508
0.0169681
0.0167775
0.0165793
0.0163729
0.016159
0.0159374
0.015708
0.0154722
0.015229
0.0149802
0.0182658
0.0182601
0.0182478
0.0182298
0.0182056
0.0181767
0.0181433
0.018104
0.0180585
0.0180072
0.0179488
0.0178823
0.0178082
0.0177257
0.0176342
0.017535
0.0174277
0.017311
0.017185
0.0170504
0.0169069
0.0167557
0.0165961
0.0164288
0.0162533
0.0160698
0.0158781
0.0156786
0.0154704
0.0152547
0.0150317
0.0148014
0.0145639
0.0175119
0.0175053
0.0174929
0.0174742
0.0174495
0.017419
0.0173835
0.0173423
0.0172952
0.0172416
0.0171818
0.0171146
0.0170405
0.0169597
0.0168721
0.0167763
0.016673
0.0165616
0.016443
0.0163166
0.0161827
0.0160411
0.0158927
0.0157366
0.0155732
0.0154018
0.0152235
0.0150373
0.0148434
0.0146413
0.0144318
0.0142146
0.0139911
0.0166865
0.0166802
0.0166675
0.0166486
0.0166236
0.0165922
0.0165549
0.0165113
0.0164618
0.0164053
0.0163428
0.0162743
0.0161994
0.0161182
0.0160301
0.0159346
0.0158319
0.0157221
0.0156064
0.0154834
0.0153536
0.0152164
0.0150729
0.014923
0.0147669
0.0146041
0.0144353
0.0142588
0.0140751
0.0138849
0.0136876
0.0134827
0.0132718
0.0158493
0.0158426
0.0158296
0.0158101
0.0157836
0.0157506
0.0157118
0.0156665
0.0156146
0.0155568
0.015493
0.0154224
0.0153447
0.0152604
0.0151695
0.0150721
0.014969
0.0148595
0.0147434
0.014621
0.0144926
0.0143582
0.0142175
0.0140708
0.0139176
0.013759
0.0135946
0.013424
0.0132473
0.0130637
0.0128739
0.0126777
0.0124768
0.0152202
0.0152144
0.0152015
0.0151819
0.0151551
0.0151216
0.0150825
0.0150366
0.0149832
0.0149224
0.0148549
0.0147821
0.014703
0.0146168
0.0145237
0.0144247
0.0143198
0.014209
0.014093
0.0139713
0.0138434
0.0137093
0.0135693
0.0134241
0.0132722
0.0131146
0.0129517
0.0127825
0.012609
0.0124306
0.0122468
0.0120577
0.0118623
0.0203203
0.0203184
0.0203136
0.0203039
0.0202865
0.0202575
0.0202138
0.0201549
0.0200869
0.0200067
0.0199127
0.0198062
0.0196877
0.0195591
0.0194221
0.0192778
0.0191267
0.0189686
0.0188027
0.0186295
0.0184498
0.0182639
0.0180722
0.0178754
0.0176725
0.0174627
0.017246
0.0170228
0.0167933
0.0165579
0.0163171
0.0160715
0.01582
0.0203205
0.0203185
0.0203134
0.0203034
0.0202855
0.0202558
0.0202115
0.0201522
0.0200829
0.0200014
0.0199073
0.0198007
0.019683
0.0195556
0.0194198
0.0192754
0.0191232
0.0189635
0.0187968
0.0186234
0.018444
0.0182592
0.0180684
0.0178708
0.0176665
0.0174558
0.0172387
0.0170156
0.0167867
0.0165528
0.0163131
0.0160668
0.0158141
0.0203212
0.0203191
0.020314
0.0203038
0.0202855
0.0202552
0.0202098
0.0201491
0.0200787
0.0199966
0.0199017
0.0197945
0.0196758
0.0195477
0.0194106
0.0192654
0.0191131
0.0189541
0.0187882
0.0186157
0.0184362
0.01825
0.0180573
0.0178585
0.0176537
0.0174435
0.0172271
0.0170049
0.0167761
0.016541
0.0162995
0.0160519
0.0157986
0.0203216
0.0203193
0.0203138
0.020303
0.0202837
0.0202522
0.0202049
0.020143
0.0200719
0.0199886
0.0198927
0.0197843
0.0196652
0.0195364
0.0193995
0.019254
0.0191006
0.0189399
0.0187724
0.0185986
0.0184189
0.0182329
0.0180407
0.0178415
0.0176358
0.0174239
0.0172059
0.0169824
0.0167537
0.0165192
0.0162778
0.0160298
0.0157755
0.0203198
0.0203173
0.0203112
0.0202994
0.0202784
0.0202449
0.0201972
0.020137
0.0200662
0.0199811
0.0198828
0.0197725
0.0196513
0.0195208
0.019382
0.0192356
0.0190811
0.0189191
0.0187501
0.0185747
0.0183933
0.0182064
0.0180135
0.0178136
0.0176072
0.0173946
0.0171761
0.0169523
0.0167224
0.0164866
0.016244
0.0159949
0.0157394
0.0203067
0.0203042
0.0202981
0.020286
0.0202648
0.0202305
0.0201804
0.0201145
0.0200398
0.0199527
0.0198534
0.0197422
0.0196199
0.0194882
0.0193485
0.0192004
0.0190448
0.0188823
0.0187135
0.018538
0.0183554
0.0181661
0.0179705
0.017769
0.0175621
0.0173493
0.0171298
0.0169039
0.016672
0.0164345
0.0161915
0.0159423
0.015687
0.0202479
0.0202455
0.0202396
0.0202277
0.0202061
0.0201709
0.0201194
0.0200527
0.0199777
0.0198897
0.0197899
0.0196783
0.0195556
0.0194235
0.019283
0.0191349
0.018979
0.0188163
0.0186467
0.0184698
0.0182865
0.0180971
0.0179013
0.0176992
0.0174902
0.0172748
0.0170533
0.016826
0.0165939
0.0163562
0.0161119
0.0158611
0.015604
0.0200471
0.0200448
0.0200391
0.0200267
0.0200053
0.0199711
0.019922
0.0198608
0.0197938
0.0197141
0.0196218
0.0195168
0.0194002
0.019274
0.0191391
0.0189955
0.0188433
0.0186832
0.0185154
0.0183404
0.0181592
0.0179712
0.0177767
0.017575
0.0173666
0.0171517
0.0169304
0.016703
0.01647
0.0162319
0.0159879
0.015738
0.0154817
0.0195484
0.0195443
0.0195341
0.0195172
0.0194944
0.0194647
0.019429
0.0193871
0.0193391
0.0192815
0.0192124
0.0191314
0.0190385
0.0189343
0.0188194
0.0186935
0.0185572
0.0184116
0.0182568
0.0180931
0.0179208
0.0177404
0.0175522
0.017356
0.0171535
0.0169445
0.0167285
0.0165054
0.0162747
0.0160373
0.0157942
0.0155455
0.0152909
0.0189498
0.0189439
0.0189325
0.0189152
0.0188921
0.018864
0.0188314
0.0187941
0.018751
0.0187002
0.0186409
0.0185727
0.0184946
0.0184059
0.0183073
0.0181989
0.0180803
0.0179522
0.0178145
0.0176676
0.0175112
0.0173458
0.0171714
0.0169896
0.0167996
0.0166021
0.0163974
0.016185
0.0159643
0.0157367
0.0155013
0.0152594
0.0150102
0.0182773
0.0182713
0.0182592
0.0182417
0.018219
0.0181906
0.0181569
0.0181178
0.0180743
0.0180243
0.0179667
0.0179013
0.0178273
0.0177459
0.0176563
0.0175576
0.0174502
0.0173338
0.0172088
0.0170746
0.0169323
0.0167809
0.0166221
0.0164556
0.0162809
0.0160979
0.0159066
0.0157074
0.0155005
0.0152853
0.0150628
0.0148334
0.0145959
0.0175291
0.0175227
0.0175109
0.0174934
0.0174701
0.0174409
0.0174053
0.0173638
0.0173163
0.0172634
0.0172038
0.0171371
0.0170639
0.0169844
0.0168974
0.0168027
0.0167003
0.0165899
0.0164711
0.0163448
0.0162118
0.0160715
0.0159228
0.0157666
0.0156033
0.0154325
0.0152542
0.0150685
0.0148753
0.014674
0.0144655
0.0142498
0.0140258
0.0167107
0.0167043
0.0166924
0.0166742
0.0166495
0.0166191
0.016582
0.0165392
0.01649
0.0164347
0.0163725
0.0163032
0.0162278
0.0161465
0.0160585
0.0159637
0.0158618
0.0157533
0.015638
0.0155158
0.0153871
0.0152514
0.015108
0.0149585
0.0148026
0.0146406
0.0144707
0.0142937
0.0141098
0.0139199
0.013723
0.0135186
0.0133079
0.0158811
0.0158745
0.0158622
0.015843
0.0158167
0.0157836
0.015745
0.0157001
0.0156486
0.0155913
0.015527
0.015456
0.0153779
0.0152932
0.0152017
0.0151051
0.0150027
0.0148938
0.0147785
0.0146568
0.0145292
0.0143953
0.0142551
0.0141087
0.0139557
0.0137972
0.0136326
0.0134618
0.013285
0.0131017
0.0129122
0.0127165
0.0125159
0.0152577
0.0152521
0.0152387
0.0152188
0.015192
0.0151587
0.0151197
0.015074
0.0150207
0.0149601
0.0148927
0.0148198
0.0147405
0.0146543
0.0145614
0.0144627
0.0143581
0.0142478
0.0141322
0.0140107
0.0138829
0.0137489
0.0136087
0.013463
0.0133119
0.013155
0.0129925
0.0128235
0.0126502
0.0124721
0.0122886
0.0120996
0.0119043
0.0203199
0.0203178
0.0203128
0.0203029
0.0202849
0.0202554
0.0202114
0.0201524
0.0200835
0.0200026
0.019909
0.0198027
0.0196854
0.0195591
0.0194242
0.0192817
0.019131
0.0189725
0.0188068
0.0186339
0.0184544
0.0182687
0.018077
0.01788
0.017678
0.0174699
0.0172547
0.0170327
0.0168039
0.0165689
0.0163278
0.0160812
0.0158295
0.02032
0.0203177
0.0203123
0.0203016
0.0202825
0.0202518
0.0202077
0.0201514
0.0200842
0.0200031
0.0199087
0.0198019
0.0196841
0.0195569
0.0194211
0.0192772
0.0191256
0.0189665
0.0188003
0.0186274
0.0184481
0.0182631
0.0180729
0.0178768
0.0176738
0.0174641
0.0172478
0.0170252
0.0167964
0.0165617
0.0163216
0.0160766
0.0158257
0.0203207
0.0203186
0.0203134
0.0203031
0.0202846
0.0202542
0.020209
0.0201487
0.0200787
0.0199972
0.0199032
0.0197965
0.0196786
0.0195504
0.0194135
0.0192685
0.0191161
0.0189569
0.0187914
0.0186193
0.0184409
0.0182557
0.0180639
0.0178657
0.0176611
0.0174504
0.017234
0.0170124
0.0167847
0.0165511
0.0163109
0.0160642
0.0158113
0.0203212
0.020319
0.0203136
0.020303
0.0202841
0.020253
0.0202062
0.0201442
0.020073
0.0199902
0.0198943
0.0197864
0.0196673
0.019539
0.0194023
0.0192578
0.019105
0.0189446
0.0187773
0.0186034
0.0184235
0.0182381
0.0180465
0.0178487
0.017644
0.0174326
0.0172148
0.0169911
0.0167616
0.0165268
0.0162871
0.0160413
0.0157884
0.020319
0.0203166
0.0203108
0.0202993
0.0202789
0.0202459
0.0201967
0.0201327
0.0200601
0.0199762
0.019879
0.0197697
0.0196493
0.0195201
0.0193826
0.0192375
0.0190841
0.0189229
0.0187546
0.0185796
0.0183985
0.018212
0.0180194
0.0178207
0.0176152
0.017403
0.0171846
0.0169602
0.0167302
0.0164951
0.0162541
0.016007
0.015753
0.0203039
0.0203012
0.0202946
0.0202817
0.0202591
0.0202233
0.0201728
0.0201114
0.0200383
0.0199513
0.0198514
0.0197397
0.0196175
0.0194866
0.0193479
0.0192022
0.0190487
0.0188879
0.0187194
0.0185436
0.0183611
0.018172
0.0179767
0.0177754
0.0175684
0.0173563
0.0171383
0.0169135
0.0166823
0.016445
0.0162018
0.0159529
0.0156988
0.0202395
0.020237
0.0202309
0.0202186
0.020196
0.0201591
0.0201076
0.0200458
0.0199736
0.0198872
0.0197879
0.0196764
0.0195543
0.0194233
0.0192847
0.0191382
0.0189841
0.0188219
0.018652
0.0184751
0.0182917
0.0181023
0.0179074
0.0177065
0.0174987
0.0172843
0.0170635
0.0168367
0.0166042
0.0163667
0.0161233
0.0158741
0.0156184
0.0200261
0.0200255
0.0200194
0.0200086
0.0199877
0.0199536
0.0199073
0.0198476
0.0197849
0.0197089
0.0196194
0.0195165
0.019402
0.0192772
0.0191434
0.0190009
0.0188494
0.0186895
0.018522
0.0183475
0.0181668
0.0179795
0.0177855
0.0175852
0.017378
0.0171639
0.0169433
0.0167163
0.0164832
0.0162444
0.0159998
0.0157499
0.0154949
0.0195422
0.0195377
0.0195264
0.0195097
0.0194871
0.0194587
0.0194245
0.0193839
0.0193372
0.0192801
0.0192122
0.0191327
0.0190415
0.0189388
0.0188247
0.0186996
0.0185642
0.0184193
0.0182652
0.018102
0.0179299
0.0177506
0.0175633
0.0173687
0.0171671
0.0169584
0.0167419
0.0165185
0.016289
0.0160534
0.0158119
0.0155643
0.0153106
0.018947
0.0189414
0.0189297
0.0189122
0.0188894
0.018862
0.0188304
0.0187941
0.0187516
0.018702
0.0186434
0.0185762
0.0184995
0.0184121
0.0183146
0.0182072
0.0180894
0.0179619
0.0178246
0.0176778
0.0175221
0.0173574
0.0171847
0.0170039
0.0168151
0.0166186
0.0164139
0.0162018
0.0159819
0.0157542
0.0155199
0.0152782
0.0150305
0.0182798
0.0182742
0.0182624
0.0182451
0.0182218
0.0181937
0.0181609
0.0181222
0.0180781
0.0180276
0.0179706
0.0179068
0.0178344
0.0177542
0.0176657
0.0175678
0.017461
0.0173451
0.0172202
0.0170868
0.0169446
0.0167948
0.0166369
0.0164711
0.0162973
0.0161154
0.0159254
0.0157275
0.0155212
0.0153071
0.0150853
0.0148559
0.0146188
0.0175364
0.0175305
0.0175183
0.0175003
0.0174766
0.0174471
0.0174124
0.0173714
0.0173242
0.0172716
0.0172123
0.0171462
0.0170733
0.0169933
0.0169064
0.016812
0.0167101
0.0166009
0.0164842
0.0163599
0.0162273
0.0160872
0.0159396
0.0157848
0.0156221
0.0154523
0.0152751
0.0150905
0.0148977
0.0146972
0.0144885
0.0142724
0.0140485
0.0167236
0.0167171
0.0167051
0.0166867
0.0166618
0.0166311
0.0165941
0.0165507
0.0165001
0.016444
0.0163816
0.016313
0.0162387
0.0161573
0.0160689
0.0159745
0.0158747
0.0157674
0.0156533
0.0155328
0.0154048
0.0152703
0.0151289
0.0149802
0.0148243
0.0146616
0.0144915
0.0143141
0.0141311
0.0139413
0.0137457
0.0135437
0.0133344
0.0158991
0.0158919
0.0158781
0.0158579
0.0158323
0.0158002
0.0157614
0.0157158
0.0156633
0.0156039
0.0155391
0.0154681
0.0153909
0.0153076
0.0152178
0.0151218
0.015019
0.0149105
0.0147964
0.0146765
0.0145498
0.014417
0.0142779
0.0141315
0.0139793
0.0138204
0.0136545
0.0134833
0.0133062
0.013124
0.0129363
0.0127422
0.0125414
0.0152777
0.0152703
0.0152563
0.0152347
0.0152077
0.0151753
0.0151353
0.0150889
0.0150353
0.0149747
0.0149084
0.0148351
0.0147558
0.0146703
0.0145786
0.0144814
0.0143781
0.0142689
0.0141541
0.0140331
0.0139054
0.0137728
0.0136341
0.0134887
0.0133375
0.0131803
0.0130173
0.0128488
0.0126745
0.0124957
0.0123119
0.0121225
0.0119273
0.0203197
0.0203177
0.0203129
0.0203033
0.020286
0.0202571
0.0202136
0.020155
0.0200873
0.0200075
0.0199139
0.0198075
0.0196901
0.0195626
0.0194265
0.019283
0.0191325
0.0189748
0.0188101
0.018638
0.0184591
0.0182735
0.0180817
0.0178842
0.0176812
0.0174732
0.0172589
0.0170384
0.0168107
0.0165764
0.0163356
0.0160889
0.0158366
0.0203198
0.0203177
0.0203127
0.0203027
0.0202848
0.0202552
0.0202112
0.0201521
0.0200833
0.0200024
0.0199089
0.0198026
0.0196853
0.0195587
0.0194236
0.0192807
0.0191295
0.0189708
0.0188049
0.0186322
0.0184529
0.0182675
0.0180763
0.0178798
0.0176773
0.0174687
0.0172534
0.0170315
0.0168032
0.0165686
0.0163281
0.0160823
0.0158314
0.0203203
0.0203182
0.020313
0.0203027
0.0202843
0.0202541
0.0202093
0.0201493
0.0200796
0.0199983
0.019905
0.0197988
0.0196811
0.0195538
0.0194175
0.019273
0.0191207
0.018961
0.0187945
0.0186218
0.0184435
0.0182591
0.018068
0.0178703
0.0176663
0.0174559
0.0172393
0.0170172
0.0167899
0.0165565
0.0163173
0.0160714
0.0158189
0.0203205
0.0203181
0.0203124
0.0203011
0.0202812
0.0202491
0.0202032
0.0201448
0.0200757
0.0199933
0.0198984
0.019791
0.0196718
0.0195433
0.0194064
0.019262
0.0191095
0.0189493
0.0187818
0.0186077
0.0184271
0.0182405
0.0180484
0.0178511
0.0176478
0.0174375
0.0172205
0.016997
0.0167675
0.0165324
0.016292
0.0160466
0.0157953
0.0203183
0.0203158
0.0203099
0.0202984
0.020278
0.0202449
0.0201957
0.0201319
0.0200595
0.0199761
0.0198796
0.0197709
0.0196511
0.0195223
0.0193852
0.0192405
0.0190875
0.0189267
0.0187586
0.0185837
0.0184024
0.0182151
0.0180226
0.017824
0.0176195
0.017408
0.0171901
0.0169658
0.0167356
0.0164999
0.0162593
0.0160127
0.01576
0.0203027
0.0202998
0.0202929
0.0202796
0.0202565
0.0202203
0.0201696
0.020109
0.0200368
0.0199515
0.0198534
0.0197429
0.0196211
0.0194902
0.019352
0.019206
0.0190523
0.0188912
0.0187232
0.0185478
0.0183655
0.0181766
0.0179814
0.0177801
0.0175729
0.0173601
0.0171423
0.0169185
0.0166879
0.0164509
0.0162079
0.015959
0.0157046
0.0202386
0.0202354
0.0202281
0.0202149
0.0201925
0.0201566
0.0201065
0.0200463
0.0199745
0.0198888
0.0197901
0.0196791
0.0195575
0.0194271
0.0192889
0.0191426
0.0189883
0.0188267
0.0186571
0.0184803
0.0182968
0.018107
0.0179114
0.0177106
0.0175038
0.0172902
0.01707
0.0168434
0.0166106
0.0163719
0.0161279
0.0158791
0.0156246
0.0200271
0.0200227
0.0200145
0.0200024
0.01998
0.0199481
0.019905
0.0198544
0.0197929
0.0197167
0.0196264
0.0195227
0.0194075
0.0192826
0.019149
0.0190064
0.0188552
0.0186961
0.0185288
0.018354
0.0181724
0.0179844
0.0177906
0.0175904
0.0173836
0.0171707
0.0169511
0.0167249
0.0164923
0.0162534
0.0160084
0.0157573
0.0155003
0.0195341
0.0195306
0.0195223
0.0195071
0.0194846
0.0194556
0.0194223
0.0193849
0.0193397
0.0192839
0.019217
0.0191383
0.0190474
0.0189456
0.0188322
0.0187076
0.0185723
0.0184271
0.0182728
0.0181096
0.0179379
0.0177581
0.0175708
0.0173763
0.0171743
0.0169644
0.0167485
0.0165264
0.0162982
0.0160634
0.015822
0.0155737
0.0153181
0.0189449
0.0189394
0.0189282
0.0189113
0.0188884
0.0188613
0.0188297
0.0187939
0.0187522
0.0187033
0.0186461
0.0185799
0.0185038
0.0184175
0.0183207
0.0182136
0.0180967
0.0179698
0.017833
0.0176865
0.0175309
0.0173674
0.0171955
0.017015
0.0168261
0.0166288
0.0164239
0.0162108
0.0159907
0.0157631
0.015528
0.0152872
0.0150396
0.0182787
0.018274
0.0182627
0.0182453
0.018222
0.0181935
0.0181609
0.0181225
0.0180789
0.018029
0.0179727
0.0179094
0.0178379
0.0177577
0.0176683
0.0175707
0.0174647
0.0173498
0.0172261
0.017094
0.0169537
0.0168055
0.0166483
0.0164827
0.0163081
0.0161256
0.0159353
0.0157367
0.0155305
0.015316
0.0150931
0.0148633
0.0146267
0.0175365
0.0175307
0.0175187
0.0175008
0.0174774
0.0174482
0.0174138
0.0173734
0.0173266
0.0172741
0.0172149
0.0171499
0.017078
0.0169984
0.0169115
0.0168181
0.0167171
0.016609
0.0164932
0.0163699
0.0162383
0.0160991
0.015952
0.0157975
0.0156345
0.0154637
0.0152847
0.015099
0.0149058
0.0147051
0.0144979
0.0142825
0.0140592
0.0167266
0.0167201
0.0167083
0.0166901
0.0166656
0.0166352
0.0165987
0.0165556
0.0165053
0.0164493
0.0163871
0.0163187
0.0162442
0.0161623
0.0160745
0.0159807
0.0158809
0.0157745
0.0156611
0.0155403
0.0154136
0.0152804
0.0151401
0.0149929
0.0148377
0.0146752
0.014505
0.0143283
0.0141454
0.0139552
0.0137582
0.013554
0.0133439
0.0159056
0.0158983
0.0158845
0.0158645
0.0158394
0.015808
0.0157695
0.0157242
0.0156719
0.0156124
0.0155475
0.0154763
0.0153985
0.0153143
0.0152245
0.0151278
0.0150258
0.014918
0.0148042
0.0146848
0.0145592
0.014427
0.0142878
0.0141431
0.0139918
0.0138332
0.0136686
0.0134981
0.0133219
0.0131394
0.0129511
0.0127568
0.0125563
0.0152856
0.0152776
0.015263
0.0152422
0.0152162
0.0151848
0.0151454
0.0150992
0.0150458
0.0149852
0.0149186
0.0148447
0.0147652
0.0146799
0.0145891
0.0144922
0.0143889
0.0142792
0.0141631
0.0140416
0.0139144
0.0137814
0.0136428
0.0134992
0.0133487
0.0131923
0.0130305
0.0128625
0.0126893
0.0125117
0.012329
0.0121399
0.0119448
0.0203197
0.0203178
0.0203132
0.0203039
0.0202871
0.0202589
0.0202162
0.0201587
0.020092
0.0200127
0.0199201
0.0198141
0.0196963
0.0195688
0.019432
0.019287
0.0191347
0.0189754
0.0188098
0.0186384
0.0184607
0.0182759
0.0180843
0.0178865
0.0176829
0.017474
0.0172601
0.0170398
0.0168133
0.0165795
0.0163391
0.0160924
0.0158397
0.0203199
0.0203179
0.0203132
0.0203037
0.0202865
0.0202578
0.0202145
0.0201562
0.0200886
0.0200086
0.0199155
0.0198093
0.0196917
0.0195636
0.0194268
0.0192822
0.0191305
0.0189724
0.0188075
0.0186353
0.0184563
0.0182706
0.0180786
0.0178807
0.0176774
0.0174691
0.0172549
0.0170337
0.0168059
0.0165716
0.016331
0.0160847
0.0158331
0.0203203
0.0203183
0.0203133
0.0203035
0.0202858
0.0202564
0.0202122
0.0201529
0.0200844
0.0200039
0.0199098
0.0198032
0.0196846
0.0195563
0.0194199
0.0192757
0.0191242
0.0189649
0.0187985
0.0186253
0.0184461
0.0182611
0.01807
0.0178728
0.017669
0.0174588
0.0172423
0.0170197
0.0167916
0.0165584
0.0163191
0.0160738
0.0158218
0.0203205
0.0203183
0.0203131
0.0203026
0.020284
0.0202533
0.0202077
0.020147
0.0200766
0.0199946
0.0199
0.0197925
0.0196738
0.0195448
0.0194074
0.0192624
0.0191105
0.0189512
0.0187849
0.0186112
0.0184306
0.0182437
0.0180509
0.0178527
0.0176493
0.0174399
0.0172234
0.0170002
0.0167706
0.0165351
0.016294
0.0160477
0.0157965
0.0203181
0.0203159
0.0203104
0.0202995
0.0202801
0.0202483
0.0202004
0.0201372
0.0200646
0.0199804
0.0198835
0.0197738
0.0196537
0.0195244
0.0193864
0.0192407
0.0190882
0.0189286
0.0187612
0.0185867
0.0184054
0.0182178
0.0180245
0.0178259
0.0176213
0.0174105
0.0171929
0.0169688
0.0167385
0.0165022
0.0162606
0.0160141
0.0157616
0.0203018
0.0202993
0.0202932
0.020281
0.0202593
0.0202248
0.0201755
0.0201148
0.0200428
0.0199572
0.019859
0.0197484
0.0196268
0.0194957
0.0193561
0.0192087
0.0190538
0.0188917
0.018723
0.0185482
0.0183668
0.018179
0.0179843
0.0177831
0.0175758
0.0173625
0.0171438
0.0169201
0.0166903
0.0164538
0.0162108
0.0159618
0.015707
0.0202344
0.0202327
0.0202285
0.0202189
0.0202003
0.0201684
0.0201199
0.0200556
0.019982
0.0198966
0.0197983
0.019687
0.0195652
0.0194339
0.0192938
0.0191462
0.0189911
0.0188281
0.0186581
0.0184822
0.0182998
0.0181103
0.0179143
0.0177125
0.0175053
0.0172921
0.0170729
0.0168469
0.0166146
0.0163761
0.016132
0.0158829
0.0156277
0.0200146
0.0200159
0.0200135
0.0200075
0.0199927
0.0199657
0.0199242
0.0198678
0.0198036
0.0197262
0.0196356
0.0195312
0.019415
0.0192892
0.0191536
0.0190097
0.0188579
0.0186983
0.0185309
0.0183569
0.018176
0.0179877
0.0177925
0.017591
0.0173838
0.0171714
0.0169529
0.0167281
0.0164964
0.0162579
0.0160129
0.0157614
0.0155036
0.0195359
0.0195319
0.0195223
0.0195061
0.0194832
0.019455
0.0194217
0.0193828
0.0193381
0.0192835
0.0192177
0.0191404
0.0190509
0.0189487
0.0188348
0.0187102
0.0185748
0.0184298
0.0182757
0.0181127
0.0179411
0.0177613
0.017574
0.0173786
0.0171759
0.016967
0.016752
0.0165305
0.0163025
0.0160675
0.0158249
0.0155753
0.0153183
0.0189455
0.0189394
0.0189274
0.0189093
0.0188864
0.0188589
0.018827
0.0187909
0.01875
0.0187029
0.0186474
0.0185823
0.0185065
0.0184198
0.018323
0.0182154
0.0180976
0.0179704
0.0178341
0.0176889
0.0175346
0.0173717
0.0172002
0.0170193
0.0168305
0.0166333
0.0164281
0.0162146
0.0159937
0.0157663
0.0155315
0.0152907
0.0150425
0.0182808
0.0182749
0.0182625
0.018244
0.0182197
0.0181908
0.0181575
0.018119
0.018076
0.0180273
0.0179722
0.0179099
0.0178395
0.0177595
0.0176706
0.0175729
0.0174668
0.0173522
0.0172295
0.0170979
0.0169587
0.0168106
0.0166537
0.0164875
0.0163128
0.0161296
0.0159383
0.0157396
0.0155329
0.0153173
0.0150952
0.014866
0.0146294
0.0175365
0.0175306
0.0175183
0.0175001
0.0174765
0.0174472
0.017413
0.0173728
0.0173264
0.0172742
0.0172162
0.0171521
0.0170809
0.017002
0.0169156
0.0168224
0.0167216
0.0166136
0.016498
0.0163745
0.0162433
0.0161036
0.0159552
0.0157992
0.0156362
0.0154655
0.0152872
0.0151017
0.014909
0.0147083
0.0145006
0.0142861
0.0140634
0.0167268
0.0167204
0.0167085
0.0166905
0.0166661
0.0166359
0.0165996
0.0165564
0.0165069
0.0164515
0.0163898
0.0163217
0.0162472
0.016166
0.0160785
0.0159845
0.0158839
0.0157772
0.015664
0.0155439
0.0154173
0.0152833
0.0151413
0.0149932
0.0148385
0.0146777
0.014509
0.0143334
0.0141511
0.013961
0.0137638
0.0135592
0.0133488
0.015907
0.0158998
0.0158861
0.0158663
0.0158416
0.0158105
0.0157724
0.0157274
0.0156753
0.0156161
0.0155514
0.0154805
0.0154029
0.0153188
0.0152291
0.0151324
0.0150304
0.0149226
0.0148087
0.0146887
0.0145623
0.0144302
0.0142908
0.0141457
0.0139942
0.013837
0.0136739
0.0135045
0.0133289
0.0131462
0.0129571
0.0127616
0.0125616
0.0152879
0.01528
0.0152654
0.015245
0.0152195
0.0151884
0.0151493
0.0151033
0.0150497
0.0149887
0.0149215
0.0148483
0.0147693
0.0146841
0.0145925
0.0144952
0.0143924
0.0142837
0.0141681
0.0140466
0.0139192
0.0137858
0.0136465
0.0135022
0.0133525
0.0131972
0.0130362
0.0128684
0.012696
0.0125179
0.0123337
0.0121435
0.0119483
)
;

boundaryField
{
    walls
    {
        type            zeroGradient;
    }
    procBoundary2to0
    {
        type            processor;
        value           nonuniform List<scalar> 
263
(
0.00816638
0.0081636
0.00816006
0.00871969
0.00871227
0.00869869
0.00867932
0.00865045
0.0095403
0.00952747
0.00951108
0.0094859
0.00944671
0.0093875
0.00931375
0.00922353
0.00910719
0.00897035
0.00881234
0.00862579
0.00842175
0.00820288
0.0080201
0.0104769
0.0104671
0.0104488
0.0104207
0.0103734
0.0103086
0.0102187
0.0101065
0.00996428
0.00978925
0.00957219
0.00930667
0.00899402
0.00865219
0.00838216
0.0114437
0.0114306
0.0114157
0.011384
0.0113354
0.011266
0.011167
0.0110438
0.0108868
0.0106809
0.0104187
0.0100932
0.00969503
0.00924382
0.0088848
0.0123641
0.0123514
0.0123332
0.0123016
0.0122523
0.0121835
0.0120864
0.0119608
0.0117884
0.0115644
0.0112642
0.0108846
0.0104078
0.00985968
0.00942012
0.0131908
0.0131812
0.0131645
0.0131344
0.0130864
0.0130181
0.0129202
0.0127913
0.0126091
0.0123688
0.0120387
0.0116063
0.0110539
0.0104163
0.00990792
0.0138955
0.0138855
0.0138677
0.0138385
0.0137939
0.0137266
0.013632
0.0134999
0.0133145
0.0130583
0.0126986
0.0122152
0.0115945
0.0108897
0.0103349
0.0144548
0.0144439
0.0144243
0.0143959
0.0143521
0.0142879
0.0141972
0.0140619
0.0138711
0.0135991
0.0132139
0.0126917
0.0120235
0.0112782
0.0106912
0.0148532
0.0148469
0.0148329
0.014806
0.0147639
0.0146979
0.0146088
0.0144773
0.0142824
0.0140017
0.0135955
0.0130456
0.0123529
0.0115812
0.0109761
0.0151256
0.0151184
0.0151109
0.0150866
0.0150457
0.0149783
0.0148913
0.0147602
0.0145637
0.0142788
0.0138656
0.0133075
0.0126004
0.0118136
0.0111965
0.0153119
0.0153038
0.0152921
0.0152665
0.0152274
0.0151665
0.0150786
0.0149445
0.0147523
0.0144679
0.014056
0.0134943
0.0127803
0.0119883
0.0113729
0.0154287
0.0154212
0.0154058
0.0153815
0.015343
0.0152865
0.0151994
0.0150697
0.0148723
0.0145931
0.0141866
0.0136235
0.0129117
0.0121203
0.0115051
0.0154991
0.015492
0.015476
0.0154516
0.0154136
0.0153587
0.0152739
0.0151475
0.0149534
0.0146746
0.0142679
0.0137068
0.0130009
0.01221
0.0115936
0.0155384
0.015533
0.0155177
0.0154939
0.0154561
0.0154009
0.0153176
0.0151923
0.0150046
0.014725
0.0143197
0.0137604
0.0130548
0.0122699
0.011661
0.0155618
0.0155551
0.0155402
0.015515
0.0154778
0.0154251
0.0153408
0.015219
0.0150304
0.0147554
0.0143511
0.0137948
0.0130912
0.0123091
0.0117029
0.0155729
0.0155681
0.0155522
0.0155288
0.0154924
0.0154385
0.0153562
0.0152337
0.0150507
0.0147757
0.0143744
0.0138176
0.0131182
0.0123355
0.0117269
0.0155793
0.0155746
0.01556
0.0155367
0.0155005
0.015445
0.0153632
0.0152374
0.0150559
0.0147843
0.0143836
0.0138295
0.0131273
0.0123498
0.0117441
0.0155817
0.0155767
0.0155632
0.0155391
0.015503
0.0154467
0.0153666
0.0152398
0.0150552
0.0147874
0.014386
0.013834
0.0131326
0.0123557
0.0117493
)
;
    }
    procBoundary2to1
    {
        type            processor;
        value           nonuniform List<scalar> 
561
(
0.00904599
0.00904083
0.00903121
0.00901846
0.00900077
0.00897652
0.0089495
0.00891991
0.00888394
0.00884366
0.00880224
0.00875892
0.00871281
0.00866396
0.00861347
0.00856285
0.00850966
0.00845629
0.00840083
0.0083471
0.00829499
0.00824446
0.00819619
0.00815159
0.00811288
0.00807724
0.00804818
0.00802805
0.00801614
0.00801061
0.00801665
0.00803421
0.0080627
0.00903652
0.00903218
0.00902419
0.00901038
0.00899291
0.00897075
0.00894356
0.00891128
0.00887451
0.00883534
0.00879208
0.00874753
0.00870069
0.00865124
0.00860029
0.00854964
0.00849702
0.00844514
0.00839205
0.00833694
0.00828467
0.00823584
0.00819135
0.00814911
0.00810918
0.00807383
0.00804639
0.00802484
0.00801304
0.00800987
0.00801442
0.00803274
0.00806464
0.00901927
0.00901369
0.00900331
0.00898906
0.00896906
0.00894608
0.00891951
0.00888923
0.00885355
0.00881341
0.00877245
0.00872965
0.00868399
0.00863557
0.00858514
0.00853382
0.00848344
0.00843186
0.00837856
0.00832633
0.00827565
0.00822661
0.00818039
0.00813833
0.00810227
0.00806838
0.00803961
0.0080198
0.00800766
0.00800648
0.00801689
0.00803765
0.00806788
0.0100823
0.0100765
0.0100658
0.0100484
0.010026
0.00999778
0.00996323
0.00992294
0.00987825
0.00982769
0.00977434
0.00971753
0.00965679
0.00959236
0.00952548
0.00945401
0.00937997
0.00930215
0.00922107
0.00913983
0.00905936
0.00897746
0.00889362
0.00880993
0.00872825
0.0086465
0.00856738
0.00849021
0.00841769
0.00835169
0.00829223
0.0082392
0.00819295
0.0100823
0.0100765
0.0100658
0.0100484
0.010026
0.00999778
0.00996323
0.00992294
0.00987825
0.00982769
0.00977434
0.00971753
0.00965679
0.00959236
0.00952548
0.00945401
0.00937997
0.00930215
0.00922107
0.00913983
0.00905936
0.00897746
0.00889362
0.00880993
0.00872825
0.0086465
0.00856738
0.00849021
0.00841769
0.00835169
0.00829223
0.0082392
0.00819295
0.0100314
0.0100251
0.0100134
0.0099975
0.00997592
0.00994861
0.00991515
0.009875
0.00982988
0.00978204
0.00973023
0.00967333
0.00961259
0.00954715
0.0094781
0.00940675
0.0093313
0.0092545
0.0091762
0.00909632
0.00901504
0.00893295
0.00885134
0.00877197
0.00869234
0.00861472
0.00853808
0.00846573
0.0083971
0.0083316
0.00827305
0.00822181
0.00817963
0.0111422
0.0111368
0.0111246
0.0111055
0.0110798
0.011049
0.0110131
0.0109708
0.0109217
0.0108662
0.0108061
0.010741
0.0106712
0.0105975
0.0105191
0.0104365
0.0103483
0.0102552
0.0101601
0.0100637
0.00996427
0.00986086
0.00975541
0.00965032
0.00954378
0.00943484
0.00932679
0.00921962
0.00911317
0.0090076
0.00890368
0.00880219
0.00870429
0.0111422
0.0111368
0.0111246
0.0111055
0.0110798
0.011049
0.0110131
0.0109708
0.0109217
0.0108662
0.0108061
0.010741
0.0106712
0.0105975
0.0105191
0.0104365
0.0103483
0.0102552
0.0101601
0.0100637
0.00996427
0.00986086
0.00975541
0.00965032
0.00954378
0.00943484
0.00932679
0.00921962
0.00911317
0.0090076
0.00890368
0.00880219
0.00870429
0.011036
0.0110295
0.0110172
0.0109994
0.0109758
0.0109457
0.0109088
0.0108659
0.0108168
0.0107614
0.0107015
0.010637
0.010568
0.0104954
0.0104183
0.0103371
0.0102504
0.0101586
0.0100644
0.00996841
0.00987103
0.00977055
0.0096671
0.00956311
0.00945742
0.00935237
0.00924739
0.00914178
0.00903821
0.00893684
0.00883779
0.00874157
0.0086494
0.0108904
0.0108841
0.010872
0.0108555
0.010833
0.0108041
0.0107687
0.0107264
0.0106784
0.0106244
0.0105659
0.0105029
0.0104356
0.0103648
0.0102891
0.0102086
0.0101234
0.010035
0.00994343
0.00984896
0.0097526
0.00965512
0.0095551
0.00945309
0.00935136
0.00924886
0.00914846
0.00905012
0.00895372
0.00885931
0.00876684
0.00867679
0.00859004
0.0107087
0.0107038
0.0106923
0.0106743
0.010652
0.0106243
0.0105909
0.0105517
0.0105059
0.0104537
0.0103958
0.0103339
0.0102684
0.0101997
0.0101264
0.0100488
0.00996702
0.00988255
0.00979509
0.0097043
0.00961057
0.00951459
0.00941741
0.00932093
0.00922337
0.00912682
0.00903065
0.00893694
0.00884647
0.00875854
0.00867315
0.00859051
0.0085115
0.0104985
0.0104919
0.0104794
0.0104628
0.0104407
0.0104123
0.0103788
0.0103391
0.0102941
0.0102457
0.0101924
0.0101334
0.0100698
0.0100025
0.00993104
0.00985663
0.00977875
0.00969889
0.00961624
0.00953031
0.00944162
0.00935085
0.00925865
0.00916631
0.00907535
0.00898388
0.00889432
0.00880612
0.00872131
0.00864085
0.0085641
0.00849122
0.00842314
0.010249
0.0102417
0.0102283
0.0102103
0.0101859
0.0101577
0.0101255
0.0100896
0.0100474
0.0100001
0.00994752
0.00989075
0.00982981
0.00976528
0.009698
0.00962901
0.00955591
0.00948083
0.00940241
0.00932027
0.00923738
0.00915423
0.00907132
0.00898698
0.00890272
0.0088204
0.00873869
0.00866042
0.00858444
0.00851317
0.00844588
0.00838344
0.00832556
0.00995105
0.00994451
0.00993229
0.00991567
0.00989307
0.00986563
0.00983433
0.00979937
0.00975983
0.00971475
0.009666
0.00961256
0.00955413
0.00949359
0.00943158
0.00936607
0.00929804
0.00922792
0.00915558
0.00907985
0.00900368
0.00892752
0.0088515
0.00877611
0.00870253
0.0086296
0.0085579
0.00849072
0.00842639
0.00836883
0.00831712
0.0082704
0.0082285
0.00960567
0.00960189
0.00959225
0.00957661
0.00955736
0.00953354
0.00950461
0.00947061
0.00943221
0.00939078
0.0093444
0.00929548
0.00924361
0.00918864
0.00913059
0.00907015
0.00900871
0.0089439
0.00887776
0.00880907
0.00874142
0.00867458
0.00860831
0.00854304
0.00848015
0.0084198
0.00836084
0.00830617
0.0082574
0.00821456
0.00818015
0.00815269
0.00813157
0.00925348
0.00924895
0.00924023
0.00922594
0.00920645
0.00918223
0.00915536
0.00912583
0.00909161
0.00905259
0.00901037
0.00896477
0.008917
0.00886651
0.00881327
0.00875795
0.00870176
0.00864317
0.00858303
0.00852458
0.00846753
0.00841144
0.00835606
0.00830183
0.00824915
0.00819895
0.00815268
0.00811256
0.00807993
0.0080539
0.00803749
0.00802918
0.00803431
0.0089851
0.00897953
0.00896923
0.00895527
0.00893557
0.00891306
0.00888713
0.00885779
0.00882561
0.00879162
0.00875329
0.00871321
0.00866986
0.00862349
0.00857406
0.00852244
0.00846847
0.00841364
0.00835999
0.00830581
0.00825462
0.00820564
0.00815811
0.00811224
0.00806854
0.00802799
0.00799211
0.00796288
0.00794296
0.00792878
0.00792441
0.00793357
0.00795458
)
;
    }
}


// ************************************************************************* //
