/*--------------------------------*- C++ -*----------------------------------*\
| =========                 |                                                 |
| \\      /  F ield         | OpenFOAM: The Open Source CFD Toolbox           |
|  \\    /   O peration     | Version:  2312                                  |
|   \\  /    A nd           | Website:  www.openfoam.com                      |
|    \\/     M anipulation  |                                                 |
\*---------------------------------------------------------------------------*/
FoamFile
{
    version     2.0;
    format      ascii;
    arch        "LSB;label=32;scalar=64";
    class       pointVectorField;
    location    "0.5";
    object      pointD;
}
// * * * * * * * * * * * * * * * * * * * * * * * * * * * * * * * * * * * * * //

dimensions      [0 1 0 0 0 0 0];

internalField   nonuniform List<vector> 
2164
(
(0 0 0)
(0 0 0)
(0 0 0)
(0 0 0)
(0 0 0)
(0 0 0)
(0 0 0)
(0 0 0)
(0 0 0)
(0 0 0)
(0 0 0)
(0 0 0)
(0 0 0)
(0 0 0)
(0 0 0)
(0 0 0)
(0 0 0)
(0 0 0)
(0 0 0)
(0 0 0)
(0 0 0)
(0 0 0)
(0 0 0)
(0 0 0)
(0 0 0)
(0 0 0)
(0 0 0)
(0 0 0)
(0 0 0)
(0 0 0)
(0 0 0)
(0 0 0)
(0 0 0)
(0 0 0)
(0 0 0)
(0 0 0)
(0.000150052 0.000558085 8.32008e-05)
(5.08615e-05 0.000575662 8.32009e-05)
(-4.98738e-05 0.000575749 8.32017e-05)
(-0.000149093 0.000558342 8.32023e-05)
(-0.000243783 0.00052397 8.32022e-05)
(-0.000331066 0.000473677 8.32021e-05)
(-0.00040829 0.000408991 8.3202e-05)
(-0.000473107 0.000331879 8.32014e-05)
(-0.00052355 0.000244682 8.32012e-05)
(-0.000558085 0.000150052 8.32008e-05)
(-0.000575662 5.08615e-05 8.32009e-05)
(-0.000575749 -4.98738e-05 8.32017e-05)
(-0.000558342 -0.000149093 8.32023e-05)
(-0.00052397 -0.000243783 8.32022e-05)
(-0.000473677 -0.000331066 8.32021e-05)
(-0.000408991 -0.00040829 8.3202e-05)
(-0.000331879 -0.000473107 8.32014e-05)
(-0.000244682 -0.00052355 8.32012e-05)
(-0.000150051 -0.000558085 8.32008e-05)
(-5.08614e-05 -0.000575662 8.32009e-05)
(4.98739e-05 -0.000575749 8.32017e-05)
(0.000149093 -0.000558342 8.32023e-05)
(0.000243783 -0.00052397 8.32022e-05)
(0.000331066 -0.000473677 8.32021e-05)
(0.00040829 -0.000408991 8.3202e-05)
(0.000473107 -0.000331879 8.32014e-05)
(0.00052355 -0.000244682 8.32012e-05)
(0.000558085 -0.000150052 8.32008e-05)
(0.000575662 -5.08615e-05 8.32009e-05)
(0.000575749 4.98738e-05 8.32017e-05)
(0.000558342 0.000149093 8.32023e-05)
(0.00052397 0.000243783 8.32022e-05)
(0.000473677 0.000331066 8.32021e-05)
(0.000408991 0.00040829 8.32021e-05)
(0.000331879 0.000473107 8.32014e-05)
(0.000244682 0.00052355 8.32012e-05)
(7.71674e-05 0.000587622 0.000120006)
(-2.60442e-05 0.000592095 0.000120005)
(-0.000128464 0.000578577 0.000120006)
(-0.000226981 0.00054748 0.000120007)
(-0.000318603 0.000499747 0.000120007)
(-0.000400542 0.00043683 0.000120006)
(-0.000470312 0.00036064 0.000120006)
(-0.000525792 0.000273492 0.000120006)
(-0.000565295 0.000178035 0.000120006)
(-0.000587622 7.71674e-05 0.000120006)
(-0.000592095 -2.60442e-05 0.000120005)
(-0.000578577 -0.000128464 0.000120006)
(-0.00054748 -0.000226981 0.000120007)
(-0.000499747 -0.000318603 0.000120006)
(-0.00043683 -0.000400542 0.000120006)
(-0.00036064 -0.000470312 0.000120006)
(-0.000273492 -0.000525792 0.000120006)
(-0.000178035 -0.000565295 0.000120006)
(-7.71673e-05 -0.000587622 0.000120006)
(2.60443e-05 -0.000592095 0.000120005)
(0.000128464 -0.000578577 0.000120006)
(0.000226982 -0.00054748 0.000120007)
(0.000318603 -0.000499747 0.000120007)
(0.000400542 -0.00043683 0.000120006)
(0.000470312 -0.00036064 0.000120006)
(0.000525792 -0.000273492 0.000120006)
(0.000565295 -0.000178035 0.000120006)
(0.000587622 -7.71674e-05 0.000120006)
(0.000592095 2.60442e-05 0.000120005)
(0.000578577 0.000128464 0.000120006)
(0.00054748 0.000226981 0.000120007)
(0.000499747 0.000318603 0.000120007)
(0.00043683 0.000400542 0.000120006)
(0.000360641 0.000470312 0.000120006)
(0.000273492 0.000525792 0.000120006)
(0.000178035 0.000565295 0.000120006)
(0 0 0)
(0 0 0)
(0 0 0)
(0 0 0)
(0 0 0)
(0 0 0)
(0 0 0)
(0 0 0)
(0 0 0)
(0 0 0)
(0 0 0)
(0 0 0)
(0 0 0)
(0 0 0)
(0 0 0)
(0 0 0)
(0 0 0)
(0 0 0)
(0 0 0)
(0 0 0)
(0 0 0)
(0 0 0)
(0 0 0)
(0 0 0)
(0 0 0)
(0 0 0)
(0 0 0)
(0 0 0)
(0 0 0)
(0 0 0)
(0 0 0)
(0 0 0)
(0 0 0)
(0 0 0)
(0 0 0)
(0 0 0)
(-1.15761e-05 0.000612347 0.000150863)
(-0.000117732 0.000601034 0.000150863)
(-0.000220313 0.000571458 0.000150863)
(-0.000316197 0.00052452 0.000150863)
(-0.000402476 0.000461644 0.000150863)
(-0.000476525 0.000384741 0.000150863)
(-0.000536095 0.000296149 0.000150863)
(-0.000579377 0.000198557 0.000150863)
(-0.000605054 9.4933e-05 0.000150863)
(-0.000612347 -1.15761e-05 0.000150863)
(-0.000601034 -0.000117733 0.000150863)
(-0.000571458 -0.000220313 0.000150863)
(-0.00052452 -0.000316197 0.000150863)
(-0.000461644 -0.000402476 0.000150863)
(-0.000384741 -0.000476525 0.000150863)
(-0.000296149 -0.000536095 0.000150863)
(-0.000198557 -0.000579377 0.000150863)
(-9.4933e-05 -0.000605054 0.000150863)
(1.15762e-05 -0.000612347 0.000150863)
(0.000117733 -0.000601034 0.000150863)
(0.000220313 -0.000571458 0.000150863)
(0.000316197 -0.00052452 0.000150863)
(0.000402476 -0.000461644 0.000150863)
(0.000476525 -0.000384741 0.000150863)
(0.000536095 -0.000296149 0.000150863)
(0.000579377 -0.000198557 0.000150863)
(0.000605054 -9.4933e-05 0.000150863)
(0.000612347 1.15761e-05 0.000150863)
(0.000601034 0.000117733 0.000150863)
(0.000571459 0.000220313 0.000150863)
(0.00052452 0.000316197 0.000150863)
(0.000461644 0.000402476 0.000150863)
(0.000384741 0.000476525 0.000150863)
(0.000296149 0.000536095 0.000150863)
(0.000198557 0.000579377 0.000150863)
(9.4933e-05 0.000605054 0.000150863)
(0 0 0)
(0 0 0)
(0 0 0)
(0 0 0)
(0 0 0)
(0 0 0)
(0 0 0)
(0 0 0)
(0 0 0)
(0 0 0)
(0 0 0)
(0 0 0)
(0 0 0)
(0 0 0)
(0 0 0)
(0 0 0)
(0 0 0)
(0 0 0)
(0 0 0)
(0 0 0)
(0 0 0)
(0 0 0)
(0 0 0)
(0 0 0)
(0 0 0)
(0 0 0)
(0 0 0)
(0 0 0)
(0 0 0)
(0 0 0)
(0 0 0)
(0 0 0)
(0 0 0)
(0 0 0)
(0 0 0)
(0 0 0)
(-0.000113973 0.000627083 0.000174171)
(-0.000221132 0.000597765 0.000174171)
(-0.000321574 0.000550284 0.000174171)
(-0.000412245 0.000486083 0.000174171)
(-0.000490389 0.000407113 0.000174171)
(-0.000553633 0.000315772 0.000174171)
(-0.000600055 0.000214838 0.000174171)
(-0.000628246 0.000107375 0.000174171)
(-0.000637347 -3.34902e-06 0.000174171)
(-0.000627083 -0.000113973 0.000174171)
(-0.000597765 -0.000221132 0.000174171)
(-0.000550284 -0.000321574 0.000174171)
(-0.000486083 -0.000412245 0.000174171)
(-0.000407113 -0.000490389 0.000174171)
(-0.000315772 -0.000553633 0.000174171)
(-0.000214838 -0.000600056 0.000174171)
(-0.000107375 -0.000628246 0.000174171)
(3.34905e-06 -0.000637347 0.000174171)
(0.000113973 -0.000627083 0.000174171)
(0.000221132 -0.000597765 0.000174171)
(0.000321574 -0.000550284 0.000174171)
(0.000412245 -0.000486083 0.000174171)
(0.000490389 -0.000407113 0.000174171)
(0.000553633 -0.000315772 0.000174171)
(0.000600056 -0.000214838 0.000174171)
(0.000628246 -0.000107375 0.000174171)
(0.000637347 3.34903e-06 0.000174171)
(0.000627083 0.000113973 0.000174171)
(0.000597765 0.000221132 0.000174171)
(0.000550284 0.000321574 0.000174171)
(0.000486083 0.000412245 0.000174171)
(0.000407113 0.000490389 0.000174171)
(0.000315772 0.000553633 0.000174171)
(0.000214838 0.000600056 0.000174171)
(0.000107375 0.000628246 0.000174171)
(-3.349e-06 0.000637347 0.000174171)
(0 0 0)
(0 0 0)
(0 0 0)
(0 0 0)
(0 0 0)
(0 0 0)
(0 0 0)
(0 0 0)
(0 0 0)
(0 0 0)
(0 0 0)
(0 0 0)
(0 0 0)
(0 0 0)
(0 0 0)
(0 0 0)
(0 0 0)
(0 0 0)
(0 0 0)
(0 0 0)
(0 0 0)
(0 0 0)
(0 0 0)
(0 0 0)
(0 0 0)
(0 0 0)
(0 0 0)
(0 0 0)
(0 0 0)
(0 0 0)
(0 0 0)
(0 0 0)
(0 0 0)
(0 0 0)
(0 0 0)
(0 0 0)
(0.000204513 0.00111385 0.000239318)
(7.98883e-06 0.00113244 0.000239318)
(-0.000188779 0.00111662 0.000239319)
(-0.00037981 0.00106688 0.000239321)
(-0.000559301 0.000984716 0.000239321)
(-0.000721798 0.000872635 0.00023932)
(-0.000862363 0.000734039 0.00023932)
(-0.000976727 0.000573139 0.000239319)
(-0.00106141 0.000394823 0.000239318)
(-0.00111385 0.000204513 0.000239318)
(-0.00113244 7.98873e-06 0.000239318)
(-0.00111662 -0.000188779 0.000239319)
(-0.00106688 -0.00037981 0.000239321)
(-0.000984716 -0.000559301 0.000239321)
(-0.000872635 -0.000721798 0.00023932)
(-0.000734039 -0.000862363 0.00023932)
(-0.000573139 -0.000976727 0.000239319)
(-0.000394823 -0.00106141 0.000239318)
(-0.000204513 -0.00111385 0.000239318)
(-7.98867e-06 -0.00113244 0.000239318)
(0.000188779 -0.00111662 0.000239319)
(0.00037981 -0.00106688 0.000239321)
(0.000559301 -0.000984716 0.000239321)
(0.000721798 -0.000872635 0.00023932)
(0.000862364 -0.000734039 0.00023932)
(0.000976727 -0.000573139 0.000239319)
(0.00106141 -0.000394823 0.000239318)
(0.00111385 -0.000204513 0.000239318)
(0.00113244 -7.98875e-06 0.000239318)
(0.00111662 0.000188779 0.000239319)
(0.00106688 0.00037981 0.000239321)
(0.000984716 0.000559301 0.000239321)
(0.000872635 0.000721798 0.00023932)
(0.000734039 0.000862363 0.00023932)
(0.000573139 0.000976727 0.000239319)
(0.000394823 0.00106141 0.000239318)
(9.4744e-05 0.00116034 0.000302821)
(-0.000108186 0.00115916 0.000302821)
(-0.000307827 0.00112276 0.000302821)
(-0.000498117 0.00105225 0.000302822)
(-0.00067327 0.000949769 0.000302822)
(-0.000827967 0.000818428 0.000302822)
(-0.000957508 0.000662218 0.000302822)
(-0.00105795 0.000485887 0.000302821)
(-0.00112626 0.000294794 0.000302821)
(-0.00116034 9.4744e-05 0.000302821)
(-0.00115916 -0.000108186 0.000302821)
(-0.00112276 -0.000307827 0.000302821)
(-0.00105225 -0.000498117 0.000302822)
(-0.000949769 -0.00067327 0.000302822)
(-0.000818428 -0.000827967 0.000302822)
(-0.000662218 -0.000957508 0.000302822)
(-0.000485887 -0.00105795 0.000302821)
(-0.000294794 -0.00112626 0.000302821)
(-9.47439e-05 -0.00116034 0.00030282)
(0.000108186 -0.00115916 0.000302821)
(0.000307827 -0.00112276 0.000302821)
(0.000498117 -0.00105225 0.000302822)
(0.00067327 -0.000949769 0.000302822)
(0.000827967 -0.000818428 0.000302822)
(0.000957508 -0.000662218 0.000302822)
(0.00105795 -0.000485887 0.000302821)
(0.00112626 -0.000294794 0.000302821)
(0.00116034 -9.4744e-05 0.000302821)
(0.00115916 0.000108186 0.000302821)
(0.00112276 0.000307827 0.000302821)
(0.00105225 0.000498117 0.000302822)
(0.000949769 0.00067327 0.000302822)
(0.000818428 0.000827967 0.000302822)
(0.000662218 0.000957508 0.000302822)
(0.000485888 0.00105795 0.000302821)
(0.000294794 0.00112626 0.000302821)
(-3.21322e-05 0.00120251 0.000359938)
(-0.000240457 0.00117867 0.000359938)
(-0.000441477 0.00111901 0.000359938)
(-0.000629083 0.00102534 0.000359939)
(-0.000797576 0.000900526 0.000359939)
(-0.000941833 0.000748347 0.000359939)
(-0.00105747 0.00057343 0.000359938)
(-0.00114098 0.000381091 0.000359938)
(-0.00118982 0.000177171 0.000359938)
(-0.00120251 -3.21323e-05 0.000359938)
(-0.00117867 -0.000240457 0.000359938)
(-0.001119 -0.000441477 0.000359938)
(-0.00102534 -0.000629084 0.000359939)
(-0.000900525 -0.000797576 0.000359939)
(-0.000748347 -0.000941833 0.000359938)
(-0.00057343 -0.00105747 0.000359938)
(-0.00038109 -0.00114098 0.000359938)
(-0.000177171 -0.00118982 0.000359938)
(3.21323e-05 -0.00120251 0.000359938)
(0.000240457 -0.00117867 0.000359938)
(0.000441477 -0.00111901 0.000359938)
(0.000629084 -0.00102534 0.000359939)
(0.000797576 -0.000900526 0.000359939)
(0.000941833 -0.000748347 0.000359939)
(0.00105747 -0.00057343 0.000359938)
(0.00114098 -0.000381091 0.000359938)
(0.00118982 -0.000177171 0.000359938)
(0.00120251 3.21323e-05 0.000359938)
(0.00117867 0.000240457 0.000359938)
(0.00111901 0.000441477 0.000359938)
(0.00102534 0.000629084 0.000359939)
(0.000900526 0.000797576 0.000359939)
(0.000748347 0.000941833 0.000359939)
(0.00057343 0.00105747 0.000359938)
(0.000381091 0.00114098 0.000359938)
(0.000177171 0.00118982 0.000359938)
(-0.00017074 0.00123092 0.000407176)
(-0.000381894 0.00118257 0.000407176)
(-0.000581442 0.00109829 0.000407176)
(-0.000763325 0.000980642 0.000407175)
(-0.000922015 0.000833193 0.000407175)
(-0.00105269 0.000660429 0.000407175)
(-0.00115138 0.000467597 0.000407176)
(-0.00121509 0.000260558 0.000407176)
(-0.00124187 4.56025e-05 0.000407175)
(-0.00123092 -0.00017074 0.000407176)
(-0.00118257 -0.000381894 0.000407176)
(-0.00109829 -0.000581442 0.000407175)
(-0.000980642 -0.000763325 0.000407175)
(-0.000833193 -0.000922015 0.000407175)
(-0.000660429 -0.00105269 0.000407175)
(-0.000467597 -0.00115138 0.000407176)
(-0.000260558 -0.00121509 0.000407176)
(-4.56025e-05 -0.00124187 0.000407175)
(0.00017074 -0.00123092 0.000407176)
(0.000381894 -0.00118257 0.000407176)
(0.000581442 -0.00109829 0.000407175)
(0.000763325 -0.000980642 0.000407175)
(0.000922015 -0.000833193 0.000407175)
(0.00105269 -0.000660429 0.000407175)
(0.00115138 -0.000467597 0.000407176)
(0.00121509 -0.000260558 0.000407176)
(0.00124187 -4.56025e-05 0.000407175)
(0.00123092 0.00017074 0.000407176)
(0.00118257 0.000381894 0.000407176)
(0.00109829 0.000581442 0.000407176)
(0.000980642 0.000763325 0.000407175)
(0.000833193 0.000922015 0.000407175)
(0.000660429 0.00105269 0.000407175)
(0.000467598 0.00115138 0.000407176)
(0.000260558 0.00121509 0.000407176)
(4.56026e-05 0.00124187 0.000407175)
(0.000195452 0.00166974 0.000480958)
(-9.74648e-05 0.00167831 0.000480958)
(-0.000387422 0.00163589 0.000480959)
(-0.000665604 0.00154376 0.00048096)
(-0.000923565 0.00140473 0.000480961)
(-0.00115346 0.00122301 0.000480961)
(-0.00134831 0.00100414 0.00048096)
(-0.0015022 0.000754749 0.000480959)
(-0.00161043 0.00048243 0.000480958)
(-0.00166974 0.000195452 0.000480958)
(-0.00167831 -9.7465e-05 0.000480958)
(-0.00163589 -0.000387422 0.000480959)
(-0.00154376 -0.000665605 0.00048096)
(-0.00140473 -0.000923565 0.000480961)
(-0.00122301 -0.00115346 0.000480961)
(-0.00100414 -0.00134831 0.00048096)
(-0.000754749 -0.0015022 0.000480959)
(-0.00048243 -0.00161043 0.000480958)
(-0.000195452 -0.00166974 0.000480958)
(9.74651e-05 -0.00167831 0.000480958)
(0.000387422 -0.00163589 0.000480959)
(0.000665605 -0.00154376 0.00048096)
(0.000923565 -0.00140473 0.000480961)
(0.00115346 -0.00122301 0.000480961)
(0.00134831 -0.00100414 0.00048096)
(0.0015022 -0.000754749 0.000480959)
(0.00161043 -0.00048243 0.000480958)
(0.00166974 -0.000195452 0.000480958)
(0.00167831 9.74649e-05 0.000480958)
(0.00163589 0.000387422 0.000480959)
(0.00154376 0.000665605 0.00048096)
(0.00140473 0.000923565 0.000480961)
(0.00122301 0.00115346 0.000480961)
(0.00100414 0.00134831 0.00048096)
(0.000754749 0.0015022 0.000480959)
(0.00048243 0.00161043 0.000480958)
(5.98021e-05 0.00171015 0.000555428)
(-0.000238072 0.00169456 0.000555428)
(-0.000528711 0.00162747 0.000555428)
(-0.000803287 0.00151094 0.000555429)
(-0.00105345 0.0013485 0.000555429)
(-0.00127161 0.00114508 0.000555429)
(-0.00145114 0.000906868 0.000555429)
(-0.00158657 0.000641103 0.000555428)
(-0.00167379 0.000355858 0.000555428)
(-0.00171015 5.9802e-05 0.000555428)
(-0.00169456 -0.000238072 0.000555428)
(-0.00162747 -0.000528711 0.000555428)
(-0.00151094 -0.000803287 0.000555429)
(-0.0013485 -0.00105345 0.000555429)
(-0.00114508 -0.00127161 0.000555429)
(-0.000906867 -0.00145114 0.000555429)
(-0.000641103 -0.00158657 0.000555428)
(-0.000355858 -0.00167379 0.000555428)
(-5.98019e-05 -0.00171015 0.000555428)
(0.000238072 -0.00169456 0.000555428)
(0.000528711 -0.00162747 0.000555428)
(0.000803287 -0.00151094 0.000555429)
(0.00105345 -0.0013485 0.000555429)
(0.00127161 -0.00114508 0.000555429)
(0.00145114 -0.000906868 0.000555429)
(0.00158657 -0.000641103 0.000555429)
(0.00167379 -0.000355858 0.000555428)
(0.00171015 -5.9802e-05 0.000555428)
(0.00169456 0.000238072 0.000555428)
(0.00162747 0.000528711 0.000555428)
(0.00151094 0.000803287 0.000555429)
(0.0013485 0.00105345 0.000555429)
(0.00114508 0.00127161 0.000555429)
(0.000906868 0.00145114 0.000555429)
(0.000641103 0.00158657 0.000555429)
(0.000355858 0.00167379 0.000555428)
(-9.104e-05 0.00174605 0.000623343)
(-0.000392856 0.00170372 0.000623343)
(-0.000682734 0.00160962 0.000623343)
(-0.000951868 0.00146661 0.000623343)
(-0.00119208 0.00127904 0.000623344)
(-0.00139607 0.0010526 0.000623344)
(-0.00155765 0.000794184 0.000623344)
(-0.00167189 0.000511635 0.000623344)
(-0.00173534 0.000213542 0.000623343)
(-0.00174605 -9.10401e-05 0.000623343)
(-0.00170372 -0.000392856 0.000623343)
(-0.00160962 -0.000682734 0.000623343)
(-0.00146661 -0.000951868 0.000623343)
(-0.00127904 -0.00119208 0.000623344)
(-0.0010526 -0.00139607 0.000623344)
(-0.000794184 -0.00155765 0.000623344)
(-0.000511635 -0.00167189 0.000623344)
(-0.000213542 -0.00173534 0.000623343)
(9.10402e-05 -0.00174605 0.000623343)
(0.000392856 -0.00170372 0.000623343)
(0.000682735 -0.00160962 0.000623343)
(0.000951868 -0.00146661 0.000623343)
(0.00119208 -0.00127904 0.000623344)
(0.00139607 -0.0010526 0.000623344)
(0.00155765 -0.000794184 0.000623344)
(0.00167189 -0.000511635 0.000623344)
(0.00173534 -0.000213542 0.000623343)
(0.00174605 9.10401e-05 0.000623343)
(0.00170372 0.000392856 0.000623343)
(0.00160962 0.000682734 0.000623344)
(0.00146661 0.000951868 0.000623344)
(0.00127904 0.00119208 0.000623344)
(0.0010526 0.00139607 0.000623344)
(0.000794184 0.00155765 0.000623344)
(0.000511635 0.00167189 0.000623344)
(0.000213542 0.00173534 0.000623343)
(-0.00025021 0.00176659 0.000681537)
(-0.000553172 0.0016963 0.000681537)
(-0.000839329 0.00157447 0.000681537)
(-0.00109998 0.00140481 0.000681537)
(-0.00132721 0.00119245 0.000681537)
(-0.00151412 0.000943869 0.000681537)
(-0.00165501 0.000666607 0.000681536)
(-0.00174563 0.00036909 0.000681537)
(-0.0017832 6.03558e-05 0.000681537)
(-0.00176659 -0.00025021 0.000681537)
(-0.0016963 -0.000553172 0.000681537)
(-0.00157447 -0.000839329 0.000681537)
(-0.00140481 -0.00109998 0.000681537)
(-0.00119245 -0.00132721 0.000681537)
(-0.000943869 -0.00151412 0.000681537)
(-0.000666606 -0.00165501 0.000681536)
(-0.00036909 -0.00174563 0.000681537)
(-6.03557e-05 -0.0017832 0.000681537)
(0.00025021 -0.00176659 0.000681537)
(0.000553172 -0.0016963 0.000681537)
(0.000839329 -0.00157447 0.000681537)
(0.00109998 -0.00140481 0.000681537)
(0.00132721 -0.00119245 0.000681537)
(0.00151412 -0.000943869 0.000681537)
(0.00165501 -0.000666607 0.000681536)
(0.00174563 -0.00036909 0.000681537)
(0.0017832 -6.03558e-05 0.000681537)
(0.00176659 0.00025021 0.000681537)
(0.0016963 0.000553172 0.000681537)
(0.00157447 0.000839329 0.000681537)
(0.00140481 0.00109998 0.000681537)
(0.00119245 0.00132721 0.000681537)
(0.000943869 0.00151412 0.000681537)
(0.000666607 0.00165501 0.000681536)
(0.00036909 0.00174563 0.000681537)
(6.03559e-05 0.0017832 0.000681537)
(0.000113987 0.00220546 0.000762985)
(-0.000270721 0.00219175 0.000762985)
(-0.0006472 0.00211144 0.000762986)
(-0.00100401 0.00196698 0.000762986)
(-0.00133032 0.00176275 0.000762987)
(-0.00161621 0.00150496 0.000762987)
(-0.00185299 0.00120145 0.000762987)
(-0.00203347 0.000861423 0.000762986)
(-0.00215216 0.000495228 0.000762986)
(-0.00220546 0.000113987 0.000762985)
(-0.00219175 -0.000270722 0.000762985)
(-0.00211144 -0.000647201 0.000762986)
(-0.00196698 -0.00100401 0.000762986)
(-0.00176275 -0.00133032 0.000762987)
(-0.00150496 -0.00161621 0.000762987)
(-0.00120144 -0.00185299 0.000762987)
(-0.000861423 -0.00203347 0.000762986)
(-0.000495228 -0.00215216 0.000762986)
(-0.000113987 -0.00220546 0.000762985)
(0.000270722 -0.00219175 0.000762985)
(0.000647201 -0.00211144 0.000762986)
(0.00100401 -0.00196698 0.000762986)
(0.00133032 -0.00176275 0.000762987)
(0.00161621 -0.00150496 0.000762987)
(0.00185299 -0.00120144 0.000762987)
(0.00203347 -0.000861423 0.000762986)
(0.00215216 -0.000495228 0.000762986)
(0.00220546 -0.000113987 0.000762985)
(0.00219175 0.000270722 0.000762985)
(0.00211144 0.000647201 0.000762986)
(0.00196698 0.00100401 0.000762986)
(0.00176275 0.00133032 0.000762987)
(0.00150496 0.00161621 0.000762987)
(0.00120145 0.00185299 0.000762987)
(0.000861423 0.00203347 0.000762986)
(0.000495228 0.00215216 0.000762986)
(-3.01286e-05 0.00221939 0.000837902)
(-0.000415064 0.00218044 0.000837902)
(-0.000787388 0.00207524 0.000837903)
(-0.00113579 0.00190699 0.000837903)
(-0.00144968 0.00168079 0.000837903)
(-0.00171952 0.00140352 0.000837904)
(-0.00193711 0.00108361 0.000837903)
(-0.00209585 0.000730765 0.000837903)
(-0.00219091 0.000355723 0.000837903)
(-0.00221939 -3.01287e-05 0.000837902)
(-0.00218044 -0.000415065 0.000837902)
(-0.00207524 -0.000787388 0.000837903)
(-0.00190699 -0.00113579 0.000837903)
(-0.00168079 -0.00144968 0.000837903)
(-0.00140352 -0.00171952 0.000837904)
(-0.0010836 -0.00193711 0.000837903)
(-0.000730765 -0.00209585 0.000837903)
(-0.000355723 -0.00219091 0.000837903)
(3.01288e-05 -0.00221939 0.000837902)
(0.000415065 -0.00218044 0.000837902)
(0.000787389 -0.00207524 0.000837903)
(0.00113579 -0.00190699 0.000837903)
(0.00144968 -0.00168079 0.000837903)
(0.00171952 -0.00140352 0.000837904)
(0.00193711 -0.0010836 0.000837903)
(0.00209585 -0.000730765 0.000837903)
(0.00219091 -0.000355723 0.000837903)
(0.00221939 3.01287e-05 0.000837903)
(0.00218044 0.000415065 0.000837902)
(0.00207524 0.000787388 0.000837903)
(0.00190699 0.00113579 0.000837903)
(0.00168079 0.00144968 0.000837903)
(0.00140352 0.00171952 0.000837904)
(0.00108361 0.00193711 0.000837903)
(0.000730765 0.00209585 0.000837903)
(0.000355723 0.00219091 0.000837903)
(-0.000186891 0.00222937 0.00090591)
(-0.000571177 0.00216305 0.000905911)
(-0.000938109 0.002031 0.000905911)
(-0.00127654 0.00183724 0.000905911)
(-0.00157617 0.00158767 0.000905911)
(-0.00182792 0.00128984 0.000905911)
(-0.00202413 0.000952832 0.000905911)
(-0.00215884 0.00058687 0.000905911)
(-0.00222795 0.000203074 0.000905911)
(-0.00222937 -0.000186891 0.00090591)
(-0.00216305 -0.000571177 0.000905911)
(-0.002031 -0.00093811 0.000905911)
(-0.00183724 -0.00127654 0.000905911)
(-0.00158766 -0.00157617 0.000905911)
(-0.00128984 -0.00182792 0.000905911)
(-0.000952832 -0.00202413 0.000905911)
(-0.00058687 -0.00215884 0.000905911)
(-0.000203073 -0.00222795 0.000905911)
(0.000186891 -0.00222937 0.00090591)
(0.000571177 -0.00216305 0.000905911)
(0.00093811 -0.002031 0.000905911)
(0.00127654 -0.00183724 0.000905911)
(0.00157617 -0.00158766 0.000905911)
(0.00182792 -0.00128984 0.000905911)
(0.00202413 -0.000952832 0.000905911)
(0.00215884 -0.00058687 0.000905911)
(0.00222795 -0.000203074 0.000905911)
(0.00222937 0.000186891 0.00090591)
(0.00216305 0.000571177 0.000905911)
(0.002031 0.000938109 0.000905911)
(0.00183724 0.00127654 0.000905911)
(0.00158767 0.00157617 0.000905911)
(0.00128984 0.00182792 0.000905911)
(0.000952832 0.00202413 0.000905911)
(0.00058687 0.00215884 0.000905911)
(0.000203074 0.00222795 0.000905911)
(-0.000350002 0.00222422 0.000964293)
(-0.000730916 0.00212965 0.000964293)
(-0.00108962 0.00197037 0.000964293)
(-0.00141522 0.00175123 0.000964293)
(-0.00169781 0.00147887 0.000964293)
(-0.00192882 0.00116158 0.000964292)
(-0.00210123 0.000808997 0.000964293)
(-0.00220979 0.000431833 0.000964293)
(-0.0022512 4.15462e-05 0.000964293)
(-0.00222421 -0.000350002 0.000964293)
(-0.00212965 -0.000730916 0.000964293)
(-0.00197037 -0.00108962 0.000964293)
(-0.00175123 -0.00141522 0.000964293)
(-0.00147887 -0.00169781 0.000964292)
(-0.00116158 -0.00192882 0.000964292)
(-0.000808997 -0.00210123 0.000964293)
(-0.000431833 -0.00220979 0.000964293)
(-4.15461e-05 -0.0022512 0.000964293)
(0.000350002 -0.00222422 0.000964293)
(0.000730916 -0.00212965 0.000964293)
(0.00108962 -0.00197037 0.000964293)
(0.00141522 -0.00175123 0.000964293)
(0.00169781 -0.00147887 0.000964293)
(0.00192882 -0.00116158 0.000964292)
(0.00210123 -0.000808997 0.000964293)
(0.00220979 -0.000431833 0.000964293)
(0.0022512 -4.15462e-05 0.000964293)
(0.00222422 0.000350002 0.000964293)
(0.00212965 0.000730916 0.000964293)
(0.00197037 0.00108962 0.000964293)
(0.00175123 0.00141522 0.000964293)
(0.00147887 0.00169781 0.000964293)
(0.00116158 0.00192882 0.000964292)
(0.000808997 0.00210123 0.000964293)
(0.000431833 0.00220979 0.000964293)
(4.15464e-05 0.0022512 0.000964293)
(-2.26915e-05 0.00269748 0.00107032)
(-0.000490761 0.00265256 0.00107032)
(-0.000943916 0.00252705 0.00107032)
(-0.00136839 0.00232474 0.00107032)
(-0.00175129 0.00205181 0.00107032)
(-0.00208098 0.00171652 0.00107032)
(-0.00234743 0.00132909 0.00107032)
(-0.00254257 0.000901269 0.00107032)
(-0.00266044 0.000446066 0.00107032)
(-0.00269748 -2.26917e-05 0.00107032)
(-0.00265256 -0.000490761 0.00107032)
(-0.00252705 -0.000943916 0.00107032)
(-0.00232474 -0.00136839 0.00107032)
(-0.00205181 -0.00175129 0.00107032)
(-0.00171652 -0.00208098 0.00107032)
(-0.00132909 -0.00234743 0.00107032)
(-0.000901269 -0.00254257 0.00107032)
(-0.000446065 -0.00266044 0.00107032)
(2.26918e-05 -0.00269748 0.00107032)
(0.000490761 -0.00265256 0.00107032)
(0.000943916 -0.00252705 0.00107032)
(0.00136839 -0.00232474 0.00107032)
(0.00175129 -0.00205181 0.00107032)
(0.00208098 -0.00171652 0.00107032)
(0.00234743 -0.00132909 0.00107032)
(0.00254257 -0.000901269 0.00107032)
(0.00266044 -0.000446066 0.00107032)
(0.00269748 2.26917e-05 0.00107032)
(0.00265256 0.000490761 0.00107032)
(0.00252705 0.000943916 0.00107032)
(0.00232474 0.00136839 0.00107032)
(0.00205181 0.00175129 0.00107032)
(0.00171652 0.00208098 0.00107032)
(0.00132909 0.00234743 0.00107032)
(0.00090127 0.00254257 0.00107032)
(0.000446066 0.00266044 0.00107032)
(-0.000163413 0.00267021 0.00113785)
(-0.000624607 0.00260127 0.00113785)
(-0.00106682 0.00245329 0.00113785)
(-0.00147663 0.00223077 0.00113785)
(-0.00184156 0.00194046 0.00113785)
(-0.00215054 0.0015912 0.00113785)
(-0.00239418 0.00119359 0.00113785)
(-0.00256507 0.00075971 0.00113785)
(-0.00265802 0.000302747 0.00113785)
(-0.00267021 -0.000163413 0.00113785)
(-0.00260127 -0.000624608 0.00113785)
(-0.00245329 -0.00106682 0.00113785)
(-0.00223077 -0.00147663 0.00113785)
(-0.00194046 -0.00184156 0.00113785)
(-0.0015912 -0.00215054 0.00113785)
(-0.00119359 -0.00239418 0.00113785)
(-0.00075971 -0.00256507 0.00113785)
(-0.000302747 -0.00265802 0.00113785)
(0.000163414 -0.00267021 0.00113785)
(0.000624608 -0.00260127 0.00113785)
(0.00106682 -0.00245329 0.00113785)
(0.00147663 -0.00223077 0.00113785)
(0.00184156 -0.00194046 0.00113785)
(0.00215054 -0.0015912 0.00113785)
(0.00239418 -0.00119359 0.00113785)
(0.00256507 -0.00075971 0.00113785)
(0.00265802 -0.000302747 0.00113785)
(0.00267021 0.000163413 0.00113785)
(0.00260127 0.000624608 0.00113785)
(0.00245329 0.00106682 0.00113785)
(0.00223077 0.00147663 0.00113785)
(0.00194046 0.00184156 0.00113785)
(0.0015912 0.00215054 0.00113785)
(0.00119359 0.00239418 0.00113785)
(0.00075971 0.00256507 0.00113785)
(0.000302747 0.00265802 0.00113785)
(-0.000314478 0.00264038 0.00119819)
(-0.000768196 0.00254566 0.00119819)
(-0.00119858 0.00237359 0.00119819)
(-0.00159254 0.0021294 0.00119819)
(-0.00193811 0.00182051 0.00119819)
(-0.00222479 0.0014563 0.00119819)
(-0.00244388 0.00104785 0.00119819)
(-0.0025887 0.000607553 0.00119819)
(-0.00265488 0.000148798 0.00119819)
(-0.00264038 -0.000314478 0.00119819)
(-0.00254566 -0.000768196 0.00119819)
(-0.00237359 -0.00119858 0.00119819)
(-0.0021294 -0.00159254 0.00119819)
(-0.00182051 -0.00193811 0.00119819)
(-0.0014563 -0.00222479 0.00119819)
(-0.00104785 -0.00244388 0.00119819)
(-0.000607553 -0.0025887 0.00119819)
(-0.000148798 -0.00265488 0.00119819)
(0.000314478 -0.00264038 0.00119819)
(0.000768196 -0.00254566 0.00119819)
(0.00119858 -0.00237359 0.00119819)
(0.00159254 -0.0021294 0.00119819)
(0.00193811 -0.00182051 0.00119819)
(0.00222479 -0.0014563 0.00119819)
(0.00244388 -0.00104785 0.00119819)
(0.0025887 -0.000607553 0.00119819)
(0.00265488 -0.000148798 0.00119819)
(0.00264038 0.000314478 0.00119819)
(0.00254566 0.000768196 0.00119819)
(0.00237359 0.00119858 0.00119819)
(0.0021294 0.00159254 0.00119819)
(0.00182051 0.00193811 0.00119819)
(0.0014563 0.00222479 0.00119819)
(0.00104785 0.00244388 0.00119819)
(0.000607554 0.0025887 0.00119819)
(0.000148798 0.00265488 0.00119819)
(-0.000470112 0.00259677 0.00124894)
(-0.000913896 0.00247569 0.00124894)
(-0.00132991 0.00227938 0.00124894)
(-0.00170551 0.00201381 0.00124894)
(-0.0020293 0.00168706 0.00124894)
(-0.00229142 0.00130905 0.00124894)
(-0.00248392 0.000891258 0.00124894)
(-0.00260095 0.000446387 0.00124894)
(-0.00263895 -1.20465e-05 0.00124894)
(-0.00259677 -0.000470112 0.00124894)
(-0.00247569 -0.000913896 0.00124894)
(-0.00227938 -0.00132991 0.00124894)
(-0.00201381 -0.00170551 0.00124894)
(-0.00168706 -0.0020293 0.00124894)
(-0.00130905 -0.00229142 0.00124894)
(-0.000891258 -0.00248392 0.00124894)
(-0.000446386 -0.00260095 0.00124894)
(1.20466e-05 -0.00263895 0.00124894)
(0.000470112 -0.00259677 0.00124894)
(0.000913896 -0.00247569 0.00124894)
(0.00132991 -0.00227938 0.00124894)
(0.00170551 -0.00201381 0.00124894)
(0.0020293 -0.00168706 0.00124894)
(0.00229142 -0.00130905 0.00124894)
(0.00248392 -0.000891258 0.00124894)
(0.00260095 -0.000446387 0.00124894)
(0.00263895 1.20465e-05 0.00124894)
(0.00259677 0.000470112 0.00124894)
(0.00247569 0.000913896 0.00124894)
(0.00227938 0.00132991 0.00124894)
(0.00201381 0.00170551 0.00124894)
(0.00168706 0.0020293 0.00124894)
(0.00130905 0.00229142 0.00124894)
(0.000891258 0.00248392 0.00124894)
(0.000446387 0.00260095 0.00124894)
(-1.20463e-05 0.00263895 0.00124894)
(-0.000192872 0.0031241 0.00139673)
(-0.000732436 0.00304315 0.00139673)
(-0.00124975 0.00286973 0.00139673)
(-0.00172908 0.00260911 0.00139673)
(-0.00215588 0.00226922 0.00139673)
(-0.00251717 0.00186038 0.00139673)
(-0.00280198 0.00139502 0.00139673)
(-0.00300166 0.000887264 0.00139673)
(-0.00311013 0.000352552 0.00139673)
(-0.0031241 -0.000192872 0.00139673)
(-0.00304315 -0.000732437 0.00139673)
(-0.00286973 -0.00124975 0.00139673)
(-0.00260911 -0.00172908 0.00139673)
(-0.00226922 -0.00215588 0.00139673)
(-0.00186038 -0.00251717 0.00139673)
(-0.00139502 -0.00280198 0.00139673)
(-0.000887264 -0.00300166 0.00139673)
(-0.000352551 -0.00311013 0.00139673)
(0.000192872 -0.0031241 0.00139673)
(0.000732437 -0.00304315 0.00139673)
(0.00124975 -0.00286973 0.00139673)
(0.00172908 -0.00260911 0.00139673)
(0.00215588 -0.00226922 0.00139673)
(0.00251717 -0.00186038 0.00139673)
(0.00280198 -0.00139502 0.00139673)
(0.00300166 -0.000887264 0.00139673)
(0.00311013 -0.000352552 0.00139673)
(0.0031241 0.000192872 0.00139673)
(0.00304315 0.000732437 0.00139673)
(0.00286973 0.00124975 0.00139673)
(0.00260911 0.00172908 0.00139673)
(0.00226922 0.00215588 0.00139673)
(0.00186038 0.00251717 0.00139673)
(0.00139502 0.00280198 0.00139673)
(0.000887265 0.00300166 0.00139673)
(0.000352552 0.00311013 0.00139673)
(-0.00032336 0.00304582 0.00145064)
(-0.000847348 0.00294339 0.00145063)
(-0.00134559 0.00275154 0.00145064)
(-0.00180295 0.00247608 0.00145063)
(-0.00220552 0.00212538 0.00145063)
(-0.00254108 0.00171011 0.00145064)
(-0.00279943 0.00124287 0.00145064)
(-0.00297273 0.000737872 0.00145064)
(-0.0030557 0.000210453 0.00145064)
(-0.00304582 -0.00032336 0.00145064)
(-0.00294339 -0.000847348 0.00145063)
(-0.00275154 -0.00134559 0.00145063)
(-0.00247608 -0.00180295 0.00145063)
(-0.00212538 -0.00220552 0.00145063)
(-0.00171011 -0.00254108 0.00145064)
(-0.00124287 -0.00279943 0.00145064)
(-0.000737872 -0.00297273 0.00145064)
(-0.000210453 -0.0030557 0.00145064)
(0.000323361 -0.00304582 0.00145064)
(0.000847349 -0.00294339 0.00145063)
(0.00134559 -0.00275154 0.00145063)
(0.00180295 -0.00247608 0.00145063)
(0.00220552 -0.00212538 0.00145063)
(0.00254108 -0.00171011 0.00145064)
(0.00279943 -0.00124287 0.00145064)
(0.00297273 -0.000737872 0.00145064)
(0.0030557 -0.000210453 0.00145064)
(0.00304582 0.00032336 0.00145064)
(0.0029434 0.000847348 0.00145063)
(0.00275154 0.00134559 0.00145064)
(0.00247608 0.00180295 0.00145063)
(0.00212538 0.00220552 0.00145063)
(0.00171011 0.00254108 0.00145064)
(0.00124287 0.00279943 0.00145064)
(0.000737872 0.00297273 0.00145064)
(0.000210454 0.0030557 0.00145064)
(-0.000462116 0.00296733 0.00149702)
(-0.000970369 0.002842 0.00149702)
(-0.00144913 0.00263032 0.00149702)
(-0.00188387 0.00233872 0.00149702)
(-0.00226136 0.00197606 0.00149702)
(-0.00257015 0.00155336 0.00149702)
(-0.00280084 0.00108346 0.00149702)
(-0.00294643 0.000580636 0.00149702)
(-0.00300249 6.01735e-05 0.00149702)
(-0.00296733 -0.000462116 0.00149702)
(-0.002842 -0.00097037 0.00149702)
(-0.00263032 -0.00144913 0.00149702)
(-0.00233872 -0.00188387 0.00149702)
(-0.00197606 -0.00226136 0.00149702)
(-0.00155336 -0.00257015 0.00149702)
(-0.00108346 -0.00280084 0.00149702)
(-0.000580636 -0.00294643 0.00149702)
(-6.01733e-05 -0.00300249 0.00149702)
(0.000462116 -0.00296733 0.00149702)
(0.00097037 -0.002842 0.00149702)
(0.00144913 -0.00263032 0.00149702)
(0.00188387 -0.00233872 0.00149702)
(0.00226136 -0.00197606 0.00149702)
(0.00257015 -0.00155336 0.00149702)
(0.00280084 -0.00108346 0.00149702)
(0.00294643 -0.000580636 0.00149702)
(0.00300249 -6.01735e-05 0.00149702)
(0.00296733 0.000462116 0.00149702)
(0.002842 0.00097037 0.00149702)
(0.00263032 0.00144913 0.00149702)
(0.00233872 0.00188387 0.00149702)
(0.00197606 0.00226136 0.00149702)
(0.00155336 0.00257015 0.00149702)
(0.00108346 0.00280084 0.00149702)
(0.000580636 0.00294643 0.00149702)
(6.01737e-05 0.00300249 0.00149702)
(-0.000603372 0.00287728 0.00153366)
(-0.00109384 0.00272879 0.00153366)
(-0.00155107 0.0024974 0.00153366)
(-0.00196118 0.00219011 0.00153366)
(-0.00231169 0.00181629 0.00153366)
(-0.00259197 0.00138727 0.00153366)
(-0.00279348 0.000916108 0.00153366)
(-0.00291013 0.000417106 0.00153366)
(-0.00293834 -9.45703e-05 0.00153366)
(-0.00287728 -0.000603372 0.00153366)
(-0.00272879 -0.00109384 0.00153366)
(-0.0024974 -0.00155107 0.00153366)
(-0.00219011 -0.00196118 0.00153366)
(-0.00181629 -0.00231169 0.00153366)
(-0.00138727 -0.00259197 0.00153366)
(-0.000916108 -0.00279348 0.00153366)
(-0.000417105 -0.00291013 0.00153366)
(9.45705e-05 -0.00293834 0.00153366)
(0.000603373 -0.00287728 0.00153366)
(0.00109384 -0.00272879 0.00153366)
(0.00155107 -0.0024974 0.00153366)
(0.00196118 -0.00219011 0.00153366)
(0.00231169 -0.00181629 0.00153366)
(0.00259197 -0.00138727 0.00153366)
(0.00279348 -0.000916108 0.00153366)
(0.00291013 -0.000417106 0.00153366)
(0.00293834 9.45703e-05 0.00153366)
(0.00287728 0.000603372 0.00153366)
(0.00272879 0.00109384 0.00153366)
(0.0024974 0.00155107 0.00153366)
(0.00219011 0.00196118 0.00153366)
(0.00181629 0.00231169 0.00153366)
(0.00138727 0.00259197 0.00153366)
(0.000916108 0.00279348 0.00153366)
(0.000417106 0.00291013 0.00153366)
(-9.45701e-05 0.00293834 0.00153366)
(-0.000372503 0.00346725 0.00174429)
(-0.000968927 0.00334989 0.00174428)
(-0.00153591 0.00313075 0.00174428)
(-0.00205622 0.00281647 0.00174428)
(-0.00251406 0.00241663 0.00174428)
(-0.00289551 0.00194335 0.00174428)
(-0.00318898 0.00141103 0.00174428)
(-0.00338555 0.000835827 0.00174429)
(-0.00347926 0.000235236 0.00174429)
(-0.00346725 -0.000372503 0.00174429)
(-0.00334989 -0.000968928 0.00174428)
(-0.00313075 -0.00153591 0.00174428)
(-0.00281647 -0.00205622 0.00174428)
(-0.00241663 -0.00251406 0.00174428)
(-0.00194335 -0.00289551 0.00174428)
(-0.00141103 -0.00318898 0.00174428)
(-0.000835826 -0.00338555 0.00174429)
(-0.000235236 -0.00347926 0.00174429)
(0.000372504 -0.00346725 0.00174429)
(0.000968928 -0.00334989 0.00174428)
(0.00153591 -0.00313075 0.00174428)
(0.00205622 -0.00281647 0.00174428)
(0.00251406 -0.00241663 0.00174428)
(0.00289551 -0.00194335 0.00174428)
(0.00318898 -0.00141103 0.00174428)
(0.00338555 -0.000835827 0.00174429)
(0.00347926 -0.000235236 0.00174429)
(0.00346725 0.000372503 0.00174429)
(0.00334989 0.000968928 0.00174428)
(0.00313075 0.00153591 0.00174428)
(0.00281647 0.00205622 0.00174428)
(0.00241663 0.00251406 0.00174428)
(0.00194335 0.00289551 0.00174428)
(0.00141103 0.00318898 0.00174428)
(0.000835827 0.00338555 0.00174429)
(0.000235236 0.00347926 0.00174429)
(-0.000489515 0.00333134 0.00177877)
(-0.00106056 0.00319573 0.00177877)
(-0.00159938 0.00296301 0.00177877)
(-0.00208961 0.00264027 0.00177877)
(-0.00251633 0.0022373 0.00177877)
(-0.00286661 0.00176635 0.00177877)
(-0.00312978 0.00124174 0.00177877)
(-0.00329786 0.000679388 0.00177877)
(-0.00336573 9.63996e-05 0.00177877)
(-0.00333134 -0.000489516 0.00177877)
(-0.00319573 -0.00106056 0.00177877)
(-0.00296301 -0.00159938 0.00177877)
(-0.00264027 -0.00208961 0.00177877)
(-0.0022373 -0.00251633 0.00177877)
(-0.00176635 -0.00286661 0.00177877)
(-0.00124173 -0.00312978 0.00177877)
(-0.000679387 -0.00329786 0.00177877)
(-9.63993e-05 -0.00336573 0.00177877)
(0.000489516 -0.00333134 0.00177877)
(0.00106056 -0.00319573 0.00177877)
(0.00159938 -0.00296301 0.00177877)
(0.00208961 -0.00264027 0.00177877)
(0.00251633 -0.0022373 0.00177877)
(0.00286661 -0.00176635 0.00177877)
(0.00312978 -0.00124174 0.00177877)
(0.00329786 -0.000679388 0.00177877)
(0.00336573 -9.63996e-05 0.00177877)
(0.00333134 0.000489516 0.00177877)
(0.00319573 0.00106056 0.00177877)
(0.00296301 0.00159938 0.00177877)
(0.00264027 0.00208961 0.00177877)
(0.0022373 0.00251633 0.00177877)
(0.00176635 0.00286661 0.00177877)
(0.00124174 0.00312978 0.00177877)
(0.000679388 0.00329786 0.00177877)
(9.63999e-05 0.00336573 0.00177877)
(-0.000612875 0.00319849 0.00180522)
(-0.00115897 0.00304348 0.00180522)
(-0.00166986 0.00279598 0.00180522)
(-0.00213001 0.00246354 0.00180522)
(-0.00252544 0.00205624 0.00180522)
(-0.00284413 0.00158646 0.00180522)
(-0.00307641 0.00106848 0.00180522)
(-0.00321521 0.000518037 0.00180522)
(-0.00325632 -4.81517e-05 0.00180522)
(-0.00319849 -0.000612875 0.00180522)
(-0.00304348 -0.00115897 0.00180522)
(-0.00279598 -0.00166986 0.00180522)
(-0.00246354 -0.00213001 0.00180522)
(-0.00205624 -0.00252544 0.00180522)
(-0.00158646 -0.00284413 0.00180522)
(-0.00106848 -0.00307641 0.00180522)
(-0.000518037 -0.00321521 0.00180522)
(4.8152e-05 -0.00325632 0.00180522)
(0.000612876 -0.00319849 0.00180522)
(0.00115897 -0.00304348 0.00180522)
(0.00166986 -0.00279598 0.00180522)
(0.00213001 -0.00246354 0.00180522)
(0.00252544 -0.00205624 0.00180522)
(0.00284413 -0.00158646 0.00180522)
(0.00307641 -0.00106848 0.00180522)
(0.00321521 -0.000518037 0.00180522)
(0.00325632 4.81517e-05 0.00180522)
(0.00319849 0.000612875 0.00180522)
(0.00304348 0.00115897 0.00180522)
(0.00279598 0.00166986 0.00180522)
(0.00246354 0.00213001 0.00180522)
(0.00205624 0.00252544 0.00180522)
(0.00158646 0.00284413 0.00180522)
(0.00106848 0.00307641 0.00180522)
(0.000518038 0.00321521 0.00180522)
(-4.81514e-05 0.00325632 0.00180522)
(-0.000736178 0.00305742 0.00182144)
(-0.00125591 0.00288313 0.00182144)
(-0.00173748 0.00262125 0.00182144)
(-0.00216626 0.00227971 0.00182144)
(-0.00252922 0.00186891 0.00182144)
(-0.00281532 0.00140133 0.00182144)
(-0.00301589 0.00089116 0.00182144)
(-0.00312482 0.000353918 0.00182144)
(-0.00313881 -0.000194078 0.00182144)
(-0.00305742 -0.000736178 0.00182144)
(-0.00288313 -0.00125591 0.00182144)
(-0.00262125 -0.00173748 0.00182144)
(-0.00227971 -0.00216626 0.00182144)
(-0.00186891 -0.00252922 0.00182144)
(-0.00140133 -0.00281532 0.00182144)
(-0.00089116 -0.00301589 0.00182144)
(-0.000353917 -0.00312482 0.00182144)
(0.000194078 -0.00313881 0.00182144)
(0.000736178 -0.00305742 0.00182144)
(0.00125591 -0.00288313 0.00182144)
(0.00173748 -0.00262125 0.00182144)
(0.00216626 -0.00227971 0.00182144)
(0.00252922 -0.00186891 0.00182144)
(0.00281532 -0.00140133 0.00182144)
(0.00301589 -0.00089116 0.00182144)
(0.00312482 -0.000353918 0.00182144)
(0.00313881 0.000194078 0.00182144)
(0.00305742 0.000736178 0.00182144)
(0.00288313 0.00125591 0.00182144)
(0.00262125 0.00173748 0.00182144)
(0.00227971 0.00216626 0.00182144)
(0.00186891 0.00252922 0.00182144)
(0.00140133 0.00281532 0.00182144)
(0.00089116 0.00301589 0.00182144)
(0.000353918 0.00312482 0.00182144)
(-0.000194078 0.00313881 0.00182144)
(-0.000536735 0.00371058 0.00212006)
(-0.00117291 0.003561 0.00212006)
(-0.00177346 0.00330323 0.00212006)
(-0.00232011 0.00294509 0.00212006)
(-0.00279627 0.00249746 0.00212006)
(-0.00318747 0.00197395 0.00212006)
(-0.00348182 0.00139046 0.00212006)
(-0.00367037 0.000764725 0.00212006)
(-0.0037474 0.000115752 0.00212006)
(-0.00371057 -0.000536736 0.00212006)
(-0.003561 -0.00117291 0.00212006)
(-0.00330323 -0.00177346 0.00212006)
(-0.00294508 -0.00232011 0.00212006)
(-0.00249746 -0.00279627 0.00212006)
(-0.00197395 -0.00318747 0.00212006)
(-0.00139046 -0.00348182 0.00212006)
(-0.000764725 -0.00367037 0.00212006)
(-0.000115752 -0.00374741 0.00212006)
(0.000536736 -0.00371057 0.00212006)
(0.00117291 -0.003561 0.00212006)
(0.00177346 -0.00330323 0.00212006)
(0.00232011 -0.00294509 0.00212006)
(0.00279627 -0.00249746 0.00212006)
(0.00318747 -0.00197395 0.00212006)
(0.00348182 -0.00139046 0.00212006)
(0.00367037 -0.000764725 0.00212006)
(0.00374741 -0.000115752 0.00212006)
(0.00371058 0.000536736 0.00212006)
(0.003561 0.00117291 0.00212006)
(0.00330323 0.00177346 0.00212006)
(0.00294509 0.00232011 0.00212006)
(0.00249746 0.00279627 0.00212006)
(0.00197395 0.00318747 0.00212006)
(0.00139046 0.00348182 0.00212006)
(0.000764725 0.00367037 0.00212006)
(0.000115753 0.00374741 0.00212006)
(-0.000639038 0.00351319 0.00212875)
(-0.00123939 0.00334885 0.00212875)
(-0.00180208 0.00308276 0.00212875)
(-0.00231002 0.00272299 0.00212875)
(-0.00274777 0.0022805 0.00212875)
(-0.00310202 0.00176871 0.00212875)
(-0.00336203 0.00120317 0.00212875)
(-0.00351988 0.00060108 0.00212875)
(-0.00357078 -1.92716e-05 0.00212875)
(-0.00351319 -0.000639038 0.00212875)
(-0.00334885 -0.00123939 0.00212875)
(-0.00308276 -0.00180208 0.00212875)
(-0.00272299 -0.00231002 0.00212875)
(-0.00228049 -0.00274777 0.00212875)
(-0.0017687 -0.00310202 0.00212875)
(-0.00120317 -0.00336203 0.00212875)
(-0.00060108 -0.00351988 0.00212875)
(1.92719e-05 -0.00357078 0.00212875)
(0.000639039 -0.00351319 0.00212875)
(0.00123939 -0.00334885 0.00212875)
(0.00180208 -0.00308276 0.00212875)
(0.00231002 -0.00272299 0.00212875)
(0.00274777 -0.0022805 0.00212875)
(0.00310203 -0.0017687 0.00212875)
(0.00336203 -0.00120317 0.00212875)
(0.00351988 -0.00060108 0.00212875)
(0.00357079 1.92716e-05 0.00212875)
(0.00351319 0.000639038 0.00212875)
(0.00334885 0.00123939 0.00212875)
(0.00308276 0.00180208 0.00212875)
(0.00272299 0.00231002 0.00212875)
(0.0022805 0.00274777 0.00212875)
(0.00176871 0.00310202 0.00212875)
(0.00120317 0.00336203 0.00212875)
(0.00060108 0.00351988 0.00212875)
(-1.92713e-05 0.00357078 0.00212875)
(-0.000745842 0.00332284 0.00212862)
(-0.00131152 0.00314285 0.00212862)
(-0.00183734 0.00286736 0.00212862)
(-0.00230734 0.00250475 0.00212862)
(-0.00270723 0.00206603 0.00212862)
(-0.00302486 0.00156453 0.00212862)
(-0.00325059 0.0010155 0.00212862)
(-0.00337754 0.000435613 0.00212862)
(-0.00340188 -0.000157506 0.00212862)
(-0.00332284 -0.000745842 0.00212862)
(-0.00314285 -0.00131152 0.00212862)
(-0.00286736 -0.00183734 0.00212862)
(-0.00250475 -0.00230734 0.00212862)
(-0.00206603 -0.00270723 0.00212862)
(-0.00156453 -0.00302486 0.00212862)
(-0.0010155 -0.00325059 0.00212862)
(-0.000435613 -0.00337754 0.00212862)
(0.000157506 -0.00340188 0.00212862)
(0.000745843 -0.00332284 0.00212862)
(0.00131152 -0.00314285 0.00212862)
(0.00183734 -0.00286736 0.00212862)
(0.00230734 -0.00250475 0.00212862)
(0.00270723 -0.00206603 0.00212862)
(0.00302486 -0.00156453 0.00212862)
(0.00325059 -0.0010155 0.00212862)
(0.00337754 -0.000435613 0.00212862)
(0.00340188 0.000157506 0.00212862)
(0.00332284 0.000745842 0.00212862)
(0.00314285 0.00131152 0.00212862)
(0.00286736 0.00183734 0.00212862)
(0.00250475 0.00230734 0.00212862)
(0.00206603 0.00270723 0.00212862)
(0.00156453 0.00302486 0.00212862)
(0.0010155 0.00325059 0.00212862)
(0.000435614 0.00337754 0.00212862)
(-0.000157506 0.00340188 0.00212862)
(-0.000849747 0.00312896 0.00211733)
(-0.00138018 0.00293386 0.00211733)
(-0.00186867 0.00264962 0.00211733)
(-0.00230038 0.00228488 0.00211733)
(-0.0026622 0.00185071 0.00211733)
(-0.00294313 0.00136031 0.00211733)
(-0.00313463 0.000828571 0.00211733)
(-0.00323089 0.000271662 0.00211733)
(-0.00322898 -0.000293503 0.00211733)
(-0.00312896 -0.000849748 0.00211733)
(-0.00293386 -0.00138018 0.00211733)
(-0.00264962 -0.00186867 0.00211733)
(-0.00228488 -0.00230038 0.00211733)
(-0.00185071 -0.0026622 0.00211733)
(-0.00136031 -0.00294313 0.00211733)
(-0.000828571 -0.00313463 0.00211733)
(-0.000271662 -0.00323089 0.00211733)
(0.000293503 -0.00322898 0.00211733)
(0.000849748 -0.00312896 0.00211733)
(0.00138018 -0.00293386 0.00211733)
(0.00186867 -0.00264962 0.00211733)
(0.00230038 -0.00228488 0.00211733)
(0.0026622 -0.00185071 0.00211733)
(0.00294313 -0.00136031 0.00211733)
(0.00313463 -0.000828571 0.00211733)
(0.00323089 -0.000271662 0.00211733)
(0.00322898 0.000293503 0.00211733)
(0.00312896 0.000849748 0.00211733)
(0.00293386 0.00138018 0.00211733)
(0.00264962 0.00186867 0.00211733)
(0.00228488 0.00230038 0.00211733)
(0.00185071 0.0026622 0.00211733)
(0.00136031 0.00294313 0.00211733)
(0.000828571 0.00313463 0.00211733)
(0.000271662 0.00323089 0.00211733)
(-0.000293502 0.00322898 0.00211733)
(-0.000659844 0.00383477 0.00253265)
(-0.00131572 0.00366193 0.00253265)
(-0.00193162 0.00337782 0.00253265)
(-0.00248882 0.00299108 0.00253265)
(-0.00297041 0.00251346 0.00253265)
(-0.00336174 0.00195947 0.00253265)
(-0.00365093 0.00134594 0.00253265)
(-0.00382918 0.000691519 0.00253265)
(-0.00389109 1.60816e-05 0.00253265)
(-0.00383477 -0.000659844 0.00253265)
(-0.00366193 -0.00131572 0.00253265)
(-0.00337782 -0.00193162 0.00253265)
(-0.00299108 -0.00248882 0.00253265)
(-0.00251346 -0.00297041 0.00253265)
(-0.00195947 -0.00336174 0.00253265)
(-0.00134594 -0.00365093 0.00253265)
(-0.000691518 -0.00382918 0.00253265)
(-1.60811e-05 -0.00389109 0.00253265)
(0.000659845 -0.00383477 0.00253265)
(0.00131572 -0.00366193 0.00253265)
(0.00193162 -0.00337782 0.00253265)
(0.00248882 -0.00299108 0.00253265)
(0.00297041 -0.00251346 0.00253265)
(0.00336174 -0.00195947 0.00253265)
(0.00365093 -0.00134594 0.00253265)
(0.00382918 -0.000691519 0.00253265)
(0.00389109 -1.60816e-05 0.00253265)
(0.00383477 0.000659844 0.00253265)
(0.00366193 0.00131572 0.00253265)
(0.00337782 0.00193162 0.00253265)
(0.00299108 0.00248882 0.00253265)
(0.00251346 0.00297041 0.00253265)
(0.00195947 0.00336174 0.00253265)
(0.00134594 0.00365093 0.00253265)
(0.000691519 0.00382918 0.00253265)
(1.60819e-05 0.00389109 0.00253265)
(-0.000747556 0.00357686 0.0025076)
(-0.00135732 0.00339271 0.00250759)
(-0.00192583 0.00310547 0.00250759)
(-0.00243583 0.00272388 0.00250759)
(-0.00287182 0.00225951 0.00250759)
(-0.00322055 0.0017265 0.00250759)
(-0.00347143 0.00114103 0.00250759)
(-0.00361683 0.000520884 0.0025076)
(-0.00365233 -0.000115084 0.00250759)
(-0.00357686 -0.000747556 0.0025076)
(-0.00339271 -0.00135732 0.00250759)
(-0.00310547 -0.00192583 0.00250759)
(-0.00272388 -0.00243583 0.00250759)
(-0.00225951 -0.00287183 0.00250759)
(-0.0017265 -0.00322056 0.00250759)
(-0.00114103 -0.00347143 0.00250759)
(-0.000520883 -0.00361683 0.0025076)
(0.000115084 -0.00365233 0.00250759)
(0.000747557 -0.00357686 0.0025076)
(0.00135732 -0.00339271 0.00250759)
(0.00192583 -0.00310547 0.00250759)
(0.00243583 -0.00272388 0.00250759)
(0.00287183 -0.00225951 0.00250759)
(0.00322056 -0.0017265 0.00250759)
(0.00347143 -0.00114103 0.00250759)
(0.00361683 -0.000520884 0.0025076)
(0.00365233 0.000115084 0.0025076)
(0.00357686 0.000747556 0.0025076)
(0.00339271 0.00135732 0.00250759)
(0.00310547 0.00192583 0.00250759)
(0.00272388 0.00243583 0.00250759)
(0.00225951 0.00287183 0.00250759)
(0.0017265 0.00322056 0.00250759)
(0.00114103 0.00347143 0.00250759)
(0.000520884 0.00361683 0.0025076)
(-0.000115084 0.00365233 0.0025076)
(-0.000838034 0.00333022 0.00247271)
(-0.00140359 0.00313411 0.00247271)
(-0.0019265 0.00284276 0.00247271)
(-0.00239087 0.00246504 0.00247271)
(-0.0027826 0.00201242 0.00247271)
(-0.00308978 0.00149866 0.00247271)
(-0.00330308 0.000939353 0.00247271)
(-0.00341601 0.000351506 0.00247271)
(-0.00342515 -0.000247016 0.00247271)
(-0.00333022 -0.000838034 0.00247271)
(-0.00313411 -0.00140359 0.00247271)
(-0.00284276 -0.0019265 0.00247271)
(-0.00246504 -0.00239087 0.00247271)
(-0.00201242 -0.0027826 0.00247271)
(-0.00149866 -0.00308978 0.00247271)
(-0.000939352 -0.00330308 0.00247271)
(-0.000351506 -0.00341601 0.00247271)
(0.000247016 -0.00342515 0.00247271)
(0.000838034 -0.00333022 0.00247271)
(0.00140359 -0.00313411 0.00247271)
(0.0019265 -0.00284276 0.00247271)
(0.00239087 -0.00246504 0.00247271)
(0.0027826 -0.00201242 0.00247271)
(0.00308978 -0.00149866 0.00247271)
(0.00330308 -0.000939353 0.00247271)
(0.00341601 -0.000351506 0.00247271)
(0.00342516 0.000247016 0.00247271)
(0.00333023 0.000838034 0.00247271)
(0.00313411 0.00140359 0.00247271)
(0.00284276 0.0019265 0.00247271)
(0.00246504 0.00239087 0.00247271)
(0.00201242 0.0027826 0.00247271)
(0.00149866 0.00308978 0.00247271)
(0.000939353 0.00330308 0.00247271)
(0.000351506 0.00341601 0.00247271)
(-0.000247016 0.00342516 0.00247271)
(-0.000922956 0.00308588 0.00242515)
(-0.00144479 0.00287873 0.00242515)
(-0.00192273 0.0025841 0.00242515)
(-0.00234224 0.00221097 0.00242515)
(-0.00269059 0.00177065 0.00242515)
(-0.00295718 0.00127654 0.00242515)
(-0.00313393 0.000743633 0.00242515)
(-0.00321545 0.000188137 0.00242515)
(-0.00319926 -0.000373079 0.00242515)
(-0.00308588 -0.000922956 0.00242515)
(-0.00287873 -0.00144479 0.00242515)
(-0.0025841 -0.00192273 0.00242515)
(-0.00221097 -0.00234224 0.00242515)
(-0.00177065 -0.00269059 0.00242515)
(-0.00127654 -0.00295718 0.00242515)
(-0.000743632 -0.00313393 0.00242515)
(-0.000188136 -0.00321545 0.00242515)
(0.000373079 -0.00319926 0.00242515)
(0.000922956 -0.00308588 0.00242515)
(0.00144479 -0.00287873 0.00242515)
(0.00192273 -0.0025841 0.00242515)
(0.00234224 -0.00221097 0.00242515)
(0.00269059 -0.00177065 0.00242515)
(0.00295718 -0.00127654 0.00242515)
(0.00313393 -0.000743633 0.00242515)
(0.00321545 -0.000188137 0.00242515)
(0.00319926 0.000373079 0.00242515)
(0.00308588 0.000922956 0.00242515)
(0.00287873 0.00144479 0.00242515)
(0.0025841 0.00192273 0.00242515)
(0.00221097 0.00234224 0.00242515)
(0.00177065 0.00269059 0.00242515)
(0.00127654 0.00295718 0.00242515)
(0.000743633 0.00313393 0.00242515)
(0.000188137 0.00321545 0.00242515)
(-0.000373078 0.00319926 0.00242515)
(-0.000715318 0.00381292 0.00298826)
(-0.00136656 0.00363078 0.00298826)
(-0.00197628 0.00333832 0.00298826)
(-0.00252595 0.00294443 0.00298826)
(-0.00299887 0.00246107 0.00298826)
(-0.00338067 0.00190294 0.00298826)
(-0.00365975 0.00128698 0.00298826)
(-0.00382763 0.000631916 0.00298826)
(-0.00387921 -4.23442e-05 0.00298826)
(-0.00381292 -0.000715318 0.00298826)
(-0.00363078 -0.00136656 0.00298826)
(-0.00333832 -0.00197628 0.00298826)
(-0.00294443 -0.00252595 0.00298826)
(-0.00246107 -0.00299887 0.00298826)
(-0.00190294 -0.00338067 0.00298826)
(-0.00128698 -0.00365975 0.00298826)
(-0.000631916 -0.00382763 0.00298826)
(4.23448e-05 -0.00387921 0.00298826)
(0.000715319 -0.00381292 0.00298826)
(0.00136656 -0.00363078 0.00298826)
(0.00197628 -0.00333832 0.00298826)
(0.00252595 -0.00294443 0.00298826)
(0.00299887 -0.00246107 0.00298826)
(0.00338067 -0.00190294 0.00298826)
(0.00365975 -0.00128698 0.00298826)
(0.00382763 -0.000631916 0.00298826)
(0.00387921 4.23442e-05 0.00298826)
(0.00381292 0.000715318 0.00298826)
(0.00363078 0.00136656 0.00298826)
(0.00333832 0.00197628 0.00298826)
(0.00294443 0.00252595 0.00298826)
(0.00246107 0.00299887 0.00298826)
(0.00190294 0.00338067 0.00298826)
(0.00128698 0.00365975 0.00298826)
(0.000631917 0.00382763 0.00298826)
(-4.23439e-05 0.00387921 0.00298826)
(-0.000790767 0.00350441 0.00291881)
(-0.00138729 0.00331385 0.00291881)
(-0.00194166 0.0030226 0.00291881)
(-0.00243703 0.00263952 0.00291881)
(-0.00285835 0.00217624 0.00291881)
(-0.00319282 0.00164683 0.00291881)
(-0.00343029 0.00106738 0.00291881)
(-0.00356352 0.000455502 0.00291881)
(-0.00358848 -0.000170219 0.00291881)
(-0.00350441 -0.000790767 0.00291881)
(-0.00331385 -0.00138729 0.00291881)
(-0.0030226 -0.00194166 0.00291881)
(-0.00263952 -0.00243703 0.00291881)
(-0.00217624 -0.00285835 0.00291881)
(-0.00164683 -0.00319282 0.00291881)
(-0.00106738 -0.00343029 0.00291881)
(-0.000455501 -0.00356352 0.00291881)
(0.000170219 -0.00358848 0.00291881)
(0.000790767 -0.00350441 0.00291881)
(0.00138729 -0.00331385 0.00291881)
(0.00194166 -0.0030226 0.00291881)
(0.00243703 -0.00263952 0.00291881)
(0.00285835 -0.00217624 0.00291881)
(0.00319282 -0.00164683 0.00291881)
(0.00343029 -0.00106738 0.00291881)
(0.00356352 -0.000455502 0.00291881)
(0.00358848 0.000170219 0.00291881)
(0.00350441 0.000790767 0.00291881)
(0.00331385 0.00138729 0.00291881)
(0.0030226 0.00194166 0.00291881)
(0.00263952 0.00243703 0.00291881)
(0.00217624 0.00285835 0.00291881)
(0.00164683 0.00319282 0.00291881)
(0.00106738 0.00343029 0.00291881)
(0.000455502 0.00356352 0.00291881)
(-0.000170218 0.00358848 0.00291881)
(-0.000867522 0.00321075 0.00283851)
(-0.00141188 0.00301133 0.00283851)
(-0.00191334 0.00272041 0.00283851)
(-0.00235667 0.00234683 0.00283851)
(-0.00272839 0.00190194 0.00283851)
(-0.00301721 0.00139927 0.00283851)
(-0.00321435 0.000854078 0.00283851)
(-0.00331383 0.000282936 0.00283851)
(-0.00331261 -0.000296803 0.00283851)
(-0.00321075 -0.000867522 0.00283851)
(-0.00301133 -0.00141188 0.00283851)
(-0.00272041 -0.00191334 0.00283851)
(-0.00234683 -0.00235667 0.00283851)
(-0.00190194 -0.00272839 0.00283851)
(-0.00139926 -0.00301721 0.00283851)
(-0.000854078 -0.00321435 0.00283851)
(-0.000282935 -0.00331383 0.00283851)
(0.000296803 -0.00331261 0.00283851)
(0.000867523 -0.00321075 0.00283851)
(0.00141188 -0.00301133 0.00283851)
(0.00191334 -0.00272041 0.00283851)
(0.00235667 -0.00234683 0.00283851)
(0.00272839 -0.00190194 0.00283851)
(0.00301721 -0.00139926 0.00283851)
(0.00321435 -0.000854078 0.00283851)
(0.00331383 -0.000282936 0.00283851)
(0.00331261 0.000296803 0.00283851)
(0.00321075 0.000867522 0.00283851)
(0.00301133 0.00141188 0.00283851)
(0.00272041 0.00191334 0.00283851)
(0.00234683 0.00235667 0.00283851)
(0.00190194 0.00272839 0.00283851)
(0.00139927 0.00301721 0.00283851)
(0.000854079 0.00321435 0.00283851)
(0.000282936 0.00331383 0.00283851)
(-0.000296802 0.00331261 0.00283851)
(-0.000936923 0.00292528 0.00274388)
(-0.00143066 0.00271814 0.00274388)
(-0.00188092 0.00242841 0.00274388)
(-0.00227404 0.0020649 0.00274388)
(-0.00259806 0.00163865 0.00274388)
(-0.00284313 0.00116261 0.00274388)
(-0.00300182 0.000651239 0.00274388)
(-0.00306931 0.000120083 0.00274388)
(-0.00304353 -0.000414721 0.00274388)
(-0.00292527 -0.000936924 0.00274388)
(-0.00271814 -0.00143066 0.00274388)
(-0.00242841 -0.00188092 0.00274388)
(-0.0020649 -0.00227404 0.00274388)
(-0.00163865 -0.00259806 0.00274388)
(-0.0011626 -0.00284313 0.00274388)
(-0.000651239 -0.00300182 0.00274388)
(-0.000120082 -0.00306931 0.00274388)
(0.000414722 -0.00304353 0.00274388)
(0.000936924 -0.00292528 0.00274388)
(0.00143066 -0.00271814 0.00274388)
(0.00188092 -0.00242841 0.00274388)
(0.00227404 -0.0020649 0.00274388)
(0.00259806 -0.00163865 0.00274388)
(0.00284313 -0.00116261 0.00274388)
(0.00300183 -0.000651239 0.00274388)
(0.00306931 -0.000120083 0.00274388)
(0.00304353 0.000414721 0.00274388)
(0.00292528 0.000936924 0.00274388)
(0.00271814 0.00143066 0.00274388)
(0.00242841 0.00188092 0.00274388)
(0.0020649 0.00227404 0.00274388)
(0.00163865 0.00259806 0.00274388)
(0.00116261 0.00284313 0.00274388)
(0.000651239 0.00300182 0.00274388)
(0.000120083 0.00306931 0.00274388)
(-0.000414721 0.00304353 0.00274388)
(-0.00067732 0.00360807 0.00348483)
(-0.00129357 0.00343564 0.00348483)
(-0.00187051 0.00315882 0.00348483)
(-0.00239061 0.00278602 0.00348483)
(-0.00283809 0.00232856 0.00348483)
(-0.00319932 0.00180036 0.00348483)
(-0.00346334 0.00121746 0.00348483)
(-0.00362214 0.000597558 0.00348483)
(-0.00367087 -4.04959e-05 0.00348483)
(-0.00360807 -0.000677321 0.00348483)
(-0.00343564 -0.00129357 0.00348483)
(-0.00315882 -0.00187051 0.00348483)
(-0.00278602 -0.00239061 0.00348483)
(-0.00232856 -0.00283809 0.00348483)
(-0.00180036 -0.00319932 0.00348483)
(-0.00121746 -0.00346334 0.00348483)
(-0.000597558 -0.00362214 0.00348483)
(4.04965e-05 -0.00367087 0.00348483)
(0.000677321 -0.00360807 0.00348483)
(0.00129357 -0.00343564 0.00348483)
(0.00187051 -0.00315882 0.00348483)
(0.00239062 -0.00278602 0.00348483)
(0.00283809 -0.00232856 0.00348483)
(0.00319932 -0.00180036 0.00348483)
(0.00346334 -0.00121746 0.00348483)
(0.00362214 -0.000597558 0.00348483)
(0.00367087 4.04959e-05 0.00348483)
(0.00360807 0.00067732 0.00348483)
(0.00343564 0.00129357 0.00348483)
(0.00315882 0.00187051 0.00348483)
(0.00278602 0.00239061 0.00348483)
(0.00232856 0.00283809 0.00348483)
(0.00180036 0.00319932 0.00348483)
(0.00121746 0.00346334 0.00348483)
(0.000597559 0.00362214 0.00348483)
(-4.04956e-05 0.00367087 0.00348483)
(-0.000747285 0.00327206 0.00335702)
(-0.00130412 0.00309258 0.00335702)
(-0.00182133 0.00281914 0.00335702)
(-0.0022832 0.00246004 0.00335702)
(-0.00267569 0.00202619 0.00335702)
(-0.00298689 0.00153078 0.00335702)
(-0.00320733 0.000988862 0.00335702)
(-0.00333031 0.000416892 0.00335702)
(-0.00335211 -0.000167745 0.00335702)
(-0.00327205 -0.000747285 0.00335702)
(-0.00309258 -0.00130412 0.00335702)
(-0.00281914 -0.00182133 0.00335702)
(-0.00246004 -0.0022832 0.00335702)
(-0.00202619 -0.00267569 0.00335702)
(-0.00153078 -0.00298689 0.00335702)
(-0.000988861 -0.00320733 0.00335702)
(-0.000416891 -0.00333031 0.00335702)
(0.000167745 -0.00335211 0.00335702)
(0.000747286 -0.00327205 0.00335702)
(0.00130412 -0.00309258 0.00335702)
(0.00182133 -0.00281914 0.00335702)
(0.0022832 -0.00246004 0.00335702)
(0.00267569 -0.00202619 0.00335702)
(0.00298689 -0.00153078 0.00335702)
(0.00320733 -0.000988862 0.00335702)
(0.00333031 -0.000416892 0.00335702)
(0.00335211 0.000167745 0.00335702)
(0.00327206 0.000747285 0.00335702)
(0.00309258 0.00130412 0.00335702)
(0.00281914 0.00182133 0.00335702)
(0.00246004 0.0022832 0.00335702)
(0.00202619 0.00267569 0.00335702)
(0.00153078 0.00298689 0.00335702)
(0.000988862 0.00320733 0.00335702)
(0.000416892 0.00333031 0.00335702)
(-0.000167744 0.00335211 0.00335702)
(-0.000817673 0.00295246 0.00321822)
(-0.00131794 0.00276562 0.00321822)
(-0.00177816 0.00249475 0.00321822)
(-0.00218435 0.00214807 0.00321822)
(-0.00252418 0.00173612 0.00321822)
(-0.00278731 0.00127143 0.00321822)
(-0.00296575 0.000768106 0.00321822)
(-0.00305407 0.00024144 0.00321822)
(-0.0030496 -0.000292561 0.00321822)
(-0.00295246 -0.000817674 0.00321822)
(-0.00276562 -0.00131794 0.00321822)
(-0.00249475 -0.00177816 0.00321822)
(-0.00214807 -0.00218436 0.00321822)
(-0.00173612 -0.00252418 0.00321822)
(-0.00127143 -0.00278731 0.00321822)
(-0.000768106 -0.00296575 0.00321822)
(-0.000241439 -0.00305407 0.00321822)
(0.000292561 -0.0030496 0.00321822)
(0.000817674 -0.00295246 0.00321822)
(0.00131794 -0.00276562 0.00321822)
(0.00177816 -0.00249475 0.00321822)
(0.00218436 -0.00214807 0.00321822)
(0.00252418 -0.00173612 0.00321822)
(0.00278731 -0.00127143 0.00321822)
(0.00296575 -0.000768106 0.00321822)
(0.00305407 -0.00024144 0.00321822)
(0.0030496 0.000292561 0.00321822)
(0.00295246 0.000817674 0.00321822)
(0.00276562 0.00131794 0.00321822)
(0.00249475 0.00177816 0.00321822)
(0.00214807 0.00218436 0.00321822)
(0.00173612 0.00252418 0.00321822)
(0.00127143 0.00278731 0.00321822)
(0.000768107 0.00296575 0.00321822)
(0.00024144 0.00305407 0.00321822)
(-0.00029256 0.0030496 0.00321822)
(-0.000880233 0.00264458 0.00306447)
(-0.00132609 0.00245155 0.00306447)
(-0.00173165 0.00218404 0.00306447)
(-0.0020846 0.00185016 0.00306447)
(-0.0023742 0.00146007 0.00306447)
(-0.00259167 0.00102561 0.00306447)
(-0.00273039 0.000559985 0.00306447)
(-0.00278615 7.73509e-05 0.00306447)
(-0.00275725 -0.000407634 0.00306447)
(-0.00264458 -0.000880233 0.00306447)
(-0.00245155 -0.00132609 0.00306447)
(-0.00218404 -0.00173165 0.00306447)
(-0.00185016 -0.0020846 0.00306447)
(-0.00146006 -0.0023742 0.00306447)
(-0.00102561 -0.00259167 0.00306447)
(-0.000559985 -0.00273039 0.00306447)
(-7.73504e-05 -0.00278615 0.00306447)
(0.000407635 -0.00275725 0.00306447)
(0.000880234 -0.00264458 0.00306447)
(0.00132609 -0.00245155 0.00306447)
(0.00173165 -0.00218404 0.00306447)
(0.0020846 -0.00185016 0.00306447)
(0.0023742 -0.00146007 0.00306447)
(0.00259167 -0.00102561 0.00306447)
(0.00273039 -0.000559985 0.00306447)
(0.00278615 -7.73508e-05 0.00306447)
(0.00275725 0.000407634 0.00306447)
(0.00264458 0.000880233 0.00306447)
(0.00245155 0.00132609 0.00306447)
(0.00218404 0.00173165 0.00306447)
(0.00185016 0.0020846 0.00306447)
(0.00146007 0.0023742 0.00306447)
(0.00102561 0.00259167 0.00306447)
(0.000559986 0.00273039 0.00306447)
(7.73513e-05 0.00278615 0.00306447)
(-0.000407634 0.00275725 0.00306447)
(-0.000526701 0.0031755 0.00400221)
(-0.00107012 0.00303579 0.00400221)
(-0.00158103 0.00280385 0.00400221)
(-0.0020439 0.00248671 0.00400221)
(-0.00244465 0.00209402 0.00400221)
(-0.00277114 0.0016377 0.00400221)
(-0.00301342 0.00113162 0.00400221)
(-0.00316414 0.000591153 0.00400221)
(-0.00321872 3.27249e-05 0.00400221)
(-0.0031755 -0.000526701 0.00400221)
(-0.00303579 -0.00107012 0.00400221)
(-0.00280385 -0.00158103 0.00400221)
(-0.00248671 -0.0020439 0.00400221)
(-0.00209402 -0.00244465 0.00400221)
(-0.00163769 -0.00277114 0.00400221)
(-0.00113162 -0.00301342 0.00400221)
(-0.000591153 -0.00316414 0.00400221)
(-3.27242e-05 -0.00321872 0.00400221)
(0.000526702 -0.0031755 0.00400221)
(0.00107013 -0.00303579 0.00400221)
(0.00158103 -0.00280385 0.00400221)
(0.0020439 -0.00248671 0.00400221)
(0.00244465 -0.00209402 0.00400221)
(0.00277114 -0.0016377 0.00400221)
(0.00301342 -0.00113162 0.00400221)
(0.00316414 -0.000591153 0.00400221)
(0.00321872 -3.2725e-05 0.00400221)
(0.0031755 0.000526701 0.00400221)
(0.00303579 0.00107012 0.00400221)
(0.00280385 0.00158103 0.00400221)
(0.00248671 0.0020439 0.00400221)
(0.00209402 0.00244465 0.00400221)
(0.0016377 0.00277114 0.00400221)
(0.00113162 0.00301342 0.00400221)
(0.000591154 0.00316414 0.00400221)
(3.27252e-05 0.00321872 0.00400221)
(-0.000604507 0.00284937 0.00380053)
(-0.00109011 0.00270111 0.00380053)
(-0.0015426 0.00247078 0.00380053)
(-0.00194821 0.00216537 0.00380053)
(-0.00229462 0.00179417 0.00380053)
(-0.00257132 0.00136846 0.00380053)
(-0.00276988 0.000901164 0.00380053)
(-0.00288429 0.000406493 0.00380053)
(-0.00291105 -0.000100534 0.00380053)
(-0.00284937 -0.000604507 0.00380053)
(-0.00270111 -0.00109011 0.00380053)
(-0.00247077 -0.0015426 0.00380053)
(-0.00216537 -0.00194821 0.00380053)
(-0.00179417 -0.00229462 0.00380053)
(-0.00136846 -0.00257132 0.00380053)
(-0.000901163 -0.00276988 0.00380053)
(-0.000406492 -0.00288429 0.00380053)
(0.000100535 -0.00291105 0.00380053)
(0.000604508 -0.00284937 0.00380053)
(0.00109011 -0.00270111 0.00380053)
(0.0015426 -0.00247077 0.00380053)
(0.00194821 -0.00216537 0.00380053)
(0.00229462 -0.00179417 0.00380053)
(0.00257132 -0.00136846 0.00380053)
(0.00276989 -0.000901164 0.00380053)
(0.00288429 -0.000406493 0.00380053)
(0.00291106 0.000100534 0.00380053)
(0.00284937 0.000604507 0.00380053)
(0.00270111 0.00109011 0.00380053)
(0.00247078 0.0015426 0.00380053)
(0.00216537 0.00194821 0.00380053)
(0.00179417 0.00229462 0.00380053)
(0.00136846 0.00257132 0.00380053)
(0.000901164 0.00276988 0.00380053)
(0.000406493 0.00288429 0.00380053)
(-0.000100534 0.00291105 0.00380053)
(-0.00068256 0.00253726 0.00359019)
(-0.00111278 0.00238019 0.00359019)
(-0.00150919 0.0021508 0.00359019)
(-0.00185975 0.00185605 0.00359019)
(-0.00215379 0.00150492 0.00359019)
(-0.0023824 0.00110805 0.00359019)
(-0.00253862 0.00067752 0.00359019)
(-0.0026177 0.000226398 0.00359019)
(-0.00261724 -0.000231599 0.00359019)
(-0.00253726 -0.000682561 0.00359019)
(-0.00238019 -0.00111278 0.00359019)
(-0.0021508 -0.00150919 0.00359019)
(-0.00185605 -0.00185975 0.00359019)
(-0.00150492 -0.00215379 0.00359019)
(-0.00110805 -0.0023824 0.00359019)
(-0.00067752 -0.00253862 0.00359019)
(-0.000226398 -0.0026177 0.00359019)
(0.0002316 -0.00261724 0.00359019)
(0.000682561 -0.00253726 0.00359019)
(0.00111279 -0.00238019 0.00359019)
(0.00150919 -0.0021508 0.00359019)
(0.00185975 -0.00185605 0.00359019)
(0.00215379 -0.00150492 0.00359019)
(0.0023824 -0.00110805 0.00359019)
(0.00253862 -0.00067752 0.00359019)
(0.0026177 -0.000226398 0.00359019)
(0.00261724 0.000231599 0.00359019)
(0.00253726 0.000682561 0.00359019)
(0.00238019 0.00111278 0.00359019)
(0.0021508 0.00150919 0.00359019)
(0.00185605 0.00185975 0.00359019)
(0.00150492 0.00215379 0.00359019)
(0.00110805 0.0023824 0.00359019)
(0.000677521 0.00253862 0.00359019)
(0.000226399 0.0026177 0.00359019)
(-0.000231599 0.00261724 0.00359019)
(-0.000753122 0.00223489 0.00336776)
(-0.00112976 0.00207016 0.00336776)
(-0.00147208 0.00184253 0.00336776)
(-0.00176967 0.00155892 0.00336776)
(-0.00201349 0.00122793 0.00336776)
(-0.00219612 0.000859635 0.00336776)
(-0.00231204 0.000465222 0.00336776)
(-0.00235769 5.66745e-05 0.00336776)
(-0.00233172 -0.000353596 0.00336776)
(-0.00223489 -0.000753122 0.00336776)
(-0.00207016 -0.00112976 0.00336776)
(-0.00184253 -0.00147208 0.00336776)
(-0.00155891 -0.00176967 0.00336776)
(-0.00122793 -0.00201349 0.00336776)
(-0.000859634 -0.00219613 0.00336776)
(-0.000465222 -0.00231204 0.00336776)
(-5.66739e-05 -0.00235769 0.00336776)
(0.000353596 -0.00233172 0.00336776)
(0.000753123 -0.00223489 0.00336776)
(0.00112976 -0.00207016 0.00336776)
(0.00147208 -0.00184253 0.00336776)
(0.00176967 -0.00155892 0.00336776)
(0.00201349 -0.00122793 0.00336776)
(0.00219613 -0.000859635 0.00336776)
(0.00231204 -0.000465222 0.00336776)
(0.00235769 -5.66745e-05 0.00336776)
(0.00233172 0.000353596 0.00336776)
(0.00223489 0.000753122 0.00336776)
(0.00207017 0.00112976 0.00336776)
(0.00184253 0.00147208 0.00336776)
(0.00155892 0.00176967 0.00336776)
(0.00122793 0.00201349 0.00336776)
(0.000859635 0.00219613 0.00336776)
(0.000465223 0.00231204 0.00336776)
(5.6675e-05 0.00235769 0.00336776)
(-0.000353595 0.00233172 0.00336776)
(-0.000269078 0.00246921 0.00448441)
(-0.000693774 0.00238497 0.00448441)
(-0.00109738 0.00222826 0.00448441)
(-0.00146765 0.00200385 0.00448441)
(-0.00179332 0.00171856 0.00448441)
(-0.0020645 0.00138104 0.00448441)
(-0.00227295 0.00100158 0.00448441)
(-0.00241234 0.000591675 0.00448441)
(-0.00247843 0.00016379 0.00448441)
(-0.00246921 -0.000269078 0.00448441)
(-0.00238496 -0.000693775 0.00448441)
(-0.00222826 -0.00109738 0.00448441)
(-0.00200385 -0.00146765 0.00448441)
(-0.00171855 -0.00179332 0.00448441)
(-0.00138104 -0.0020645 0.00448441)
(-0.00100158 -0.00227295 0.00448441)
(-0.000591674 -0.00241234 0.00448441)
(-0.000163789 -0.00247843 0.00448441)
(0.000269079 -0.00246921 0.00448441)
(0.000693775 -0.00238497 0.00448441)
(0.00109738 -0.00222826 0.00448441)
(0.00146765 -0.00200385 0.00448441)
(0.00179332 -0.00171856 0.00448441)
(0.0020645 -0.00138104 0.00448441)
(0.00227295 -0.00100158 0.00448441)
(0.00241234 -0.000591675 0.00448441)
(0.00247843 -0.00016379 0.00448441)
(0.00246921 0.000269078 0.00448441)
(0.00238497 0.000693774 0.00448441)
(0.00222826 0.00109738 0.00448441)
(0.00200385 0.00146765 0.00448441)
(0.00171856 0.00179332 0.00448441)
(0.00138104 0.0020645 0.00448441)
(0.00100158 0.00227295 0.00448441)
(0.000591675 0.00241234 0.00448441)
(0.00016379 0.00247843 0.00448441)
(-0.000371436 0.00220024 0.00420123)
(-0.000747867 0.00210232 0.00420123)
(-0.00110157 0.00194051 0.00420123)
(-0.0014218 0.00171975 0.00420123)
(-0.00169884 0.00144672 0.00420123)
(-0.00192425 0.00112975 0.00420123)
(-0.00209119 0.00077845 0.00420123)
(-0.0021946 0.000403493 0.00420123)
(-0.00223132 1.62767e-05 0.00420123)
(-0.00220024 -0.000371437 0.00420123)
(-0.00210231 -0.000747868 0.00420123)
(-0.00194051 -0.00110157 0.00420123)
(-0.00171975 -0.0014218 0.00420123)
(-0.00144672 -0.00169884 0.00420123)
(-0.00112975 -0.00192425 0.00420123)
(-0.000778449 -0.0020912 0.00420123)
(-0.000403492 -0.0021946 0.00420123)
(-1.62759e-05 -0.00223132 0.00420123)
(0.000371437 -0.00220024 0.00420123)
(0.000747869 -0.00210232 0.00420123)
(0.00110157 -0.00194051 0.00420123)
(0.0014218 -0.00171975 0.00420123)
(0.00169884 -0.00144672 0.00420123)
(0.00192425 -0.00112975 0.00420123)
(0.0020912 -0.00077845 0.00420123)
(0.0021946 -0.000403493 0.00420123)
(0.00223132 -1.62768e-05 0.00420123)
(0.00220025 0.000371437 0.00420123)
(0.00210232 0.000747868 0.00420123)
(0.00194051 0.00110157 0.00420123)
(0.00171975 0.0014218 0.00420123)
(0.00144672 0.00169884 0.00420123)
(0.00112975 0.00192425 0.00420123)
(0.00077845 0.0020912 0.00420123)
(0.000403494 0.0021946 0.00420123)
(1.6277e-05 0.00223132 0.00420123)
(-0.000473219 0.00193722 0.0039141)
(-0.000802426 0.00182562 0.0039141)
(-0.00110725 0.00165855 0.0039141)
(-0.00137843 0.00144107 0.0039141)
(-0.00160773 0.00117982 0.0039141)
(-0.00178819 0.000882715 0.0039141)
(-0.0019143 0.000558792 0.0039141)
(-0.00198225 0.000217888 0.0039141)
(-0.00198997 -0.000129635 0.0039141)
(-0.00193722 -0.000473219 0.0039141)
(-0.00182562 -0.000802426 0.0039141)
(-0.00165855 -0.00110725 0.0039141)
(-0.00144107 -0.00137843 0.0039141)
(-0.00117982 -0.00160773 0.0039141)
(-0.000882714 -0.00178819 0.0039141)
(-0.000558791 -0.0019143 0.0039141)
(-0.000217888 -0.00198225 0.0039141)
(0.000129636 -0.00198997 0.0039141)
(0.00047322 -0.00193722 0.0039141)
(0.000802427 -0.00182562 0.0039141)
(0.00110725 -0.00165855 0.0039141)
(0.00137844 -0.00144107 0.0039141)
(0.00160773 -0.00117982 0.0039141)
(0.00178819 -0.000882715 0.0039141)
(0.0019143 -0.000558792 0.0039141)
(0.00198225 -0.000217888 0.0039141)
(0.00198997 0.000129635 0.0039141)
(0.00193722 0.000473219 0.0039141)
(0.00182562 0.000802426 0.0039141)
(0.00165855 0.00110725 0.0039141)
(0.00144107 0.00137843 0.0039141)
(0.00117982 0.00160773 0.0039141)
(0.000882716 0.00178819 0.0039141)
(0.000558792 0.0019143 0.0039141)
(0.000217889 0.00198225 0.0039141)
(-0.000129634 0.00198997 0.0039141)
(-0.000567408 0.00167241 0.00362277)
(-0.000849198 0.00154847 0.00362277)
(-0.00110519 0.00137749 0.00362277)
(-0.0013276 0.00116465 0.00362277)
(-0.00150966 0.000916423 0.00362277)
(-0.00164587 0.000640349 0.00362277)
(-0.00173205 0.000344815 0.00362277)
(-0.00176562 3.88079e-05 0.00362277)
(-0.00174553 -0.000268378 0.00362277)
(-0.00167241 -0.000567409 0.00362277)
(-0.00154847 -0.000849199 0.00362277)
(-0.00137749 -0.00110519 0.00362277)
(-0.00116465 -0.0013276 0.00362277)
(-0.000916423 -0.00150967 0.00362277)
(-0.000640348 -0.00164587 0.00362277)
(-0.000344815 -0.00173205 0.00362277)
(-3.88074e-05 -0.00176562 0.00362277)
(0.000268379 -0.00174553 0.00362277)
(0.000567409 -0.00167241 0.00362277)
(0.000849199 -0.00154847 0.00362277)
(0.00110519 -0.00137749 0.00362277)
(0.0013276 -0.00116465 0.00362277)
(0.00150967 -0.000916423 0.00362277)
(0.00164587 -0.000640349 0.00362277)
(0.00173206 -0.000344815 0.00362277)
(0.00176562 -3.8808e-05 0.00362277)
(0.00174553 0.000268378 0.00362277)
(0.00167241 0.000567409 0.00362277)
(0.00154848 0.000849199 0.00362277)
(0.00137749 0.00110519 0.00362277)
(0.00116465 0.0013276 0.00362277)
(0.000916424 0.00150967 0.00362277)
(0.000640349 0.00164587 0.00362277)
(0.000344816 0.00173205 0.00362277)
(3.88086e-05 0.00176562 0.00362277)
(-0.000268378 0.00174553 0.00362277)
(6.93965e-05 0.001474 0.00487161)
(-0.000187645 0.00146363 0.00487161)
(-0.000438992 0.00140881 0.0048716)
(-0.000676946 0.00131121 0.0048716)
(-0.000894319 0.00117373 0.00487161)
(-0.00108457 0.00100057 0.0048716)
(-0.00124187 0.000797049 0.0048716)
(-0.00136141 0.000569334 0.0048716)
(-0.00143958 0.000324301 0.0048716)
(-0.001474 6.93969e-05 0.00487161)
(-0.00146363 -0.000187645 0.00487161)
(-0.00140881 -0.000438992 0.0048716)
(-0.00131121 -0.000676946 0.0048716)
(-0.00117373 -0.00089432 0.0048716)
(-0.00100057 -0.00108457 0.0048716)
(-0.000797048 -0.00124187 0.0048716)
(-0.000569333 -0.00136141 0.0048716)
(-0.0003243 -0.00143958 0.0048716)
(-6.93959e-05 -0.001474 0.00487161)
(0.000187646 -0.00146363 0.00487161)
(0.000438993 -0.00140881 0.0048716)
(0.000676947 -0.00131121 0.0048716)
(0.000894321 -0.00117373 0.00487161)
(0.00108457 -0.00100057 0.0048716)
(0.00124187 -0.000797049 0.0048716)
(0.00136141 -0.000569334 0.0048716)
(0.00143958 -0.000324301 0.0048716)
(0.001474 -6.9397e-05 0.00487161)
(0.00146363 0.000187645 0.00487161)
(0.00140881 0.000438992 0.0048716)
(0.00131121 0.000676946 0.0048716)
(0.00117374 0.00089432 0.00487161)
(0.00100057 0.00108457 0.0048716)
(0.000797049 0.00124187 0.0048716)
(0.000569334 0.00136141 0.0048716)
(0.000324301 0.00143958 0.0048716)
(-9.04269e-05 0.00130199 0.00447915)
(-0.00031515 0.0012665 0.00447915)
(-0.000530299 0.00119253 0.00447915)
(-0.000729325 0.00108234 0.00447915)
(-0.000906183 0.000939248 0.00447915)
(-0.00105551 0.000767611 0.00447915)
(-0.00117279 0.000572665 0.00447915)
(-0.00125441 0.000360326 0.00447915)
(-0.00129792 0.000137034 0.00447915)
(-0.00130199 -9.04271e-05 0.00447915)
(-0.0012665 -0.00031515 0.00447915)
(-0.00119253 -0.000530299 0.00447915)
(-0.00108234 -0.000729325 0.00447915)
(-0.000939247 -0.000906183 0.00447915)
(-0.00076761 -0.00105551 0.00447915)
(-0.000572664 -0.00117279 0.00447915)
(-0.000360325 -0.00125441 0.00447915)
(-0.000137033 -0.00129792 0.00447915)
(9.0428e-05 -0.00130199 0.00447915)
(0.000315151 -0.0012665 0.00447915)
(0.0005303 -0.00119253 0.00447915)
(0.000729326 -0.00108234 0.00447915)
(0.000906184 -0.000939248 0.00447915)
(0.00105552 -0.000767611 0.00447915)
(0.00117279 -0.000572665 0.00447915)
(0.00125441 -0.000360326 0.00447915)
(0.00129792 -0.000137034 0.00447915)
(0.00130199 9.0427e-05 0.00447915)
(0.0012665 0.00031515 0.00447915)
(0.00119253 0.000530299 0.00447915)
(0.00108234 0.000729325 0.00447915)
(0.000939249 0.000906183 0.00447915)
(0.000767612 0.00105551 0.00447915)
(0.000572666 0.00117279 0.00447915)
(0.000360326 0.00125441 0.00447915)
(0.000137034 0.00129792 0.00447915)
(-0.000235876 0.0011125 0.00411045)
(-0.000425476 0.00105464 0.00411045)
(-0.000602149 0.000964734 0.00411045)
(-0.000760526 0.000845512 0.00411045)
(-0.000895793 0.000700606 0.00411045)
(-0.00100385 0.000534409 0.00411045)
(-0.00108139 0.000351975 0.00411045)
(-0.00112608 0.000158845 0.00411045)
(-0.00113656 -3.911e-05 0.00411045)
(-0.0011125 -0.000235876 0.00411045)
(-0.00105464 -0.000425477 0.00411045)
(-0.000964734 -0.000602149 0.00411045)
(-0.000845511 -0.000760527 0.00411045)
(-0.000700605 -0.000895793 0.00411045)
(-0.000534409 -0.00100385 0.00411045)
(-0.000351975 -0.00108139 0.00411045)
(-0.000158844 -0.00112608 0.00411045)
(3.91108e-05 -0.00113656 0.00411045)
(0.000235877 -0.0011125 0.00411045)
(0.000425477 -0.00105464 0.00411045)
(0.00060215 -0.000964734 0.00411045)
(0.000760528 -0.000845512 0.00411045)
(0.000895794 -0.000700606 0.00411045)
(0.00100385 -0.000534409 0.00411045)
(0.00108139 -0.000351975 0.00411045)
(0.00112608 -0.000158845 0.00411045)
(0.00113656 3.91099e-05 0.00411045)
(0.0011125 0.000235876 0.00411045)
(0.00105464 0.000425477 0.00411045)
(0.000964735 0.000602149 0.00411045)
(0.000845513 0.000760527 0.00411045)
(0.000700607 0.000895793 0.00411045)
(0.00053441 0.00100385 0.00411045)
(0.000351976 0.00108139 0.00411045)
(0.000158846 0.00112608 0.00411045)
(-3.91095e-05 0.00113656 0.00411045)
(-0.000356975 0.000901554 0.00377408)
(-0.000508103 0.000825868 0.00377408)
(-0.000643794 0.000725093 0.00377408)
(-0.000759923 0.000602284 0.00377408)
(-0.000852965 0.000461173 0.00377408)
(-0.000920088 0.000306051 0.00377408)
(-0.000959252 0.000141628 0.00377408)
(-0.000969275 -2.70975e-05 0.00377408)
(-0.00094984 -0.000195 0.00377408)
(-0.000901554 -0.000356975 0.00377408)
(-0.000825867 -0.000508104 0.00377408)
(-0.000725093 -0.000643794 0.00377408)
(-0.000602284 -0.000759924 0.00377408)
(-0.000461172 -0.000852966 0.00377408)
(-0.00030605 -0.000920088 0.00377408)
(-0.000141627 -0.000959252 0.00377408)
(2.7098e-05 -0.000969275 0.00377408)
(0.000195 -0.000949841 0.00377408)
(0.000356976 -0.000901554 0.00377408)
(0.000508104 -0.000825868 0.00377408)
(0.000643795 -0.000725093 0.00377408)
(0.000759924 -0.000602284 0.00377408)
(0.000852966 -0.000461173 0.00377408)
(0.000920089 -0.000306051 0.00377408)
(0.000959253 -0.000141628 0.00377408)
(0.000969276 2.70974e-05 0.00377408)
(0.000949841 0.000195 0.00377408)
(0.000901555 0.000356975 0.00377408)
(0.000825868 0.000508104 0.00377408)
(0.000725094 0.000643794 0.00377408)
(0.000602285 0.000759924 0.00377408)
(0.000461173 0.000852966 0.00377408)
(0.000306051 0.000920088 0.00377408)
(0.000141628 0.000959252 0.00377408)
(-2.70967e-05 0.000969275 0.00377408)
(-0.000194999 0.000949841 0.00377408)
(9.42842e-10 -2.29445e-10 0.00500312)
(8.34439e-10 -1.67978e-10 0.00453718)
(7.23629e-10 -9.82381e-11 0.00411074)
(6.34463e-10 -4.3489e-11 0.0037671)
)
;

boundaryField
{
    fixed
    {
        type            fixedValue;
        value           uniform (0 0 0);
    }
    inside
    {
        type            calculated;
    }
    outside
    {
        type            calculated;
    }
}


// ************************************************************************* //
