/*--------------------------------*- C++ -*----------------------------------*\
| =========                 |                                                 |
| \\      /  F ield         | OpenFOAM: The Open Source CFD Toolbox           |
|  \\    /   O peration     | Version:  2312                                  |
|   \\  /    A nd           | Website:  www.openfoam.com                      |
|    \\/     M anipulation  |                                                 |
\*---------------------------------------------------------------------------*/
FoamFile
{
    version     2.0;
    format      ascii;
    arch        "LSB;label=32;scalar=64";
    class       volScalarField;
    location    "0.9";
    object      sigmaEq;
}
// * * * * * * * * * * * * * * * * * * * * * * * * * * * * * * * * * * * * * //

dimensions      [1 -1 -2 0 0 0 0];

internalField   nonuniform List<scalar> 
3240
(
52592.9
52592.9
52592.9
52592.9
52592.9
52592.9
52593
52592.9
52592.9
52592.8
52592.8
52592.9
52592.9
52592.9
52592.9
52592.9
52592.9
52592.9
52592.9
52592.9
52592.9
52592.9
52592.9
52592.9
52593
52592.9
52592.9
52592.8
52592.8
52592.9
52592.9
52592.9
52592.9
52592.9
52592.9
52592.9
52592.9
52592.9
52592.9
52592.9
52592.9
52592.9
52593
52592.9
52592.9
52592.8
52592.8
52592.9
52592.9
52592.9
52592.9
52592.9
52592.9
52592.9
52592.9
52592.9
52592.9
52592.9
52592.9
52592.9
52593
52592.9
52592.9
52592.8
52592.8
52592.9
52592.9
52592.9
52592.9
52592.9
52592.9
52592.9
51575.3
51575.3
51575.3
51575.3
51575.3
51575.3
51575.3
51575.4
51575.3
51575.3
51575.3
51575.3
51575.3
51575.3
51575.3
51575.3
51575.3
51575.3
51575.3
51575.3
51575.3
51575.3
51575.3
51575.3
51575.3
51575.4
51575.3
51575.3
51575.3
51575.3
51575.3
51575.3
51575.3
51575.3
51575.3
51575.3
51575.3
51575.3
51575.3
51575.3
51575.3
51575.3
51575.3
51575.4
51575.3
51575.3
51575.3
51575.3
51575.3
51575.3
51575.3
51575.3
51575.3
51575.3
51575.3
51575.3
51575.3
51575.3
51575.3
51575.3
51575.3
51575.4
51575.3
51575.3
51575.3
51575.3
51575.3
51575.3
51575.3
51575.3
51575.3
51575.3
62592.5
62592.5
62592.4
62592.4
62592.5
62592.5
62592.5
62592.7
62592.7
62592.5
62592.5
62592.4
62592.4
62592.6
62592.6
62592.6
62592.5
62592.5
62592.5
62592.5
62592.4
62592.4
62592.5
62592.5
62592.5
62592.7
62592.7
62592.5
62592.5
62592.4
62592.4
62592.6
62592.6
62592.6
62592.5
62592.5
62592.5
62592.5
62592.4
62592.4
62592.5
62592.5
62592.5
62592.7
62592.7
62592.5
62592.5
62592.4
62592.4
62592.6
62592.6
62592.6
62592.5
62592.5
62592.5
62592.5
62592.4
62592.4
62592.5
62592.4
62592.5
62592.7
62592.7
62592.5
62592.5
62592.4
62592.4
62592.6
62592.6
62592.6
62592.5
62592.5
51727.8
51727.8
51727.8
51727.8
51727.8
51727.9
51727.9
51727.9
51727.8
51727.7
51727.7
51727.7
51727.8
51727.8
51727.8
51727.7
51727.8
51727.8
51727.8
51727.8
51727.8
51727.8
51727.8
51727.9
51727.9
51727.9
51727.8
51727.7
51727.7
51727.7
51727.8
51727.8
51727.8
51727.7
51727.8
51727.8
51727.8
51727.8
51727.8
51727.8
51727.8
51727.9
51727.9
51727.9
51727.8
51727.7
51727.7
51727.7
51727.8
51727.8
51727.8
51727.7
51727.8
51727.8
51727.8
51727.8
51727.8
51727.8
51727.8
51727.9
51727.9
51727.9
51727.8
51727.7
51727.7
51727.7
51727.8
51727.8
51727.8
51727.7
51727.8
51727.8
50292.8
50292.8
50292.7
50292.8
50292.8
50292.8
50292.9
50292.8
50292.8
50292.8
50292.8
50292.8
50292.8
50292.8
50292.8
50292.8
50292.8
50292.8
50292.8
50292.8
50292.7
50292.8
50292.8
50292.8
50292.9
50292.8
50292.8
50292.8
50292.8
50292.8
50292.8
50292.8
50292.8
50292.8
50292.8
50292.8
50292.8
50292.8
50292.7
50292.8
50292.8
50292.8
50292.9
50292.8
50292.8
50292.8
50292.8
50292.8
50292.8
50292.8
50292.8
50292.8
50292.8
50292.8
50292.8
50292.8
50292.7
50292.8
50292.8
50292.8
50292.9
50292.8
50292.8
50292.8
50292.8
50292.8
50292.8
50292.8
50292.8
50292.8
50292.8
50292.8
60818.3
60818.2
60818.1
60818
60818.1
60818.2
60818.3
60818.4
60818.3
60818.2
60818.3
60818.2
60818.2
60818.3
60818.2
60818.2
60818.1
60818.2
60818.3
60818.2
60818.1
60818
60818.1
60818.2
60818.3
60818.4
60818.3
60818.2
60818.3
60818.2
60818.2
60818.3
60818.2
60818.2
60818.1
60818.1
60818.3
60818.2
60818.1
60818
60818.1
60818.2
60818.3
60818.4
60818.3
60818.2
60818.3
60818.2
60818.2
60818.3
60818.2
60818.2
60818.1
60818.1
60818.3
60818.2
60818.1
60818
60818.1
60818.2
60818.3
60818.4
60818.3
60818.2
60818.3
60818.2
60818.2
60818.3
60818.2
60818.2
60818.1
60818.1
51069.3
51069.3
51069.2
51069.2
51069.3
51069.3
51069.3
51069.3
51069.3
51069.3
51069.2
51069.2
51069.2
51069.2
51069.3
51069.2
51069.2
51069.2
51069.3
51069.3
51069.2
51069.2
51069.3
51069.3
51069.3
51069.3
51069.3
51069.3
51069.2
51069.2
51069.2
51069.2
51069.3
51069.2
51069.2
51069.2
51069.3
51069.3
51069.2
51069.2
51069.3
51069.3
51069.3
51069.3
51069.3
51069.3
51069.2
51069.2
51069.2
51069.2
51069.3
51069.2
51069.2
51069.2
51069.3
51069.3
51069.2
51069.2
51069.3
51069.3
51069.3
51069.3
51069.3
51069.3
51069.2
51069.2
51069.2
51069.2
51069.3
51069.2
51069.2
51069.2
49368.5
49368.5
49368.5
49368.5
49368.5
49368.5
49368.5
49368.5
49368.5
49368.5
49368.5
49368.5
49368.5
49368.5
49368.5
49368.4
49368.4
49368.5
49368.5
49368.5
49368.5
49368.5
49368.5
49368.5
49368.5
49368.5
49368.5
49368.5
49368.5
49368.5
49368.5
49368.5
49368.5
49368.4
49368.4
49368.5
49368.5
49368.5
49368.5
49368.5
49368.5
49368.5
49368.5
49368.5
49368.5
49368.5
49368.5
49368.5
49368.5
49368.5
49368.5
49368.4
49368.4
49368.5
49368.5
49368.5
49368.5
49368.5
49368.5
49368.5
49368.5
49368.5
49368.5
49368.5
49368.5
49368.5
49368.5
49368.5
49368.5
49368.4
49368.4
49368.5
63497.8
63497.9
63497.9
63497.8
63497.9
63497.9
63498
63498
63498
63497.9
63498
63497.9
63497.9
63497.9
63497.9
63497.9
63497.8
63497.9
63497.8
63497.9
63497.9
63497.8
63497.9
63497.9
63498
63498
63498
63497.9
63498
63497.9
63497.9
63497.8
63497.9
63497.9
63497.8
63497.9
63497.8
63497.9
63497.9
63497.8
63497.9
63497.9
63498
63498
63498
63497.9
63498
63497.9
63497.9
63497.8
63497.9
63497.9
63497.8
63497.9
63497.8
63497.9
63497.9
63497.8
63497.9
63497.9
63498
63498
63498
63497.9
63498
63497.9
63497.9
63497.9
63497.9
63497.9
63497.8
63497.9
50109.6
50109.5
50109.5
50109.6
50109.6
50109.6
50109.7
50109.6
50109.5
50109.6
50109.6
50109.6
50109.6
50109.6
50109.5
50109.6
50109.5
50109.5
50109.6
50109.5
50109.5
50109.6
50109.6
50109.6
50109.7
50109.6
50109.5
50109.6
50109.6
50109.6
50109.6
50109.6
50109.5
50109.6
50109.5
50109.5
50109.6
50109.5
50109.5
50109.6
50109.6
50109.6
50109.7
50109.6
50109.5
50109.6
50109.6
50109.6
50109.6
50109.6
50109.5
50109.6
50109.5
50109.5
50109.6
50109.5
50109.5
50109.6
50109.6
50109.6
50109.7
50109.6
50109.5
50109.6
50109.6
50109.6
50109.6
50109.6
50109.5
50109.6
50109.5
50109.5
48088.2
48088.2
48088.2
48088.2
48088.2
48088.2
48088.2
48088.3
48088.3
48088.2
48088.2
48088.2
48088.2
48088.2
48088.2
48088.2
48088.2
48088.2
48088.2
48088.2
48088.2
48088.2
48088.2
48088.2
48088.2
48088.3
48088.3
48088.2
48088.2
48088.2
48088.3
48088.2
48088.2
48088.2
48088.2
48088.2
48088.2
48088.2
48088.2
48088.2
48088.2
48088.2
48088.2
48088.3
48088.3
48088.2
48088.2
48088.2
48088.3
48088.2
48088.2
48088.2
48088.2
48088.2
48088.2
48088.2
48088.2
48088.2
48088.2
48088.2
48088.2
48088.3
48088.3
48088.2
48088.2
48088.2
48088.3
48088.2
48088.2
48088.2
48088.2
48088.2
67646.3
67646.5
67646.6
67646.5
67646.5
67646.3
67646.5
67646.6
67646.5
67646.4
67646.5
67646.5
67646.5
67646.5
67646.6
67646.4
67646.6
67646.5
67646.3
67646.5
67646.6
67646.5
67646.5
67646.3
67646.5
67646.6
67646.5
67646.4
67646.5
67646.5
67646.5
67646.5
67646.6
67646.4
67646.6
67646.5
67646.3
67646.5
67646.6
67646.5
67646.5
67646.3
67646.5
67646.6
67646.5
67646.4
67646.5
67646.5
67646.5
67646.5
67646.6
67646.4
67646.6
67646.5
67646.3
67646.5
67646.6
67646.5
67646.5
67646.3
67646.5
67646.6
67646.5
67646.4
67646.5
67646.5
67646.5
67646.5
67646.6
67646.4
67646.6
67646.5
49535.1
49534.9
49534.9
49535.1
49535.1
49534.9
49535.1
49535
49535
49534.8
49534.9
49535
49535.1
49535
49534.9
49535
49535
49534.9
49535.1
49534.9
49534.9
49535.1
49535.1
49534.9
49535.1
49535
49535
49534.8
49534.9
49535
49535.1
49535
49534.9
49535
49535
49534.9
49535.1
49534.9
49534.9
49535.1
49535.1
49534.9
49535.1
49535
49535
49534.8
49534.9
49535
49535.1
49535
49534.9
49535
49535
49534.9
49535.1
49534.9
49534.9
49535.1
49535.1
49534.9
49535.1
49535
49535
49534.8
49534.9
49535
49535.1
49535
49534.9
49535
49535
49534.9
47066.7
47066.7
47066.8
47066.6
47066.7
47066.7
47066.7
47066.7
47066.7
47066.6
47066.7
47066.7
47066.7
47066.7
47066.8
47066.7
47066.7
47066.7
47066.7
47066.7
47066.8
47066.6
47066.7
47066.7
47066.7
47066.7
47066.7
47066.6
47066.7
47066.7
47066.7
47066.7
47066.8
47066.7
47066.7
47066.7
47066.7
47066.7
47066.8
47066.6
47066.7
47066.7
47066.7
47066.7
47066.7
47066.6
47066.7
47066.7
47066.7
47066.7
47066.8
47066.7
47066.7
47066.7
47066.7
47066.7
47066.8
47066.6
47066.7
47066.7
47066.7
47066.7
47066.7
47066.6
47066.7
47066.7
47066.7
47066.7
47066.8
47066.7
47066.7
47066.7
71589.6
71589.6
71589.8
71589.5
71589.6
71589.7
71589.7
71589.7
71589.8
71589.8
71589.8
71589.7
71589.7
71589.6
71589.8
71589.6
71589.8
71589.7
71589.6
71589.6
71589.8
71589.5
71589.6
71589.7
71589.7
71589.7
71589.8
71589.8
71589.8
71589.7
71589.7
71589.6
71589.8
71589.6
71589.8
71589.7
71589.6
71589.6
71589.8
71589.5
71589.6
71589.7
71589.7
71589.7
71589.8
71589.8
71589.8
71589.7
71589.7
71589.6
71589.8
71589.6
71589.8
71589.7
71589.6
71589.6
71589.8
71589.5
71589.6
71589.7
71589.7
71589.7
71589.8
71589.8
71589.8
71589.7
71589.7
71589.6
71589.8
71589.6
71589.8
71589.7
50266.5
50266.4
50266.5
50266.5
50266.7
50266.4
50266.6
50266.6
50266.7
50266.4
50266.4
50266.6
50266.7
50266.6
50266.5
50266.5
50266.5
50266.4
50266.5
50266.4
50266.5
50266.5
50266.7
50266.4
50266.6
50266.6
50266.7
50266.4
50266.4
50266.6
50266.7
50266.6
50266.5
50266.5
50266.5
50266.4
50266.5
50266.4
50266.5
50266.5
50266.7
50266.4
50266.6
50266.6
50266.7
50266.4
50266.4
50266.6
50266.7
50266.6
50266.5
50266.5
50266.5
50266.4
50266.5
50266.4
50266.5
50266.5
50266.7
50266.4
50266.6
50266.6
50266.7
50266.4
50266.4
50266.6
50266.7
50266.6
50266.5
50266.5
50266.5
50266.4
46568.6
46568.6
46568.7
46568.6
46568.6
46568.6
46568.6
46568.5
46568.5
46568.6
46568.7
46568.6
46568.6
46568.6
46568.6
46568.6
46568.6
46568.7
46568.6
46568.6
46568.7
46568.6
46568.6
46568.6
46568.6
46568.5
46568.5
46568.6
46568.7
46568.6
46568.6
46568.6
46568.6
46568.6
46568.6
46568.7
46568.6
46568.6
46568.7
46568.6
46568.6
46568.6
46568.6
46568.5
46568.5
46568.6
46568.7
46568.6
46568.6
46568.6
46568.6
46568.6
46568.6
46568.7
46568.6
46568.6
46568.7
46568.6
46568.6
46568.6
46568.6
46568.5
46568.5
46568.6
46568.7
46568.6
46568.6
46568.6
46568.6
46568.6
46568.6
46568.7
74820.9
74820.7
74820.9
74820.8
74820.9
74820.8
74820.8
74821.1
74820.8
74820.7
74820.9
74820.9
74820.8
74820.9
74821.1
74820.8
74821.1
74820.9
74820.9
74820.7
74820.9
74820.8
74820.9
74820.8
74820.8
74821.1
74820.8
74820.7
74820.9
74820.9
74820.8
74820.9
74821.1
74820.8
74821.1
74820.9
74820.9
74820.7
74820.9
74820.8
74820.9
74820.8
74820.8
74821.1
74820.8
74820.7
74820.9
74820.9
74820.8
74820.9
74821.1
74820.8
74821.1
74820.9
74820.9
74820.7
74820.9
74820.8
74820.9
74820.8
74820.8
74821.1
74820.8
74820.7
74820.9
74820.9
74820.8
74820.9
74821.1
74820.8
74821.1
74820.9
52310
52309.8
52309.9
52309.9
52310.1
52309.8
52309.9
52310
52310
52310.1
52309.9
52309.8
52310
52310.1
52309.9
52309.9
52310
52309.8
52310
52309.8
52309.9
52309.9
52310.1
52309.8
52309.9
52310
52310
52310.1
52309.9
52309.8
52310
52310.1
52309.9
52309.9
52310
52309.8
52310
52309.8
52309.9
52309.9
52310.1
52309.8
52309.9
52310
52310
52310.1
52309.9
52309.8
52310
52310.1
52309.9
52309.9
52310
52309.8
52310
52309.8
52309.9
52309.9
52310.1
52309.8
52309.9
52310
52310
52310.1
52309.9
52309.8
52310
52310.1
52309.9
52309.9
52310
52309.8
45582.3
45582.3
45582.3
45582.2
45582.2
45582.3
45582.2
45582.2
45582.2
45582.2
45582.3
45582.3
45582.1
45582.1
45582.2
45582.2
45582.4
45582.4
45582.3
45582.3
45582.3
45582.2
45582.2
45582.3
45582.2
45582.2
45582.2
45582.2
45582.3
45582.3
45582.2
45582.1
45582.2
45582.2
45582.4
45582.4
45582.3
45582.3
45582.3
45582.2
45582.2
45582.3
45582.2
45582.2
45582.2
45582.2
45582.3
45582.3
45582.2
45582.1
45582.2
45582.2
45582.4
45582.4
45582.3
45582.3
45582.3
45582.2
45582.2
45582.3
45582.2
45582.2
45582.2
45582.2
45582.3
45582.3
45582.2
45582.1
45582.2
45582.2
45582.4
45582.4
78817.1
78816.9
78816.9
78816.9
78816.8
78816.6
78817
78817.1
78816.6
78816.8
78816.8
78817.2
78816.9
78816.8
78816.9
78816.9
78816.9
78817.1
78817.1
78816.9
78816.9
78816.9
78816.8
78816.6
78817
78817.1
78816.6
78816.7
78816.8
78817.2
78816.9
78816.8
78816.9
78816.9
78816.9
78817.1
78817.1
78816.9
78816.9
78816.9
78816.8
78816.6
78817
78817.1
78816.6
78816.7
78816.8
78817.2
78816.9
78816.8
78816.9
78816.9
78816.9
78817.1
78817.1
78816.9
78816.9
78816.9
78816.8
78816.6
78817
78817.1
78816.6
78816.7
78816.8
78817.2
78816.9
78816.8
78816.9
78816.9
78816.9
78817.1
55307
55307
55306.7
55307.1
55307.2
55307
55306.9
55307
55307.1
55307.2
55307.1
55307.1
55307.1
55307.1
55307
55307
55307.3
55306.9
55307
55307
55306.7
55307.1
55307.2
55307
55306.9
55307
55307.1
55307.2
55307.1
55307.1
55307.1
55307.1
55307
55307
55307.3
55306.9
55307
55307
55306.7
55307.1
55307.2
55307
55306.9
55307
55307.1
55307.2
55307.1
55307.1
55307.1
55307.1
55307
55307
55307.3
55306.9
55307
55307
55306.7
55307.1
55307.2
55307
55306.9
55307
55307.1
55307.2
55307.1
55307.1
55307.1
55307.1
55307
55307
55307.3
55306.9
42443.1
42443.1
42443.2
42443.1
42443
42443.2
42443.2
42443.1
42443.2
42443.1
42443
42443.2
42443.1
42443.2
42443.2
42443.1
42443.1
42443.1
42443.1
42443.1
42443.2
42443.1
42443
42443.2
42443.2
42443.1
42443.2
42443.1
42443
42443.2
42443.1
42443.2
42443.2
42443.1
42443.1
42443.1
42443.1
42443.1
42443.2
42443.1
42443
42443.2
42443.2
42443.1
42443.2
42443.1
42443
42443.2
42443.1
42443.2
42443.2
42443.1
42443.1
42443.1
42443.1
42443.1
42443.2
42443.1
42443
42443.2
42443.2
42443.1
42443.2
42443.1
42443
42443.2
42443.1
42443.2
42443.2
42443.1
42443.1
42443.1
83008.3
83008.2
83008.3
83008.4
83007.9
83007.8
83008.3
83008.1
83008.3
83008.4
83007.8
83008.3
83008.1
83007.9
83008
83008.2
83008.3
83008.4
83008.3
83008.2
83008.3
83008.4
83007.9
83007.8
83008.3
83008.1
83008.3
83008.4
83007.8
83008.3
83008.1
83007.9
83008
83008.2
83008.3
83008.4
83008.3
83008.2
83008.3
83008.4
83007.9
83007.8
83008.3
83008.1
83008.3
83008.4
83007.8
83008.3
83008.1
83007.9
83008
83008.2
83008.3
83008.4
83008.3
83008.2
83008.3
83008.4
83007.9
83007.9
83008.3
83008.1
83008.3
83008.4
83007.8
83008.3
83008.1
83007.9
83008
83008.2
83008.3
83008.4
59128.9
59128.7
59128.8
59128.9
59128.8
59128.6
59128.5
59128.7
59128.7
59128.7
59128.7
59128.7
59128.6
59128.7
59128.8
59128.8
59128.7
59128.9
59128.9
59128.7
59128.8
59128.9
59128.7
59128.6
59128.5
59128.7
59128.7
59128.7
59128.7
59128.7
59128.6
59128.7
59128.8
59128.8
59128.7
59128.9
59128.9
59128.7
59128.8
59128.9
59128.8
59128.6
59128.5
59128.7
59128.7
59128.7
59128.7
59128.7
59128.6
59128.7
59128.8
59128.8
59128.7
59128.9
59128.9
59128.7
59128.8
59128.9
59128.7
59128.6
59128.5
59128.7
59128.7
59128.7
59128.7
59128.7
59128.6
59128.7
59128.8
59128.8
59128.7
59128.9
36320.3
36320.3
36320.3
36320.3
36320.2
36320.3
36320.3
36320.3
36320.3
36320.2
36320.3
36320.3
36320.2
36320.3
36320.3
36320.3
36320.2
36320.2
36320.3
36320.3
36320.3
36320.3
36320.2
36320.3
36320.3
36320.3
36320.3
36320.2
36320.3
36320.3
36320.2
36320.3
36320.3
36320.3
36320.2
36320.2
36320.3
36320.3
36320.3
36320.3
36320.2
36320.3
36320.3
36320.3
36320.3
36320.2
36320.3
36320.3
36320.2
36320.3
36320.3
36320.3
36320.2
36320.2
36320.3
36320.3
36320.3
36320.3
36320.2
36320.3
36320.3
36320.3
36320.3
36320.2
36320.3
36320.3
36320.2
36320.3
36320.3
36320.3
36320.2
36320.2
85658.9
85659.6
85659.4
85659.2
85659.6
85659.3
85659.2
85659.2
85659.5
85659.5
85658.8
85659.3
85659.1
85659.4
85658.8
85659.7
85659.7
85659
85658.9
85659.6
85659.4
85659.2
85659.6
85659.3
85659.2
85659.2
85659.5
85659.5
85658.8
85659.3
85659.1
85659.4
85658.8
85659.7
85659.7
85659
85658.9
85659.6
85659.4
85659.2
85659.6
85659.3
85659.2
85659.2
85659.5
85659.5
85658.8
85659.3
85659.1
85659.4
85658.8
85659.7
85659.7
85659
85658.9
85659.6
85659.4
85659.2
85659.6
85659.3
85659.2
85659.2
85659.5
85659.5
85658.8
85659.3
85659.1
85659.4
85658.8
85659.7
85659.7
85659
64021.8
64021.8
64021.9
64021.7
64021.4
64021.2
64021.7
64021.8
64022
64022
64021.7
64021.7
64021.3
64021.5
64021.8
64021.9
64021.4
64021.8
64021.8
64021.8
64021.9
64021.7
64021.4
64021.2
64021.7
64021.8
64022
64022
64021.8
64021.7
64021.3
64021.5
64021.7
64021.9
64021.4
64021.8
64021.8
64021.8
64021.9
64021.8
64021.4
64021.2
64021.7
64021.8
64022
64022
64021.8
64021.7
64021.3
64021.5
64021.7
64021.9
64021.4
64021.8
64021.8
64021.8
64021.9
64021.7
64021.4
64021.2
64021.7
64021.8
64022
64022
64021.8
64021.7
64021.3
64021.5
64021.7
64021.9
64021.4
64021.8
30710.4
30710.4
30710.4
30710.4
30710.5
30710.5
30710.4
30710.4
30710.3
30710.3
30710.4
30710.5
30710.5
30710.4
30710.4
30710.3
30710.4
30710.4
30710.4
30710.4
30710.4
30710.4
30710.5
30710.5
30710.4
30710.4
30710.3
30710.3
30710.4
30710.5
30710.5
30710.4
30710.4
30710.3
30710.4
30710.4
30710.4
30710.4
30710.4
30710.4
30710.5
30710.5
30710.4
30710.4
30710.3
30710.3
30710.4
30710.5
30710.5
30710.4
30710.4
30710.3
30710.4
30710.4
30710.4
30710.4
30710.4
30710.4
30710.5
30710.5
30710.4
30710.4
30710.3
30710.3
30710.4
30710.5
30710.5
30710.4
30710.4
30710.3
30710.4
30710.4
83383.2
83383.9
83383.4
83383.8
83383.7
83383.6
83383.4
83383.3
83383.7
83383.4
83383.5
83383.8
83383.8
83383.7
83383.5
83383.6
83383.8
83383.3
83383.2
83383.9
83383.4
83383.8
83383.7
83383.6
83383.4
83383.3
83383.7
83383.4
83383.5
83383.8
83383.8
83383.7
83383.5
83383.6
83383.8
83383.3
83383.2
83383.9
83383.4
83383.8
83383.7
83383.6
83383.4
83383.3
83383.7
83383.4
83383.5
83383.8
83383.8
83383.7
83383.5
83383.6
83383.8
83383.3
83383.2
83383.9
83383.4
83383.8
83383.7
83383.6
83383.4
83383.3
83383.7
83383.4
83383.5
83383.8
83383.8
83383.7
83383.5
83383.6
83383.8
83383.3
64628.2
64628.4
64628.3
64628.3
64628.1
64628.2
64628.2
64628.4
64628.4
64628.4
64628.4
64628.2
64628.2
64628.1
64628.4
64628.2
64628.1
64628.3
64628.2
64628.4
64628.3
64628.3
64628.1
64628.2
64628.2
64628.4
64628.4
64628.4
64628.4
64628.2
64628.2
64628.1
64628.4
64628.2
64628.1
64628.3
64628.2
64628.4
64628.3
64628.3
64628.1
64628.2
64628.2
64628.4
64628.4
64628.4
64628.4
64628.2
64628.2
64628.1
64628.4
64628.2
64628.1
64628.3
64628.2
64628.4
64628.3
64628.3
64628.1
64628.2
64628.2
64628.4
64628.4
64628.4
64628.4
64628.2
64628.2
64628.1
64628.4
64628.2
64628.1
64628.3
36627.8
36627.8
36627.8
36627.8
36627.9
36627.8
36627.8
36627.7
36627.7
36627.8
36627.8
36627.8
36627.7
36627.8
36627.8
36627.8
36627.7
36627.8
36627.8
36627.8
36627.8
36627.8
36627.9
36627.8
36627.8
36627.7
36627.7
36627.8
36627.8
36627.8
36627.7
36627.8
36627.8
36627.8
36627.7
36627.8
36627.8
36627.8
36627.8
36627.8
36627.9
36627.8
36627.8
36627.7
36627.7
36627.8
36627.8
36627.8
36627.7
36627.8
36627.8
36627.8
36627.7
36627.8
36627.8
36627.8
36627.8
36627.8
36627.9
36627.8
36627.8
36627.7
36627.7
36627.8
36627.8
36627.8
36627.7
36627.8
36627.8
36627.8
36627.7
36627.8
70374.4
70374.6
70374.9
70374.6
70374.7
70374.7
70374.3
70374.3
70374.6
70374.7
70374.6
70374.6
70374.9
70374.6
70374.7
70374.6
70374.7
70374.4
70374.4
70374.6
70374.9
70374.6
70374.7
70374.7
70374.3
70374.3
70374.6
70374.7
70374.6
70374.6
70374.9
70374.6
70374.7
70374.6
70374.7
70374.4
70374.4
70374.6
70374.9
70374.6
70374.7
70374.7
70374.3
70374.3
70374.6
70374.7
70374.6
70374.6
70374.9
70374.6
70374.7
70374.6
70374.7
70374.4
70374.4
70374.6
70374.9
70374.6
70374.7
70374.7
70374.3
70374.3
70374.6
70374.7
70374.6
70374.6
70374.9
70374.6
70374.7
70374.6
70374.7
70374.4
55849.4
55849.5
55849.7
55849.6
55849.6
55849.7
55849.7
55849.3
55849.3
55849.4
55849.5
55849.7
55849.6
55849.5
55849.6
55849.3
55849.2
55849.3
55849.4
55849.5
55849.7
55849.6
55849.6
55849.7
55849.7
55849.3
55849.3
55849.4
55849.5
55849.7
55849.6
55849.5
55849.6
55849.3
55849.2
55849.3
55849.4
55849.5
55849.7
55849.6
55849.6
55849.7
55849.7
55849.3
55849.3
55849.4
55849.5
55849.7
55849.6
55849.5
55849.6
55849.3
55849.2
55849.3
55849.4
55849.5
55849.7
55849.6
55849.6
55849.7
55849.7
55849.3
55849.3
55849.4
55849.5
55849.7
55849.6
55849.5
55849.6
55849.3
55849.2
55849.3
45464
45464
45464
45464
45464.1
45464.1
45464.1
45464
45464
45464
45464
45464
45464
45464.1
45464.1
45464
45464
45464
45464
45464
45464
45464
45464.1
45464.1
45464.1
45464
45464
45464
45464.1
45464
45464
45464.1
45464.1
45464
45464
45464
45464
45464
45464
45464
45464.1
45464.1
45464.1
45464
45464
45464
45464
45464
45464
45464.1
45464.1
45464
45464
45464
45464
45464
45464
45464
45464.1
45464.1
45464.1
45464
45464
45464
45464
45464
45464
45464.1
45464.1
45464
45464
45464
54441.1
54440.9
54440.9
54440.7
54440.9
54440.8
54440.5
54440.7
54440.8
54440.8
54440.8
54440.8
54440.9
54440.9
54440.8
54440.8
54441
54440.9
54441.1
54440.9
54441
54440.7
54440.9
54440.8
54440.5
54440.7
54440.8
54440.8
54440.8
54440.8
54440.9
54440.9
54440.8
54440.8
54441
54440.9
54441.1
54440.9
54441
54440.7
54440.9
54440.8
54440.5
54440.7
54440.8
54440.8
54440.8
54440.8
54440.9
54440.9
54440.8
54440.8
54441
54440.9
54441.1
54440.9
54441
54440.7
54440.9
54440.8
54440.5
54440.7
54440.8
54440.8
54440.8
54440.8
54440.9
54440.9
54440.8
54440.8
54441
54440.9
50523
50523.1
50523.2
50523.3
50523.2
50523.2
50523.1
50523.1
50523.1
50523.2
50523.2
50523.1
50523.1
50523
50523.1
50523.1
50523.1
50523
50523
50523.1
50523.2
50523.3
50523.2
50523.2
50523.1
50523.1
50523.1
50523.2
50523.2
50523.1
50523.1
50523
50523.1
50523.1
50523.1
50523
50523
50523.1
50523.2
50523.2
50523.2
50523.2
50523.1
50523.1
50523.1
50523.2
50523.2
50523.1
50523.1
50523
50523.1
50523.1
50523.1
50523
50523
50523.1
50523.2
50523.2
50523.2
50523.2
50523.1
50523.1
50523.1
50523.2
50523.2
50523.1
50523.1
50523
50523.1
50523.1
50523.1
50523
48626.1
48626.1
48626.2
48626.2
48626.2
48626.2
48626.3
48626.3
48626.2
48626.2
48626.1
48626.2
48626.3
48626.3
48626.3
48626.2
48626.1
48626.1
48626.1
48626.1
48626.2
48626.2
48626.2
48626.2
48626.3
48626.3
48626.2
48626.2
48626.1
48626.2
48626.3
48626.3
48626.3
48626.2
48626.1
48626.1
48626.1
48626.1
48626.2
48626.2
48626.2
48626.2
48626.3
48626.3
48626.2
48626.2
48626.1
48626.2
48626.3
48626.3
48626.3
48626.2
48626.1
48626.1
48626.1
48626.1
48626.2
48626.2
48626.2
48626.2
48626.3
48626.3
48626.2
48626.2
48626.1
48626.2
48626.3
48626.3
48626.3
48626.2
48626.1
48626.1
55819.1
55819.1
55819.3
55819
55819.2
55818.9
55818.9
55819.1
55819
55819.1
55819.3
55818.9
55819.2
55818.8
55819
55819.2
55819.2
55819.3
55819.1
55819.2
55819.3
55819.1
55819.2
55818.9
55818.9
55819.1
55819
55819.1
55819.3
55818.9
55819.2
55818.8
55819
55819.2
55819.2
55819.3
55819.1
55819.2
55819.3
55819.1
55819.2
55818.9
55818.9
55819.1
55819
55819.1
55819.3
55818.9
55819.2
55818.8
55819
55819.2
55819.2
55819.3
55819.1
55819.2
55819.3
55819.1
55819.2
55818.9
55818.9
55819.1
55819
55819.1
55819.3
55818.9
55819.2
55818.8
55819
55819.2
55819.2
55819.2
48956.9
48957.9
48957.2
48955.8
48956.9
48956.7
48955.3
48957.3
48957.8
48955.8
48955.5
48957
48956.7
48956.2
48957.6
48956.9
48956
48956.3
48956.9
48957.9
48957.2
48955.8
48956.9
48956.7
48955.3
48957.3
48957.8
48955.8
48955.5
48957
48956.7
48956.2
48957.6
48956.9
48956
48956.3
48956.9
48957.9
48957.2
48955.8
48956.9
48956.7
48955.3
48957.3
48957.8
48955.8
48955.5
48957
48956.7
48956.2
48957.6
48956.9
48956
48956.3
48956.9
48957.9
48957.2
48955.8
48956.9
48956.7
48955.3
48957.3
48957.8
48955.8
48955.5
48957
48956.7
48956.2
48957.6
48956.9
48956
48956.3
49723.3
49723.4
49723.6
49723.8
49723.8
49723.6
49723.8
49723.6
49723.7
49723.8
49723.9
49723.6
49723.7
49723.8
49723.6
49723.9
49723.8
49723.5
49723.3
49723.4
49723.6
49723.8
49723.8
49723.6
49723.8
49723.6
49723.7
49723.8
49723.9
49723.6
49723.7
49723.8
49723.6
49723.9
49723.9
49723.5
49723.3
49723.4
49723.6
49723.8
49723.7
49723.6
49723.8
49723.6
49723.7
49723.8
49723.9
49723.6
49723.7
49723.7
49723.6
49723.9
49723.9
49723.5
49723.3
49723.4
49723.6
49723.8
49723.7
49723.6
49723.8
49723.6
49723.7
49723.8
49723.9
49723.6
49723.7
49723.8
49723.6
49723.9
49723.8
49723.5
68591.3
68591.5
68591.4
68591
68591.1
68591.3
68590.7
68591.5
68590.5
68591.5
68591.2
68590.5
68591.4
68590.9
68591.2
68591.2
68590.8
68591
68591.3
68591.5
68591.4
68591
68591.1
68591.3
68590.7
68591.5
68590.5
68591.5
68591.2
68590.5
68591.4
68590.9
68591.2
68591.2
68590.8
68591
68591.3
68591.5
68591.4
68591
68591.1
68591.3
68590.7
68591.5
68590.5
68591.5
68591.2
68590.5
68591.4
68590.9
68591.2
68591.2
68590.8
68591
68591.3
68591.5
68591.4
68591
68591.1
68591.3
68590.7
68591.5
68590.5
68591.5
68591.2
68590.5
68591.4
68590.9
68591.2
68591.2
68590.8
68591
53540.6
53503.4
53495.3
53543.3
53515.1
53532.8
53534.9
53506.1
53524
53506.1
53525.4
53533
53528
53513.4
53530.6
53502.3
53501.3
53556.2
53540.6
53503.3
53495.3
53543.3
53515.1
53532.8
53534.9
53506.1
53524
53506.1
53525.4
53533
53528
53513.4
53530.6
53502.3
53501.3
53556.2
53540.6
53503.3
53495.3
53543.2
53515.1
53532.8
53534.9
53506.1
53524
53506.1
53525.4
53533
53528
53513.4
53530.6
53502.3
53501.4
53556.2
53540.6
53503.3
53495.3
53543.2
53515.1
53532.7
53534.9
53506.1
53524
53506.1
53525.4
53533
53528
53513.4
53530.6
53502.3
53501.3
53556.2
63926.7
63922.8
63924.1
63930.1
63925.9
63928.4
63929.5
63924.6
63924.7
63923.6
63930.6
63929.7
63924.8
63926.1
63925.1
63922.8
63927.4
63930.7
63926.7
63922.8
63924.1
63930.1
63925.9
63928.4
63929.5
63924.6
63924.7
63923.6
63930.6
63929.7
63924.8
63926.1
63925.1
63922.8
63927.4
63930.7
63926.7
63922.8
63924.1
63930.1
63925.9
63928.4
63929.5
63924.6
63924.7
63923.6
63930.6
63929.7
63924.8
63926.1
63925.1
63922.8
63927.4
63930.7
63926.7
63922.8
63924.1
63930.1
63925.9
63928.4
63929.5
63924.6
63924.7
63923.6
63930.6
63929.7
63924.8
63926.1
63925.1
63922.8
63927.4
63930.7
72757.8
72758.6
72758.8
72757.9
72760.2
72758.7
72758.2
72755.1
72760.7
72759.9
72758.2
72757
72758
72759.8
72757.4
72760.1
72757.1
72759.7
72757.8
72758.6
72758.8
72757.9
72760.2
72758.7
72758.2
72755.1
72760.7
72759.9
72758.2
72757
72758
72759.8
72757.4
72760.1
72757.1
72759.7
72757.8
72758.6
72758.8
72757.9
72760.2
72758.7
72758.2
72755.1
72760.7
72759.9
72758.2
72757
72758
72759.8
72757.4
72760.1
72757.1
72759.7
72757.8
72758.6
72758.8
72757.9
72760.2
72758.7
72758.2
72755.1
72760.7
72759.9
72758.1
72757
72758
72759.8
72757.4
72760.1
72757.1
72759.7
)
;

boundaryField
{
    fixed
    {
        type            calculated;
        value           nonuniform List<scalar> 
216
(
52698.6
52698.6
52698.5
52698.6
52698.6
52698.6
52698.6
52698.6
52698.5
52698.5
52698.5
52698.6
52698.6
52698.6
52698.6
52698.5
52698.6
52698.6
52698.6
52698.6
52698.5
52698.6
52698.6
52698.6
52698.6
52698.6
52698.5
52698.5
52698.5
52698.6
52698.6
52698.6
52698.6
52698.5
52698.6
52698.6
52698.6
52698.6
52698.5
52698.6
52698.6
52698.6
52698.6
52698.6
52698.5
52698.5
52698.5
52698.6
52698.6
52698.6
52698.6
52698.5
52698.6
52698.6
52698.6
52698.6
52698.5
52698.6
52698.6
52698.6
52698.6
52698.6
52698.5
52698.5
52698.5
52698.6
52698.6
52698.6
52698.6
52698.5
52698.6
52698.6
51571.7
51571.7
51571.7
51571.7
51571.7
51571.7
51571.7
51571.7
51571.7
51571.7
51571.7
51571.6
51571.7
51571.7
51571.7
51571.7
51571.7
51571.7
51571.7
51571.7
51571.7
51571.7
51571.7
51571.7
51571.7
51571.7
51571.7
51571.7
51571.7
51571.7
51571.7
51571.7
51571.7
51571.7
51571.7
51571.7
51571.7
51571.7
51571.7
51571.7
51571.7
51571.7
51571.7
51571.7
51571.7
51571.7
51571.7
51571.7
51571.7
51571.7
51571.7
51571.7
51571.7
51571.7
51571.7
51571.7
51571.7
51571.7
51571.7
51571.7
51571.7
51571.7
51571.7
51571.7
51571.7
51571.7
51571.7
51571.7
51571.7
51571.7
51571.7
51571.7
63279.5
63279.4
63279.3
63279.3
63279.4
63279.4
63279.4
63279.6
63279.6
63279.4
63279.4
63279.4
63279.4
63279.5
63279.5
63279.5
63279.4
63279.4
63279.5
63279.4
63279.3
63279.3
63279.4
63279.4
63279.4
63279.6
63279.6
63279.4
63279.4
63279.4
63279.4
63279.5
63279.5
63279.5
63279.4
63279.4
63279.5
63279.4
63279.3
63279.3
63279.4
63279.4
63279.4
63279.6
63279.6
63279.4
63279.4
63279.4
63279.4
63279.5
63279.5
63279.5
63279.4
63279.4
63279.5
63279.4
63279.3
63279.3
63279.4
63279.4
63279.4
63279.6
63279.6
63279.4
63279.4
63279.4
63279.4
63279.5
63279.5
63279.5
63279.4
63279.4
)
;
    }
    inside
    {
        type            calculated;
        value           nonuniform List<scalar> 
1080
(
68162.2
68162.1
68162
68162
68162
68162
68162.1
68162.3
68162.4
68162.1
68162
68162.1
68162.1
68162.3
68162.2
68162.2
68162.1
68162.1
68162.2
68162.1
68162
68162
68162
68162
68162.1
68162.3
68162.4
68162.1
68162
68162.1
68162.1
68162.3
68162.2
68162.2
68162.1
68162.1
68162.2
68162.1
68162
68162
68162
68162
68162.1
68162.3
68162.4
68162.1
68162
68162.1
68162.1
68162.3
68162.2
68162.2
68162.1
68162.1
68162.2
68162.1
68162
68162
68162
68162
68162.1
68162.3
68162.4
68162.1
68162
68162.1
68162.1
68162.3
68162.2
68162.2
68162.1
68162.1
65739.2
65739.2
65739.1
65738.9
65739
65739.1
65739.3
65739.4
65739.4
65739.2
65739.3
65739.2
65739.2
65739.3
65739.3
65739.3
65739
65739.1
65739.2
65739.2
65739.1
65738.9
65739
65739.1
65739.3
65739.4
65739.4
65739.2
65739.3
65739.2
65739.2
65739.3
65739.3
65739.3
65739
65739.1
65739.2
65739.2
65739.1
65738.9
65739
65739.1
65739.3
65739.4
65739.4
65739.2
65739.3
65739.2
65739.2
65739.3
65739.3
65739.3
65739
65739.1
65739.2
65739.2
65739.1
65738.9
65739
65739.1
65739.3
65739.4
65739.4
65739.2
65739.3
65739.2
65739.2
65739.3
65739.3
65739.3
65739
65739.1
70949.2
70949.3
70949.4
70949.4
70949.5
70949.4
70949.6
70949.5
70949.5
70949.4
70949.5
70949.4
70949.5
70949.4
70949.4
70949.3
70949.3
70949.4
70949.2
70949.3
70949.4
70949.4
70949.5
70949.4
70949.6
70949.5
70949.5
70949.4
70949.6
70949.4
70949.5
70949.4
70949.4
70949.3
70949.3
70949.4
70949.2
70949.3
70949.4
70949.4
70949.5
70949.4
70949.6
70949.5
70949.5
70949.4
70949.5
70949.4
70949.5
70949.4
70949.4
70949.3
70949.3
70949.4
70949.2
70949.3
70949.4
70949.4
70949.5
70949.4
70949.6
70949.5
70949.5
70949.4
70949.6
70949.4
70949.5
70949.4
70949.4
70949.3
70949.3
70949.4
81960.5
81960.7
81960.9
81960.8
81960.7
81960.6
81960.7
81960.7
81960.6
81960.5
81960.6
81960.5
81960.6
81960.6
81960.7
81960.5
81960.7
81960.7
81960.5
81960.7
81960.9
81960.8
81960.7
81960.6
81960.7
81960.7
81960.6
81960.5
81960.6
81960.5
81960.6
81960.6
81960.7
81960.5
81960.7
81960.7
81960.5
81960.7
81960.9
81960.8
81960.7
81960.6
81960.7
81960.7
81960.6
81960.5
81960.6
81960.5
81960.6
81960.6
81960.7
81960.5
81960.7
81960.7
81960.5
81960.7
81960.9
81960.8
81960.7
81960.6
81960.7
81960.7
81960.6
81960.5
81960.6
81960.5
81960.6
81960.6
81960.7
81960.5
81960.7
81960.7
91890.9
91890.8
91891
91890.6
91890.8
91891
91891
91891
91891.3
91891.1
91891
91890.9
91890.8
91890.8
91891
91890.7
91891
91890.9
91890.9
91890.8
91891
91890.6
91890.8
91891
91891
91891
91891.3
91891.1
91891
91890.8
91890.8
91890.8
91891
91890.7
91891
91890.9
91890.9
91890.8
91891
91890.6
91890.8
91891
91891
91891
91891.3
91891.1
91891
91890.8
91890.8
91890.8
91891
91890.7
91891
91890.9
91890.9
91890.8
91891
91890.6
91890.8
91891.1
91891
91891
91891.3
91891.1
91891
91890.8
91890.8
91890.8
91891
91890.7
91891
91890.9
95449.5
95449.2
95449.4
95449.2
95449.4
95449.2
95449.2
95449.6
95449.3
95449.4
95449.3
95449.6
95449.4
95449.4
95449.6
95449.5
95449.6
95449.3
95449.5
95449.2
95449.4
95449.2
95449.4
95449.2
95449.2
95449.6
95449.3
95449.4
95449.3
95449.5
95449.3
95449.4
95449.6
95449.5
95449.6
95449.3
95449.5
95449.2
95449.4
95449.2
95449.4
95449.2
95449.2
95449.6
95449.3
95449.4
95449.3
95449.5
95449.3
95449.4
95449.6
95449.5
95449.6
95449.3
95449.5
95449.2
95449.4
95449.2
95449.4
95449.2
95449.2
95449.6
95449.3
95449.4
95449.3
95449.5
95449.3
95449.4
95449.6
95449.5
95449.6
95449.3
97901.1
97901
97901.1
97901
97900.9
97900.7
97901
97900.9
97900.4
97900.8
97900.9
97901.3
97901
97901
97901
97901.1
97901
97901.3
97901.1
97901
97901.1
97901
97900.9
97900.7
97901
97900.9
97900.4
97900.8
97900.9
97901.2
97901
97901
97901
97901.1
97901
97901.3
97901.1
97901
97901.1
97901
97900.9
97900.7
97901
97900.9
97900.4
97900.8
97900.9
97901.2
97901
97901
97901
97901.1
97901
97901.3
97901.1
97901.1
97901.1
97901
97900.9
97900.7
97901
97900.9
97900.4
97900.8
97900.9
97901.2
97901
97901
97901
97901.1
97901
97901.3
101033
101033
101033
101033
101032
101033
101033
101032
101032
101033
101032
101033
101032
101032
101033
101033
101033
101033
101033
101033
101033
101033
101032
101033
101033
101032
101032
101033
101032
101033
101032
101032
101033
101033
101033
101033
101033
101033
101033
101033
101032
101033
101033
101032
101032
101033
101032
101033
101032
101032
101033
101033
101033
101033
101033
101033
101033
101033
101032
101033
101033
101032
101032
101033
101032
101033
101032
101032
101033
101033
101033
101033
104439
104440
104439
104439
104439
104439
104439
104439
104440
104439
104439
104439
104439
104439
104439
104440
104440
104439
104439
104440
104439
104439
104439
104439
104439
104439
104440
104439
104439
104439
104439
104439
104439
104440
104440
104439
104439
104440
104439
104439
104439
104439
104439
104439
104440
104439
104439
104439
104439
104439
104439
104440
104440
104439
104439
104440
104439
104439
104439
104439
104439
104439
104440
104439
104439
104439
104439
104439
104439
104440
104440
104439
105532
105532
105532
105532
105532
105532
105532
105532
105532
105532
105532
105532
105532
105532
105532
105532
105532
105532
105532
105532
105532
105532
105532
105532
105532
105532
105532
105532
105532
105532
105532
105532
105532
105532
105532
105532
105532
105532
105532
105532
105532
105532
105532
105532
105532
105532
105532
105532
105532
105532
105532
105532
105532
105532
105532
105532
105532
105532
105532
105532
105532
105532
105532
105532
105532
105532
105532
105532
105532
105532
105532
105532
92976.2
92976.1
92976.5
92976
92976.1
92975.8
92975.9
92976.2
92976.7
92976.3
92976.3
92976.1
92976.5
92975.9
92976
92976.2
92976.4
92976
92976.2
92976.1
92976.5
92976
92976.1
92975.8
92975.9
92976.2
92976.7
92976.3
92976.3
92976.1
92976.5
92975.9
92976
92976.2
92976.4
92976
92976.2
92976.1
92976.5
92976
92976.1
92975.8
92975.9
92976.2
92976.7
92976.3
92976.3
92976.1
92976.5
92975.9
92976
92976.2
92976.4
92976
92976.2
92976.1
92976.5
92976
92976.1
92975.8
92975.9
92976.2
92976.7
92976.3
92976.3
92976.1
92976.5
92975.9
92976
92976.2
92976.4
92976
67789.5
67789.4
67789.8
67789.7
67789.7
67789.4
67789.4
67789.6
67789.7
67789.7
67789.7
67789.7
67789.8
67789.5
67789.3
67789.5
67789.7
67789.5
67789.5
67789.4
67789.8
67789.7
67789.7
67789.4
67789.4
67789.6
67789.7
67789.7
67789.7
67789.7
67789.8
67789.5
67789.3
67789.5
67789.7
67789.5
67789.5
67789.4
67789.8
67789.7
67789.7
67789.4
67789.4
67789.6
67789.7
67789.7
67789.7
67789.7
67789.8
67789.5
67789.3
67789.5
67789.7
67789.5
67789.5
67789.4
67789.8
67789.7
67789.7
67789.4
67789.4
67789.6
67789.7
67789.7
67789.7
67789.7
67789.8
67789.5
67789.3
67789.5
67789.7
67789.5
54546.7
54546.7
54546.7
54546.7
54546.7
54546.7
54546.7
54546.7
54546.6
54546.6
54546.7
54546.7
54546.8
54546.6
54546.6
54546.6
54546.6
54546.6
54546.7
54546.6
54546.7
54546.7
54546.7
54546.7
54546.7
54546.7
54546.6
54546.6
54546.7
54546.7
54546.8
54546.6
54546.6
54546.6
54546.6
54546.6
54546.7
54546.7
54546.7
54546.7
54546.7
54546.7
54546.7
54546.7
54546.6
54546.6
54546.7
54546.7
54546.8
54546.6
54546.6
54546.6
54546.6
54546.6
54546.7
54546.7
54546.7
54546.7
54546.7
54546.7
54546.7
54546.7
54546.6
54546.6
54546.7
54546.7
54546.8
54546.6
54546.6
54546.6
54546.6
54546.6
53263.3
53263.3
53263.4
53263.2
53263.4
53263.1
53263.2
53263.2
53263
53263.4
53263.1
53263.1
53263.1
53263.2
53263.2
53263.1
53263.2
53263.2
53263.3
53263.3
53263.4
53263.2
53263.4
53263.1
53263.2
53263.2
53263
53263.4
53263.1
53263.1
53263.1
53263.2
53263.2
53263.1
53263.2
53263.2
53263.3
53263.3
53263.4
53263.2
53263.4
53263.1
53263.2
53263.2
53263
53263.4
53263.1
53263.1
53263.1
53263.2
53263.2
53263.1
53263.2
53263.2
53263.3
53263.3
53263.4
53263.2
53263.4
53263.1
53263.2
53263.2
53263
53263.4
53263.1
53263.1
53263.1
53263.2
53263.2
53263.1
53263.2
53263.2
69128.3
69128.4
69127.6
69128.3
69129
69132.1
69128.8
69121.8
69126
69133.3
69132.9
69125
69125.2
69128.9
69129.3
69129.1
69128
69128.7
69128.3
69128.4
69127.6
69128.3
69129
69132.1
69128.8
69121.8
69126
69133.3
69132.9
69125
69125.2
69128.9
69129.3
69129.1
69128
69128.7
69128.3
69128.4
69127.6
69128.3
69129
69132.1
69128.8
69121.8
69126
69133.3
69132.9
69125
69125.2
69128.9
69129.3
69129.1
69128
69128.7
69128.3
69128.4
69127.6
69128.3
69129
69132.1
69128.8
69121.8
69126
69133.3
69132.9
69125
69125.2
69128.9
69129.3
69129.1
69128
69128.7
)
;
    }
    outside
    {
        type            calculated;
        value           nonuniform List<scalar> 
1080
(
56044
56044
56044
56044
56044.1
56044
56044
56043.9
56043.8
56043.8
56043.8
56043.9
56044
56044
56044
56043.9
56044
56044.1
56044
56044
56044
56044
56044.1
56044
56044
56043.9
56043.8
56043.8
56043.8
56043.9
56044
56044
56044
56043.9
56044
56044.1
56044
56044
56044
56044
56044.1
56044
56044
56043.9
56043.8
56043.8
56043.8
56043.9
56044
56044
56044
56043.9
56044
56044.1
56044
56044
56044
56044
56044.1
56044
56044
56043.9
56043.8
56043.8
56043.8
56043.9
56044
56044
56044
56043.9
56044
56044.1
53956
53955.9
53955.9
53955.9
53955.9
53956
53956
53956
53955.9
53955.8
53955.8
53955.8
53955.9
53955.9
53955.9
53955.9
53955.9
53955.9
53956
53955.9
53955.9
53955.9
53955.9
53956
53956
53956
53955.9
53955.8
53955.8
53955.8
53955.9
53955.9
53955.9
53955.9
53955.9
53955.9
53956
53955.9
53955.9
53955.9
53955.9
53956
53956
53956
53955.9
53955.8
53955.8
53955.8
53955.9
53955.9
53955.9
53955.9
53955.9
53955.9
53956
53955.9
53955.9
53955.9
53955.9
53956
53956
53956
53955.9
53955.8
53955.8
53955.8
53955.9
53955.9
53955.9
53955.9
53955.9
53955.9
53221.6
53221.6
53221.6
53221.6
53221.6
53221.7
53221.6
53221.7
53221.7
53221.7
53221.6
53221.6
53221.6
53221.6
53221.6
53221.6
53221.5
53221.6
53221.6
53221.6
53221.6
53221.6
53221.6
53221.7
53221.6
53221.6
53221.7
53221.7
53221.6
53221.6
53221.6
53221.6
53221.6
53221.6
53221.5
53221.6
53221.6
53221.6
53221.6
53221.6
53221.6
53221.7
53221.6
53221.6
53221.7
53221.7
53221.6
53221.6
53221.6
53221.6
53221.6
53221.6
53221.5
53221.6
53221.6
53221.6
53221.6
53221.6
53221.6
53221.7
53221.6
53221.6
53221.7
53221.7
53221.6
53221.6
53221.6
53221.6
53221.6
53221.6
53221.5
53221.6
53501.3
53501.2
53501.3
53501.3
53501.2
53501.3
53501.4
53501.3
53501.2
53501.3
53501.4
53501.3
53501.3
53501.3
53501.2
53501.3
53501.2
53501.2
53501.3
53501.2
53501.3
53501.3
53501.2
53501.3
53501.4
53501.3
53501.2
53501.3
53501.4
53501.3
53501.3
53501.3
53501.2
53501.3
53501.2
53501.2
53501.3
53501.2
53501.3
53501.3
53501.2
53501.3
53501.4
53501.3
53501.2
53501.3
53501.4
53501.3
53501.3
53501.3
53501.2
53501.3
53501.2
53501.2
53501.3
53501.2
53501.3
53501.3
53501.2
53501.3
53501.4
53501.3
53501.2
53501.3
53501.4
53501.3
53501.3
53501.3
53501.2
53501.3
53501.2
53501.2
56035.9
56035.8
56035.8
56035.9
56036
56035.9
56036.1
56036
56035.9
56035.7
56035.9
56036
56035.9
56035.9
56035.9
56035.9
56035.9
56035.9
56035.9
56035.8
56035.8
56035.9
56036
56035.9
56036.1
56036
56035.9
56035.7
56035.9
56036
56035.9
56035.9
56035.9
56035.9
56035.9
56035.9
56035.9
56035.8
56035.8
56035.9
56036
56035.9
56036.1
56036
56035.9
56035.7
56035.9
56036
56035.9
56035.9
56035.9
56035.9
56035.9
56035.9
56035.9
56035.8
56035.8
56035.9
56036
56035.9
56036.1
56036
56035.9
56035.7
56035.9
56036
56035.9
56035.9
56035.9
56035.9
56035.9
56035.9
63067.7
63067.6
63067.7
63067.6
63067.9
63067.9
63068.1
63068
63068
63067.8
63067.7
63067.8
63067.9
63067.8
63068
63067.8
63067.8
63067.7
63067.7
63067.6
63067.7
63067.6
63067.9
63067.9
63068.1
63068
63068
63067.8
63067.7
63067.8
63067.9
63067.8
63068
63067.8
63067.8
63067.7
63067.7
63067.6
63067.7
63067.6
63067.9
63067.9
63068.1
63068
63068
63067.8
63067.7
63067.8
63067.9
63067.8
63068
63067.8
63067.8
63067.7
63067.7
63067.6
63067.7
63067.6
63067.9
63067.9
63068.1
63068
63068
63067.8
63067.7
63067.8
63067.9
63067.8
63068
63067.8
63067.8
63067.7
74280.2
74279.9
74280
74279.8
74280
74279.8
74280.1
74280.3
74280.2
74280.5
74280.3
74279.9
74280
74280.1
74280.3
74280.3
74280.2
74280
74280.2
74279.9
74280
74279.8
74280
74279.8
74280.1
74280.3
74280.2
74280.5
74280.3
74279.9
74280
74280.1
74280.3
74280.3
74280.2
74280
74280.2
74279.9
74280
74279.8
74280
74279.8
74280.1
74280.3
74280.2
74280.5
74280.3
74279.9
74280
74280.1
74280.3
74280.3
74280.2
74280
74280.2
74279.9
74280
74279.8
74280
74279.8
74280.1
74280.3
74280.2
74280.5
74280.3
74279.9
74280
74280.1
74280.3
74280.3
74280.2
74280
87295.5
87295.2
87295.1
87295.2
87295.2
87295.1
87295.1
87295.4
87295.3
87295.7
87295.8
87295.3
87295.1
87295.2
87295.3
87295.6
87295.8
87295.3
87295.5
87295.2
87295.1
87295.2
87295.2
87295.1
87295.1
87295.4
87295.3
87295.7
87295.8
87295.3
87295.1
87295.2
87295.2
87295.6
87295.8
87295.3
87295.5
87295.2
87295.1
87295.2
87295.2
87295.1
87295.1
87295.4
87295.3
87295.7
87295.8
87295.3
87295.1
87295.2
87295.2
87295.6
87295.8
87295.3
87295.5
87295.3
87295.1
87295.2
87295.2
87295.1
87295.1
87295.4
87295.3
87295.7
87295.8
87295.3
87295.1
87295.2
87295.2
87295.6
87295.8
87295.3
97746
97745.8
97745.2
97745.4
97745.3
97745.3
97744.9
97745.3
97745.3
97745.4
97745.4
97745.4
97745.2
97744.9
97745.3
97745.7
97745.9
97746
97746
97745.8
97745.2
97745.4
97745.3
97745.3
97744.9
97745.3
97745.3
97745.4
97745.4
97745.4
97745.2
97744.9
97745.3
97745.7
97745.9
97746
97746
97745.8
97745.2
97745.4
97745.3
97745.3
97744.9
97745.3
97745.3
97745.4
97745.4
97745.4
97745.2
97744.9
97745.3
97745.7
97745.9
97746
97746
97745.8
97745.2
97745.4
97745.3
97745.3
97744.9
97745.3
97745.3
97745.4
97745.4
97745.4
97745.2
97744.9
97745.3
97745.7
97745.9
97746
99620.9
99621.2
99620.6
99620.6
99620.6
99620.5
99620.8
99620.9
99621.1
99621.1
99620.9
99620.9
99620.7
99620.5
99620.4
99620.7
99620.5
99620.9
99620.9
99621.2
99620.6
99620.6
99620.6
99620.5
99620.8
99620.9
99621.1
99621.1
99620.9
99620.9
99620.7
99620.5
99620.4
99620.7
99620.5
99620.9
99620.9
99621.2
99620.6
99620.6
99620.6
99620.5
99620.8
99620.9
99621.1
99621.1
99620.9
99620.9
99620.7
99620.5
99620.4
99620.7
99620.5
99620.9
99620.9
99621.2
99620.6
99620.6
99620.6
99620.5
99620.8
99620.9
99621.1
99621.1
99620.9
99620.9
99620.7
99620.5
99620.4
99620.7
99620.5
99620.9
82872.8
82873.3
82873.2
82873.2
82873.2
82873.2
82873.2
82873.3
82873.1
82873.2
82873.3
82873.2
82873.2
82873.2
82873.4
82873
82872.9
82872.9
82872.8
82873.3
82873.2
82873.2
82873.2
82873.2
82873.2
82873.3
82873.1
82873.2
82873.3
82873.2
82873.2
82873.2
82873.4
82873
82872.8
82872.9
82872.8
82873.3
82873.2
82873.2
82873.2
82873.2
82873.2
82873.3
82873.1
82873.2
82873.3
82873.2
82873.2
82873.2
82873.4
82873
82872.8
82872.9
82872.8
82873.3
82873.2
82873.2
82873.2
82873.2
82873.2
82873.3
82873.1
82873.2
82873.3
82873.2
82873.2
82873.2
82873.4
82873
82872.8
82872.9
59726.8
59727
59727.2
59727.1
59727.1
59727.3
59727.1
59726.7
59726.8
59726.9
59727
59727.1
59727
59727
59726.9
59726.6
59726.5
59726.7
59726.8
59727
59727.2
59727.1
59727.1
59727.3
59727.1
59726.7
59726.8
59726.9
59727
59727.1
59727
59727
59726.9
59726.6
59726.5
59726.7
59726.8
59727
59727.2
59727.1
59727.1
59727.3
59727.1
59726.7
59726.8
59726.9
59727
59727.1
59727
59727
59726.9
59726.6
59726.5
59726.7
59726.8
59727
59727.2
59727.1
59727.1
59727.3
59727.1
59726.7
59726.8
59726.9
59727
59727.1
59727
59727
59726.9
59726.6
59726.5
59726.7
50478.3
50478.4
50478.5
50478.5
50478.5
50478.4
50478.3
50478.2
50478.3
50478.5
50478.4
50478.3
50478.3
50478.2
50478.3
50478.4
50478.4
50478.3
50478.3
50478.4
50478.5
50478.5
50478.5
50478.4
50478.3
50478.2
50478.3
50478.5
50478.4
50478.3
50478.3
50478.2
50478.3
50478.4
50478.4
50478.3
50478.3
50478.4
50478.5
50478.5
50478.5
50478.4
50478.3
50478.2
50478.3
50478.5
50478.4
50478.3
50478.3
50478.2
50478.3
50478.4
50478.4
50478.3
50478.3
50478.4
50478.5
50478.5
50478.5
50478.4
50478.3
50478.2
50478.3
50478.5
50478.4
50478.3
50478.3
50478.2
50478.3
50478.4
50478.4
50478.3
50467.4
50469.4
50468.8
50466.5
50468.8
50468.5
50465.1
50469.2
50471
50465.6
50466.2
50469.8
50467.4
50466.9
50469.7
50468.4
50467.3
50468.3
50467.4
50469.4
50468.8
50466.5
50468.8
50468.5
50465.1
50469.2
50471
50465.6
50466.2
50469.8
50467.4
50466.9
50469.7
50468.4
50467.3
50468.3
50467.4
50469.4
50468.8
50466.5
50468.8
50468.5
50465.1
50469.2
50471
50465.6
50466.2
50469.8
50467.4
50466.9
50469.7
50468.4
50467.3
50468.3
50467.4
50469.4
50468.8
50466.5
50468.8
50468.5
50465.1
50469.2
50471
50465.6
50466.2
50469.8
50467.4
50466.9
50469.7
50468.4
50467.3
50468.3
50425.7
50457.9
50433.9
50418.5
50426.4
50422.3
50419.1
50446.4
50429.9
50434.1
50427.9
50409.3
50436.8
50426.9
50434.1
50448.3
50430.1
50397.9
50425.7
50457.9
50433.9
50418.5
50426.4
50422.3
50419.1
50446.4
50429.9
50434.1
50427.9
50409.3
50436.8
50426.9
50434.1
50448.3
50430.1
50397.9
50425.7
50457.9
50433.9
50418.5
50426.4
50422.3
50419.1
50446.4
50429.9
50434.1
50427.9
50409.3
50436.8
50426.9
50434.1
50448.3
50430.1
50397.9
50425.7
50457.9
50433.9
50418.5
50426.4
50422.3
50419.1
50446.3
50429.9
50434.1
50427.9
50409.3
50436.8
50426.9
50434.1
50448.3
50430.1
50397.9
)
;
    }
}


// ************************************************************************* //
