/*--------------------------------*- C++ -*----------------------------------*\
| =========                 |                                                 |
| \\      /  F ield         | OpenFOAM: The Open Source CFD Toolbox           |
|  \\    /   O peration     | Version:  2312                                  |
|   \\  /    A nd           | Website:  www.openfoam.com                      |
|    \\/     M anipulation  |                                                 |
\*---------------------------------------------------------------------------*/
FoamFile
{
    version     2.0;
    format      ascii;
    arch        "LSB;label=32;scalar=64";
    class       pointVectorField;
    location    "0.2";
    object      pointD;
}
// * * * * * * * * * * * * * * * * * * * * * * * * * * * * * * * * * * * * * //

dimensions      [0 1 0 0 0 0 0];

internalField   nonuniform List<vector> 
2164
(
(0 0 0)
(0 0 0)
(0 0 0)
(0 0 0)
(0 0 0)
(0 0 0)
(0 0 0)
(0 0 0)
(0 0 0)
(0 0 0)
(0 0 0)
(0 0 0)
(0 0 0)
(0 0 0)
(0 0 0)
(0 0 0)
(0 0 0)
(0 0 0)
(0 0 0)
(0 0 0)
(0 0 0)
(0 0 0)
(0 0 0)
(0 0 0)
(0 0 0)
(0 0 0)
(0 0 0)
(0 0 0)
(0 0 0)
(0 0 0)
(0 0 0)
(0 0 0)
(0 0 0)
(0 0 0)
(0 0 0)
(0 0 0)
(0.000100417 1.77063e-05 -2.59809e-05)
(9.58169e-05 3.48745e-05 -2.59811e-05)
(8.83052e-05 5.0983e-05 -2.59811e-05)
(7.81102e-05 6.55422e-05 -2.59811e-05)
(6.55422e-05 7.81102e-05 -2.59811e-05)
(5.0983e-05 8.83052e-05 -2.59811e-05)
(3.48745e-05 9.58169e-05 -2.59811e-05)
(1.77063e-05 0.000100417 -2.59809e-05)
(9.89677e-15 0.000101966 -2.5981e-05)
(-1.77063e-05 0.000100417 -2.59809e-05)
(-3.48745e-05 9.58169e-05 -2.59811e-05)
(-5.0983e-05 8.83052e-05 -2.59811e-05)
(-6.55422e-05 7.81102e-05 -2.59811e-05)
(-7.81102e-05 6.55422e-05 -2.59811e-05)
(-8.83052e-05 5.0983e-05 -2.59811e-05)
(-9.58169e-05 3.48745e-05 -2.59811e-05)
(-0.000100417 1.77063e-05 -2.59809e-05)
(-0.000101966 1.25967e-14 -2.5981e-05)
(-0.000100417 -1.77063e-05 -2.59809e-05)
(-9.58169e-05 -3.48745e-05 -2.59811e-05)
(-8.83052e-05 -5.0983e-05 -2.59811e-05)
(-7.81102e-05 -6.55422e-05 -2.59811e-05)
(-6.55422e-05 -7.81102e-05 -2.59811e-05)
(-5.0983e-05 -8.83052e-05 -2.59811e-05)
(-3.48745e-05 -9.58169e-05 -2.59811e-05)
(-1.77063e-05 -0.000100417 -2.59809e-05)
(-1.33749e-14 -0.000101966 -2.5981e-05)
(1.77063e-05 -0.000100417 -2.59809e-05)
(3.48745e-05 -9.58169e-05 -2.59811e-05)
(5.0983e-05 -8.83052e-05 -2.59811e-05)
(6.55422e-05 -7.81102e-05 -2.59811e-05)
(7.81102e-05 -6.55422e-05 -2.59811e-05)
(8.83052e-05 -5.0983e-05 -2.59811e-05)
(9.58169e-05 -3.48745e-05 -2.59811e-05)
(0.000100417 -1.77063e-05 -2.59809e-05)
(0.000101966 -1.42461e-14 -2.5981e-05)
(0.000136483 2.40655e-05 -3.98298e-05)
(0.00013023 4.73998e-05 -3.98298e-05)
(0.000120021 6.92937e-05 -3.98299e-05)
(0.000106164 8.90823e-05 -3.98299e-05)
(8.90823e-05 0.000106164 -3.98299e-05)
(6.92937e-05 0.000120021 -3.98299e-05)
(4.73998e-05 0.00013023 -3.98298e-05)
(2.40655e-05 0.000136483 -3.98298e-05)
(8.64448e-15 0.000138588 -3.98298e-05)
(-2.40655e-05 0.000136483 -3.98298e-05)
(-4.73998e-05 0.00013023 -3.98298e-05)
(-6.92937e-05 0.000120021 -3.98299e-05)
(-8.90823e-05 0.000106164 -3.98299e-05)
(-0.000106164 8.90823e-05 -3.98299e-05)
(-0.000120021 6.92937e-05 -3.98299e-05)
(-0.00013023 4.73998e-05 -3.98298e-05)
(-0.000136483 2.40655e-05 -3.98298e-05)
(-0.000138588 1.14368e-14 -3.98298e-05)
(-0.000136483 -2.40655e-05 -3.98298e-05)
(-0.00013023 -4.73998e-05 -3.98298e-05)
(-0.000120021 -6.92937e-05 -3.98299e-05)
(-0.000106164 -8.90823e-05 -3.98299e-05)
(-8.90823e-05 -0.000106164 -3.98299e-05)
(-6.92937e-05 -0.000120021 -3.98299e-05)
(-4.73998e-05 -0.00013023 -3.98298e-05)
(-2.40655e-05 -0.000136483 -3.98298e-05)
(-1.24241e-14 -0.000138588 -3.98298e-05)
(2.40655e-05 -0.000136483 -3.98298e-05)
(4.73998e-05 -0.00013023 -3.98298e-05)
(6.92937e-05 -0.000120021 -3.98299e-05)
(8.90823e-05 -0.000106164 -3.98299e-05)
(0.000106164 -8.90823e-05 -3.98299e-05)
(0.000120021 -6.92937e-05 -3.98299e-05)
(0.00013023 -4.73998e-05 -3.98298e-05)
(0.000136483 -2.40655e-05 -3.98298e-05)
(0.000138588 -1.30376e-14 -3.98298e-05)
(0 0 0)
(0 0 0)
(0 0 0)
(0 0 0)
(0 0 0)
(0 0 0)
(0 0 0)
(0 0 0)
(0 0 0)
(0 0 0)
(0 0 0)
(0 0 0)
(0 0 0)
(0 0 0)
(0 0 0)
(0 0 0)
(0 0 0)
(0 0 0)
(0 0 0)
(0 0 0)
(0 0 0)
(0 0 0)
(0 0 0)
(0 0 0)
(0 0 0)
(0 0 0)
(0 0 0)
(0 0 0)
(0 0 0)
(0 0 0)
(0 0 0)
(0 0 0)
(0 0 0)
(0 0 0)
(0 0 0)
(0 0 0)
(0.000184341 3.25042e-05 -5.28248e-05)
(0.000175896 6.40207e-05 -5.28247e-05)
(0.000162106 9.35921e-05 -5.28248e-05)
(0.000143391 0.00012032 -5.28247e-05)
(0.00012032 0.000143391 -5.28247e-05)
(9.35921e-05 0.000162106 -5.28248e-05)
(6.40207e-05 0.000175896 -5.28247e-05)
(3.25042e-05 0.000184341 -5.28248e-05)
(7.39527e-15 0.000187184 -5.28247e-05)
(-3.25042e-05 0.000184341 -5.28248e-05)
(-6.40207e-05 0.000175896 -5.28247e-05)
(-9.35921e-05 0.000162106 -5.28248e-05)
(-0.00012032 0.000143391 -5.28247e-05)
(-0.000143391 0.00012032 -5.28247e-05)
(-0.000162106 9.35921e-05 -5.28248e-05)
(-0.000175896 6.40207e-05 -5.28247e-05)
(-0.000184341 3.25042e-05 -5.28248e-05)
(-0.000187184 1.02777e-14 -5.28247e-05)
(-0.000184341 -3.25042e-05 -5.28248e-05)
(-0.000175896 -6.40207e-05 -5.28247e-05)
(-0.000162106 -9.35921e-05 -5.28248e-05)
(-0.000143391 -0.00012032 -5.28247e-05)
(-0.00012032 -0.000143391 -5.28247e-05)
(-9.35921e-05 -0.000162106 -5.28248e-05)
(-6.40207e-05 -0.000175896 -5.28247e-05)
(-3.25042e-05 -0.000184341 -5.28248e-05)
(-1.14779e-14 -0.000187184 -5.28247e-05)
(3.25042e-05 -0.000184341 -5.28248e-05)
(6.40207e-05 -0.000175896 -5.28247e-05)
(9.35921e-05 -0.000162106 -5.28248e-05)
(0.00012032 -0.000143391 -5.28247e-05)
(0.000143391 -0.00012032 -5.28247e-05)
(0.000162106 -9.35921e-05 -5.28248e-05)
(0.000175896 -6.40207e-05 -5.28247e-05)
(0.000184341 -3.25042e-05 -5.28248e-05)
(0.000187184 -1.18268e-14 -5.28247e-05)
(0 0 0)
(0 0 0)
(0 0 0)
(0 0 0)
(0 0 0)
(0 0 0)
(0 0 0)
(0 0 0)
(0 0 0)
(0 0 0)
(0 0 0)
(0 0 0)
(0 0 0)
(0 0 0)
(0 0 0)
(0 0 0)
(0 0 0)
(0 0 0)
(0 0 0)
(0 0 0)
(0 0 0)
(0 0 0)
(0 0 0)
(0 0 0)
(0 0 0)
(0 0 0)
(0 0 0)
(0 0 0)
(0 0 0)
(0 0 0)
(0 0 0)
(0 0 0)
(0 0 0)
(0 0 0)
(0 0 0)
(0 0 0)
(0.000241396 4.25645e-05 -6.41566e-05)
(0.000230337 8.38356e-05 -6.41565e-05)
(0.00021228 0.00012256 -6.41565e-05)
(0.000187773 0.00015756 -6.41564e-05)
(0.00015756 0.000187773 -6.41564e-05)
(0.00012256 0.00021228 -6.41565e-05)
(8.38356e-05 0.000230337 -6.41565e-05)
(4.25645e-05 0.000241396 -6.41566e-05)
(6.16624e-15 0.00024512 -6.41565e-05)
(-4.25645e-05 0.000241396 -6.41566e-05)
(-8.38356e-05 0.000230337 -6.41565e-05)
(-0.00012256 0.00021228 -6.41565e-05)
(-0.00015756 0.000187773 -6.41564e-05)
(-0.000187773 0.00015756 -6.41564e-05)
(-0.00021228 0.00012256 -6.41565e-05)
(-0.000230337 8.38356e-05 -6.41565e-05)
(-0.000241396 4.25645e-05 -6.41566e-05)
(-0.00024512 9.11271e-15 -6.41565e-05)
(-0.000241396 -4.25645e-05 -6.41566e-05)
(-0.000230337 -8.38356e-05 -6.41565e-05)
(-0.00021228 -0.00012256 -6.41565e-05)
(-0.000187773 -0.00015756 -6.41564e-05)
(-0.00015756 -0.000187773 -6.41564e-05)
(-0.00012256 -0.00021228 -6.41565e-05)
(-8.38356e-05 -0.000230337 -6.41565e-05)
(-4.25645e-05 -0.000241396 -6.41566e-05)
(-1.05345e-14 -0.00024512 -6.41565e-05)
(4.25645e-05 -0.000241396 -6.41566e-05)
(8.38356e-05 -0.000230337 -6.41565e-05)
(0.00012256 -0.00021228 -6.41565e-05)
(0.00015756 -0.000187773 -6.41564e-05)
(0.000187773 -0.00015756 -6.41564e-05)
(0.00021228 -0.00012256 -6.41565e-05)
(0.000230337 -8.38356e-05 -6.41565e-05)
(0.000241396 -4.25645e-05 -6.41566e-05)
(0.00024512 -1.06089e-14 -6.41565e-05)
(0 0 0)
(0 0 0)
(0 0 0)
(0 0 0)
(0 0 0)
(0 0 0)
(0 0 0)
(0 0 0)
(0 0 0)
(0 0 0)
(0 0 0)
(0 0 0)
(0 0 0)
(0 0 0)
(0 0 0)
(0 0 0)
(0 0 0)
(0 0 0)
(0 0 0)
(0 0 0)
(0 0 0)
(0 0 0)
(0 0 0)
(0 0 0)
(0 0 0)
(0 0 0)
(0 0 0)
(0 0 0)
(0 0 0)
(0 0 0)
(0 0 0)
(0 0 0)
(0 0 0)
(0 0 0)
(0 0 0)
(0 0 0)
(0.000218871 3.85929e-05 -7.17856e-05)
(0.000208844 7.60132e-05 -7.17857e-05)
(0.000192472 0.000111124 -7.17858e-05)
(0.000170251 0.000142858 -7.17859e-05)
(0.000142858 0.000170251 -7.17859e-05)
(0.000111124 0.000192472 -7.17858e-05)
(7.60132e-05 0.000208844 -7.17857e-05)
(3.85929e-05 0.000218871 -7.17856e-05)
(1.94603e-14 0.000222248 -7.17856e-05)
(-3.85929e-05 0.000218871 -7.17856e-05)
(-7.60132e-05 0.000208844 -7.17857e-05)
(-0.000111124 0.000192472 -7.17858e-05)
(-0.000142858 0.000170251 -7.17859e-05)
(-0.000170251 0.000142858 -7.17859e-05)
(-0.000192472 0.000111124 -7.17858e-05)
(-0.000208844 7.60132e-05 -7.17857e-05)
(-0.000218871 3.85929e-05 -7.17856e-05)
(-0.000222248 2.50345e-14 -7.17856e-05)
(-0.000218871 -3.85929e-05 -7.17856e-05)
(-0.000208844 -7.60132e-05 -7.17857e-05)
(-0.000192472 -0.000111124 -7.17858e-05)
(-0.000170251 -0.000142858 -7.17859e-05)
(-0.000142858 -0.000170251 -7.17859e-05)
(-0.000111124 -0.000192472 -7.17858e-05)
(-7.60132e-05 -0.000208844 -7.17857e-05)
(-3.85929e-05 -0.000218871 -7.17856e-05)
(-2.65822e-14 -0.000222248 -7.17856e-05)
(3.85929e-05 -0.000218871 -7.17856e-05)
(7.60132e-05 -0.000208844 -7.17857e-05)
(0.000111124 -0.000192472 -7.17858e-05)
(0.000142858 -0.000170251 -7.17859e-05)
(0.000170251 -0.000142858 -7.17859e-05)
(0.000192472 -0.000111124 -7.17858e-05)
(0.000208844 -7.60132e-05 -7.17857e-05)
(0.000218871 -3.85929e-05 -7.17856e-05)
(0.000222248 -2.82194e-14 -7.17856e-05)
(0.000275325 4.8547e-05 -9.58801e-05)
(0.000262712 9.56192e-05 -9.58803e-05)
(0.000242116 0.000139785 -9.58801e-05)
(0.000214164 0.000179705 -9.58803e-05)
(0.000179705 0.000214164 -9.58803e-05)
(0.000139785 0.000242116 -9.58801e-05)
(9.56192e-05 0.000262712 -9.58803e-05)
(4.8547e-05 0.000275325 -9.58801e-05)
(1.69367e-14 0.000279572 -9.58801e-05)
(-4.8547e-05 0.000275325 -9.58801e-05)
(-9.56192e-05 0.000262712 -9.58803e-05)
(-0.000139785 0.000242116 -9.58801e-05)
(-0.000179705 0.000214164 -9.58803e-05)
(-0.000214164 0.000179705 -9.58803e-05)
(-0.000242116 0.000139785 -9.58801e-05)
(-0.000262712 9.56192e-05 -9.58803e-05)
(-0.000275325 4.8547e-05 -9.58801e-05)
(-0.000279572 2.26174e-14 -9.58801e-05)
(-0.000275325 -4.8547e-05 -9.58801e-05)
(-0.000262712 -9.56192e-05 -9.58803e-05)
(-0.000242116 -0.000139785 -9.58801e-05)
(-0.000214164 -0.000179705 -9.58803e-05)
(-0.000179705 -0.000214164 -9.58803e-05)
(-0.000139785 -0.000242116 -9.58801e-05)
(-9.56192e-05 -0.000262712 -9.58803e-05)
(-4.8547e-05 -0.000275325 -9.58801e-05)
(-2.46175e-14 -0.000279572 -9.58801e-05)
(4.8547e-05 -0.000275325 -9.58801e-05)
(9.56192e-05 -0.000262712 -9.58803e-05)
(0.000139785 -0.000242116 -9.58801e-05)
(0.000179705 -0.000214164 -9.58803e-05)
(0.000214164 -0.000179705 -9.58803e-05)
(0.000242116 -0.000139785 -9.58801e-05)
(0.000262712 -9.56192e-05 -9.58803e-05)
(0.000275325 -4.8547e-05 -9.58801e-05)
(0.000279572 -2.57147e-14 -9.58801e-05)
(0.000346447 6.10881e-05 -0.000119632)
(0.000330576 0.000120319 -0.000119632)
(0.00030466 0.000175895 -0.000119632)
(0.000269488 0.000226127 -0.000119632)
(0.000226127 0.000269488 -0.000119632)
(0.000175895 0.00030466 -0.000119632)
(0.000120319 0.000330576 -0.000119632)
(6.10881e-05 0.000346447 -0.000119632)
(1.44363e-14 0.000351792 -0.000119632)
(-6.10881e-05 0.000346447 -0.000119632)
(-0.000120319 0.000330576 -0.000119632)
(-0.000175895 0.00030466 -0.000119632)
(-0.000226127 0.000269488 -0.000119632)
(-0.000269488 0.000226127 -0.000119632)
(-0.00030466 0.000175895 -0.000119632)
(-0.000330576 0.000120319 -0.000119632)
(-0.000346447 6.10881e-05 -0.000119632)
(-0.000351792 2.02152e-14 -0.000119632)
(-0.000346447 -6.10881e-05 -0.000119632)
(-0.000330576 -0.000120319 -0.000119632)
(-0.00030466 -0.000175895 -0.000119632)
(-0.000269488 -0.000226127 -0.000119632)
(-0.000226127 -0.000269488 -0.000119632)
(-0.000175895 -0.00030466 -0.000119632)
(-0.000120319 -0.000330576 -0.000119632)
(-6.10881e-05 -0.000346447 -0.000119632)
(-2.26641e-14 -0.000351792 -0.000119632)
(6.10881e-05 -0.000346447 -0.000119632)
(0.000120319 -0.000330576 -0.000119632)
(0.000175895 -0.00030466 -0.000119632)
(0.000226127 -0.000269488 -0.000119632)
(0.000269488 -0.000226127 -0.000119632)
(0.00030466 -0.000175895 -0.000119632)
(0.000330576 -0.000120319 -0.000119632)
(0.000346447 -6.10881e-05 -0.000119632)
(0.000351792 -2.32207e-14 -0.000119632)
(0.000427409 7.53637e-05 -0.00014148)
(0.000407828 0.000148437 -0.00014148)
(0.000375856 0.000217 -0.00014148)
(0.000332464 0.00027897 -0.00014148)
(0.00027897 0.000332464 -0.00014148)
(0.000217 0.000375856 -0.00014148)
(0.000148437 0.000407828 -0.00014148)
(7.53637e-05 0.000427409 -0.00014148)
(1.19921e-14 0.000434002 -0.00014148)
(-7.53637e-05 0.000427409 -0.00014148)
(-0.000148437 0.000407828 -0.00014148)
(-0.000217 0.000375856 -0.00014148)
(-0.00027897 0.000332464 -0.00014148)
(-0.000332464 0.00027897 -0.00014148)
(-0.000375856 0.000217 -0.00014148)
(-0.000407828 0.000148437 -0.00014148)
(-0.000427409 7.53637e-05 -0.00014148)
(-0.000434002 1.7825e-14 -0.00014148)
(-0.000427409 -7.53637e-05 -0.00014148)
(-0.000407828 -0.000148437 -0.00014148)
(-0.000375856 -0.000217 -0.00014148)
(-0.000332464 -0.00027897 -0.00014148)
(-0.00027897 -0.000332464 -0.00014148)
(-0.000217 -0.000375856 -0.00014148)
(-0.000148437 -0.000407828 -0.00014148)
(-7.53637e-05 -0.000427409 -0.00014148)
(-2.07243e-14 -0.000434002 -0.00014148)
(7.53637e-05 -0.000427409 -0.00014148)
(0.000148437 -0.000407828 -0.00014148)
(0.000217 -0.000375856 -0.00014148)
(0.00027897 -0.000332464 -0.00014148)
(0.000332464 -0.00027897 -0.00014148)
(0.000375856 -0.000217 -0.00014148)
(0.000407828 -0.000148437 -0.00014148)
(0.000427409 -7.53637e-05 -0.00014148)
(0.000434002 -2.07374e-14 -0.00014148)
(0.000320905 5.65841e-05 -0.000140212)
(0.000306204 0.000111449 -0.000140212)
(0.000282199 0.000162928 -0.000140212)
(0.00024962 0.000209456 -0.000140212)
(0.000209456 0.00024962 -0.000140212)
(0.000162928 0.000282199 -0.000140212)
(0.000111449 0.000306204 -0.000140212)
(5.65841e-05 0.000320905 -0.000140212)
(2.82395e-14 0.000325855 -0.000140212)
(-5.65841e-05 0.000320905 -0.000140212)
(-0.000111449 0.000306204 -0.000140212)
(-0.000162928 0.000282199 -0.000140212)
(-0.000209456 0.00024962 -0.000140212)
(-0.00024962 0.000209456 -0.000140212)
(-0.000282199 0.000162928 -0.000140212)
(-0.000306204 0.000111449 -0.000140212)
(-0.000320905 5.65841e-05 -0.000140212)
(-0.000325855 3.68806e-14 -0.000140212)
(-0.000320905 -5.65841e-05 -0.000140212)
(-0.000306204 -0.000111449 -0.000140212)
(-0.000282199 -0.000162928 -0.000140212)
(-0.00024962 -0.000209456 -0.000140212)
(-0.000209456 -0.00024962 -0.000140212)
(-0.000162928 -0.000282199 -0.000140212)
(-0.000111449 -0.000306204 -0.000140212)
(-5.65841e-05 -0.000320905 -0.000140212)
(-3.93135e-14 -0.000325855 -0.000140212)
(5.65841e-05 -0.000320905 -0.000140212)
(0.000111449 -0.000306204 -0.000140212)
(0.000162928 -0.000282199 -0.000140212)
(0.000209456 -0.00024962 -0.000140212)
(0.00024962 -0.000209456 -0.000140212)
(0.000282199 -0.000162928 -0.000140212)
(0.000306204 -0.000111449 -0.000140212)
(0.000320905 -5.65841e-05 -0.000140212)
(0.000325855 -4.14548e-14 -0.000140212)
(0.000389832 6.8738e-05 -0.000168299)
(0.000371974 0.000135387 -0.0001683)
(0.000342812 0.000197923 -0.000168299)
(0.000303235 0.000254445 -0.0001683)
(0.000254445 0.000303235 -0.0001683)
(0.000197923 0.000342812 -0.000168299)
(0.000135387 0.000371974 -0.0001683)
(6.8738e-05 0.000389832 -0.000168299)
(2.45183e-14 0.000395846 -0.0001683)
(-6.8738e-05 0.000389832 -0.000168299)
(-0.000135387 0.000371974 -0.0001683)
(-0.000197923 0.000342812 -0.000168299)
(-0.000254445 0.000303235 -0.0001683)
(-0.000303235 0.000254445 -0.0001683)
(-0.000342812 0.000197923 -0.000168299)
(-0.000371974 0.000135387 -0.0001683)
(-0.000389832 6.8738e-05 -0.000168299)
(-0.000395846 3.31661e-14 -0.0001683)
(-0.000389832 -6.8738e-05 -0.000168299)
(-0.000371974 -0.000135387 -0.0001683)
(-0.000342812 -0.000197923 -0.000168299)
(-0.000303235 -0.000254445 -0.0001683)
(-0.000254445 -0.000303235 -0.0001683)
(-0.000197923 -0.000342812 -0.000168299)
(-0.000135387 -0.000371974 -0.0001683)
(-6.8738e-05 -0.000389832 -0.000168299)
(-3.6308e-14 -0.000395846 -0.0001683)
(6.8738e-05 -0.000389832 -0.000168299)
(0.000135387 -0.000371974 -0.0001683)
(0.000197923 -0.000342812 -0.000168299)
(0.000254445 -0.000303235 -0.0001683)
(0.000303235 -0.000254445 -0.0001683)
(0.000342812 -0.000197923 -0.000168299)
(0.000371974 -0.000135387 -0.0001683)
(0.000389832 -6.8738e-05 -0.000168299)
(0.000395846 -3.76213e-14 -0.0001683)
(0.000473878 8.35574e-05 -0.000196338)
(0.000452169 0.000164576 -0.000196338)
(0.000416722 0.000240594 -0.000196338)
(0.000368612 0.000309302 -0.000196338)
(0.000309302 0.000368612 -0.000196338)
(0.000240594 0.000416722 -0.000196338)
(0.000164576 0.000452169 -0.000196338)
(8.35574e-05 0.000473878 -0.000196338)
(2.08485e-14 0.000481188 -0.000196338)
(-8.35574e-05 0.000473878 -0.000196338)
(-0.000164576 0.000452169 -0.000196338)
(-0.000240594 0.000416722 -0.000196338)
(-0.000309302 0.000368612 -0.000196338)
(-0.000368612 0.000309302 -0.000196338)
(-0.000416722 0.000240594 -0.000196338)
(-0.000452169 0.000164576 -0.000196338)
(-0.000473878 8.35574e-05 -0.000196338)
(-0.000481188 2.94877e-14 -0.000196338)
(-0.000473878 -8.35574e-05 -0.000196338)
(-0.000452169 -0.000164576 -0.000196338)
(-0.000416722 -0.000240594 -0.000196338)
(-0.000368612 -0.000309302 -0.000196338)
(-0.000309302 -0.000368612 -0.000196338)
(-0.000240594 -0.000416722 -0.000196338)
(-0.000164576 -0.000452169 -0.000196338)
(-8.35574e-05 -0.000473878 -0.000196338)
(-3.33289e-14 -0.000481188 -0.000196338)
(8.35574e-05 -0.000473878 -0.000196338)
(0.000164576 -0.000452169 -0.000196338)
(0.000240594 -0.000416722 -0.000196338)
(0.000309302 -0.000368612 -0.000196338)
(0.000368612 -0.000309302 -0.000196338)
(0.000416722 -0.000240594 -0.000196338)
(0.000452169 -0.000164576 -0.000196338)
(0.000473878 -8.35574e-05 -0.000196338)
(0.000481188 -3.38173e-14 -0.000196338)
(0.000567593 0.000100082 -0.00022304)
(0.000541591 0.000197123 -0.00022304)
(0.000499133 0.000288175 -0.00022304)
(0.000441509 0.00037047 -0.00022304)
(0.00037047 0.000441509 -0.00022304)
(0.000288175 0.000499133 -0.00022304)
(0.000197123 0.000541591 -0.00022304)
(0.000100082 0.000567593 -0.00022304)
(1.72579e-14 0.00057635 -0.00022304)
(-0.000100082 0.000567593 -0.00022304)
(-0.000197123 0.000541591 -0.00022304)
(-0.000288175 0.000499133 -0.00022304)
(-0.00037047 0.000441509 -0.00022304)
(-0.000441509 0.00037047 -0.00022304)
(-0.000499133 0.000288175 -0.00022304)
(-0.000541591 0.000197123 -0.00022304)
(-0.000567593 0.000100082 -0.00022304)
(-0.00057635 2.58476e-14 -0.00022304)
(-0.000567593 -0.000100082 -0.00022304)
(-0.000541591 -0.000197123 -0.00022304)
(-0.000499133 -0.000288175 -0.00022304)
(-0.000441509 -0.00037047 -0.00022304)
(-0.00037047 -0.000441509 -0.00022304)
(-0.000288175 -0.000499133 -0.00022304)
(-0.000197123 -0.000541591 -0.00022304)
(-0.000100082 -0.000567593 -0.00022304)
(-3.0373e-14 -0.00057635 -0.00022304)
(0.000100082 -0.000567593 -0.00022304)
(0.000197123 -0.000541591 -0.00022304)
(0.000288175 -0.000499133 -0.00022304)
(0.00037047 -0.000441509 -0.00022304)
(0.000441509 -0.00037047 -0.00022304)
(0.000499133 -0.000288175 -0.00022304)
(0.000541591 -0.000197123 -0.00022304)
(0.000567593 -0.000100082 -0.00022304)
(0.00057635 -3.00475e-14 -0.00022304)
(0.00039577 6.97849e-05 -0.000214461)
(0.00037764 0.00013745 -0.000214461)
(0.000348035 0.000200938 -0.000214461)
(0.000307855 0.000258321 -0.000214461)
(0.000258321 0.000307855 -0.000214461)
(0.000200938 0.000348035 -0.000214461)
(0.00013745 0.00037764 -0.000214461)
(6.97849e-05 0.00039577 -0.000214461)
(3.59512e-14 0.000401876 -0.000214461)
(-6.97849e-05 0.00039577 -0.000214461)
(-0.00013745 0.00037764 -0.000214461)
(-0.000200938 0.000348035 -0.000214461)
(-0.000258321 0.000307855 -0.000214461)
(-0.000307855 0.000258321 -0.000214461)
(-0.000348035 0.000200938 -0.000214461)
(-0.00037764 0.00013745 -0.000214461)
(-0.00039577 6.97849e-05 -0.000214461)
(-0.000401876 4.78002e-14 -0.000214461)
(-0.00039577 -6.97849e-05 -0.000214461)
(-0.00037764 -0.00013745 -0.000214461)
(-0.000348035 -0.000200938 -0.000214461)
(-0.000307855 -0.000258321 -0.000214461)
(-0.000258321 -0.000307855 -0.000214461)
(-0.000200938 -0.000348035 -0.000214461)
(-0.00013745 -0.00037764 -0.000214461)
(-6.97849e-05 -0.00039577 -0.000214461)
(-5.13971e-14 -0.000401876 -0.000214461)
(6.97849e-05 -0.00039577 -0.000214461)
(0.00013745 -0.00037764 -0.000214461)
(0.000200938 -0.000348035 -0.000214461)
(0.000258321 -0.000307855 -0.000214461)
(0.000307855 -0.000258321 -0.000214461)
(0.000348035 -0.000200938 -0.000214461)
(0.00037764 -0.00013745 -0.000214461)
(0.00039577 -6.97849e-05 -0.000214461)
(0.000401876 -5.35864e-14 -0.000214461)
(0.000469631 8.28085e-05 -0.000242588)
(0.000448116 0.000163101 -0.000242588)
(0.000412986 0.000238438 -0.000242588)
(0.000365308 0.000306529 -0.000242588)
(0.000306529 0.000365308 -0.000242588)
(0.000238438 0.000412986 -0.000242588)
(0.000163101 0.000448116 -0.000242588)
(8.28085e-05 0.000469631 -0.000242588)
(3.11101e-14 0.000476875 -0.000242588)
(-8.28085e-05 0.000469631 -0.000242588)
(-0.000163101 0.000448116 -0.000242588)
(-0.000238438 0.000412986 -0.000242588)
(-0.000306529 0.000365308 -0.000242588)
(-0.000365308 0.000306529 -0.000242588)
(-0.000412986 0.000238438 -0.000242588)
(-0.000448116 0.000163101 -0.000242588)
(-0.000469631 8.28085e-05 -0.000242588)
(-0.000476875 4.28001e-14 -0.000242588)
(-0.000469631 -8.28085e-05 -0.000242588)
(-0.000448116 -0.000163101 -0.000242588)
(-0.000412986 -0.000238438 -0.000242588)
(-0.000365308 -0.000306529 -0.000242588)
(-0.000306529 -0.000365308 -0.000242588)
(-0.000238438 -0.000412986 -0.000242588)
(-0.000163101 -0.000448116 -0.000242588)
(-8.28085e-05 -0.000469631 -0.000242588)
(-4.73205e-14 -0.000476875 -0.000242588)
(8.28085e-05 -0.000469631 -0.000242588)
(0.000163101 -0.000448116 -0.000242588)
(0.000238438 -0.000412986 -0.000242588)
(0.000306529 -0.000365308 -0.000242588)
(0.000365308 -0.000306529 -0.000242588)
(0.000412986 -0.000238438 -0.000242588)
(0.000448116 -0.000163101 -0.000242588)
(0.000469631 -8.28085e-05 -0.000242588)
(0.000476875 -4.84265e-14 -0.000242588)
(0.000558842 9.85391e-05 -0.000271214)
(0.000533241 0.000194084 -0.000271214)
(0.000491437 0.000283732 -0.000271214)
(0.000434702 0.000364758 -0.000271214)
(0.000364758 0.000434702 -0.000271214)
(0.000283732 0.000491437 -0.000271214)
(0.000194084 0.000533241 -0.000271214)
(9.85391e-05 0.000558842 -0.000271214)
(2.6354e-14 0.000567464 -0.000271214)
(-9.85391e-05 0.000558842 -0.000271214)
(-0.000194084 0.000533241 -0.000271214)
(-0.000283732 0.000491437 -0.000271214)
(-0.000364758 0.000434702 -0.000271214)
(-0.000434702 0.000364758 -0.000271214)
(-0.000491437 0.000283732 -0.000271214)
(-0.000533241 0.000194084 -0.000271214)
(-0.000558842 9.85391e-05 -0.000271214)
(-0.000567464 3.78609e-14 -0.000271214)
(-0.000558842 -9.85391e-05 -0.000271214)
(-0.000533241 -0.000194084 -0.000271214)
(-0.000491437 -0.000283732 -0.000271214)
(-0.000434702 -0.000364758 -0.000271214)
(-0.000364758 -0.000434702 -0.000271214)
(-0.000283732 -0.000491437 -0.000271214)
(-0.000194084 -0.000533241 -0.000271214)
(-9.85391e-05 -0.000558842 -0.000271214)
(-4.32955e-14 -0.000567464 -0.000271214)
(9.85391e-05 -0.000558842 -0.000271214)
(0.000194084 -0.000533241 -0.000271214)
(0.000283732 -0.000491437 -0.000271214)
(0.000364758 -0.000434702 -0.000271214)
(0.000434702 -0.000364758 -0.000271214)
(0.000491437 -0.000283732 -0.000271214)
(0.000533241 -0.000194084 -0.000271214)
(0.000558842 -9.85391e-05 -0.000271214)
(0.000567464 -4.33227e-14 -0.000271214)
(0.00065797 0.000116018 -0.000299371)
(0.000627828 0.000228511 -0.000299371)
(0.000578609 0.00033406 -0.000299371)
(0.00051181 0.00042946 -0.000299371)
(0.00042946 0.00051181 -0.000299371)
(0.00033406 0.000578609 -0.000299371)
(0.000228511 0.000627828 -0.000299371)
(0.000116018 0.00065797 -0.000299371)
(2.16934e-14 0.000668121 -0.000299371)
(-0.000116018 0.00065797 -0.000299371)
(-0.000228511 0.000627828 -0.000299371)
(-0.00033406 0.000578609 -0.000299371)
(-0.00042946 0.00051181 -0.000299371)
(-0.00051181 0.00042946 -0.000299371)
(-0.000578609 0.00033406 -0.000299371)
(-0.000627828 0.000228511 -0.000299371)
(-0.00065797 0.000116018 -0.000299371)
(-0.000668121 3.29863e-14 -0.000299371)
(-0.00065797 -0.000116018 -0.000299371)
(-0.000627828 -0.000228511 -0.000299371)
(-0.000578609 -0.00033406 -0.000299371)
(-0.00051181 -0.00042946 -0.000299371)
(-0.00042946 -0.00051181 -0.000299371)
(-0.00033406 -0.000578609 -0.000299371)
(-0.000228511 -0.000627828 -0.000299371)
(-0.000116018 -0.00065797 -0.000299371)
(-3.93103e-14 -0.000668121 -0.000299371)
(0.000116018 -0.00065797 -0.000299371)
(0.000228511 -0.000627828 -0.000299371)
(0.00033406 -0.000578609 -0.000299371)
(0.00042946 -0.00051181 -0.000299371)
(0.00051181 -0.00042946 -0.000299371)
(0.000578609 -0.00033406 -0.000299371)
(0.000627828 -0.000228511 -0.000299371)
(0.00065797 -0.000116018 -0.000299371)
(0.000668121 -3.82882e-14 -0.000299371)
(0.0004367 7.7002e-05 -0.000284975)
(0.000416694 0.000151664 -0.000284975)
(0.000384028 0.000221718 -0.000284975)
(0.000339692 0.000285035 -0.000284975)
(0.000285035 0.000339692 -0.000284975)
(0.000221718 0.000384028 -0.000284975)
(0.000151664 0.000416694 -0.000284975)
(7.7002e-05 0.0004367 -0.000284975)
(4.24296e-14 0.000443437 -0.000284975)
(-7.7002e-05 0.0004367 -0.000284975)
(-0.000151664 0.000416694 -0.000284975)
(-0.000221718 0.000384028 -0.000284975)
(-0.000285035 0.000339692 -0.000284975)
(-0.000339692 0.000285035 -0.000284975)
(-0.000384028 0.000221718 -0.000284975)
(-0.000416694 0.000151664 -0.000284975)
(-0.0004367 7.7002e-05 -0.000284975)
(-0.000443437 5.75318e-14 -0.000284975)
(-0.0004367 -7.7002e-05 -0.000284975)
(-0.000416694 -0.000151664 -0.000284975)
(-0.000384028 -0.000221718 -0.000284975)
(-0.000339692 -0.000285035 -0.000284975)
(-0.000285035 -0.000339692 -0.000284975)
(-0.000221718 -0.000384028 -0.000284975)
(-0.000151664 -0.000416694 -0.000284975)
(-7.7002e-05 -0.0004367 -0.000284975)
(-6.26922e-14 -0.000443437 -0.000284975)
(7.7002e-05 -0.0004367 -0.000284975)
(0.000151664 -0.000416694 -0.000284975)
(0.000221718 -0.000384028 -0.000284975)
(0.000285035 -0.000339692 -0.000284975)
(0.000339692 -0.000285035 -0.000284975)
(0.000384028 -0.000221718 -0.000284975)
(0.000416694 -0.000151664 -0.000284975)
(0.0004367 -7.7002e-05 -0.000284975)
(0.000443437 -6.42811e-14 -0.000284975)
(0.000510773 9.00632e-05 -0.000311221)
(0.000487373 0.000177389 -0.000311221)
(0.000449166 0.000259326 -0.000311221)
(0.000397311 0.000333383 -0.000311221)
(0.000333383 0.000397311 -0.000311221)
(0.000259326 0.000449166 -0.000311221)
(0.000177389 0.000487373 -0.000311221)
(9.00632e-05 0.000510773 -0.000311221)
(3.65177e-14 0.000518652 -0.000311221)
(-9.00632e-05 0.000510773 -0.000311221)
(-0.000177389 0.000487373 -0.000311221)
(-0.000259326 0.000449166 -0.000311221)
(-0.000333383 0.000397311 -0.000311221)
(-0.000397311 0.000333383 -0.000311221)
(-0.000449166 0.000259326 -0.000311221)
(-0.000487373 0.000177389 -0.000311221)
(-0.000510773 9.00632e-05 -0.000311221)
(-0.000518652 5.12904e-14 -0.000311221)
(-0.000510773 -9.00632e-05 -0.000311221)
(-0.000487373 -0.000177389 -0.000311221)
(-0.000449166 -0.000259326 -0.000311221)
(-0.000397311 -0.000333383 -0.000311221)
(-0.000333383 -0.000397311 -0.000311221)
(-0.000259326 -0.000449166 -0.000311221)
(-0.000177389 -0.000487373 -0.000311221)
(-9.00632e-05 -0.000510773 -0.000311221)
(-5.75119e-14 -0.000518652 -0.000311221)
(9.00632e-05 -0.000510773 -0.000311221)
(0.000177389 -0.000487373 -0.000311221)
(0.000259326 -0.000449166 -0.000311221)
(0.000333383 -0.000397311 -0.000311221)
(0.000397311 -0.000333383 -0.000311221)
(0.000449166 -0.000259326 -0.000311221)
(0.000487373 -0.000177389 -0.000311221)
(0.000510773 -9.00632e-05 -0.000311221)
(0.000518652 -5.78617e-14 -0.000311221)
(0.000600555 0.000105894 -0.000338785)
(0.000573043 0.00020857 -0.000338785)
(0.000528119 0.00030491 -0.000338785)
(0.000467149 0.000391984 -0.000338786)
(0.000391984 0.000467149 -0.000338786)
(0.00030491 0.000528119 -0.000338785)
(0.00020857 0.000573043 -0.000338785)
(0.000105894 0.000600555 -0.000338785)
(3.0726e-14 0.000609819 -0.000338785)
(-0.000105894 0.000600555 -0.000338785)
(-0.00020857 0.000573043 -0.000338785)
(-0.00030491 0.000528119 -0.000338785)
(-0.000391984 0.000467149 -0.000338786)
(-0.000467149 0.000391984 -0.000338786)
(-0.000528119 0.00030491 -0.000338785)
(-0.000573043 0.00020857 -0.000338785)
(-0.000600555 0.000105894 -0.000338785)
(-0.000609819 4.51401e-14 -0.000338785)
(-0.000600555 -0.000105894 -0.000338785)
(-0.000573043 -0.00020857 -0.000338785)
(-0.000528119 -0.00030491 -0.000338785)
(-0.000467149 -0.000391984 -0.000338786)
(-0.000391984 -0.000467149 -0.000338786)
(-0.00030491 -0.000528119 -0.000338785)
(-0.00020857 -0.000573043 -0.000338785)
(-0.000105894 -0.000600555 -0.000338785)
(-5.24145e-14 -0.000609819 -0.000338785)
(0.000105894 -0.000600555 -0.000338785)
(0.00020857 -0.000573043 -0.000338785)
(0.00030491 -0.000528119 -0.000338785)
(0.000391984 -0.000467149 -0.000338786)
(0.000467149 -0.000391984 -0.000338786)
(0.000528119 -0.00030491 -0.000338785)
(0.000573043 -0.00020857 -0.000338785)
(0.000600555 -0.000105894 -0.000338785)
(0.000609819 -5.1533e-14 -0.000338785)
(0.000700783 0.000123567 -0.000366892)
(0.000668679 0.00024338 -0.000366892)
(0.000616258 0.000355797 -0.000366893)
(0.000545112 0.000457403 -0.000366893)
(0.000457403 0.000545112 -0.000366893)
(0.000355797 0.000616258 -0.000366893)
(0.00024338 0.000668679 -0.000366892)
(0.000123567 0.000700783 -0.000366892)
(2.50518e-14 0.000711594 -0.000366892)
(-0.000123567 0.000700783 -0.000366892)
(-0.00024338 0.000668679 -0.000366892)
(-0.000355797 0.000616258 -0.000366893)
(-0.000457403 0.000545112 -0.000366893)
(-0.000545112 0.000457403 -0.000366893)
(-0.000616258 0.000355797 -0.000366893)
(-0.000668679 0.00024338 -0.000366892)
(-0.000700783 0.000123567 -0.000366892)
(-0.000711594 3.90771e-14 -0.000366892)
(-0.000700783 -0.000123567 -0.000366892)
(-0.000668679 -0.00024338 -0.000366892)
(-0.000616258 -0.000355797 -0.000366893)
(-0.000545112 -0.000457403 -0.000366893)
(-0.000457403 -0.000545112 -0.000366893)
(-0.000355797 -0.000616258 -0.000366893)
(-0.00024338 -0.000668679 -0.000366892)
(-0.000123567 -0.000700783 -0.000366892)
(-4.73797e-14 -0.000711594 -0.000366892)
(0.000123567 -0.000700783 -0.000366892)
(0.00024338 -0.000668679 -0.000366892)
(0.000355797 -0.000616258 -0.000366893)
(0.000457403 -0.000545112 -0.000366893)
(0.000545112 -0.000457403 -0.000366893)
(0.000616258 -0.000355797 -0.000366893)
(0.000668679 -0.00024338 -0.000366892)
(0.000700783 -0.000123567 -0.000366892)
(0.000711594 -4.53063e-14 -0.000366892)
(0.000442519 7.80282e-05 -0.000345421)
(0.000422247 0.000153686 -0.000345421)
(0.000389145 0.000224673 -0.000345422)
(0.000344219 0.000288834 -0.000345422)
(0.000288834 0.000344219 -0.000345422)
(0.000224673 0.000389145 -0.000345422)
(0.000153686 0.000422247 -0.000345421)
(7.80282e-05 0.000442519 -0.000345421)
(4.75405e-14 0.000449346 -0.000345422)
(-7.80282e-05 0.000442519 -0.000345421)
(-0.000153686 0.000422247 -0.000345421)
(-0.000224673 0.000389145 -0.000345422)
(-0.000288834 0.000344219 -0.000345422)
(-0.000344219 0.000288834 -0.000345422)
(-0.000389145 0.000224673 -0.000345422)
(-0.000422247 0.000153686 -0.000345421)
(-0.000442519 7.80282e-05 -0.000345421)
(-0.000449346 6.58814e-14 -0.000345422)
(-0.000442519 -7.80282e-05 -0.000345421)
(-0.000422247 -0.000153686 -0.000345421)
(-0.000389145 -0.000224673 -0.000345422)
(-0.000344219 -0.000288834 -0.000345422)
(-0.000288834 -0.000344219 -0.000345422)
(-0.000224673 -0.000389145 -0.000345422)
(-0.000153686 -0.000422247 -0.000345421)
(-7.80282e-05 -0.000442519 -0.000345421)
(-7.30246e-14 -0.000449346 -0.000345422)
(7.80282e-05 -0.000442519 -0.000345421)
(0.000153686 -0.000422247 -0.000345421)
(0.000224673 -0.000389145 -0.000345422)
(0.000288834 -0.000344219 -0.000345422)
(0.000344219 -0.000288834 -0.000345422)
(0.000389145 -0.000224673 -0.000345422)
(0.000422247 -0.000153686 -0.000345421)
(0.000442519 -7.80282e-05 -0.000345421)
(0.000449346 -7.32708e-14 -0.000345422)
(0.00051421 9.06693e-05 -0.000369173)
(0.000490653 0.000178583 -0.000369172)
(0.000452189 0.000261072 -0.000369173)
(0.000399984 0.000335627 -0.000369172)
(0.000335627 0.000399984 -0.000369172)
(0.000261072 0.000452189 -0.000369173)
(0.000178583 0.000490653 -0.000369172)
(9.06693e-05 0.00051421 -0.000369173)
(4.05976e-14 0.000522142 -0.000369172)
(-9.06693e-05 0.00051421 -0.000369173)
(-0.000178583 0.000490653 -0.000369172)
(-0.000261072 0.000452189 -0.000369173)
(-0.000335627 0.000399984 -0.000369172)
(-0.000399984 0.000335627 -0.000369172)
(-0.000452189 0.000261072 -0.000369173)
(-0.000490653 0.000178583 -0.000369172)
(-0.00051421 9.06693e-05 -0.000369173)
(-0.000522142 5.84352e-14 -0.000369172)
(-0.00051421 -9.06693e-05 -0.000369173)
(-0.000490653 -0.000178583 -0.000369172)
(-0.000452189 -0.000261072 -0.000369173)
(-0.000399984 -0.000335627 -0.000369172)
(-0.000335627 -0.000399984 -0.000369172)
(-0.000261072 -0.000452189 -0.000369173)
(-0.000178583 -0.000490653 -0.000369172)
(-9.06693e-05 -0.00051421 -0.000369173)
(-6.67187e-14 -0.000522142 -0.000369172)
(9.06693e-05 -0.00051421 -0.000369173)
(0.000178583 -0.000490653 -0.000369172)
(0.000261072 -0.000452189 -0.000369173)
(0.000335627 -0.000399984 -0.000369172)
(0.000399984 -0.000335627 -0.000369172)
(0.000452189 -0.000261072 -0.000369173)
(0.000490653 -0.000178583 -0.000369172)
(0.00051421 -9.06693e-05 -0.000369173)
(0.000522142 -6.56965e-14 -0.000369172)
(0.000601996 0.000106148 -0.00039528)
(0.000574418 0.000209072 -0.000395281)
(0.000529387 0.000305642 -0.000395281)
(0.00046827 0.000392925 -0.000395281)
(0.000392925 0.00046827 -0.000395281)
(0.000305642 0.000529387 -0.000395281)
(0.000209072 0.000574418 -0.000395281)
(0.000106148 0.000601996 -0.00039528)
(3.3808e-14 0.000611284 -0.000395281)
(-0.000106148 0.000601996 -0.00039528)
(-0.000209072 0.000574418 -0.000395281)
(-0.000305642 0.000529387 -0.000395281)
(-0.000392925 0.00046827 -0.000395281)
(-0.00046827 0.000392925 -0.000395281)
(-0.000529387 0.000305642 -0.000395281)
(-0.000574418 0.000209072 -0.000395281)
(-0.000601996 0.000106148 -0.00039528)
(-0.000611284 5.11165e-14 -0.000395281)
(-0.000601996 -0.000106148 -0.00039528)
(-0.000574418 -0.000209072 -0.000395281)
(-0.000529387 -0.000305642 -0.000395281)
(-0.00046827 -0.000392925 -0.000395281)
(-0.000392925 -0.00046827 -0.000395281)
(-0.000305642 -0.000529387 -0.000395281)
(-0.000209072 -0.000574418 -0.000395281)
(-0.000106148 -0.000601996 -0.00039528)
(-6.05252e-14 -0.000611284 -0.000395281)
(0.000106148 -0.000601996 -0.00039528)
(0.000209072 -0.000574418 -0.000395281)
(0.000305642 -0.000529387 -0.000395281)
(0.000392925 -0.00046827 -0.000395281)
(0.00046827 -0.000392925 -0.000395281)
(0.000529387 -0.000305642 -0.000395281)
(0.000574418 -0.000209072 -0.000395281)
(0.000601996 -0.000106148 -0.00039528)
(0.000611284 -5.82441e-14 -0.000395281)
(0.000700903 0.000123588 -0.000423065)
(0.000668794 0.000243422 -0.000423066)
(0.000616364 0.000355858 -0.000423066)
(0.000545206 0.000457482 -0.000423066)
(0.000457482 0.000545206 -0.000423066)
(0.000355858 0.000616364 -0.000423066)
(0.000243422 0.000668794 -0.000423066)
(0.000123588 0.000700903 -0.000423065)
(2.7167e-14 0.000711715 -0.000423065)
(-0.000123588 0.000700903 -0.000423065)
(-0.000243422 0.000668794 -0.000423066)
(-0.000355858 0.000616364 -0.000423066)
(-0.000457482 0.000545206 -0.000423066)
(-0.000545206 0.000457482 -0.000423066)
(-0.000616364 0.000355858 -0.000423066)
(-0.000668794 0.000243422 -0.000423066)
(-0.000700903 0.000123588 -0.000423065)
(-0.000711715 4.39181e-14 -0.000423065)
(-0.000700903 -0.000123588 -0.000423065)
(-0.000668794 -0.000243422 -0.000423066)
(-0.000616364 -0.000355858 -0.000423066)
(-0.000545206 -0.000457482 -0.000423066)
(-0.000457482 -0.000545206 -0.000423066)
(-0.000355858 -0.000616364 -0.000423066)
(-0.000243422 -0.000668794 -0.000423066)
(-0.000123588 -0.000700903 -0.000423065)
(-5.44139e-14 -0.000711715 -0.000423065)
(0.000123588 -0.000700903 -0.000423065)
(0.000243422 -0.000668794 -0.000423066)
(0.000355858 -0.000616364 -0.000423066)
(0.000457482 -0.000545206 -0.000423066)
(0.000545206 -0.000457482 -0.000423066)
(0.000616364 -0.000355858 -0.000423066)
(0.000668794 -0.000243422 -0.000423066)
(0.000700903 -0.000123588 -0.000423065)
(0.000711715 -5.09145e-14 -0.000423065)
(0.000416114 7.3372e-05 -0.000391993)
(0.000397051 0.000144515 -0.000391993)
(0.000365925 0.000211267 -0.000391993)
(0.00032368 0.0002716 -0.000391994)
(0.0002716 0.00032368 -0.000391994)
(0.000211267 0.000365925 -0.000391993)
(0.000144515 0.000397051 -0.000391993)
(7.3372e-05 0.000416114 -0.000391993)
(5.11209e-14 0.000422533 -0.000391993)
(-7.3372e-05 0.000416114 -0.000391993)
(-0.000144515 0.000397051 -0.000391993)
(-0.000211267 0.000365925 -0.000391993)
(-0.0002716 0.00032368 -0.000391994)
(-0.00032368 0.0002716 -0.000391994)
(-0.000365925 0.000211267 -0.000391993)
(-0.000397051 0.000144515 -0.000391993)
(-0.000416114 7.3372e-05 -0.000391993)
(-0.000422533 7.26512e-14 -0.000391993)
(-0.000416114 -7.3372e-05 -0.000391993)
(-0.000397051 -0.000144515 -0.000391993)
(-0.000365925 -0.000211267 -0.000391993)
(-0.00032368 -0.0002716 -0.000391994)
(-0.0002716 -0.00032368 -0.000391994)
(-0.000211267 -0.000365925 -0.000391993)
(-0.000144515 -0.000397051 -0.000391993)
(-7.3372e-05 -0.000416114 -0.000391993)
(-8.22184e-14 -0.000422533 -0.000391993)
(7.3372e-05 -0.000416114 -0.000391993)
(0.000144515 -0.000397051 -0.000391993)
(0.000211267 -0.000365925 -0.000391993)
(0.0002716 -0.00032368 -0.000391994)
(0.00032368 -0.0002716 -0.000391994)
(0.000365925 -0.000211267 -0.000391993)
(0.000397051 -0.000144515 -0.000391993)
(0.000416114 -7.3372e-05 -0.000391993)
(0.000422533 -8.03801e-14 -0.000391993)
(0.000484181 8.53741e-05 -0.000413437)
(0.000462 0.000168154 -0.000413437)
(0.000425782 0.000245826 -0.000413438)
(0.000376626 0.000316027 -0.000413438)
(0.000316027 0.000376626 -0.000413438)
(0.000245826 0.000425782 -0.000413438)
(0.000168154 0.000462 -0.000413437)
(8.53741e-05 0.000484181 -0.000413437)
(4.32057e-14 0.000491651 -0.000413438)
(-8.53741e-05 0.000484181 -0.000413437)
(-0.000168154 0.000462 -0.000413437)
(-0.000245826 0.000425782 -0.000413438)
(-0.000316027 0.000376626 -0.000413438)
(-0.000376626 0.000316027 -0.000413438)
(-0.000425782 0.000245826 -0.000413438)
(-0.000462 0.000168154 -0.000413437)
(-0.000484181 8.53741e-05 -0.000413437)
(-0.000491651 6.40535e-14 -0.000413438)
(-0.000484181 -8.53741e-05 -0.000413437)
(-0.000462 -0.000168154 -0.000413437)
(-0.000425782 -0.000245826 -0.000413438)
(-0.000376626 -0.000316027 -0.000413438)
(-0.000316027 -0.000376626 -0.000413438)
(-0.000245826 -0.000425782 -0.000413438)
(-0.000168154 -0.000462 -0.000413437)
(-8.53741e-05 -0.000484181 -0.000413437)
(-7.47661e-14 -0.000491651 -0.000413438)
(8.53741e-05 -0.000484181 -0.000413437)
(0.000168154 -0.000462 -0.000413437)
(0.000245826 -0.000425782 -0.000413438)
(0.000316027 -0.000376626 -0.000413438)
(0.000376626 -0.000316027 -0.000413438)
(0.000425782 -0.000245826 -0.000413438)
(0.000462 -0.000168154 -0.000413437)
(0.000484181 -8.53741e-05 -0.000413437)
(0.000491651 -7.17464e-14 -0.000413438)
(0.000568669 0.000100272 -0.000438453)
(0.000542618 0.000197497 -0.000438454)
(0.000500079 0.000288721 -0.000438454)
(0.000442346 0.000371173 -0.000438454)
(0.000371173 0.000442346 -0.000438454)
(0.000288721 0.000500079 -0.000438454)
(0.000197497 0.000542618 -0.000438454)
(0.000100272 0.000568669 -0.000438453)
(3.54767e-14 0.000577442 -0.000438454)
(-0.000100272 0.000568669 -0.000438453)
(-0.000197497 0.000542618 -0.000438454)
(-0.000288721 0.000500079 -0.000438454)
(-0.000371173 0.000442346 -0.000438454)
(-0.000442346 0.000371173 -0.000438454)
(-0.000500079 0.000288721 -0.000438454)
(-0.000542618 0.000197497 -0.000438454)
(-0.000568669 0.000100272 -0.000438453)
(-0.000577442 5.56173e-14 -0.000438454)
(-0.000568669 -0.000100272 -0.000438453)
(-0.000542618 -0.000197497 -0.000438454)
(-0.000500079 -0.000288721 -0.000438454)
(-0.000442346 -0.000371173 -0.000438454)
(-0.000371173 -0.000442346 -0.000438454)
(-0.000288721 -0.000500079 -0.000438454)
(-0.000197497 -0.000542618 -0.000438454)
(-0.000100272 -0.000568669 -0.000438453)
(-6.74546e-14 -0.000577442 -0.000438454)
(0.000100272 -0.000568669 -0.000438453)
(0.000197497 -0.000542618 -0.000438454)
(0.000288721 -0.000500079 -0.000438454)
(0.000371173 -0.000442346 -0.000438454)
(0.000442346 -0.000371173 -0.000438454)
(0.000500079 -0.000288721 -0.000438454)
(0.000542618 -0.000197497 -0.000438454)
(0.000568669 -0.000100272 -0.000438453)
(0.000577442 -6.3267e-14 -0.000438454)
(0.000664985 0.000117255 -0.000466402)
(0.000634521 0.000230947 -0.000466402)
(0.000584777 0.000337621 -0.000466402)
(0.000517266 0.000434038 -0.000466402)
(0.000434038 0.000517266 -0.000466402)
(0.000337621 0.000584777 -0.000466402)
(0.000230947 0.000634521 -0.000466402)
(0.000117255 0.000664985 -0.000466402)
(2.79334e-14 0.000675243 -0.000466402)
(-0.000117255 0.000664985 -0.000466402)
(-0.000230947 0.000634521 -0.000466402)
(-0.000337621 0.000584777 -0.000466402)
(-0.000434038 0.000517266 -0.000466402)
(-0.000517266 0.000434038 -0.000466402)
(-0.000584777 0.000337621 -0.000466402)
(-0.000634521 0.000230947 -0.000466402)
(-0.000664985 0.000117255 -0.000466402)
(-0.000675243 4.73401e-14 -0.000466402)
(-0.000664985 -0.000117255 -0.000466402)
(-0.000634521 -0.000230947 -0.000466402)
(-0.000584777 -0.000337621 -0.000466402)
(-0.000517266 -0.000434038 -0.000466402)
(-0.000434038 -0.000517266 -0.000466402)
(-0.000337621 -0.000584777 -0.000466402)
(-0.000230947 -0.000634521 -0.000466402)
(-0.000117255 -0.000664985 -0.000466402)
(-6.02432e-14 -0.000675243 -0.000466402)
(0.000117255 -0.000664985 -0.000466402)
(0.000230947 -0.000634521 -0.000466402)
(0.000337621 -0.000584777 -0.000466402)
(0.000434038 -0.000517266 -0.000466402)
(0.000517266 -0.000434038 -0.000466402)
(0.000584777 -0.000337621 -0.000466402)
(0.000634521 -0.000230947 -0.000466402)
(0.000664985 -0.000117255 -0.000466402)
(0.000675243 -5.49307e-14 -0.000466402)
(0.000363361 6.40705e-05 -0.000422758)
(0.000346715 0.000126194 -0.000422758)
(0.000319534 0.000184484 -0.000422758)
(0.000282645 0.000237167 -0.000422758)
(0.000237167 0.000282645 -0.000422758)
(0.000184484 0.000319534 -0.000422758)
(0.000126194 0.000346715 -0.000422758)
(6.40705e-05 0.000363361 -0.000422758)
(5.29668e-14 0.000368966 -0.000422758)
(-6.40705e-05 0.000363361 -0.000422758)
(-0.000126194 0.000346715 -0.000422758)
(-0.000184484 0.000319534 -0.000422758)
(-0.000237167 0.000282645 -0.000422758)
(-0.000282645 0.000237167 -0.000422758)
(-0.000319534 0.000184484 -0.000422758)
(-0.000346715 0.000126194 -0.000422758)
(-0.000363361 6.40705e-05 -0.000422758)
(-0.000368966 7.75423e-14 -0.000422758)
(-0.000363361 -6.40705e-05 -0.000422758)
(-0.000346715 -0.000126194 -0.000422758)
(-0.000319534 -0.000184484 -0.000422758)
(-0.000282645 -0.000237167 -0.000422758)
(-0.000237167 -0.000282645 -0.000422758)
(-0.000184484 -0.000319534 -0.000422758)
(-0.000126194 -0.000346715 -0.000422758)
(-6.40705e-05 -0.000363361 -0.000422758)
(-9.01161e-14 -0.000368966 -0.000422758)
(6.40705e-05 -0.000363361 -0.000422758)
(0.000126194 -0.000346715 -0.000422758)
(0.000184484 -0.000319534 -0.000422758)
(0.000237167 -0.000282645 -0.000422758)
(0.000282645 -0.000237167 -0.000422758)
(0.000319534 -0.000184484 -0.000422758)
(0.000346715 -0.000126194 -0.000422758)
(0.000363361 -6.40705e-05 -0.000422758)
(0.000368966 -8.54103e-14 -0.000422758)
(0.000427231 7.53324e-05 -0.000442538)
(0.000407659 0.000148376 -0.000442538)
(0.000375701 0.000216911 -0.000442538)
(0.000332327 0.000278856 -0.000442538)
(0.000278856 0.000332327 -0.000442538)
(0.000216911 0.000375701 -0.000442538)
(0.000148376 0.000407659 -0.000442538)
(7.53324e-05 0.000427231 -0.000442538)
(4.41645e-14 0.000433822 -0.000442538)
(-7.53324e-05 0.000427231 -0.000442538)
(-0.000148376 0.000407659 -0.000442538)
(-0.000216911 0.000375701 -0.000442538)
(-0.000278856 0.000332327 -0.000442538)
(-0.000332327 0.000278856 -0.000442538)
(-0.000375701 0.000216911 -0.000442538)
(-0.000407659 0.000148376 -0.000442538)
(-0.000427231 7.53324e-05 -0.000442538)
(-0.000433822 6.79085e-14 -0.000442538)
(-0.000427231 -7.53324e-05 -0.000442538)
(-0.000407659 -0.000148376 -0.000442538)
(-0.000375701 -0.000216911 -0.000442538)
(-0.000332327 -0.000278856 -0.000442538)
(-0.000278856 -0.000332327 -0.000442538)
(-0.000216911 -0.000375701 -0.000442538)
(-0.000148376 -0.000407659 -0.000442538)
(-7.53324e-05 -0.000427231 -0.000442538)
(-8.14865e-14 -0.000433822 -0.000442538)
(7.53324e-05 -0.000427231 -0.000442538)
(0.000148376 -0.000407659 -0.000442538)
(0.000216911 -0.000375701 -0.000442538)
(0.000278856 -0.000332327 -0.000442538)
(0.000332327 -0.000278856 -0.000442538)
(0.000375701 -0.000216911 -0.000442538)
(0.000407659 -0.000148376 -0.000442538)
(0.000427231 -7.53324e-05 -0.000442538)
(0.000433822 -7.58252e-14 -0.000442538)
(0.000507717 8.9524e-05 -0.000467263)
(0.000484458 0.000176328 -0.000467263)
(0.000446478 0.000257775 -0.000467263)
(0.000394933 0.000331388 -0.000467263)
(0.000331388 0.000394933 -0.000467263)
(0.000257775 0.000446478 -0.000467263)
(0.000176328 0.000484458 -0.000467263)
(8.9524e-05 0.000507717 -0.000467263)
(3.55773e-14 0.000515548 -0.000467263)
(-8.9524e-05 0.000507717 -0.000467263)
(-0.000176328 0.000484458 -0.000467263)
(-0.000257775 0.000446478 -0.000467263)
(-0.000331388 0.000394933 -0.000467263)
(-0.000394933 0.000331388 -0.000467263)
(-0.000446478 0.000257775 -0.000467263)
(-0.000484458 0.000176328 -0.000467263)
(-0.000507717 8.9524e-05 -0.000467263)
(-0.000515548 5.84556e-14 -0.000467263)
(-0.000507717 -8.9524e-05 -0.000467263)
(-0.000484458 -0.000176328 -0.000467263)
(-0.000446478 -0.000257775 -0.000467263)
(-0.000394933 -0.000331388 -0.000467263)
(-0.000331388 -0.000394933 -0.000467263)
(-0.000257775 -0.000446478 -0.000467263)
(-0.000176328 -0.000484458 -0.000467263)
(-8.9524e-05 -0.000507717 -0.000467263)
(-7.30215e-14 -0.000515548 -0.000467263)
(8.9524e-05 -0.000507717 -0.000467263)
(0.000176328 -0.000484458 -0.000467263)
(0.000257775 -0.000446478 -0.000467263)
(0.000331388 -0.000394933 -0.000467263)
(0.000394933 -0.000331388 -0.000467263)
(0.000446478 -0.000257775 -0.000467263)
(0.000484458 -0.000176328 -0.000467263)
(0.000507717 -8.9524e-05 -0.000467263)
(0.000515548 -6.642e-14 -0.000467263)
(0.000600688 0.000105917 -0.000496303)
(0.00057317 0.000208617 -0.000496303)
(0.000528236 0.000304978 -0.000496303)
(0.000467253 0.000392071 -0.000496303)
(0.000392071 0.000467253 -0.000496303)
(0.000304978 0.000528236 -0.000496303)
(0.000208617 0.00057317 -0.000496303)
(0.000105917 0.000600688 -0.000496303)
(2.72203e-14 0.000609955 -0.000496303)
(-0.000105917 0.000600688 -0.000496303)
(-0.000208617 0.00057317 -0.000496303)
(-0.000304978 0.000528236 -0.000496303)
(-0.000392071 0.000467253 -0.000496303)
(-0.000467253 0.000392071 -0.000496303)
(-0.000528236 0.000304978 -0.000496303)
(-0.00057317 0.000208617 -0.000496303)
(-0.000600688 0.000105917 -0.000496303)
(-0.000609955 4.91913e-14 -0.000496303)
(-0.000600688 -0.000105917 -0.000496303)
(-0.00057317 -0.000208617 -0.000496303)
(-0.000528236 -0.000304978 -0.000496303)
(-0.000467253 -0.000392071 -0.000496303)
(-0.000392071 -0.000467253 -0.000496303)
(-0.000304978 -0.000528236 -0.000496303)
(-0.000208617 -0.00057317 -0.000496303)
(-0.000105917 -0.000600688 -0.000496303)
(-6.46836e-14 -0.000609955 -0.000496303)
(0.000105917 -0.000600688 -0.000496303)
(0.000208617 -0.00057317 -0.000496303)
(0.000304978 -0.000528236 -0.000496303)
(0.000392071 -0.000467253 -0.000496303)
(0.000467253 -0.000392071 -0.000496303)
(0.000528236 -0.000304978 -0.000496303)
(0.00057317 -0.000208617 -0.000496303)
(0.000600688 -0.000105917 -0.000496303)
(0.000609955 -5.71864e-14 -0.000496303)
(0.000292298 5.15401e-05 -0.000437407)
(0.000278907 0.000101514 -0.000437407)
(0.000257042 0.000148404 -0.000437407)
(0.000227367 0.000190784 -0.000437407)
(0.000190784 0.000227367 -0.000437407)
(0.000148404 0.000257042 -0.000437407)
(0.000101514 0.000278907 -0.000437407)
(5.15401e-05 0.000292298 -0.000437407)
(5.27926e-14 0.000296807 -0.000437407)
(-5.15401e-05 0.000292298 -0.000437407)
(-0.000101514 0.000278907 -0.000437407)
(-0.000148404 0.000257042 -0.000437407)
(-0.000190784 0.000227367 -0.000437407)
(-0.000227367 0.000190784 -0.000437407)
(-0.000257042 0.000148404 -0.000437407)
(-0.000278907 0.000101514 -0.000437407)
(-0.000292298 5.15401e-05 -0.000437407)
(-0.000296807 8.0237e-14 -0.000437407)
(-0.000292298 -5.15401e-05 -0.000437407)
(-0.000278907 -0.000101514 -0.000437407)
(-0.000257042 -0.000148404 -0.000437407)
(-0.000227367 -0.000190784 -0.000437407)
(-0.000190784 -0.000227367 -0.000437407)
(-0.000148404 -0.000257042 -0.000437407)
(-0.000101514 -0.000278907 -0.000437407)
(-5.15401e-05 -0.000292298 -0.000437407)
(-9.64625e-14 -0.000296807 -0.000437407)
(5.15401e-05 -0.000292298 -0.000437407)
(0.000101514 -0.000278907 -0.000437407)
(0.000148404 -0.000257042 -0.000437407)
(0.000190784 -0.000227367 -0.000437407)
(0.000227367 -0.000190784 -0.000437407)
(0.000257042 -0.000148404 -0.000437407)
(0.000278907 -0.000101514 -0.000437407)
(0.000292298 -5.15401e-05 -0.000437407)
(0.000296807 -8.80635e-14 -0.000437407)
(0.000351516 6.19816e-05 -0.000456323)
(0.000335412 0.00012208 -0.000456323)
(0.000309118 0.000178469 -0.000456323)
(0.000273431 0.000229436 -0.000456323)
(0.000229436 0.000273431 -0.000456323)
(0.000178469 0.000309118 -0.000456323)
(0.00012208 0.000335412 -0.000456323)
(6.19816e-05 0.000351516 -0.000456323)
(4.32552e-14 0.000356938 -0.000456323)
(-6.19816e-05 0.000351516 -0.000456323)
(-0.00012208 0.000335412 -0.000456323)
(-0.000178469 0.000309118 -0.000456323)
(-0.000229436 0.000273431 -0.000456323)
(-0.000273431 0.000229436 -0.000456323)
(-0.000309118 0.000178469 -0.000456323)
(-0.000335412 0.00012208 -0.000456323)
(-0.000351516 6.19816e-05 -0.000456323)
(-0.000356938 6.97263e-14 -0.000456323)
(-0.000351516 -6.19816e-05 -0.000456323)
(-0.000335412 -0.00012208 -0.000456323)
(-0.000309118 -0.000178469 -0.000456323)
(-0.000273431 -0.000229436 -0.000456323)
(-0.000229436 -0.000273431 -0.000456323)
(-0.000178469 -0.000309118 -0.000456323)
(-0.00012208 -0.000335412 -0.000456323)
(-6.19816e-05 -0.000351516 -0.000456323)
(-8.66442e-14 -0.000356938 -0.000456323)
(6.19816e-05 -0.000351516 -0.000456323)
(0.00012208 -0.000335412 -0.000456323)
(0.000178469 -0.000309118 -0.000456323)
(0.000229436 -0.000273431 -0.000456323)
(0.000273431 -0.000229436 -0.000456323)
(0.000309118 -0.000178469 -0.000456323)
(0.000335412 -0.00012208 -0.000456323)
(0.000351516 -6.19816e-05 -0.000456323)
(0.000356938 -7.76958e-14 -0.000456323)
(0.000427345 7.53523e-05 -0.000481728)
(0.000407768 0.000148416 -0.000481728)
(0.000375801 0.000216969 -0.000481728)
(0.000332416 0.00027893 -0.000481728)
(0.00027893 0.000332416 -0.000481728)
(0.000216969 0.000375801 -0.000481728)
(0.000148416 0.000407768 -0.000481728)
(7.53523e-05 0.000427345 -0.000481728)
(3.39545e-14 0.000433937 -0.000481728)
(-7.53523e-05 0.000427345 -0.000481728)
(-0.000148416 0.000407768 -0.000481728)
(-0.000216969 0.000375801 -0.000481728)
(-0.00027893 0.000332416 -0.000481728)
(-0.000332416 0.00027893 -0.000481728)
(-0.000375801 0.000216969 -0.000481728)
(-0.000407768 0.000148416 -0.000481728)
(-0.000427345 7.53523e-05 -0.000481728)
(-0.000433937 5.94169e-14 -0.000481728)
(-0.000427345 -7.53523e-05 -0.000481728)
(-0.000407768 -0.000148416 -0.000481728)
(-0.000375801 -0.000216969 -0.000481728)
(-0.000332416 -0.00027893 -0.000481728)
(-0.00027893 -0.000332416 -0.000481728)
(-0.000216969 -0.000375801 -0.000481728)
(-0.000148416 -0.000407768 -0.000481728)
(-7.53523e-05 -0.000427345 -0.000481728)
(-7.7018e-14 -0.000433937 -0.000481728)
(7.53523e-05 -0.000427345 -0.000481728)
(0.000148416 -0.000407768 -0.000481728)
(0.000216969 -0.000375801 -0.000481728)
(0.00027893 -0.000332416 -0.000481728)
(0.000332416 -0.00027893 -0.000481728)
(0.000375801 -0.000216969 -0.000481728)
(0.000407768 -0.000148416 -0.000481728)
(0.000427345 -7.53523e-05 -0.000481728)
(0.000433937 -6.75295e-14 -0.000481728)
(0.000516219 9.10234e-05 -0.000512993)
(0.000492571 0.000179281 -0.000512993)
(0.000453956 0.000262092 -0.000512993)
(0.000401548 0.000336939 -0.000512993)
(0.000336939 0.000401548 -0.000512993)
(0.000262092 0.000453956 -0.000512993)
(0.000179281 0.000492571 -0.000512993)
(9.10234e-05 0.000516219 -0.000512993)
(2.49318e-14 0.000524183 -0.000512993)
(-9.10234e-05 0.000516219 -0.000512993)
(-0.000179281 0.000492571 -0.000512993)
(-0.000262092 0.000453956 -0.000512993)
(-0.000336939 0.000401548 -0.000512993)
(-0.000401548 0.000336939 -0.000512993)
(-0.000453956 0.000262092 -0.000512993)
(-0.000492571 0.000179281 -0.000512993)
(-0.000516219 9.10234e-05 -0.000512993)
(-0.000524183 4.93263e-14 -0.000512993)
(-0.000516219 -9.10234e-05 -0.000512993)
(-0.000492571 -0.000179281 -0.000512993)
(-0.000453956 -0.000262092 -0.000512993)
(-0.000401548 -0.000336939 -0.000512993)
(-0.000336939 -0.000401548 -0.000512993)
(-0.000262092 -0.000453956 -0.000512993)
(-0.000179281 -0.000492571 -0.000512993)
(-9.10234e-05 -0.000516219 -0.000512993)
(-6.75636e-14 -0.000524183 -0.000512993)
(9.10234e-05 -0.000516219 -0.000512993)
(0.000179281 -0.000492571 -0.000512993)
(0.000262092 -0.000453956 -0.000512993)
(0.000336939 -0.000401548 -0.000512993)
(0.000401548 -0.000336939 -0.000512993)
(0.000453956 -0.000262092 -0.000512993)
(0.000492571 -0.000179281 -0.000512993)
(0.000516219 -9.10234e-05 -0.000512993)
(0.000524183 -5.75581e-14 -0.000512993)
(0.000212387 3.74495e-05 -0.000437309)
(0.000202658 7.37613e-05 -0.000437309)
(0.00018677 0.000107832 -0.000437309)
(0.000165208 0.000138626 -0.000437309)
(0.000138626 0.000165208 -0.000437309)
(0.000107832 0.00018677 -0.000437309)
(7.37613e-05 0.000202658 -0.000437309)
(3.74495e-05 0.000212387 -0.000437309)
(5.00965e-14 0.000215664 -0.000437309)
(-3.74495e-05 0.000212387 -0.000437309)
(-7.37613e-05 0.000202658 -0.000437309)
(-0.000107832 0.00018677 -0.000437309)
(-0.000138626 0.000165208 -0.000437309)
(-0.000165208 0.000138626 -0.000437309)
(-0.00018677 0.000107832 -0.000437309)
(-0.000202658 7.37613e-05 -0.000437309)
(-0.000212387 3.74495e-05 -0.000437309)
(-0.000215664 8.0226e-14 -0.000437309)
(-0.000212387 -3.74495e-05 -0.000437309)
(-0.000202658 -7.37613e-05 -0.000437309)
(-0.00018677 -0.000107832 -0.000437309)
(-0.000165208 -0.000138626 -0.000437309)
(-0.000138626 -0.000165208 -0.000437309)
(-0.000107832 -0.00018677 -0.000437309)
(-7.37613e-05 -0.000202658 -0.000437309)
(-3.74495e-05 -0.000212387 -0.000437309)
(-1.00782e-13 -0.000215664 -0.000437309)
(3.74495e-05 -0.000212387 -0.000437309)
(7.37613e-05 -0.000202658 -0.000437309)
(0.000107832 -0.00018677 -0.000437309)
(0.000138626 -0.000165208 -0.000437309)
(0.000165208 -0.000138626 -0.000437309)
(0.00018677 -0.000107832 -0.000437309)
(0.000202658 -7.37613e-05 -0.000437309)
(0.000212387 -3.74495e-05 -0.000437309)
(0.000215664 -8.79057e-14 -0.000437309)
(0.00026618 4.69347e-05 -0.000455986)
(0.000253986 9.24435e-05 -0.000455986)
(0.000234075 0.000135143 -0.000455985)
(0.000207051 0.000173737 -0.000455985)
(0.000173737 0.000207051 -0.000455985)
(0.000135143 0.000234075 -0.000455985)
(9.24435e-05 0.000253986 -0.000455986)
(4.69347e-05 0.00026618 -0.000455986)
(4.01168e-14 0.000270286 -0.000455986)
(-4.69347e-05 0.00026618 -0.000455986)
(-9.24435e-05 0.000253986 -0.000455986)
(-0.000135143 0.000234075 -0.000455985)
(-0.000173737 0.000207051 -0.000455985)
(-0.000207051 0.000173737 -0.000455985)
(-0.000234075 0.000135143 -0.000455985)
(-0.000253986 9.24435e-05 -0.000455986)
(-0.00026618 4.69347e-05 -0.000455986)
(-0.000270286 6.9091e-14 -0.000455986)
(-0.00026618 -4.69347e-05 -0.000455986)
(-0.000253986 -9.24435e-05 -0.000455986)
(-0.000234075 -0.000135143 -0.000455985)
(-0.000207051 -0.000173737 -0.000455985)
(-0.000173737 -0.000207051 -0.000455985)
(-0.000135143 -0.000234075 -0.000455985)
(-9.24435e-05 -0.000253986 -0.000455986)
(-4.69347e-05 -0.00026618 -0.000455986)
(-8.98725e-14 -0.000270286 -0.000455986)
(4.69347e-05 -0.00026618 -0.000455986)
(9.24435e-05 -0.000253986 -0.000455986)
(0.000135143 -0.000234075 -0.000455985)
(0.000173737 -0.000207051 -0.000455985)
(0.000207051 -0.000173737 -0.000455985)
(0.000234075 -0.000135143 -0.000455985)
(0.000253986 -9.24435e-05 -0.000455986)
(0.00026618 -4.69347e-05 -0.000455986)
(0.000270286 -7.69922e-14 -0.000455986)
(0.000336344 5.93064e-05 -0.000482931)
(0.000320936 0.000116811 -0.000482931)
(0.000295776 0.000170766 -0.000482931)
(0.000261629 0.000219533 -0.000482931)
(0.000219533 0.000261629 -0.000482931)
(0.000170766 0.000295776 -0.000482931)
(0.000116811 0.000320936 -0.000482931)
(5.93064e-05 0.000336344 -0.000482931)
(3.03877e-14 0.000341533 -0.000482931)
(-5.93064e-05 0.000336344 -0.000482931)
(-0.000116811 0.000320936 -0.000482931)
(-0.000170766 0.000295776 -0.000482931)
(-0.000219533 0.000261629 -0.000482931)
(-0.000261629 0.000219533 -0.000482931)
(-0.000295776 0.000170766 -0.000482931)
(-0.000320936 0.000116811 -0.000482931)
(-0.000336344 5.93064e-05 -0.000482931)
(-0.000341533 5.81863e-14 -0.000482931)
(-0.000336344 -5.93064e-05 -0.000482931)
(-0.000320936 -0.000116811 -0.000482931)
(-0.000295776 -0.000170766 -0.000482931)
(-0.000261629 -0.000219533 -0.000482931)
(-0.000219533 -0.000261629 -0.000482931)
(-0.000170766 -0.000295776 -0.000482931)
(-0.000116811 -0.000320936 -0.000482931)
(-5.93064e-05 -0.000336344 -0.000482931)
(-7.91734e-14 -0.000341533 -0.000482931)
(5.93064e-05 -0.000336344 -0.000482931)
(0.000116811 -0.000320936 -0.000482931)
(0.000170766 -0.000295776 -0.000482931)
(0.000219533 -0.000261629 -0.000482931)
(0.000261629 -0.000219533 -0.000482931)
(0.000295776 -0.000170766 -0.000482931)
(0.000320936 -0.000116811 -0.000482931)
(0.000336344 -5.93064e-05 -0.000482931)
(0.000341533 -6.63014e-14 -0.000482931)
(0.000419888 7.40376e-05 -0.000517514)
(0.000400652 0.000145826 -0.000517514)
(0.000369243 0.000213183 -0.000517514)
(0.000326615 0.000274062 -0.000517514)
(0.000274062 0.000326615 -0.000517514)
(0.000213183 0.000369243 -0.000517514)
(0.000145826 0.000400652 -0.000517514)
(7.40376e-05 0.000419888 -0.000517514)
(2.09798e-14 0.000426365 -0.000517514)
(-7.40376e-05 0.000419888 -0.000517514)
(-0.000145826 0.000400652 -0.000517514)
(-0.000213183 0.000369243 -0.000517514)
(-0.000274062 0.000326615 -0.000517514)
(-0.000326615 0.000274062 -0.000517514)
(-0.000369243 0.000213183 -0.000517514)
(-0.000400652 0.000145826 -0.000517514)
(-0.000419888 7.40376e-05 -0.000517514)
(-0.000426365 4.75543e-14 -0.000517514)
(-0.000419888 -7.40376e-05 -0.000517514)
(-0.000400652 -0.000145826 -0.000517514)
(-0.000369243 -0.000213183 -0.000517514)
(-0.000326615 -0.000274062 -0.000517514)
(-0.000274062 -0.000326615 -0.000517514)
(-0.000213183 -0.000369243 -0.000517514)
(-0.000145826 -0.000400652 -0.000517514)
(-7.40376e-05 -0.000419888 -0.000517514)
(-6.87099e-14 -0.000426365 -0.000517514)
(7.40376e-05 -0.000419888 -0.000517514)
(0.000145826 -0.000400652 -0.000517514)
(0.000213183 -0.000369243 -0.000517514)
(0.000274062 -0.000326615 -0.000517514)
(0.000326615 -0.000274062 -0.000517514)
(0.000369243 -0.000213183 -0.000517514)
(0.000400652 -0.000145826 -0.000517514)
(0.000419888 -7.40376e-05 -0.000517514)
(0.000426365 -5.5856e-14 -0.000517514)
(0.000133734 2.35807e-05 -0.000425624)
(0.000127608 4.64452e-05 -0.000425624)
(0.000117604 6.78983e-05 -0.000425624)
(0.000104027 8.72884e-05 -0.000425624)
(8.72884e-05 0.000104027 -0.000425624)
(6.78983e-05 0.000117604 -0.000425624)
(4.64452e-05 0.000127608 -0.000425624)
(2.35807e-05 0.000133734 -0.000425624)
(4.41304e-14 0.000135797 -0.000425624)
(-2.35807e-05 0.000133734 -0.000425624)
(-4.64452e-05 0.000127608 -0.000425624)
(-6.78983e-05 0.000117604 -0.000425624)
(-8.72884e-05 0.000104027 -0.000425624)
(-0.000104027 8.72884e-05 -0.000425624)
(-0.000117604 6.78983e-05 -0.000425624)
(-0.000127608 4.64452e-05 -0.000425624)
(-0.000133734 2.35807e-05 -0.000425624)
(-0.000135797 7.6719e-14 -0.000425624)
(-0.000133734 -2.35807e-05 -0.000425624)
(-0.000127608 -4.64452e-05 -0.000425624)
(-0.000117604 -6.78983e-05 -0.000425624)
(-0.000104027 -8.72884e-05 -0.000425624)
(-8.72884e-05 -0.000104027 -0.000425624)
(-6.78983e-05 -0.000117604 -0.000425624)
(-4.64452e-05 -0.000127608 -0.000425624)
(-2.35807e-05 -0.000133734 -0.000425624)
(-1.02248e-13 -0.000135797 -0.000425624)
(2.35807e-05 -0.000133734 -0.000425624)
(4.64452e-05 -0.000127608 -0.000425624)
(6.78983e-05 -0.000117604 -0.000425624)
(8.72884e-05 -0.000104027 -0.000425624)
(0.000104027 -8.72884e-05 -0.000425624)
(0.000117604 -6.78983e-05 -0.000425624)
(0.000127608 -4.64452e-05 -0.000425624)
(0.000133734 -2.35807e-05 -0.000425624)
(0.000135797 -8.42252e-14 -0.000425624)
(0.000180775 3.18754e-05 -0.000444118)
(0.000172493 6.27824e-05 -0.000444118)
(0.000158971 9.17816e-05 -0.000444118)
(0.000140618 0.000117992 -0.000444118)
(0.000117992 0.000140618 -0.000444118)
(9.17816e-05 0.000158971 -0.000444118)
(6.27824e-05 0.000172493 -0.000444118)
(3.18754e-05 0.000180775 -0.000444118)
(3.41851e-14 0.000183563 -0.000444118)
(-3.18754e-05 0.000180775 -0.000444118)
(-6.27824e-05 0.000172493 -0.000444118)
(-9.17816e-05 0.000158971 -0.000444118)
(-0.000117992 0.000140618 -0.000444118)
(-0.000140618 0.000117992 -0.000444118)
(-0.000158971 9.17816e-05 -0.000444118)
(-0.000172493 6.27824e-05 -0.000444118)
(-0.000180775 3.18754e-05 -0.000444118)
(-0.000183563 6.54303e-14 -0.000444118)
(-0.000180775 -3.18754e-05 -0.000444118)
(-0.000172493 -6.27824e-05 -0.000444118)
(-0.000158971 -9.17816e-05 -0.000444118)
(-0.000140618 -0.000117992 -0.000444118)
(-0.000117992 -0.000140618 -0.000444118)
(-9.17816e-05 -0.000158971 -0.000444118)
(-6.27824e-05 -0.000172493 -0.000444118)
(-3.18754e-05 -0.000180775 -0.000444118)
(-9.05247e-14 -0.000183563 -0.000444118)
(3.18754e-05 -0.000180775 -0.000444118)
(6.27824e-05 -0.000172493 -0.000444118)
(9.17816e-05 -0.000158971 -0.000444118)
(0.000117992 -0.000140618 -0.000444118)
(0.000140618 -0.000117992 -0.000444118)
(0.000158971 -9.17816e-05 -0.000444118)
(0.000172493 -6.27824e-05 -0.000444118)
(0.000180775 -3.18754e-05 -0.000444118)
(0.000183563 -7.31656e-14 -0.000444118)
(0.000243541 4.29429e-05 -0.000473013)
(0.000232384 8.45809e-05 -0.000473013)
(0.000214167 0.000123649 -0.000473013)
(0.000189442 0.00015896 -0.000473013)
(0.00015896 0.000189442 -0.000473013)
(0.000123649 0.000214167 -0.000473013)
(8.45809e-05 0.000232384 -0.000473013)
(4.29429e-05 0.000243541 -0.000473013)
(2.44848e-14 0.000247298 -0.000473013)
(-4.29429e-05 0.000243541 -0.000473013)
(-8.45809e-05 0.000232384 -0.000473013)
(-0.000123649 0.000214167 -0.000473013)
(-0.00015896 0.000189442 -0.000473013)
(-0.000189442 0.00015896 -0.000473013)
(-0.000214167 0.000123649 -0.000473013)
(-0.000232384 8.45809e-05 -0.000473013)
(-0.000243541 4.29429e-05 -0.000473013)
(-0.000247298 5.43665e-14 -0.000473013)
(-0.000243541 -4.29429e-05 -0.000473013)
(-0.000232384 -8.45809e-05 -0.000473013)
(-0.000214167 -0.000123649 -0.000473013)
(-0.000189442 -0.00015896 -0.000473013)
(-0.00015896 -0.000189442 -0.000473013)
(-0.000123649 -0.000214167 -0.000473013)
(-8.45809e-05 -0.000232384 -0.000473013)
(-4.29429e-05 -0.000243541 -0.000473013)
(-7.90346e-14 -0.000247298 -0.000473013)
(4.29429e-05 -0.000243541 -0.000473013)
(8.45809e-05 -0.000232384 -0.000473013)
(0.000123649 -0.000214167 -0.000473013)
(0.00015896 -0.000189442 -0.000473013)
(0.000189442 -0.00015896 -0.000473013)
(0.000214167 -0.000123649 -0.000473013)
(0.000232384 -8.45809e-05 -0.000473013)
(0.000243541 -4.29429e-05 -0.000473013)
(0.000247298 -6.23426e-14 -0.000473013)
(0.000319731 5.63773e-05 -0.000511737)
(0.000305084 0.000111042 -0.000511737)
(0.000281167 0.000162332 -0.000511737)
(0.000248707 0.00020869 -0.000511737)
(0.00020869 0.000248707 -0.000511737)
(0.000162332 0.000281167 -0.000511737)
(0.000111042 0.000305084 -0.000511737)
(5.63773e-05 0.000319731 -0.000511737)
(1.51507e-14 0.000324664 -0.000511737)
(-5.63773e-05 0.000319731 -0.000511737)
(-0.000111042 0.000305084 -0.000511737)
(-0.000162332 0.000281167 -0.000511737)
(-0.00020869 0.000248707 -0.000511737)
(-0.000248707 0.00020869 -0.000511737)
(-0.000281167 0.000162332 -0.000511737)
(-0.000305084 0.000111042 -0.000511737)
(-0.000319731 5.63773e-05 -0.000511737)
(-0.000324664 4.36103e-14 -0.000511737)
(-0.000319731 -5.63773e-05 -0.000511737)
(-0.000305084 -0.000111042 -0.000511737)
(-0.000281167 -0.000162332 -0.000511737)
(-0.000248707 -0.00020869 -0.000511737)
(-0.00020869 -0.000248707 -0.000511737)
(-0.000162332 -0.000281167 -0.000511737)
(-0.000111042 -0.000305084 -0.000511737)
(-5.63773e-05 -0.000319731 -0.000511737)
(-6.78555e-14 -0.000324664 -0.000511737)
(5.63773e-05 -0.000319731 -0.000511737)
(0.000111042 -0.000305084 -0.000511737)
(0.000162332 -0.000281167 -0.000511737)
(0.00020869 -0.000248707 -0.000511737)
(0.000248707 -0.00020869 -0.000511737)
(0.000281167 -0.000162332 -0.000511737)
(0.000305084 -0.000111042 -0.000511737)
(0.000319731 -5.63773e-05 -0.000511737)
(0.000324664 -5.18198e-14 -0.000511737)
(6.61687e-05 1.16672e-05 -0.000407368)
(6.31374e-05 2.29799e-05 -0.000407368)
(5.81876e-05 3.35944e-05 -0.000407368)
(5.14697e-05 4.31882e-05 -0.000407368)
(4.31882e-05 5.14697e-05 -0.000407368)
(3.35944e-05 5.81876e-05 -0.000407368)
(2.29799e-05 6.31374e-05 -0.000407368)
(1.16672e-05 6.61687e-05 -0.000407368)
(3.3861e-14 6.71895e-05 -0.000407368)
(-1.16672e-05 6.61687e-05 -0.000407368)
(-2.29799e-05 6.31374e-05 -0.000407368)
(-3.35944e-05 5.81876e-05 -0.000407368)
(-4.31882e-05 5.14697e-05 -0.000407368)
(-5.14697e-05 4.31882e-05 -0.000407368)
(-5.81876e-05 3.35944e-05 -0.000407368)
(-6.31374e-05 2.29799e-05 -0.000407368)
(-6.61687e-05 1.16672e-05 -0.000407368)
(-6.71895e-05 6.87032e-14 -0.000407368)
(-6.61687e-05 -1.16672e-05 -0.000407368)
(-6.31374e-05 -2.29799e-05 -0.000407368)
(-5.81876e-05 -3.35944e-05 -0.000407368)
(-5.14697e-05 -4.31882e-05 -0.000407368)
(-4.31882e-05 -5.14697e-05 -0.000407368)
(-3.35944e-05 -5.81876e-05 -0.000407368)
(-2.29799e-05 -6.31374e-05 -0.000407368)
(-1.16672e-05 -6.61687e-05 -0.000407368)
(-9.95351e-14 -6.71895e-05 -0.000407368)
(1.16672e-05 -6.61687e-05 -0.000407368)
(2.29799e-05 -6.31374e-05 -0.000407368)
(3.35944e-05 -5.81876e-05 -0.000407368)
(4.31882e-05 -5.14697e-05 -0.000407368)
(5.14697e-05 -4.31882e-05 -0.000407368)
(5.81876e-05 -3.35944e-05 -0.000407368)
(6.31374e-05 -2.29799e-05 -0.000407368)
(6.61687e-05 -1.16672e-05 -0.000407368)
(6.71895e-05 -7.59346e-14 -0.000407368)
(0.000104594 1.84426e-05 -0.000424749)
(9.98021e-05 3.63247e-05 -0.000424749)
(9.1978e-05 5.31033e-05 -0.000424749)
(8.13592e-05 6.82684e-05 -0.000424749)
(6.82684e-05 8.13592e-05 -0.000424749)
(5.31033e-05 9.1978e-05 -0.000424749)
(3.63247e-05 9.98021e-05 -0.000424749)
(1.84426e-05 0.000104594 -0.000424749)
(2.46727e-14 0.000106207 -0.000424749)
(-1.84426e-05 0.000104594 -0.000424749)
(-3.63247e-05 9.98021e-05 -0.000424749)
(-5.31033e-05 9.1978e-05 -0.000424749)
(-6.82684e-05 8.13592e-05 -0.000424749)
(-8.13592e-05 6.82684e-05 -0.000424749)
(-9.1978e-05 5.31033e-05 -0.000424749)
(-9.98021e-05 3.63247e-05 -0.000424749)
(-0.000104594 1.84426e-05 -0.000424749)
(-0.000106207 5.79033e-14 -0.000424749)
(-0.000104594 -1.84426e-05 -0.000424749)
(-9.98021e-05 -3.63247e-05 -0.000424749)
(-9.1978e-05 -5.31033e-05 -0.000424749)
(-8.13592e-05 -6.82684e-05 -0.000424749)
(-6.82684e-05 -8.13592e-05 -0.000424749)
(-5.31033e-05 -9.1978e-05 -0.000424749)
(-3.63247e-05 -9.98021e-05 -0.000424749)
(-1.84426e-05 -0.000104594 -0.000424749)
(-8.75794e-14 -0.000106207 -0.000424749)
(1.84426e-05 -0.000104594 -0.000424749)
(3.63247e-05 -9.98021e-05 -0.000424749)
(5.31033e-05 -9.1978e-05 -0.000424749)
(6.82684e-05 -8.13592e-05 -0.000424749)
(8.13592e-05 -6.82684e-05 -0.000424749)
(9.1978e-05 -5.31033e-05 -0.000424749)
(9.98021e-05 -3.63247e-05 -0.000424749)
(0.000104594 -1.84426e-05 -0.000424749)
(0.000106207 -6.53789e-14 -0.000424749)
(0.000157427 2.77586e-05 -0.000455252)
(0.000150215 5.46737e-05 -0.000455252)
(0.000138439 7.99274e-05 -0.000455252)
(0.000122456 0.000102753 -0.000455252)
(0.000102753 0.000122456 -0.000455252)
(7.99274e-05 0.000138439 -0.000455252)
(5.46737e-05 0.000150215 -0.000455252)
(2.77586e-05 0.000157427 -0.000455252)
(1.5733e-14 0.000159855 -0.000455252)
(-2.77586e-05 0.000157427 -0.000455252)
(-5.46737e-05 0.000150215 -0.000455252)
(-7.99274e-05 0.000138439 -0.000455252)
(-0.000102753 0.000122456 -0.000455252)
(-0.000122456 0.000102753 -0.000455252)
(-0.000138439 7.99274e-05 -0.000455252)
(-0.000150215 5.46737e-05 -0.000455252)
(-0.000157427 2.77586e-05 -0.000455252)
(-0.000159855 4.73485e-14 -0.000455252)
(-0.000157427 -2.77586e-05 -0.000455252)
(-0.000150215 -5.46737e-05 -0.000455252)
(-0.000138439 -7.99274e-05 -0.000455252)
(-0.000122456 -0.000102753 -0.000455252)
(-0.000102753 -0.000122456 -0.000455252)
(-7.99274e-05 -0.000138439 -0.000455252)
(-5.46737e-05 -0.000150215 -0.000455252)
(-2.77586e-05 -0.000157427 -0.000455252)
(-7.58793e-14 -0.000159855 -0.000455252)
(2.77586e-05 -0.000157427 -0.000455252)
(5.46737e-05 -0.000150215 -0.000455252)
(7.99274e-05 -0.000138439 -0.000455252)
(0.000102753 -0.000122456 -0.000455252)
(0.000122456 -0.000102753 -0.000455252)
(0.000138439 -7.99274e-05 -0.000455252)
(0.000150215 -5.46737e-05 -0.000455252)
(0.000157427 -2.77586e-05 -0.000455252)
(0.000159855 -5.50837e-14 -0.000455252)
(0.000223156 3.93484e-05 -0.000498514)
(0.000212933 7.75009e-05 -0.000498514)
(0.00019624 0.000113299 -0.000498514)
(0.000173584 0.000145654 -0.000498514)
(0.000145654 0.000173584 -0.000498514)
(0.000113299 0.00019624 -0.000498514)
(7.75009e-05 0.000212933 -0.000498514)
(3.93484e-05 0.000223156 -0.000498514)
(7.1972e-15 0.000226598 -0.000498514)
(-3.93484e-05 0.000223156 -0.000498514)
(-7.75009e-05 0.000212933 -0.000498514)
(-0.000113299 0.00019624 -0.000498514)
(-0.000145654 0.000173584 -0.000498514)
(-0.000173584 0.000145654 -0.000498514)
(-0.00019624 0.000113299 -0.000498514)
(-0.000212933 7.75009e-05 -0.000498514)
(-0.000223156 3.93484e-05 -0.000498514)
(-0.000226598 3.71383e-14 -0.000498514)
(-0.000223156 -3.93484e-05 -0.000498514)
(-0.000212933 -7.75009e-05 -0.000498514)
(-0.00019624 -0.000113299 -0.000498514)
(-0.000173584 -0.000145654 -0.000498514)
(-0.000145654 -0.000173584 -0.000498514)
(-0.000113299 -0.00019624 -0.000498514)
(-7.75009e-05 -0.000212933 -0.000498514)
(-3.93484e-05 -0.000223156 -0.000498514)
(-6.45881e-14 -0.000226598 -0.000498514)
(3.93484e-05 -0.000223156 -0.000498514)
(7.75009e-05 -0.000212933 -0.000498514)
(0.000113299 -0.00019624 -0.000498514)
(0.000145654 -0.000173584 -0.000498514)
(0.000173584 -0.000145654 -0.000498514)
(0.00019624 -0.000113299 -0.000498514)
(0.000212933 -7.75009e-05 -0.000498514)
(0.000223156 -3.93484e-05 -0.000498514)
(0.000226598 -4.51481e-14 -0.000498514)
(1.82755e-05 3.22235e-06 -0.000389093)
(1.74382e-05 6.34684e-06 -0.000389093)
(1.6071e-05 9.27842e-06 -0.000389093)
(1.42155e-05 1.19282e-05 -0.000389093)
(1.19282e-05 1.42155e-05 -0.000389093)
(9.27842e-06 1.6071e-05 -0.000389093)
(6.34684e-06 1.74382e-05 -0.000389093)
(3.22235e-06 1.82755e-05 -0.000389093)
(1.78472e-14 1.85574e-05 -0.000389093)
(-3.22235e-06 1.82755e-05 -0.000389093)
(-6.34684e-06 1.74382e-05 -0.000389093)
(-9.27842e-06 1.6071e-05 -0.000389093)
(-1.19282e-05 1.42155e-05 -0.000389093)
(-1.42155e-05 1.19282e-05 -0.000389093)
(-1.6071e-05 9.27842e-06 -0.000389093)
(-1.74382e-05 6.34684e-06 -0.000389093)
(-1.82755e-05 3.22235e-06 -0.000389093)
(-1.85574e-05 5.45362e-14 -0.000389093)
(-1.82755e-05 -3.22235e-06 -0.000389093)
(-1.74382e-05 -6.34684e-06 -0.000389093)
(-1.6071e-05 -9.27842e-06 -0.000389093)
(-1.42155e-05 -1.19282e-05 -0.000389093)
(-1.19282e-05 -1.42155e-05 -0.000389093)
(-9.27842e-06 -1.6071e-05 -0.000389093)
(-6.34684e-06 -1.74382e-05 -0.000389093)
(-3.22235e-06 -1.82755e-05 -0.000389093)
(-9.05885e-14 -1.85574e-05 -0.000389093)
(3.22235e-06 -1.82755e-05 -0.000389093)
(6.34684e-06 -1.74382e-05 -0.000389093)
(9.27842e-06 -1.6071e-05 -0.000389093)
(1.19282e-05 -1.42155e-05 -0.000389093)
(1.42155e-05 -1.19282e-05 -0.000389093)
(1.6071e-05 -9.27842e-06 -0.000389093)
(1.74382e-05 -6.34684e-06 -0.000389093)
(1.82755e-05 -3.22235e-06 -0.000389093)
(1.85574e-05 -6.13929e-14 -0.000389093)
(4.60542e-05 8.12054e-06 -0.000403291)
(4.39444e-05 1.59944e-05 -0.000403291)
(4.04993e-05 2.33822e-05 -0.000403291)
(3.58237e-05 3.00595e-05 -0.000403291)
(3.00595e-05 3.58237e-05 -0.000403291)
(2.33822e-05 4.04993e-05 -0.000403291)
(1.59944e-05 4.39444e-05 -0.000403291)
(8.12054e-06 4.60542e-05 -0.000403291)
(1.04777e-14 4.67647e-05 -0.000403291)
(-8.12054e-06 4.60542e-05 -0.000403291)
(-1.59944e-05 4.39444e-05 -0.000403291)
(-2.33822e-05 4.04993e-05 -0.000403291)
(-3.00595e-05 3.58237e-05 -0.000403291)
(-3.58237e-05 3.00595e-05 -0.000403291)
(-4.04993e-05 2.33822e-05 -0.000403291)
(-4.39444e-05 1.59944e-05 -0.000403291)
(-4.60542e-05 8.12054e-06 -0.000403291)
(-4.67647e-05 4.52145e-14 -0.000403291)
(-4.60542e-05 -8.12054e-06 -0.000403291)
(-4.39444e-05 -1.59944e-05 -0.000403291)
(-4.04993e-05 -2.33822e-05 -0.000403291)
(-3.58237e-05 -3.00595e-05 -0.000403291)
(-3.00595e-05 -3.58237e-05 -0.000403291)
(-2.33822e-05 -4.04993e-05 -0.000403291)
(-1.59944e-05 -4.39444e-05 -0.000403291)
(-8.12054e-06 -4.60542e-05 -0.000403291)
(-7.94813e-14 -4.67647e-05 -0.000403291)
(8.12054e-06 -4.60542e-05 -0.000403291)
(1.59944e-05 -4.39444e-05 -0.000403291)
(2.33822e-05 -4.04993e-05 -0.000403291)
(3.00595e-05 -3.58237e-05 -0.000403291)
(3.58237e-05 -3.00595e-05 -0.000403291)
(4.04993e-05 -2.33822e-05 -0.000403291)
(4.39444e-05 -1.59944e-05 -0.000403291)
(4.60542e-05 -8.12054e-06 -0.000403291)
(4.67647e-05 -5.23908e-14 -0.000403291)
(8.57675e-05 1.51231e-05 -0.000434175)
(8.18385e-05 2.97867e-05 -0.000434175)
(7.54227e-05 4.35451e-05 -0.000434175)
(6.67152e-05 5.59807e-05 -0.000434175)
(5.59807e-05 6.67152e-05 -0.000434175)
(4.35451e-05 7.54227e-05 -0.000434175)
(2.97867e-05 8.18385e-05 -0.000434175)
(1.51231e-05 8.57675e-05 -0.000434175)
(3.3651e-15 8.70906e-05 -0.000434175)
(-1.51231e-05 8.57675e-05 -0.000434175)
(-2.97867e-05 8.18385e-05 -0.000434175)
(-4.35451e-05 7.54227e-05 -0.000434175)
(-5.59807e-05 6.67152e-05 -0.000434175)
(-6.67152e-05 5.59807e-05 -0.000434175)
(-7.54227e-05 4.35451e-05 -0.000434175)
(-8.18385e-05 2.97867e-05 -0.000434175)
(-8.57675e-05 1.51231e-05 -0.000434175)
(-8.70906e-05 3.61446e-14 -0.000434175)
(-8.57675e-05 -1.51231e-05 -0.000434175)
(-8.18385e-05 -2.97867e-05 -0.000434175)
(-7.54227e-05 -4.35451e-05 -0.000434175)
(-6.67152e-05 -5.59807e-05 -0.000434175)
(-5.59807e-05 -6.67152e-05 -0.000434175)
(-4.35451e-05 -7.54227e-05 -0.000434175)
(-2.97867e-05 -8.18385e-05 -0.000434175)
(-1.51231e-05 -8.57675e-05 -0.000434175)
(-6.86299e-14 -8.70906e-05 -0.000434175)
(1.51231e-05 -8.57675e-05 -0.000434175)
(2.97867e-05 -8.18385e-05 -0.000434175)
(4.35451e-05 -7.54227e-05 -0.000434175)
(5.59807e-05 -6.67152e-05 -0.000434175)
(6.67152e-05 -5.59807e-05 -0.000434175)
(7.54227e-05 -4.35451e-05 -0.000434175)
(8.18385e-05 -2.97867e-05 -0.000434175)
(8.57675e-05 -1.51231e-05 -0.000434175)
(8.70906e-05 -4.3631e-14 -0.000434175)
(0.000136582 2.40831e-05 -0.000482022)
(0.000130325 4.74345e-05 -0.000482022)
(0.000120108 6.93447e-05 -0.000482022)
(0.000106242 8.91478e-05 -0.000482022)
(8.91478e-05 0.000106242 -0.000482022)
(6.93447e-05 0.000120108 -0.000482022)
(4.74345e-05 0.000130325 -0.000482022)
(2.40831e-05 0.000136582 -0.000482022)
(-3.31377e-15 0.000138689 -0.000482022)
(-2.40831e-05 0.000136582 -0.000482022)
(-4.74345e-05 0.000130325 -0.000482022)
(-6.93447e-05 0.000120108 -0.000482022)
(-8.91478e-05 0.000106242 -0.000482022)
(-0.000106242 8.91478e-05 -0.000482022)
(-0.000120108 6.93447e-05 -0.000482022)
(-0.000130325 4.74345e-05 -0.000482022)
(-0.000136582 2.40831e-05 -0.000482022)
(-0.000138689 2.74733e-14 -0.000482022)
(-0.000136582 -2.40831e-05 -0.000482022)
(-0.000130325 -4.74345e-05 -0.000482022)
(-0.000120108 -6.93447e-05 -0.000482022)
(-0.000106242 -8.91478e-05 -0.000482022)
(-8.91478e-05 -0.000106242 -0.000482022)
(-6.93447e-05 -0.000120108 -0.000482022)
(-4.74345e-05 -0.000130325 -0.000482022)
(-2.40831e-05 -0.000136582 -0.000482022)
(-5.82539e-14 -0.000138689 -0.000482022)
(2.40831e-05 -0.000136582 -0.000482022)
(4.74345e-05 -0.000130325 -0.000482022)
(6.93447e-05 -0.000120108 -0.000482022)
(8.91478e-05 -0.000106242 -0.000482022)
(0.000106242 -8.91478e-05 -0.000482022)
(0.000120108 -6.93447e-05 -0.000482022)
(0.000130325 -4.74345e-05 -0.000482022)
(0.000136582 -2.40831e-05 -0.000482022)
(0.000138689 -3.52591e-14 -0.000482022)
(-5.4149e-06 -9.54852e-07 -0.000379299)
(-5.16687e-06 -1.88064e-06 -0.000379299)
(-4.76182e-06 -2.7493e-06 -0.000379299)
(-4.21213e-06 -3.53444e-06 -0.000379299)
(-3.53444e-06 -4.21213e-06 -0.000379299)
(-2.7493e-06 -4.76182e-06 -0.000379299)
(-1.88064e-06 -5.16687e-06 -0.000379299)
(-9.54852e-07 -5.4149e-06 -0.000379299)
(-5.57796e-15 -5.49841e-06 -0.000379299)
(9.54852e-07 -5.4149e-06 -0.000379299)
(1.88064e-06 -5.16687e-06 -0.000379299)
(2.7493e-06 -4.76182e-06 -0.000379299)
(3.53444e-06 -4.21213e-06 -0.000379299)
(4.21213e-06 -3.53444e-06 -0.000379299)
(4.76182e-06 -2.7493e-06 -0.000379299)
(5.16687e-06 -1.88064e-06 -0.000379299)
(5.4149e-06 -9.54852e-07 -0.000379299)
(5.49841e-06 3.21016e-14 -0.000379299)
(5.4149e-06 9.54852e-07 -0.000379299)
(5.16687e-06 1.88064e-06 -0.000379299)
(4.76182e-06 2.7493e-06 -0.000379299)
(4.21213e-06 3.53444e-06 -0.000379299)
(3.53444e-06 4.21213e-06 -0.000379299)
(2.7493e-06 4.76182e-06 -0.000379299)
(1.88064e-06 5.16687e-06 -0.000379299)
(9.54852e-07 5.4149e-06 -0.000379299)
(-7.27684e-14 5.49841e-06 -0.000379299)
(-9.54852e-07 5.4149e-06 -0.000379299)
(-1.88064e-06 5.16687e-06 -0.000379299)
(-2.7493e-06 4.76182e-06 -0.000379299)
(-3.53444e-06 4.21213e-06 -0.000379299)
(-4.21213e-06 3.53444e-06 -0.000379299)
(-4.76182e-06 2.7493e-06 -0.000379299)
(-5.16687e-06 1.88064e-06 -0.000379299)
(-5.4149e-06 9.54852e-07 -0.000379299)
(-5.49841e-06 -3.86336e-14 -0.000379299)
(1.04471e-05 1.84209e-06 -0.000387359)
(9.96855e-06 3.62821e-06 -0.000387359)
(9.18698e-06 5.30406e-06 -0.000387359)
(8.12638e-06 6.81883e-06 -0.000387359)
(6.81883e-06 8.12638e-06 -0.000387359)
(5.30406e-06 9.18698e-06 -0.000387359)
(3.62821e-06 9.96855e-06 -0.000387359)
(1.84209e-06 1.04471e-05 -0.000387359)
(-9.59256e-15 1.06083e-05 -0.000387359)
(-1.84209e-06 1.04471e-05 -0.000387359)
(-3.62821e-06 9.96855e-06 -0.000387359)
(-5.30406e-06 9.18698e-06 -0.000387359)
(-6.81883e-06 8.12638e-06 -0.000387359)
(-8.12638e-06 6.81883e-06 -0.000387359)
(-9.18698e-06 5.30406e-06 -0.000387359)
(-9.96855e-06 3.62821e-06 -0.000387359)
(-1.04471e-05 1.84209e-06 -0.000387359)
(-1.06083e-05 2.57523e-14 -0.000387359)
(-1.04471e-05 -1.84209e-06 -0.000387359)
(-9.96855e-06 -3.62821e-06 -0.000387359)
(-9.18698e-06 -5.30406e-06 -0.000387359)
(-8.12638e-06 -6.81883e-06 -0.000387359)
(-6.81883e-06 -8.12638e-06 -0.000387359)
(-5.30406e-06 -9.18698e-06 -0.000387359)
(-3.62821e-06 -9.96855e-06 -0.000387359)
(-1.84209e-06 -1.04471e-05 -0.000387359)
(-6.41709e-14 -1.06083e-05 -0.000387359)
(1.84209e-06 -1.04471e-05 -0.000387359)
(3.62821e-06 -9.96855e-06 -0.000387359)
(5.30406e-06 -9.18698e-06 -0.000387359)
(6.81883e-06 -8.12638e-06 -0.000387359)
(8.12638e-06 -6.81883e-06 -0.000387359)
(9.18698e-06 -5.30406e-06 -0.000387359)
(9.96855e-06 -3.62821e-06 -0.000387359)
(1.04471e-05 -1.84209e-06 -0.000387359)
(1.06083e-05 -3.26548e-14 -0.000387359)
(3.29555e-05 5.81092e-06 -0.000416242)
(3.14457e-05 1.14453e-05 -0.000416242)
(2.89806e-05 1.67319e-05 -0.000416242)
(2.56347e-05 2.15101e-05 -0.000416242)
(2.15101e-05 2.56347e-05 -0.000416242)
(1.67319e-05 2.89806e-05 -0.000416242)
(1.14453e-05 3.14457e-05 -0.000416242)
(5.81092e-06 3.29555e-05 -0.000416242)
(-1.33932e-14 3.3464e-05 -0.000416242)
(-5.81092e-06 3.29555e-05 -0.000416242)
(-1.14453e-05 3.14457e-05 -0.000416242)
(-1.67319e-05 2.89806e-05 -0.000416242)
(-2.15101e-05 2.56347e-05 -0.000416242)
(-2.56347e-05 2.15101e-05 -0.000416242)
(-2.89806e-05 1.67319e-05 -0.000416242)
(-3.14457e-05 1.14453e-05 -0.000416242)
(-3.29555e-05 5.81092e-06 -0.000416242)
(-3.3464e-05 1.96143e-14 -0.000416242)
(-3.29555e-05 -5.81092e-06 -0.000416242)
(-3.14457e-05 -1.14453e-05 -0.000416242)
(-2.89806e-05 -1.67319e-05 -0.000416242)
(-2.56347e-05 -2.15101e-05 -0.000416242)
(-2.15101e-05 -2.56347e-05 -0.000416242)
(-1.67319e-05 -2.89806e-05 -0.000416242)
(-1.14453e-05 -3.14457e-05 -0.000416242)
(-5.81092e-06 -3.29555e-05 -0.000416242)
(-5.58203e-14 -3.3464e-05 -0.000416242)
(5.81092e-06 -3.29555e-05 -0.000416242)
(1.14453e-05 -3.14457e-05 -0.000416242)
(1.67319e-05 -2.89806e-05 -0.000416242)
(2.15101e-05 -2.56347e-05 -0.000416242)
(2.56347e-05 -2.15101e-05 -0.000416242)
(2.89806e-05 -1.67319e-05 -0.000416242)
(3.14457e-05 -1.14453e-05 -0.000416242)
(3.29555e-05 -5.81092e-06 -0.000416242)
(3.3464e-05 -2.68755e-14 -0.000416242)
(6.29348e-05 1.10971e-05 -0.000468283)
(6.00516e-05 2.1857e-05 -0.000468283)
(5.5344e-05 3.19528e-05 -0.000468283)
(4.89546e-05 4.10777e-05 -0.000468283)
(4.10777e-05 4.89546e-05 -0.000468283)
(3.19528e-05 5.5344e-05 -0.000468283)
(2.1857e-05 6.00516e-05 -0.000468283)
(1.10971e-05 6.29348e-05 -0.000468283)
(-1.69138e-14 6.39055e-05 -0.000468283)
(-1.10971e-05 6.29348e-05 -0.000468283)
(-2.1857e-05 6.00516e-05 -0.000468283)
(-3.19528e-05 5.5344e-05 -0.000468283)
(-4.10777e-05 4.89546e-05 -0.000468283)
(-4.89546e-05 4.10777e-05 -0.000468283)
(-5.5344e-05 3.19528e-05 -0.000468283)
(-6.00516e-05 2.1857e-05 -0.000468283)
(-6.29348e-05 1.10971e-05 -0.000468283)
(-6.39055e-05 1.37793e-14 -0.000468283)
(-6.29348e-05 -1.10971e-05 -0.000468283)
(-6.00516e-05 -2.1857e-05 -0.000468283)
(-5.5344e-05 -3.19528e-05 -0.000468283)
(-4.89546e-05 -4.10777e-05 -0.000468283)
(-4.10777e-05 -4.89546e-05 -0.000468283)
(-3.19528e-05 -5.5344e-05 -0.000468283)
(-2.1857e-05 -6.00516e-05 -0.000468283)
(-1.10971e-05 -6.29348e-05 -0.000468283)
(-4.78404e-14 -6.39055e-05 -0.000468283)
(1.10971e-05 -6.29348e-05 -0.000468283)
(2.1857e-05 -6.00516e-05 -0.000468283)
(3.19528e-05 -5.5344e-05 -0.000468283)
(4.10777e-05 -4.89546e-05 -0.000468283)
(4.89546e-05 -4.10777e-05 -0.000468283)
(5.5344e-05 -3.19528e-05 -0.000468283)
(6.00516e-05 -2.1857e-05 -0.000468283)
(6.29348e-05 -1.10971e-05 -0.000468283)
(6.39055e-05 -2.1377e-14 -0.000468283)
(-4.02891e-14 -3.22842e-15 -0.000377074)
(-3.77665e-14 -3.41387e-15 -0.000383361)
(-3.52464e-14 -3.59603e-15 -0.000415147)
(-3.28491e-14 -3.7662e-15 -0.000470908)
)
;

boundaryField
{
    fixed
    {
        type            fixedValue;
        value           uniform (0 0 0);
    }
    inside
    {
        type            calculated;
    }
    outside
    {
        type            calculated;
    }
}


// ************************************************************************* //
