/*--------------------------------*- C++ -*----------------------------------*\
| =========                 |                                                 |
| \\      /  F ield         | OpenFOAM: The Open Source CFD Toolbox           |
|  \\    /   O peration     | Version:  2312                                  |
|   \\  /    A nd           | Website:  www.openfoam.com                      |
|    \\/     M anipulation  |                                                 |
\*---------------------------------------------------------------------------*/
FoamFile
{
    version     2.0;
    format      ascii;
    arch        "LSB;label=32;scalar=64";
    class       volVectorField;
    location    "0";
    object      f1;
}
// * * * * * * * * * * * * * * * * * * * * * * * * * * * * * * * * * * * * * //

dimensions      [0 0 0 0 0 0 0];

internalField   nonuniform List<vector> 
1620
(
(-0.459668 0.0748798 0.884928)
(-0.426258 0.193822 0.883593)
(-0.395265 0.26109 0.88068)
(-0.384026 0.292903 0.875632)
(-0.393796 0.304204 0.867401)
(-0.422859 0.302449 0.854234)
(-0.469086 0.291146 0.833782)
(-0.525226 0.27395 0.80566)
(-0.569007 0.259443 0.780334)
(-0.569007 0.259443 0.780334)
(-0.525226 0.27395 0.80566)
(-0.469086 0.291146 0.833782)
(-0.422859 0.302449 0.854234)
(-0.393796 0.304204 0.867401)
(-0.384026 0.292903 0.875632)
(-0.395265 0.26109 0.88068)
(-0.426258 0.193822 0.883593)
(-0.459668 0.0748798 0.884928)
(-0.459668 -0.0748798 0.884928)
(-0.426258 -0.193822 0.883593)
(-0.395265 -0.26109 0.88068)
(-0.384026 -0.292903 0.875632)
(-0.393796 -0.304204 0.867401)
(-0.422859 -0.302449 0.854234)
(-0.469086 -0.291146 0.833782)
(-0.525226 -0.27395 0.80566)
(-0.569007 -0.259443 0.780334)
(-0.569007 -0.259443 0.780334)
(-0.525226 -0.27395 0.80566)
(-0.469086 -0.291146 0.833782)
(-0.422859 -0.302449 0.854234)
(-0.393796 -0.304204 0.867401)
(-0.384026 -0.292903 0.875632)
(-0.395265 -0.26109 0.88068)
(-0.426258 -0.193822 0.883593)
(-0.459668 -0.0748798 0.884928)
(-0.975238 0.172166 0.138814)
(-0.877817 0.458489 0.138651)
(-0.755922 0.639888 0.138297)
(-0.654499 0.743419 0.137693)
(-0.581599 0.801904 0.13672)
(-0.53321 0.835111 0.135194)
(-0.504056 0.853382 0.132915)
(-0.489442 0.862299 0.129952)
(-0.484402 0.865514 0.127437)
(-0.484402 0.865514 0.127437)
(-0.489442 0.862299 0.129952)
(-0.504056 0.853382 0.132915)
(-0.53321 0.835111 0.135194)
(-0.581599 0.801904 0.13672)
(-0.654499 0.743419 0.137693)
(-0.755922 0.639888 0.138297)
(-0.877817 0.458489 0.138651)
(-0.975238 0.172166 0.138814)
(-0.975238 -0.172166 0.138814)
(-0.877817 -0.458489 0.138651)
(-0.755922 -0.639888 0.138297)
(-0.654499 -0.743419 0.137693)
(-0.581599 -0.801904 0.13672)
(-0.53321 -0.835111 0.135194)
(-0.504056 -0.853382 0.132915)
(-0.489442 -0.862299 0.129952)
(-0.484402 -0.865514 0.127437)
(-0.484402 -0.865514 0.127437)
(-0.489442 -0.862299 0.129952)
(-0.504056 -0.853382 0.132915)
(-0.53321 -0.835111 0.135194)
(-0.581599 -0.801904 0.13672)
(-0.654499 -0.743419 0.137693)
(-0.755922 -0.639888 0.138297)
(-0.877817 -0.458489 0.138651)
(-0.975238 -0.172166 0.138814)
(-0.583363 0.103524 -0.805587)
(-0.521775 0.282609 -0.804912)
(-0.434545 0.406974 -0.803457)
(-0.34886 0.486535 -0.800987)
(-0.272806 0.538704 -0.797104)
(-0.205821 0.57582 -0.791245)
(-0.146366 0.604682 -0.782902)
(-0.0965999 0.627342 -0.772729)
(-0.0657918 0.64107 -0.764657)
(-0.0657918 0.64107 -0.764657)
(-0.0965999 0.627342 -0.772729)
(-0.146366 0.604682 -0.782902)
(-0.205821 0.57582 -0.791245)
(-0.272806 0.538704 -0.797104)
(-0.34886 0.486535 -0.800987)
(-0.434545 0.406974 -0.803457)
(-0.521775 0.282609 -0.804912)
(-0.583363 0.103524 -0.805587)
(-0.583363 -0.103524 -0.805587)
(-0.521775 -0.282609 -0.804912)
(-0.434545 -0.406974 -0.803457)
(-0.34886 -0.486535 -0.800987)
(-0.272806 -0.538704 -0.797104)
(-0.205821 -0.57582 -0.791245)
(-0.146366 -0.604682 -0.782902)
(-0.0965999 -0.627342 -0.772729)
(-0.0657918 -0.64107 -0.764657)
(-0.0657918 -0.64107 -0.764657)
(-0.0965999 -0.627342 -0.772729)
(-0.146366 -0.604682 -0.782902)
(-0.205821 -0.57582 -0.791245)
(-0.272806 -0.538704 -0.797104)
(-0.34886 -0.486535 -0.800987)
(-0.434545 -0.406974 -0.803457)
(-0.521775 -0.282609 -0.804912)
(-0.583363 -0.103524 -0.805587)
(-0.374105 0.126711 0.918689)
(-0.30045 0.262092 0.917081)
(-0.271389 0.303119 0.913492)
(-0.279673 0.31483 0.907009)
(-0.313987 0.314971 0.895659)
(-0.373434 0.307595 0.875176)
(-0.464207 0.292541 0.836021)
(-0.592243 0.268767 0.759614)
(-0.721221 0.243572 0.64847)
(-0.721221 0.243572 0.64847)
(-0.592243 0.268767 0.759614)
(-0.464207 0.292541 0.836021)
(-0.373434 0.307595 0.875176)
(-0.313987 0.314971 0.895659)
(-0.279673 0.31483 0.907009)
(-0.271389 0.303119 0.913492)
(-0.30045 0.262092 0.917081)
(-0.374105 0.126711 0.918689)
(-0.374105 -0.126711 0.918689)
(-0.30045 -0.262092 0.917081)
(-0.271389 -0.303119 0.913492)
(-0.279673 -0.31483 0.907009)
(-0.313987 -0.314971 0.895659)
(-0.373434 -0.307595 0.875176)
(-0.464207 -0.292541 0.836021)
(-0.592243 -0.268767 0.759614)
(-0.721221 -0.243572 0.64847)
(-0.721221 -0.243572 0.64847)
(-0.592243 -0.268767 0.759614)
(-0.464207 -0.292541 0.836021)
(-0.373434 -0.307595 0.875176)
(-0.313987 -0.314971 0.895659)
(-0.279673 -0.31483 0.907009)
(-0.271389 -0.303119 0.913492)
(-0.30045 -0.262092 0.917081)
(-0.374105 -0.126711 0.918689)
(-0.928802 0.322177 0.183111)
(-0.68828 0.702021 0.182859)
(-0.513574 0.838459 0.182287)
(-0.414891 0.891633 0.181261)
(-0.360439 0.915356 0.179464)
(-0.3331 0.926275 0.176235)
(-0.325421 0.930142 0.170107)
(-0.334054 0.929155 0.158362)
(-0.350326 0.925821 0.141873)
(-0.350326 0.925821 0.141873)
(-0.334054 0.929155 0.158362)
(-0.325421 0.930142 0.170107)
(-0.3331 0.926275 0.176235)
(-0.360439 0.915356 0.179464)
(-0.414891 0.891633 0.181261)
(-0.513574 0.838459 0.182287)
(-0.68828 0.702021 0.182859)
(-0.928802 0.322177 0.183111)
(-0.928802 -0.322177 0.183111)
(-0.68828 -0.702021 0.182859)
(-0.513574 -0.838459 0.182287)
(-0.414891 -0.891633 0.181261)
(-0.360439 -0.915356 0.179464)
(-0.3331 -0.926275 0.176235)
(-0.325421 -0.930142 0.170107)
(-0.334054 -0.929155 0.158362)
(-0.350326 -0.925821 0.141873)
(-0.350326 -0.925821 0.141873)
(-0.334054 -0.929155 0.158362)
(-0.325421 -0.930142 0.170107)
(-0.3331 -0.926275 0.176235)
(-0.360439 -0.915356 0.179464)
(-0.414891 -0.891633 0.181261)
(-0.513574 -0.838459 0.182287)
(-0.68828 -0.702021 0.182859)
(-0.928802 -0.322177 0.183111)
(-0.574879 0.190346 -0.795791)
(-0.420734 0.437043 -0.79497)
(-0.28173 0.539954 -0.793144)
(-0.179942 0.586297 -0.789859)
(-0.098293 0.61274 -0.784148)
(-0.022201 0.63282 -0.773981)
(0.0600362 0.652939 -0.755028)
(0.155641 0.676391 -0.71991)
(0.242792 0.698247 -0.673427)
(0.242792 0.698247 -0.673427)
(0.155641 0.676391 -0.71991)
(0.0600362 0.652939 -0.755028)
(-0.022201 0.63282 -0.773981)
(-0.098293 0.61274 -0.784148)
(-0.179942 0.586297 -0.789859)
(-0.28173 0.539954 -0.793144)
(-0.420734 0.437043 -0.79497)
(-0.574879 0.190346 -0.795791)
(-0.574879 -0.190346 -0.795791)
(-0.420734 -0.437043 -0.79497)
(-0.28173 -0.539954 -0.793144)
(-0.179942 -0.586297 -0.789859)
(-0.098293 -0.61274 -0.784148)
(-0.022201 -0.63282 -0.773981)
(0.0600362 -0.652939 -0.755028)
(0.155641 -0.676391 -0.71991)
(0.242792 -0.698247 -0.673427)
(0.242792 -0.698247 -0.673427)
(0.155641 -0.676391 -0.71991)
(0.0600362 -0.652939 -0.755028)
(-0.022201 -0.63282 -0.773981)
(-0.098293 -0.61274 -0.784148)
(-0.179942 -0.586297 -0.789859)
(-0.28173 -0.539954 -0.793144)
(-0.420734 -0.437043 -0.79497)
(-0.574879 -0.190346 -0.795791)
(-0.090044 0.384266 0.918821)
(-0.0831939 0.389818 0.917127)
(-0.117109 0.390058 0.913313)
(-0.163335 0.389803 0.906298)
(-0.223467 0.389258 0.893611)
(-0.305766 0.388312 0.869322)
(-0.427535 0.386729 0.817101)
(-0.619281 0.384016 0.684853)
(-0.868056 0.380337 0.319096)
(-0.868056 0.380337 0.319096)
(-0.619281 0.384016 0.684853)
(-0.427535 0.386729 0.817101)
(-0.305766 0.388312 0.869322)
(-0.223467 0.389258 0.893611)
(-0.163335 0.389803 0.906298)
(-0.117109 0.390058 0.913313)
(-0.0831939 0.389818 0.917127)
(-0.090044 0.384266 0.918821)
(-0.090044 -0.384266 0.918821)
(-0.0831939 -0.389818 0.917127)
(-0.117109 -0.390058 0.913313)
(-0.163335 -0.389803 0.906298)
(-0.223467 -0.389258 0.893611)
(-0.305766 -0.388312 0.869322)
(-0.427535 -0.386729 0.817101)
(-0.619281 -0.384016 0.684853)
(-0.868056 -0.380337 0.319096)
(-0.868056 -0.380337 0.319096)
(-0.619281 -0.384016 0.684853)
(-0.427535 -0.386729 0.817101)
(-0.305766 -0.388312 0.869322)
(-0.223467 -0.389258 0.893611)
(-0.163335 -0.389803 0.906298)
(-0.117109 -0.390058 0.913313)
(-0.0831939 -0.389818 0.917127)
(-0.090044 -0.384266 0.918821)
(-0.230388 0.954166 0.191019)
(-0.0892773 0.977573 0.190736)
(-0.0671527 0.979467 0.190094)
(-0.0639561 0.97991 0.188909)
(-0.0690354 0.979979 0.186748)
(-0.0810727 0.979843 0.182576)
(-0.102625 0.979491 0.173395)
(-0.140686 0.978789 0.148927)
(-0.196739 0.977703 0.0734256)
(-0.196739 0.977703 0.0734256)
(-0.140686 0.978789 0.148927)
(-0.102625 0.979491 0.173395)
(-0.0810727 0.979843 0.182576)
(-0.0690354 0.979979 0.186748)
(-0.0639561 0.97991 0.188909)
(-0.0671527 0.979467 0.190094)
(-0.0892773 0.977573 0.190736)
(-0.230388 0.954166 0.191019)
(-0.230388 -0.954166 0.191019)
(-0.0892773 -0.977573 0.190736)
(-0.0671527 -0.979467 0.190094)
(-0.0639561 -0.97991 0.188909)
(-0.0690354 -0.979979 0.186748)
(-0.0810727 -0.979843 0.182576)
(-0.102625 -0.979491 0.173395)
(-0.140686 -0.978789 0.148927)
(-0.196739 -0.977703 0.0734256)
(-0.196739 -0.977703 0.0734256)
(-0.140686 -0.978789 0.148927)
(-0.102625 -0.979491 0.173395)
(-0.0810727 -0.979843 0.182576)
(-0.0690354 -0.979979 0.186748)
(-0.0639561 -0.97991 0.188909)
(-0.0671527 -0.979467 0.190094)
(-0.0892773 -0.977573 0.190736)
(-0.230388 -0.954166 0.191019)
(-0.171369 0.586428 -0.791666)
(-0.0250781 0.611589 -0.790778)
(0.0290424 0.613997 -0.788774)
(0.0735065 0.615041 -0.785062)
(0.121769 0.616013 -0.778268)
(0.183711 0.617326 -0.764957)
(0.275831 0.619464 -0.73497)
(0.434243 0.623423 -0.650213)
(0.693894 0.630197 -0.348371)
(0.693894 0.630197 -0.348371)
(0.434243 0.623423 -0.650213)
(0.275831 0.619464 -0.73497)
(0.183711 0.617326 -0.764957)
(0.121769 0.616013 -0.778268)
(0.0735065 0.615041 -0.785062)
(0.0290424 0.613997 -0.788774)
(-0.0250781 0.611589 -0.790778)
(-0.171369 0.586428 -0.791666)
(-0.171369 -0.586428 -0.791666)
(-0.0250781 -0.611589 -0.790778)
(0.0290424 -0.613997 -0.788774)
(0.0735065 -0.615041 -0.785062)
(0.121769 -0.616013 -0.778268)
(0.183711 -0.617326 -0.764957)
(0.275831 -0.619464 -0.73497)
(0.434243 -0.623423 -0.650213)
(0.693894 -0.630197 -0.348371)
(0.693894 -0.630197 -0.348371)
(0.434243 -0.623423 -0.650213)
(0.275831 -0.619464 -0.73497)
(0.183711 -0.617326 -0.764957)
(0.121769 -0.616013 -0.778268)
(0.0735065 -0.615041 -0.785062)
(0.0290424 -0.613997 -0.788774)
(-0.0250781 -0.611589 -0.790778)
(-0.171369 -0.586428 -0.791666)
(0.355564 0.185105 0.916139)
(0.189189 0.357597 0.914512)
(0.0720492 0.406338 0.910878)
(-0.0156177 0.426652 0.904281)
(-0.0968433 0.440256 0.892634)
(-0.186674 0.453885 0.871287)
(-0.30008 0.471459 0.829264)
(-0.450679 0.495997 0.74221)
(-0.605125 0.522117 0.601014)
(-0.605125 0.522117 0.601014)
(-0.450679 0.495997 0.74221)
(-0.30008 0.471459 0.829264)
(-0.186674 0.453885 0.871287)
(-0.0968433 0.440256 0.892634)
(-0.0156177 0.426652 0.904281)
(0.0720492 0.406338 0.910878)
(0.189189 0.357597 0.914512)
(0.355564 0.185105 0.916139)
(0.355564 -0.185105 0.916139)
(0.189189 -0.357597 0.914512)
(0.0720492 -0.406338 0.910878)
(-0.0156177 -0.426652 0.904281)
(-0.0968433 -0.440256 0.892634)
(-0.186674 -0.453885 0.871287)
(-0.30008 -0.471459 0.829264)
(-0.450679 -0.495997 0.74221)
(-0.605125 -0.522117 0.601014)
(-0.605125 -0.522117 0.601014)
(-0.450679 -0.495997 0.74221)
(-0.30008 -0.471459 0.829264)
(-0.186674 -0.453885 0.871287)
(-0.0968433 -0.440256 0.892634)
(-0.0156177 -0.426652 0.904281)
(0.0720492 -0.406338 0.910878)
(0.189189 -0.357597 0.914512)
(0.355564 -0.185105 0.916139)
(0.900513 0.389251 0.193802)
(0.598069 0.777729 0.193524)
(0.408828 0.891991 0.192904)
(0.301741 0.933902 0.191779)
(0.233667 0.953614 0.189788)
(0.184189 0.965107 0.186125)
(0.142249 0.973534 0.178874)
(0.100882 0.981334 0.163725)
(0.064168 0.988209 0.139017)
(0.064168 0.988209 0.139017)
(0.100882 0.981334 0.163725)
(0.142249 0.973534 0.178874)
(0.184189 0.965107 0.186125)
(0.233667 0.953614 0.189788)
(0.301741 0.933902 0.191779)
(0.408828 0.891991 0.192904)
(0.598069 0.777729 0.193524)
(0.900513 0.389251 0.193802)
(0.900513 -0.389251 0.193802)
(0.598069 -0.777729 0.193524)
(0.408828 -0.891991 0.192904)
(0.301741 -0.933902 0.191779)
(0.233667 -0.953614 0.189788)
(0.184189 -0.965107 0.186125)
(0.142249 -0.973534 0.178874)
(0.100882 -0.981334 0.163725)
(0.064168 -0.988209 0.139017)
(0.064168 -0.988209 0.139017)
(0.100882 -0.981334 0.163725)
(0.142249 -0.973534 0.178874)
(0.184189 -0.965107 0.186125)
(0.233667 -0.953614 0.189788)
(0.301741 -0.933902 0.191779)
(0.408828 -0.891991 0.192904)
(0.598069 -0.777729 0.193524)
(0.900513 -0.389251 0.193802)
(0.576759 0.213425 -0.788543)
(0.429026 0.442114 -0.7877)
(0.344459 0.513651 -0.785818)
(0.3139 0.537891 -0.782394)
(0.31623 0.545262 -0.77633)
(0.344852 0.543693 -0.765164)
(0.402825 0.534509 -0.742989)
(0.498076 0.51661 -0.696444)
(0.608525 0.494583 -0.620553)
(0.608525 0.494583 -0.620553)
(0.498076 0.51661 -0.696444)
(0.402825 0.534509 -0.742989)
(0.344852 0.543693 -0.765164)
(0.31623 0.545262 -0.77633)
(0.3139 0.537891 -0.782394)
(0.344459 0.513651 -0.785818)
(0.429026 0.442114 -0.7877)
(0.576759 0.213425 -0.788543)
(0.576759 -0.213425 -0.788543)
(0.429026 -0.442114 -0.7877)
(0.344459 -0.513651 -0.785818)
(0.3139 -0.537891 -0.782394)
(0.31623 -0.545262 -0.77633)
(0.344852 -0.543693 -0.765164)
(0.402825 -0.534509 -0.742989)
(0.498076 -0.51661 -0.696444)
(0.608525 -0.494583 -0.620553)
(0.608525 -0.494583 -0.620553)
(0.498076 -0.51661 -0.696444)
(0.402825 -0.534509 -0.742989)
(0.344852 -0.543693 -0.765164)
(0.31623 -0.545262 -0.77633)
(0.3139 -0.537891 -0.782394)
(0.344459 -0.513651 -0.785818)
(0.429026 -0.442114 -0.7877)
(0.576759 -0.213425 -0.788543)
(0.392959 0.104373 0.913613)
(0.31084 0.267048 0.912175)
(0.210501 0.359663 0.909028)
(0.119185 0.411627 0.903525)
(0.0360398 0.445736 0.894439)
(-0.0454569 0.47358 0.879577)
(-0.130453 0.500793 0.85568)
(-0.216269 0.528282 0.821064)
(-0.279161 0.548767 0.787987)
(-0.279161 0.548767 0.787987)
(-0.216269 0.528282 0.821064)
(-0.130453 0.500793 0.85568)
(-0.0454569 0.47358 0.879577)
(0.0360398 0.445736 0.894439)
(0.119185 0.411627 0.903525)
(0.210501 0.359663 0.909028)
(0.31084 0.267048 0.912175)
(0.392959 0.104373 0.913613)
(0.392959 -0.104373 0.913613)
(0.31084 -0.267048 0.912175)
(0.210501 -0.359663 0.909028)
(0.119185 -0.411627 0.903525)
(0.0360398 -0.445736 0.894439)
(-0.0454569 -0.47358 0.879577)
(-0.130453 -0.500793 0.85568)
(-0.216269 -0.528282 0.821064)
(-0.279161 -0.548767 0.787987)
(-0.279161 -0.548767 0.787987)
(-0.216269 -0.528282 0.821064)
(-0.130453 -0.500793 0.85568)
(-0.0454569 -0.47358 0.879577)
(0.0360398 -0.445736 0.894439)
(0.119185 -0.411627 0.903525)
(0.210501 -0.359663 0.909028)
(0.31084 -0.267048 0.912175)
(0.392959 -0.104373 0.913613)
(0.960162 0.197557 0.197635)
(0.835132 0.513412 0.197389)
(0.68757 0.698926 0.196849)
(0.568104 0.799297 0.195913)
(0.479765 0.855594 0.194383)
(0.414734 0.889476 0.191906)
(0.366087 0.91139 0.188012)
(0.330408 0.926015 0.182555)
(0.309665 0.934125 0.177535)
(0.309665 0.934125 0.177535)
(0.330408 0.926015 0.182555)
(0.366087 0.91139 0.188012)
(0.414734 0.889476 0.191906)
(0.479765 0.855594 0.194383)
(0.568104 0.799297 0.195913)
(0.68757 0.698926 0.196849)
(0.835132 0.513412 0.197389)
(0.960162 0.197557 0.197635)
(0.960162 -0.197557 0.197635)
(0.835132 -0.513412 0.197389)
(0.68757 -0.698926 0.196849)
(0.568104 -0.799297 0.195913)
(0.479765 -0.855594 0.194383)
(0.414734 -0.889476 0.191906)
(0.366087 -0.91139 0.188012)
(0.330408 -0.926015 0.182555)
(0.309665 -0.934125 0.177535)
(0.309665 -0.934125 0.177535)
(0.330408 -0.926015 0.182555)
(0.366087 -0.91139 0.188012)
(0.414734 -0.889476 0.191906)
(0.479765 -0.855594 0.194383)
(0.568104 -0.799297 0.195913)
(0.68757 -0.698926 0.196849)
(0.835132 -0.513412 0.197389)
(0.960162 -0.197557 0.197635)
(0.611281 0.101012 -0.784941)
(0.56021 0.266738 -0.784229)
(0.502036 0.367935 -0.782677)
(0.462188 0.421885 -0.779997)
(0.44458 0.448011 -0.775652)
(0.447051 0.457323 -0.768766)
(0.466556 0.455431 -0.758227)
(0.496913 0.446618 -0.74405)
(0.522536 0.437866 -0.731594)
(0.522536 0.437866 -0.731594)
(0.496913 0.446618 -0.74405)
(0.466556 0.455431 -0.758227)
(0.447051 0.457323 -0.768766)
(0.44458 0.448011 -0.775652)
(0.462188 0.421885 -0.779997)
(0.502036 0.367935 -0.782677)
(0.56021 0.266738 -0.784229)
(0.611281 0.101012 -0.784941)
(0.611281 -0.101012 -0.784941)
(0.56021 -0.266738 -0.784229)
(0.502036 -0.367935 -0.782677)
(0.462188 -0.421885 -0.779997)
(0.44458 -0.448011 -0.775652)
(0.447051 -0.457323 -0.768766)
(0.466556 -0.455431 -0.758227)
(0.496913 -0.446618 -0.74405)
(0.522536 -0.437866 -0.731594)
(0.522536 -0.437866 -0.731594)
(0.496913 -0.446618 -0.74405)
(0.466556 -0.455431 -0.758227)
(0.447051 -0.457323 -0.768766)
(0.44458 -0.448011 -0.775652)
(0.462188 -0.421885 -0.779997)
(0.502036 -0.367935 -0.782677)
(0.56021 -0.266738 -0.784229)
(0.611281 -0.101012 -0.784941)
(0.404339 0.0735285 0.911649)
(0.35962 0.204292 0.91046)
(0.291388 0.301272 0.907925)
(0.218271 0.368347 0.903702)
(0.147868 0.415988 0.897267)
(0.0817228 0.452569 0.887977)
(0.0208133 0.482624 0.87558)
(-0.0302558 0.506623 0.861636)
(-0.0611861 0.520952 0.85139)
(-0.0611861 0.520952 0.85139)
(-0.0302558 0.506623 0.861636)
(0.0208133 0.482624 0.87558)
(0.0817228 0.452569 0.887977)
(0.147868 0.415988 0.897267)
(0.218271 0.368347 0.903702)
(0.291388 0.301272 0.907925)
(0.35962 0.204292 0.91046)
(0.404339 0.0735285 0.911649)
(0.404339 -0.0735285 0.911649)
(0.35962 -0.204292 0.91046)
(0.291388 -0.301272 0.907925)
(0.218271 -0.368347 0.903702)
(0.147868 -0.415988 0.897267)
(0.0817228 -0.452569 0.887977)
(0.0208133 -0.482624 0.87558)
(-0.0302558 -0.506623 0.861636)
(-0.0611861 -0.520952 0.85139)
(-0.0611861 -0.520952 0.85139)
(-0.0302558 -0.506623 0.861636)
(0.0208133 -0.482624 0.87558)
(0.0817228 -0.452569 0.887977)
(0.147868 -0.415988 0.897267)
(0.218271 -0.368347 0.903702)
(0.291388 -0.301272 0.907925)
(0.35962 -0.204292 0.91046)
(0.404339 -0.0735285 0.911649)
(0.970333 0.129656 0.204064)
(0.909493 0.362305 0.203858)
(0.818804 0.536824 0.203422)
(0.727689 0.655273 0.202698)
(0.649751 0.732923 0.201614)
(0.588038 0.783695 0.200082)
(0.54186 0.816789 0.198099)
(0.510427 0.8373 0.195943)
(0.494179 0.847344 0.194408)
(0.494179 0.847344 0.194408)
(0.510427 0.8373 0.195943)
(0.54186 0.816789 0.198099)
(0.588038 0.783695 0.200082)
(0.649751 0.732923 0.201614)
(0.727689 0.655273 0.202698)
(0.818804 0.536824 0.203422)
(0.909493 0.362305 0.203858)
(0.970333 0.129656 0.204064)
(0.970333 -0.129656 0.204064)
(0.909493 -0.362305 0.203858)
(0.818804 -0.536824 0.203422)
(0.727689 -0.655273 0.202698)
(0.649751 -0.732923 0.201614)
(0.588038 -0.783695 0.200082)
(0.54186 -0.816789 0.198099)
(0.510427 -0.8373 0.195943)
(0.494179 -0.847344 0.194408)
(0.494179 -0.847344 0.194408)
(0.510427 -0.8373 0.195943)
(0.54186 -0.816789 0.198099)
(0.588038 -0.783695 0.200082)
(0.649751 -0.732923 0.201614)
(0.727689 -0.655273 0.202698)
(0.818804 -0.536824 0.203422)
(0.909493 -0.362305 0.203858)
(0.970333 -0.129656 0.204064)
(0.622006 0.0636082 -0.780424)
(0.599865 0.1788 -0.779867)
(0.567997 0.266498 -0.77869)
(0.539143 0.325496 -0.776774)
(0.519869 0.361591 -0.773943)
(0.5116 0.381175 -0.770046)
(0.512693 0.38945 -0.765163)
(0.519103 0.390935 -0.760067)
(0.524862 0.390044 -0.756562)
(0.524862 0.390044 -0.756562)
(0.519103 0.390935 -0.760067)
(0.512693 0.38945 -0.765163)
(0.5116 0.381175 -0.770046)
(0.519869 0.361591 -0.773943)
(0.539143 0.325496 -0.776774)
(0.567997 0.266498 -0.77869)
(0.599865 0.1788 -0.779867)
(0.622006 0.0636082 -0.780424)
(0.622006 -0.0636082 -0.780424)
(0.599865 -0.1788 -0.779867)
(0.567997 -0.266498 -0.77869)
(0.539143 -0.325496 -0.776774)
(0.519869 -0.361591 -0.773943)
(0.5116 -0.381175 -0.770046)
(0.512693 -0.38945 -0.765163)
(0.519103 -0.390935 -0.760067)
(0.524862 -0.390044 -0.756562)
(0.524862 -0.390044 -0.756562)
(0.519103 -0.390935 -0.760067)
(0.512693 -0.38945 -0.765163)
(0.5116 -0.381175 -0.770046)
(0.519869 -0.361591 -0.773943)
(0.539143 -0.325496 -0.776774)
(0.567997 -0.266498 -0.77869)
(0.599865 -0.1788 -0.779867)
(0.622006 -0.0636082 -0.780424)
(0.409709 0.0563423 0.910475)
(0.382893 0.161651 0.909539)
(0.337785 0.249344 0.907595)
(0.28467 0.31753 0.90451)
(0.230794 0.36943 0.900142)
(0.180347 0.409166 0.89446)
(0.136414 0.439473 0.887837)
(0.102757 0.46097 0.881447)
(0.0840787 0.472461 0.877332)
(0.0840787 0.472461 0.877332)
(0.102757 0.46097 0.881447)
(0.136414 0.439473 0.887837)
(0.180347 0.409166 0.89446)
(0.230794 0.36943 0.900142)
(0.28467 0.31753 0.90451)
(0.337785 0.249344 0.907595)
(0.382893 0.161651 0.909539)
(0.409709 0.0563423 0.910475)
(0.409709 -0.0563423 0.910475)
(0.382893 -0.161651 0.909539)
(0.337785 -0.249344 0.907595)
(0.28467 -0.31753 0.90451)
(0.230794 -0.36943 0.900142)
(0.180347 -0.409166 0.89446)
(0.136414 -0.439473 0.887837)
(0.102757 -0.46097 0.881447)
(0.0840787 -0.472461 0.877332)
(0.0840787 -0.472461 0.877332)
(0.102757 -0.46097 0.881447)
(0.136414 -0.439473 0.887837)
(0.180347 -0.409166 0.89446)
(0.230794 -0.36943 0.900142)
(0.28467 -0.31753 0.90451)
(0.337785 -0.249344 0.907595)
(0.382893 -0.161651 0.909539)
(0.409709 -0.0563423 0.910475)
(0.972101 0.0945663 0.214656)
(0.938154 0.271775 0.214491)
(0.882103 0.419567 0.214146)
(0.818793 0.532871 0.213602)
(0.759002 0.615315 0.212846)
(0.708367 0.673292 0.211882)
(0.669242 0.712519 0.210789)
(0.642605 0.736926 0.209762)
(0.629074 0.748691 0.209113)
(0.629074 0.748691 0.209113)
(0.642605 0.736926 0.209762)
(0.669242 0.712519 0.210789)
(0.708367 0.673292 0.211882)
(0.759002 0.615315 0.212846)
(0.818793 0.532871 0.213602)
(0.882103 0.419567 0.214146)
(0.938154 0.271775 0.214491)
(0.972101 0.0945663 0.214656)
(0.972101 -0.0945663 0.214656)
(0.938154 -0.271775 0.214491)
(0.882103 -0.419567 0.214146)
(0.818793 -0.532871 0.213602)
(0.759002 -0.615315 0.212846)
(0.708367 -0.673292 0.211882)
(0.669242 -0.712519 0.210789)
(0.642605 -0.736926 0.209762)
(0.629074 -0.748691 0.209113)
(0.629074 -0.748691 0.209113)
(0.642605 -0.736926 0.209762)
(0.669242 -0.712519 0.210789)
(0.708367 -0.673292 0.211882)
(0.759002 -0.615315 0.212846)
(0.818793 -0.532871 0.213602)
(0.882103 -0.419567 0.214146)
(0.938154 -0.271775 0.214491)
(0.972101 -0.0945663 0.214656)
(0.63073 0.0453498 -0.774676)
(0.619251 0.130582 -0.774259)
(0.600891 0.201927 -0.773405)
(0.58161 0.256154 -0.772085)
(0.565805 0.294176 -0.770277)
(0.555429 0.318796 -0.768029)
(0.550352 0.333244 -0.765546)
(0.548991 0.340598 -0.763283)
(0.549134 0.343475 -0.76189)
(0.549134 0.343475 -0.76189)
(0.548991 0.340598 -0.763283)
(0.550352 0.333244 -0.765546)
(0.555429 0.318796 -0.768029)
(0.565805 0.294176 -0.770277)
(0.58161 0.256154 -0.772085)
(0.600891 0.201927 -0.773405)
(0.619251 0.130582 -0.774259)
(0.63073 0.0453498 -0.774676)
(0.63073 -0.0453498 -0.774676)
(0.619251 -0.130582 -0.774259)
(0.600891 -0.201927 -0.773405)
(0.58161 -0.256154 -0.772085)
(0.565805 -0.294176 -0.770277)
(0.555429 -0.318796 -0.768029)
(0.550352 -0.333244 -0.765546)
(0.548991 -0.340598 -0.763283)
(0.549134 -0.343475 -0.76189)
(0.549134 -0.343475 -0.76189)
(0.548991 -0.340598 -0.763283)
(0.550352 -0.333244 -0.765546)
(0.555429 -0.318796 -0.768029)
(0.565805 -0.294176 -0.770277)
(0.58161 -0.256154 -0.772085)
(0.600891 -0.201927 -0.773405)
(0.619251 -0.130582 -0.774259)
(0.63073 -0.0453498 -0.774676)
(0.411505 0.0447062 0.91031)
(0.39455 0.130213 0.909602)
(0.364633 0.205639 0.908161)
(0.327476 0.268291 0.905969)
(0.288351 0.318373 0.903046)
(0.251333 0.357317 0.899531)
(0.219654 0.3864 0.895794)
(0.196231 0.406101 0.892511)
(0.183686 0.416165 0.890543)
(0.183686 0.416165 0.890543)
(0.196231 0.406101 0.892511)
(0.219654 0.3864 0.895794)
(0.251333 0.357317 0.899531)
(0.288351 0.318373 0.903046)
(0.327476 0.268291 0.905969)
(0.364633 0.205639 0.908161)
(0.39455 0.130213 0.909602)
(0.411505 0.0447062 0.91031)
(0.411505 -0.0447062 0.91031)
(0.39455 -0.130213 0.909602)
(0.364633 -0.205639 0.908161)
(0.327476 -0.268291 0.905969)
(0.288351 -0.318373 0.903046)
(0.251333 -0.357317 0.899531)
(0.219654 -0.3864 0.895794)
(0.196231 -0.406101 0.892511)
(0.183686 -0.416165 0.890543)
(0.183686 -0.416165 0.890543)
(0.196231 -0.406101 0.892511)
(0.219654 -0.3864 0.895794)
(0.251333 -0.357317 0.899531)
(0.288351 -0.318373 0.903046)
(0.327476 -0.268291 0.905969)
(0.364633 -0.205639 0.908161)
(0.39455 -0.130213 0.909602)
(0.411505 -0.0447062 0.91031)
(0.970081 0.0725946 0.231673)
(0.949565 0.21146 0.231542)
(0.913881 0.333672 0.231267)
(0.870806 0.434053 0.230858)
(0.827435 0.512158 0.230317)
(0.788781 0.570151 0.229681)
(0.75789 0.610864 0.229016)
(0.736495 0.636701 0.228445)
(0.725569 0.649245 0.228103)
(0.725569 0.649245 0.228103)
(0.736495 0.636701 0.228445)
(0.75789 0.610864 0.229016)
(0.788781 0.570151 0.229681)
(0.827435 0.512158 0.230317)
(0.870806 0.434053 0.230858)
(0.913881 0.333672 0.231267)
(0.949565 0.21146 0.231542)
(0.970081 0.0725946 0.231673)
(0.970081 -0.0725946 0.231673)
(0.949565 -0.21146 0.231542)
(0.913881 -0.333672 0.231267)
(0.870806 -0.434053 0.230858)
(0.827435 -0.512158 0.230317)
(0.788781 -0.570151 0.229681)
(0.75789 -0.610864 0.229016)
(0.736495 -0.636701 0.228445)
(0.725569 -0.649245 0.228103)
(0.725569 -0.649245 0.228103)
(0.736495 -0.636701 0.228445)
(0.75789 -0.610864 0.229016)
(0.788781 -0.570151 0.229681)
(0.827435 -0.512158 0.230317)
(0.870806 -0.434053 0.230858)
(0.913881 -0.333672 0.231267)
(0.949565 -0.21146 0.231542)
(0.970081 -0.0725946 0.231673)
(0.640566 0.0345809 -0.767124)
(0.633901 0.100765 -0.766822)
(0.622605 0.158972 -0.766219)
(0.609652 0.206417 -0.765321)
(0.597688 0.242548 -0.764159)
(0.588328 0.268308 -0.762811)
(0.582063 0.285337 -0.761436)
(0.578549 0.295405 -0.760275)
(0.577066 0.300006 -0.759599)
(0.577066 0.300006 -0.759599)
(0.578549 0.295405 -0.760275)
(0.582063 0.285337 -0.761436)
(0.588328 0.268308 -0.762811)
(0.597688 0.242548 -0.764159)
(0.609652 0.206417 -0.765321)
(0.622605 0.158972 -0.766219)
(0.633901 0.100765 -0.766822)
(0.640566 0.0345809 -0.767124)
(0.640566 -0.0345809 -0.767124)
(0.633901 -0.100765 -0.766822)
(0.622605 -0.158972 -0.766219)
(0.609652 -0.206417 -0.765321)
(0.597688 -0.242548 -0.764159)
(0.588328 -0.268308 -0.762811)
(0.582063 -0.285337 -0.761436)
(0.578549 -0.295405 -0.760275)
(0.577066 -0.300006 -0.759599)
(0.577066 -0.300006 -0.759599)
(0.578549 -0.295405 -0.760275)
(0.582063 -0.285337 -0.761436)
(0.588328 -0.268308 -0.762811)
(0.597688 -0.242548 -0.764159)
(0.609652 -0.206417 -0.765321)
(0.622605 -0.158972 -0.766219)
(0.633901 -0.100765 -0.766822)
(0.640566 -0.0345809 -0.767124)
(0.40934 0.0358468 0.911677)
(0.398392 0.105245 0.911157)
(0.378573 0.168424 0.910119)
(0.35317 0.222997 0.908594)
(0.325726 0.268115 0.906651)
(0.299413 0.303859 0.904446)
(0.276917 0.330573 0.902241)
(0.260456 0.348442 0.900417)
(0.25175 0.357435 0.899368)
(0.25175 0.357435 0.899368)
(0.260456 0.348442 0.900417)
(0.276917 0.330573 0.902241)
(0.299413 0.303859 0.904446)
(0.325726 0.268115 0.906651)
(0.35317 0.222997 0.908594)
(0.378573 0.168424 0.910119)
(0.398392 0.105245 0.911157)
(0.40934 0.0358468 0.911677)
(0.40934 -0.0358468 0.911677)
(0.398392 -0.105245 0.911157)
(0.378573 -0.168424 0.910119)
(0.35317 -0.222997 0.908594)
(0.325726 -0.268115 0.906651)
(0.299413 -0.303859 0.904446)
(0.276917 -0.330573 0.902241)
(0.260456 -0.348442 0.900417)
(0.25175 -0.357435 0.899368)
(0.25175 -0.357435 0.899368)
(0.260456 -0.348442 0.900417)
(0.276917 -0.330573 0.902241)
(0.299413 -0.303859 0.904446)
(0.325726 -0.268115 0.906651)
(0.35317 -0.222997 0.908594)
(0.378573 -0.168424 0.910119)
(0.398392 -0.105245 0.911157)
(0.40934 -0.0358468 0.911677)
(0.964618 0.0570898 0.257398)
(0.951701 0.167536 0.257289)
(0.92856 0.267751 0.257072)
(0.899479 0.353571 0.256761)
(0.868943 0.423339 0.256363)
(0.840705 0.4772 0.25592)
(0.8175 0.516164 0.255479)
(0.801132 0.541387 0.255122)
(0.792692 0.553765 0.254918)
(0.792692 0.553765 0.254918)
(0.801132 0.541387 0.255122)
(0.8175 0.516164 0.255479)
(0.840705 0.4772 0.25592)
(0.868943 0.423339 0.256363)
(0.899479 0.353571 0.256761)
(0.92856 0.267751 0.257072)
(0.951701 0.167536 0.257289)
(0.964618 0.0570898 0.257398)
(0.964618 -0.0570898 0.257398)
(0.951701 -0.167536 0.257289)
(0.92856 -0.267751 0.257072)
(0.899479 -0.353571 0.256761)
(0.868943 -0.423339 0.256363)
(0.840705 -0.4772 0.25592)
(0.8175 -0.516164 0.255479)
(0.801132 -0.541387 0.255122)
(0.792692 -0.553765 0.254918)
(0.792692 -0.553765 0.254918)
(0.801132 -0.541387 0.255122)
(0.8175 -0.516164 0.255479)
(0.840705 -0.4772 0.25592)
(0.868943 -0.423339 0.256363)
(0.899479 -0.353571 0.256761)
(0.92856 -0.267751 0.257072)
(0.951701 -0.167536 0.257289)
(0.964618 -0.0570898 0.257398)
(0.652684 0.0274079 -0.757134)
(0.64854 0.080413 -0.756921)
(0.641258 0.12841 -0.756504)
(0.63243 0.16926 -0.755899)
(0.623645 0.20204 -0.755147)
(0.616086 0.226808 -0.754319)
(0.610385 0.244222 -0.753515)
(0.606703 0.255158 -0.752865)
(0.604927 0.260397 -0.7525)
(0.604927 0.260397 -0.7525)
(0.606703 0.255158 -0.752865)
(0.610385 0.244222 -0.753515)
(0.616086 0.226808 -0.754319)
(0.623645 0.20204 -0.755147)
(0.63243 0.16926 -0.755899)
(0.641258 0.12841 -0.756504)
(0.64854 0.080413 -0.756921)
(0.652684 0.0274079 -0.757134)
(0.652684 -0.0274079 -0.757134)
(0.64854 -0.080413 -0.756921)
(0.641258 -0.12841 -0.756504)
(0.63243 -0.16926 -0.755899)
(0.623645 -0.20204 -0.755147)
(0.616086 -0.226808 -0.754319)
(0.610385 -0.244222 -0.753515)
(0.606703 -0.255158 -0.752865)
(0.604927 -0.260397 -0.7525)
(0.604927 -0.260397 -0.7525)
(0.606703 -0.255158 -0.752865)
(0.610385 -0.244222 -0.753515)
(0.616086 -0.226808 -0.754319)
(0.623645 -0.20204 -0.755147)
(0.63243 -0.16926 -0.755899)
(0.641258 -0.12841 -0.756504)
(0.64854 -0.080413 -0.756921)
(0.652684 -0.0274079 -0.757134)
(0.400865 0.0285107 0.915694)
(0.393844 0.084094 0.915322)
(0.380937 0.135648 0.914596)
(0.364068 0.181282 0.91356)
(0.345513 0.219905 0.912284)
(0.327504 0.251024 0.910894)
(0.312028 0.274469 0.909563)
(0.300707 0.290162 0.908505)
(0.294732 0.298036 0.907914)
(0.294732 0.298036 0.907914)
(0.300707 0.290162 0.908505)
(0.312028 0.274469 0.909563)
(0.327504 0.251024 0.910894)
(0.345513 0.219905 0.912284)
(0.364068 0.181282 0.91356)
(0.380937 0.135648 0.914596)
(0.393844 0.084094 0.915322)
(0.400865 0.0285107 0.915694)
(0.400865 -0.0285107 0.915694)
(0.393844 -0.084094 0.915322)
(0.380937 -0.135648 0.914596)
(0.364068 -0.181282 0.91356)
(0.345513 -0.219905 0.912284)
(0.327504 -0.251024 0.910894)
(0.312028 -0.274469 0.909563)
(0.300707 -0.290162 0.908505)
(0.294732 -0.298036 0.907914)
(0.294732 -0.298036 0.907914)
(0.300707 -0.290162 0.908505)
(0.312028 -0.274469 0.909563)
(0.327504 -0.251024 0.910894)
(0.345513 -0.219905 0.912284)
(0.364068 -0.181282 0.91356)
(0.380937 -0.135648 0.914596)
(0.393844 -0.084094 0.915322)
(0.400865 -0.0285107 0.915694)
(0.955011 0.045164 0.293111)
(0.946791 0.133135 0.293022)
(0.931795 0.21447 0.292849)
(0.912459 0.286007 0.292608)
(0.891573 0.345906 0.292313)
(0.871742 0.393454 0.291992)
(0.855088 0.428653 0.291688)
(0.843158 0.45182 0.29145)
(0.83695 0.4633 0.291319)
(0.83695 0.4633 0.291319)
(0.843158 0.45182 0.29145)
(0.855088 0.428653 0.291688)
(0.871742 0.393454 0.291992)
(0.891573 0.345906 0.292313)
(0.912459 0.286007 0.292608)
(0.931795 0.21447 0.292849)
(0.946791 0.133135 0.293022)
(0.955011 0.045164 0.293111)
(0.955011 -0.045164 0.293111)
(0.946791 -0.133135 0.293022)
(0.931795 -0.21447 0.292849)
(0.912459 -0.286007 0.292608)
(0.891573 -0.345906 0.292313)
(0.871742 -0.393454 0.291992)
(0.855088 -0.428653 0.291688)
(0.843158 -0.45182 0.29145)
(0.83695 -0.4633 0.291319)
(0.83695 -0.4633 0.291319)
(0.843158 -0.45182 0.29145)
(0.855088 -0.428653 0.291688)
(0.871742 -0.393454 0.291992)
(0.891573 -0.345906 0.292313)
(0.912459 -0.286007 0.292608)
(0.931795 -0.21447 0.292849)
(0.946791 -0.133135 0.293022)
(0.955011 -0.045164 0.293111)
(0.667358 0.0221343 -0.744408)
(0.664695 0.0652224 -0.744262)
(0.659902 0.104975 -0.743982)
(0.653871 0.139777 -0.743582)
(0.647569 0.168682 -0.743102)
(0.64183 0.191358 -0.742588)
(0.637223 0.207903 -0.742108)
(0.634063 0.218638 -0.741729)
(0.632468 0.223901 -0.741521)
(0.632468 0.223901 -0.741521)
(0.634063 0.218638 -0.741729)
(0.637223 0.207903 -0.742108)
(0.64183 0.191358 -0.742588)
(0.647569 0.168682 -0.743102)
(0.653871 0.139777 -0.743582)
(0.659902 0.104975 -0.743982)
(0.664695 0.0652224 -0.744262)
(0.667358 0.0221343 -0.744408)
(0.667358 -0.0221343 -0.744408)
(0.664695 -0.0652224 -0.744262)
(0.659902 -0.104975 -0.743982)
(0.653871 -0.139777 -0.743582)
(0.647569 -0.168682 -0.743102)
(0.64183 -0.191358 -0.742588)
(0.637223 -0.207903 -0.742108)
(0.634063 -0.218638 -0.741729)
(0.632468 -0.223901 -0.741521)
(0.632468 -0.223901 -0.741521)
(0.634063 -0.218638 -0.741729)
(0.637223 -0.207903 -0.742108)
(0.64183 -0.191358 -0.742588)
(0.647569 -0.168682 -0.743102)
(0.653871 -0.139777 -0.743582)
(0.659902 -0.104975 -0.743982)
(0.664695 -0.0652224 -0.744262)
(0.667358 -0.0221343 -0.744408)
(0.381393 0.0220168 0.924151)
(0.37706 0.0651246 0.923897)
(0.369007 0.105577 0.923411)
(0.358349 0.141964 0.922731)
(0.34648 0.173276 0.921915)
(0.334837 0.198858 0.921054)
(0.324768 0.218315 0.920252)
(0.317378 0.231406 0.919632)
(0.313467 0.237986 0.919294)
(0.313467 0.237986 0.919294)
(0.317378 0.231406 0.919632)
(0.324768 0.218315 0.920252)
(0.334837 0.198858 0.921054)
(0.34648 0.173276 0.921915)
(0.358349 0.141964 0.922731)
(0.369007 0.105577 0.923411)
(0.37706 0.0651246 0.923897)
(0.381393 0.0220168 0.924151)
(0.381393 -0.0220168 0.924151)
(0.37706 -0.0651246 0.923897)
(0.369007 -0.105577 0.923411)
(0.358349 -0.141964 0.922731)
(0.34648 -0.173276 0.921915)
(0.334837 -0.198858 0.921054)
(0.324768 -0.218315 0.920252)
(0.317378 -0.231406 0.919632)
(0.313467 -0.237986 0.919294)
(0.313467 -0.237986 0.919294)
(0.317378 -0.231406 0.919632)
(0.324768 -0.218315 0.920252)
(0.334837 -0.198858 0.921054)
(0.34648 -0.173276 0.921915)
(0.358349 -0.141964 0.922731)
(0.369007 -0.105577 0.923411)
(0.37706 -0.0651246 0.923897)
(0.381393 -0.0220168 0.924151)
(0.9407 0.0353424 0.337394)
(0.935572 0.104483 0.337324)
(0.926107 0.169195 0.337192)
(0.913693 0.227132 0.337009)
(0.900022 0.276643 0.336792)
(0.886792 0.316739 0.336564)
(0.875499 0.346939 0.336354)
(0.867311 0.367078 0.336193)
(0.863018 0.377137 0.336106)
(0.863018 0.377137 0.336106)
(0.867311 0.367078 0.336193)
(0.875499 0.346939 0.336354)
(0.886792 0.316739 0.336564)
(0.900022 0.276643 0.336792)
(0.913693 0.227132 0.337009)
(0.926107 0.169195 0.337192)
(0.935572 0.104483 0.337324)
(0.9407 0.0353424 0.337394)
(0.9407 -0.0353424 0.337394)
(0.935572 -0.104483 0.337324)
(0.926107 -0.169195 0.337192)
(0.913693 -0.227132 0.337009)
(0.900022 -0.276643 0.336792)
(0.886792 -0.316739 0.336564)
(0.875499 -0.346939 0.336354)
(0.867311 -0.367078 0.336193)
(0.863018 -0.377137 0.336106)
(0.863018 -0.377137 0.336106)
(0.867311 -0.367078 0.336193)
(0.875499 -0.346939 0.336354)
(0.886792 -0.316739 0.336564)
(0.900022 -0.276643 0.336792)
(0.913693 -0.227132 0.337009)
(0.926107 -0.169195 0.337192)
(0.935572 -0.104483 0.337324)
(0.9407 -0.0353424 0.337394)
(0.684187 0.0178732 -0.729087)
(0.682481 0.0528193 -0.728993)
(0.679359 0.0854686 -0.728812)
(0.675328 0.114604 -0.728559)
(0.670979 0.139377 -0.728259)
(0.666868 0.159306 -0.727948)
(0.663445 0.174205 -0.727663)
(0.661018 0.184071 -0.727443)
(0.659765 0.188973 -0.727324)
(0.659765 0.188973 -0.727324)
(0.661018 0.184071 -0.727443)
(0.663445 0.174205 -0.727663)
(0.666868 0.159306 -0.727948)
(0.670979 0.139377 -0.728259)
(0.675328 0.114604 -0.728559)
(0.679359 0.0854686 -0.728812)
(0.682481 0.0528193 -0.728993)
(0.684187 0.0178732 -0.729087)
(0.684187 -0.0178732 -0.729087)
(0.682481 -0.0528193 -0.728993)
(0.679359 -0.0854686 -0.728812)
(0.675328 -0.114604 -0.728559)
(0.670979 -0.139377 -0.728259)
(0.666868 -0.159306 -0.727948)
(0.663445 -0.174205 -0.727663)
(0.661018 -0.184071 -0.727443)
(0.659765 -0.188973 -0.727324)
(0.659765 -0.188973 -0.727324)
(0.661018 -0.184071 -0.727443)
(0.663445 -0.174205 -0.727663)
(0.666868 -0.159306 -0.727948)
(0.670979 -0.139377 -0.728259)
(0.675328 -0.114604 -0.728559)
(0.679359 -0.0854686 -0.728812)
(0.682481 -0.0528193 -0.728993)
(0.684187 -0.0178732 -0.729087)
(0.342424 0.0159553 0.93941)
(0.339963 0.0472809 0.93925)
(0.335358 0.0769007 0.938947)
(0.329221 0.103835 0.938526)
(0.32232 0.12729 0.938034)
(0.315494 0.146665 0.937525)
(0.309549 0.161529 0.937063)
(0.305174 0.17159 0.93671)
(0.302851 0.176664 0.936521)
(0.302851 0.176664 0.936521)
(0.305174 0.17159 0.93671)
(0.309549 0.161529 0.937063)
(0.315494 0.146665 0.937525)
(0.32232 0.12729 0.938034)
(0.329221 0.103835 0.938526)
(0.335358 0.0769007 0.938947)
(0.339963 0.0472809 0.93925)
(0.342424 0.0159553 0.93941)
(0.342424 -0.0159553 0.93941)
(0.339963 -0.0472809 0.93925)
(0.335358 -0.0769007 0.938947)
(0.329221 -0.103835 0.938526)
(0.32232 -0.12729 0.938034)
(0.315494 -0.146665 0.937525)
(0.309549 -0.161529 0.937063)
(0.305174 -0.17159 0.93671)
(0.302851 -0.176664 0.936521)
(0.302851 -0.176664 0.936521)
(0.305174 -0.17159 0.93671)
(0.309549 -0.161529 0.937063)
(0.315494 -0.146665 0.937525)
(0.32232 -0.12729 0.938034)
(0.329221 -0.103835 0.938526)
(0.335358 -0.0769007 0.938947)
(0.339963 -0.0472809 0.93925)
(0.342424 -0.0159553 0.93941)
(0.921876 0.0267862 0.386559)
(0.918867 0.07934 0.386509)
(0.913268 0.128932 0.386418)
(0.905842 0.173875 0.386288)
(0.897552 0.212832 0.386139)
(0.88942 0.244839 0.385986)
(0.882394 0.269258 0.38585)
(0.877254 0.285704 0.385744)
(0.874543 0.29397 0.385688)
(0.874543 0.29397 0.385688)
(0.877254 0.285704 0.385744)
(0.882394 0.269258 0.38585)
(0.88942 0.244839 0.385986)
(0.897552 0.212832 0.386139)
(0.905842 0.173875 0.386288)
(0.913268 0.128932 0.386418)
(0.918867 0.07934 0.386509)
(0.921876 0.0267862 0.386559)
(0.921876 -0.0267862 0.386559)
(0.918867 -0.07934 0.386509)
(0.913268 -0.128932 0.386418)
(0.905842 -0.173875 0.386288)
(0.897552 -0.212832 0.386139)
(0.88942 -0.244839 0.385986)
(0.882394 -0.269258 0.38585)
(0.877254 -0.285704 0.385744)
(0.874543 -0.29397 0.385688)
(0.874543 -0.29397 0.385688)
(0.877254 -0.285704 0.385744)
(0.882394 -0.269258 0.38585)
(0.88942 -0.244839 0.385986)
(0.897552 -0.212832 0.386139)
(0.905842 -0.173875 0.386288)
(0.913268 -0.128932 0.386418)
(0.918867 -0.07934 0.386509)
(0.921876 -0.0267862 0.386559)
(0.70203 0.014086 -0.712008)
(0.70099 0.041711 -0.71195)
(0.699064 0.0677456 -0.711843)
(0.696534 0.0912885 -0.711693)
(0.693742 0.111635 -0.71152)
(0.69104 0.12829 -0.711341)
(0.688735 0.140948 -0.711181)
(0.687068 0.149444 -0.711058)
(0.686195 0.153704 -0.710993)
(0.686195 0.153704 -0.710993)
(0.687068 0.149444 -0.711058)
(0.688735 0.140948 -0.711181)
(0.69104 0.12829 -0.711341)
(0.693742 0.111635 -0.71152)
(0.696534 0.0912885 -0.711693)
(0.699064 0.0677456 -0.711843)
(0.70099 0.041711 -0.71195)
(0.70203 0.014086 -0.712008)
(0.70203 -0.014086 -0.712008)
(0.70099 -0.041711 -0.71195)
(0.699064 -0.0677456 -0.711843)
(0.696534 -0.0912885 -0.711693)
(0.693742 -0.111635 -0.71152)
(0.69104 -0.12829 -0.711341)
(0.688735 -0.140948 -0.711181)
(0.687068 -0.149444 -0.711058)
(0.686195 -0.153704 -0.710993)
(0.686195 -0.153704 -0.710993)
(0.687068 -0.149444 -0.711058)
(0.688735 -0.140948 -0.711181)
(0.69104 -0.12829 -0.711341)
(0.693742 -0.111635 -0.71152)
(0.696534 -0.0912885 -0.711693)
(0.699064 -0.0677456 -0.711843)
(0.70099 -0.041711 -0.71195)
(0.70203 -0.014086 -0.712008)
(0.272247 0.0101944 0.962173)
(0.271066 0.0302445 0.962085)
(0.268849 0.0492972 0.96192)
(0.265884 0.066749 0.961691)
(0.262526 0.0820729 0.961428)
(0.259186 0.0948351 0.96116)
(0.256258 0.104694 0.960922)
(0.2541 0.111404 0.96074)
(0.252953 0.114798 0.960644)
(0.252953 0.114798 0.960644)
(0.2541 0.111404 0.96074)
(0.256258 0.104694 0.960922)
(0.259186 0.0948351 0.96116)
(0.262526 0.0820729 0.961428)
(0.265884 0.066749 0.961691)
(0.268848 0.0492972 0.96192)
(0.271066 0.0302445 0.962085)
(0.272247 0.0101944 0.962173)
(0.272247 -0.0101944 0.962173)
(0.271066 -0.0302445 0.962085)
(0.268849 -0.0492972 0.96192)
(0.265884 -0.066749 0.961691)
(0.262526 -0.0820729 0.961428)
(0.259186 -0.0948351 0.96116)
(0.256258 -0.104694 0.960922)
(0.2541 -0.111404 0.96074)
(0.252953 -0.114798 0.960644)
(0.252953 -0.114798 0.960644)
(0.2541 -0.111404 0.96074)
(0.256258 -0.104694 0.960922)
(0.259186 -0.0948351 0.96116)
(0.262526 -0.0820729 0.961428)
(0.265884 -0.066749 0.961691)
(0.268849 -0.0492972 0.96192)
(0.271066 -0.0302445 0.962085)
(0.272247 -0.0101944 0.962173)
(0.900215 0.0189784 0.435032)
(0.898668 0.0562856 0.435003)
(0.895775 0.0916845 0.434949)
(0.891911 0.124031 0.434869)
(0.887554 0.152348 0.434784)
(0.883243 0.175851 0.434693)
(0.879484 0.193949 0.434618)
(0.876716 0.206227 0.434557)
(0.87525 0.212429 0.434525)
(0.87525 0.212429 0.434525)
(0.876716 0.206227 0.434557)
(0.879484 0.193949 0.434618)
(0.883243 0.175851 0.434693)
(0.887554 0.152348 0.434784)
(0.891911 0.124031 0.434869)
(0.895775 0.0916845 0.434949)
(0.898668 0.0562856 0.435003)
(0.900215 0.0189784 0.435032)
(0.900215 -0.0189784 0.435032)
(0.898668 -0.0562856 0.435003)
(0.895775 -0.0916845 0.434949)
(0.891911 -0.124031 0.434869)
(0.887554 -0.152348 0.434784)
(0.883243 -0.175851 0.434693)
(0.879484 -0.193949 0.434618)
(0.876716 -0.206227 0.434557)
(0.87525 -0.212429 0.434525)
(0.87525 -0.212429 0.434525)
(0.876716 -0.206227 0.434557)
(0.879484 -0.193949 0.434618)
(0.883243 -0.175851 0.434693)
(0.887554 -0.152348 0.434784)
(0.891911 -0.124031 0.434869)
(0.895775 -0.0916845 0.434949)
(0.898668 -0.0562856 0.435003)
(0.900215 -0.0189784 0.435032)
(0.719502 0.0104177 -0.694412)
(0.718944 0.0308912 -0.694381)
(0.717901 0.0503025 -0.694325)
(0.716515 0.0680182 -0.694248)
(0.71496 0.0835018 -0.694161)
(0.713434 0.0963302 -0.69407)
(0.71211 0.10619 -0.693991)
(0.711141 0.112869 -0.69393)
(0.710629 0.116238 -0.693899)
(0.710629 0.116238 -0.693899)
(0.711141 0.112869 -0.69393)
(0.71211 0.10619 -0.693991)
(0.713434 0.0963302 -0.69407)
(0.71496 0.0835018 -0.694161)
(0.716515 0.0680183 -0.694248)
(0.717901 0.0503025 -0.694325)
(0.718944 0.0308912 -0.694381)
(0.719502 0.0104177 -0.694412)
(0.719502 -0.0104177 -0.694412)
(0.718944 -0.0308912 -0.694381)
(0.717901 -0.0503025 -0.694325)
(0.716515 -0.0680182 -0.694248)
(0.71496 -0.0835018 -0.694161)
(0.713434 -0.0963302 -0.69407)
(0.71211 -0.10619 -0.693991)
(0.711141 -0.112869 -0.69393)
(0.710629 -0.116238 -0.693899)
(0.710629 -0.116238 -0.693899)
(0.711141 -0.112869 -0.69393)
(0.71211 -0.10619 -0.693991)
(0.713434 -0.0963302 -0.69407)
(0.71496 -0.0835018 -0.694161)
(0.716515 -0.0680182 -0.694248)
(0.717901 -0.0503025 -0.694326)
(0.718944 -0.0308912 -0.694381)
(0.719502 -0.0104177 -0.694412)
(0.168726 0.00512852 0.98565)
(0.168323 0.0152253 0.985614)
(0.167576 0.0248481 0.985546)
(0.166564 0.0336997 0.985455)
(0.165419 0.0415124 0.985349)
(0.164275 0.0480527 0.985243)
(0.163274 0.0531297 0.985149)
(0.162527 0.0565961 0.98508)
(0.162134 0.0583547 0.985042)
(0.162134 0.0583547 0.985042)
(0.162527 0.0565961 0.98508)
(0.163274 0.0531297 0.985149)
(0.164275 0.0480527 0.985243)
(0.165419 0.0415124 0.985349)
(0.166564 0.0336997 0.985455)
(0.167576 0.0248481 0.985546)
(0.168323 0.0152253 0.985614)
(0.168726 0.00512852 0.98565)
(0.168726 -0.00512852 0.98565)
(0.168323 -0.0152253 0.985614)
(0.167576 -0.0248481 0.985546)
(0.166564 -0.0336997 0.985455)
(0.165419 -0.0415124 0.985349)
(0.164275 -0.0480527 0.985243)
(0.163274 -0.0531297 0.985149)
(0.162527 -0.0565961 0.98508)
(0.162134 -0.0583547 0.985042)
(0.162134 -0.0583547 0.985042)
(0.162527 -0.0565961 0.98508)
(0.163274 -0.0531297 0.985149)
(0.164275 -0.0480527 0.985243)
(0.165419 -0.0415124 0.985349)
(0.166564 -0.0336997 0.985455)
(0.167576 -0.0248481 0.985546)
(0.168323 -0.0152253 0.985614)
(0.168726 -0.00512852 0.98565)
(0.878223 0.0115967 0.478111)
(0.877631 0.0344211 0.478099)
(0.876522 0.0561538 0.478075)
(0.875033 0.0761182 0.47804)
(0.873344 0.0937082 0.478005)
(0.871663 0.108406 0.477966)
(0.870189 0.119795 0.477934)
(0.869098 0.12756 0.477909)
(0.868519 0.131495 0.477896)
(0.868519 0.131495 0.477896)
(0.869098 0.12756 0.477909)
(0.870188 0.119795 0.477934)
(0.871663 0.108406 0.477966)
(0.873344 0.0937082 0.478005)
(0.875033 0.0761182 0.47804)
(0.876522 0.0561538 0.478075)
(0.877631 0.0344211 0.478099)
(0.878223 0.0115967 0.478111)
(0.878223 -0.0115967 0.478111)
(0.877631 -0.0344211 0.478099)
(0.876522 -0.0561538 0.478075)
(0.875033 -0.0761182 0.47804)
(0.873344 -0.0937082 0.478005)
(0.871663 -0.108406 0.477966)
(0.870189 -0.119795 0.477934)
(0.869098 -0.12756 0.477909)
(0.868519 -0.131495 0.477896)
(0.868519 -0.131495 0.477896)
(0.869098 -0.12756 0.477909)
(0.870189 -0.119795 0.477934)
(0.871663 -0.108406 0.477966)
(0.873344 -0.0937082 0.478005)
(0.875033 -0.0761182 0.47804)
(0.876522 -0.0561538 0.478075)
(0.877631 -0.0344211 0.478099)
(0.878223 -0.0115967 0.478111)
(0.736338 0.00665397 -0.676581)
(0.736114 0.0197486 -0.676569)
(0.735694 0.032213 -0.676548)
(0.735131 0.0436572 -0.676518)
(0.734493 0.0537338 -0.676485)
(0.733861 0.0621481 -0.67645)
(0.733307 0.0686631 -0.676421)
(0.732898 0.073103 -0.676399)
(0.732681 0.0753517 -0.676387)
(0.732681 0.0753517 -0.676387)
(0.732898 0.073103 -0.676399)
(0.733307 0.0686631 -0.676421)
(0.733861 0.0621481 -0.67645)
(0.734493 0.0537338 -0.676485)
(0.735131 0.0436572 -0.676518)
(0.735694 0.032213 -0.676547)
(0.736114 0.0197486 -0.676569)
(0.736338 0.00665397 -0.676581)
(0.736338 -0.00665397 -0.676581)
(0.736114 -0.0197486 -0.676569)
(0.735694 -0.032213 -0.676547)
(0.735131 -0.0436572 -0.676518)
(0.734493 -0.0537338 -0.676485)
(0.733861 -0.0621481 -0.67645)
(0.733307 -0.0686631 -0.676421)
(0.732898 -0.073103 -0.676399)
(0.732681 -0.0753517 -0.676387)
(0.732681 -0.0753517 -0.676387)
(0.732898 -0.073103 -0.676399)
(0.733307 -0.0686631 -0.676421)
(0.733861 -0.0621481 -0.67645)
(0.734493 -0.0537338 -0.676485)
(0.735131 -0.0436572 -0.676518)
(0.735694 -0.032213 -0.676548)
(0.736114 -0.0197486 -0.676569)
(0.736338 -0.00665397 -0.676581)
(0.00593397 0.00138794 0.999981)
(0.00587517 0.00412161 0.999974)
(0.00577026 0.00673006 0.999961)
(0.00562003 0.00913371 0.999942)
(0.00545013 0.0112597 0.999922)
(0.00528429 0.0130435 0.999901)
(0.00513924 0.0144311 0.999883)
(0.005025 0.0153799 0.999869)
(0.0049672 0.0158617 0.999862)
(0.00496719 0.0158617 0.999862)
(0.00502498 0.0153799 0.999869)
(0.00513922 0.0144311 0.999883)
(0.00528425 0.0130435 0.999901)
(0.00545008 0.0112597 0.999922)
(0.00561997 0.00913371 0.999942)
(0.00577017 0.00673006 0.999961)
(0.00587506 0.00412161 0.999974)
(0.00593386 0.00138794 0.999981)
(0.00593386 -0.00138794 0.999981)
(0.00587506 -0.00412161 0.999974)
(0.00577018 -0.00673006 0.999961)
(0.00561998 -0.00913371 0.999942)
(0.00545009 -0.0112597 0.999922)
(0.00528426 -0.0130435 0.999901)
(0.00513923 -0.0144311 0.999883)
(0.00502499 -0.0153799 0.999869)
(0.0049672 -0.0158617 0.999862)
(0.00496721 -0.0158617 0.999862)
(0.00502501 -0.0153799 0.999869)
(0.00513925 -0.0144311 0.999883)
(0.00528429 -0.0130435 0.999901)
(0.00545013 -0.0112597 0.999922)
(0.00562003 -0.00913371 0.999942)
(0.00577024 -0.00673006 0.999961)
(0.00587515 -0.00412161 0.999974)
(0.00593397 -0.00138794 0.999981)
(0.850339 0.00495438 0.526212)
(0.850228 0.0147113 0.52621)
(0.850019 0.0240176 0.526205)
(0.849738 0.0325892 0.526198)
(0.849418 0.0401656 0.52619)
(0.849099 0.0465179 0.526182)
(0.848818 0.0514555 0.526175)
(0.84861 0.0548311 0.52617)
(0.848499 0.0565442 0.526167)
(0.848499 0.0565442 0.526167)
(0.84861 0.0548311 0.52617)
(0.848818 0.0514555 0.526175)
(0.849099 0.0465179 0.526182)
(0.849418 0.0401656 0.52619)
(0.849738 0.0325892 0.526198)
(0.850019 0.0240176 0.526205)
(0.850228 0.0147113 0.52621)
(0.850339 0.00495438 0.526212)
(0.850339 -0.00495438 0.526212)
(0.850228 -0.0147113 0.52621)
(0.850019 -0.0240176 0.526205)
(0.849738 -0.0325892 0.526198)
(0.849418 -0.0401656 0.52619)
(0.849099 -0.0465179 0.526182)
(0.848818 -0.0514555 0.526175)
(0.84861 -0.0548311 0.52617)
(0.848499 -0.0565442 0.526167)
(0.848499 -0.0565442 0.526167)
(0.84861 -0.0548311 0.52617)
(0.848818 -0.0514555 0.526175)
(0.849099 -0.0465179 0.526182)
(0.849418 -0.0401656 0.52619)
(0.849738 -0.0325892 0.526198)
(0.850019 -0.0240176 0.526205)
(0.850228 -0.0147113 0.52621)
(0.850339 -0.00495438 0.526212)
(0.752688 0.00298437 -0.658371)
(0.752644 0.00886149 -0.658369)
(0.75256 0.0144668 -0.658365)
(0.752448 0.019629 -0.658359)
(0.75232 0.0241913 -0.658353)
(0.752193 0.0280161 -0.658347)
(0.752082 0.0309886 -0.658341)
(0.751999 0.0330205 -0.658337)
(0.751955 0.0340516 -0.658335)
(0.751955 0.0340516 -0.658335)
(0.751999 0.0330205 -0.658337)
(0.752082 0.0309886 -0.658341)
(0.752193 0.0280161 -0.658347)
(0.75232 0.0241913 -0.658353)
(0.752448 0.019629 -0.658359)
(0.75256 0.0144668 -0.658365)
(0.752644 0.00886149 -0.658368)
(0.752688 0.00298437 -0.658371)
(0.752688 -0.00298437 -0.658371)
(0.752644 -0.00886149 -0.658368)
(0.75256 -0.0144668 -0.658365)
(0.752448 -0.019629 -0.658359)
(0.75232 -0.0241913 -0.658353)
(0.752193 -0.0280161 -0.658347)
(0.752082 -0.0309886 -0.658341)
(0.751999 -0.0330205 -0.658337)
(0.751955 -0.0340516 -0.658335)
(0.751955 -0.0340516 -0.658335)
(0.751999 -0.0330204 -0.658337)
(0.752081 -0.0309886 -0.658341)
(0.752193 -0.0280161 -0.658347)
(0.75232 -0.0241913 -0.658353)
(0.752448 -0.019629 -0.658359)
(0.75256 -0.0144668 -0.658365)
(0.752644 -0.00886149 -0.658369)
(0.752688 -0.00298437 -0.658371)
)
;

boundaryField
{
    fixed
    {
        type            calculated;
        value           nonuniform List<vector> 
108
(
(-0.462152 0.0573893 0.884942)
(-0.441602 0.154973 0.883725)
(-0.419382 0.218563 0.881107)
(-0.40906 0.253182 0.876681)
(-0.414294 0.268119 0.869754)
(-0.434406 0.269784 0.859365)
(-0.466514 0.262312 0.844723)
(-0.503332 0.250121 0.827101)
(-0.529922 0.240305 0.813287)
(-0.529922 0.240305 0.813287)
(-0.503332 0.250121 0.827101)
(-0.466514 0.262312 0.844723)
(-0.434406 0.269784 0.859365)
(-0.414294 0.268119 0.869754)
(-0.40906 0.253182 0.876681)
(-0.419382 0.218563 0.881107)
(-0.441602 0.154973 0.883725)
(-0.462152 0.0573893 0.884942)
(-0.462152 -0.0573893 0.884942)
(-0.441602 -0.154973 0.883725)
(-0.419382 -0.218563 0.881107)
(-0.40906 -0.253182 0.876681)
(-0.414294 -0.268119 0.869754)
(-0.434406 -0.269784 0.859365)
(-0.466514 -0.262312 0.844723)
(-0.503332 -0.250121 0.827101)
(-0.529922 -0.240305 0.813287)
(-0.529922 -0.240305 0.813287)
(-0.503332 -0.250121 0.827101)
(-0.466514 -0.262312 0.844723)
(-0.434406 -0.269784 0.859365)
(-0.414294 -0.268119 0.869754)
(-0.40906 -0.253182 0.876681)
(-0.419382 -0.218563 0.881107)
(-0.441602 -0.154973 0.883725)
(-0.462152 -0.0573893 0.884942)
(-0.980748 0.137348 0.138816)
(-0.914804 0.379347 0.138671)
(-0.821565 0.553072 0.138358)
(-0.734108 0.664895 0.137842)
(-0.665107 0.734064 0.137048)
(-0.615746 0.776139 0.135885)
(-0.583521 0.800913 0.134317)
(-0.565149 0.814273 0.132537)
(-0.55724 0.819919 0.131213)
(-0.55724 0.819919 0.131213)
(-0.565149 0.814273 0.132537)
(-0.583521 0.800913 0.134317)
(-0.615746 0.776139 0.135885)
(-0.665107 0.734064 0.137048)
(-0.734108 0.664895 0.137842)
(-0.821565 0.553072 0.138358)
(-0.914804 0.379347 0.138671)
(-0.980748 0.137348 0.138816)
(-0.980748 -0.137348 0.138816)
(-0.914804 -0.379347 0.138671)
(-0.821565 -0.553072 0.138358)
(-0.734108 -0.664895 0.137842)
(-0.665107 -0.734064 0.137048)
(-0.615746 -0.776139 0.135885)
(-0.583521 -0.800913 0.134317)
(-0.565149 -0.814273 0.132537)
(-0.55724 -0.819919 0.131213)
(-0.55724 -0.819919 0.131213)
(-0.565149 -0.814273 0.132537)
(-0.583521 -0.800913 0.134317)
(-0.615746 -0.776139 0.135885)
(-0.665107 -0.734064 0.137048)
(-0.734108 -0.664895 0.137842)
(-0.821565 -0.553072 0.138358)
(-0.914804 -0.379347 0.138671)
(-0.980748 -0.137348 0.138816)
(-0.586452 0.0841888 -0.805597)
(-0.543958 0.236797 -0.805008)
(-0.47779 0.354524 -0.80376)
(-0.406716 0.438001 -0.801709)
(-0.340265 0.496374 -0.798644)
(-0.281437 0.538319 -0.794359)
(-0.231387 0.56934 -0.788868)
(-0.192708 0.591433 -0.782988)
(-0.170716 0.603524 -0.778855)
(-0.170716 0.603524 -0.778855)
(-0.192708 0.591433 -0.782988)
(-0.231387 0.56934 -0.788868)
(-0.281437 0.538319 -0.794359)
(-0.340265 0.496374 -0.798644)
(-0.406716 0.438001 -0.801709)
(-0.47779 0.354524 -0.80376)
(-0.543958 0.236797 -0.805008)
(-0.586452 0.0841888 -0.805597)
(-0.586452 -0.0841888 -0.805597)
(-0.543958 -0.236797 -0.805008)
(-0.47779 -0.354524 -0.80376)
(-0.406716 -0.438001 -0.801709)
(-0.340265 -0.496374 -0.798644)
(-0.281437 -0.538319 -0.794359)
(-0.231387 -0.56934 -0.788868)
(-0.192708 -0.591433 -0.782988)
(-0.170716 -0.603524 -0.778855)
(-0.170716 -0.603524 -0.778855)
(-0.192708 -0.591433 -0.782988)
(-0.231387 -0.56934 -0.788868)
(-0.281437 -0.538319 -0.794359)
(-0.340265 -0.496374 -0.798644)
(-0.406716 -0.438001 -0.801709)
(-0.47779 -0.354524 -0.80376)
(-0.543958 -0.236797 -0.805008)
(-0.586452 -0.0841888 -0.805597)
)
;
    }
    inside
    {
        type            calculated;
        value           nonuniform List<vector> 
540
(
(0.00184629 0.0126005 -0.999919)
(0.0154231 0.0354453 -0.999253)
(0.0382003 0.0537653 -0.997823)
(0.0663769 0.068835 -0.995417)
(0.0984653 0.0828288 -0.991687)
(0.134125 0.0973929 -0.986167)
(0.172284 0.113072 -0.978536)
(0.208437 0.128355 -0.969577)
(0.232239 0.138667 -0.962723)
(0.232239 0.138667 -0.962723)
(0.208437 0.128355 -0.969577)
(0.172284 0.113072 -0.978536)
(0.134125 0.0973929 -0.986167)
(0.0984653 0.0828288 -0.991687)
(0.0663769 0.068835 -0.995417)
(0.0382003 0.0537653 -0.997823)
(0.0154231 0.0354453 -0.999253)
(0.00184629 0.0126005 -0.999919)
(0.00184629 -0.0126005 -0.999919)
(0.0154231 -0.0354453 -0.999253)
(0.0382003 -0.0537653 -0.997823)
(0.0663769 -0.068835 -0.995417)
(0.0984653 -0.0828288 -0.991687)
(0.134125 -0.0973929 -0.986167)
(0.172284 -0.113072 -0.978536)
(0.208437 -0.128355 -0.969577)
(0.232239 -0.138667 -0.962723)
(0.232239 -0.138667 -0.962723)
(0.208437 -0.128355 -0.969577)
(0.172284 -0.113072 -0.978536)
(0.134125 -0.0973929 -0.986167)
(0.0984653 -0.0828288 -0.991687)
(0.0663769 -0.068835 -0.995417)
(0.0382003 -0.0537653 -0.997823)
(0.0154231 -0.0354453 -0.999253)
(0.00184629 -0.0126005 -0.999919)
(0.00390898 0.013637 -0.999899)
(0.0280627 0.0329674 -0.999062)
(0.0606755 0.0436532 -0.997203)
(0.0977343 0.0518092 -0.993863)
(0.141388 0.0607963 -0.988086)
(0.196132 0.0728006 -0.977871)
(0.268378 0.0900374 -0.959097)
(0.361967 0.11394 -0.925201)
(0.450531 0.137509 -0.882107)
(0.450531 0.137509 -0.882107)
(0.361967 0.11394 -0.925201)
(0.268378 0.0900374 -0.959097)
(0.196132 0.0728006 -0.977871)
(0.141388 0.0607963 -0.988086)
(0.0977343 0.0518092 -0.993863)
(0.0606755 0.0436532 -0.997203)
(0.0280627 0.0329674 -0.999062)
(0.00390898 0.013637 -0.999899)
(0.00390898 -0.013637 -0.999899)
(0.0280627 -0.0329674 -0.999062)
(0.0606755 -0.0436532 -0.997203)
(0.0977343 -0.0518092 -0.993863)
(0.141388 -0.0607963 -0.988086)
(0.196132 -0.0728006 -0.977871)
(0.268378 -0.0900374 -0.959097)
(0.361967 -0.11394 -0.925201)
(0.450531 -0.137509 -0.882107)
(0.450531 -0.137509 -0.882107)
(0.361967 -0.11394 -0.925201)
(0.268378 -0.0900374 -0.959097)
(0.196132 -0.0728006 -0.977871)
(0.141388 -0.0607963 -0.988086)
(0.0977343 -0.0518092 -0.993863)
(0.0606755 -0.0436532 -0.997203)
(0.0280627 -0.0329674 -0.999062)
(0.00390898 -0.013637 -0.999899)
(0.013924 0.00508813 -0.99989)
(0.0450199 0.00553988 -0.998971)
(0.0785456 0.0059192 -0.996893)
(0.117623 0.0065312 -0.993037)
(0.166831 0.00751421 -0.985957)
(0.234822 0.00912989 -0.971995)
(0.34065 0.0119708 -0.940114)
(0.531555 0.0175266 -0.846842)
(0.875998 0.0280059 -0.481501)
(0.875998 0.0280059 -0.481501)
(0.531555 0.0175266 -0.846842)
(0.34065 0.0119708 -0.940114)
(0.234822 0.00912989 -0.971995)
(0.166831 0.00751421 -0.985957)
(0.117623 0.0065312 -0.993037)
(0.0785456 0.0059192 -0.996893)
(0.0450199 0.00553988 -0.998971)
(0.013924 0.00508813 -0.99989)
(0.013924 -0.00508813 -0.99989)
(0.0450199 -0.00553988 -0.998971)
(0.0785456 -0.0059192 -0.996893)
(0.117623 -0.0065312 -0.993037)
(0.166831 -0.00751421 -0.985957)
(0.234822 -0.00912989 -0.971995)
(0.34065 -0.0119708 -0.940114)
(0.531555 -0.0175266 -0.846842)
(0.875998 -0.0280059 -0.481501)
(0.875998 -0.0280059 -0.481501)
(0.531555 -0.0175266 -0.846842)
(0.34065 -0.0119708 -0.940114)
(0.234822 -0.00912989 -0.971995)
(0.166831 -0.00751421 -0.985957)
(0.117623 -0.0065312 -0.993037)
(0.0785456 -0.0059192 -0.996893)
(0.0450199 -0.00553988 -0.998971)
(0.013924 -0.00508813 -0.99989)
(0.00507321 -0.0135243 -0.999896)
(0.0328375 -0.0294784 -0.999026)
(0.0669163 -0.0367886 -0.99708)
(0.105176 -0.0426043 -0.993541)
(0.151081 -0.0496425 -0.987274)
(0.210671 -0.0597545 -0.975729)
(0.294077 -0.0753901 -0.952804)
(0.414193 -0.0996296 -0.90472)
(0.547972 -0.127804 -0.826676)
(0.547972 -0.127804 -0.826676)
(0.414193 -0.0996296 -0.90472)
(0.294077 -0.0753901 -0.952804)
(0.210671 -0.0597545 -0.975729)
(0.151081 -0.0496425 -0.987274)
(0.105176 -0.0426043 -0.993541)
(0.0669163 -0.0367886 -0.99708)
(0.0328375 -0.0294784 -0.999026)
(0.00507321 -0.0135243 -0.999896)
(0.00507321 0.0135243 -0.999896)
(0.0328375 0.0294784 -0.999026)
(0.0669163 0.0367886 -0.99708)
(0.105176 0.0426043 -0.993541)
(0.151081 0.0496425 -0.987274)
(0.210671 0.0597545 -0.975729)
(0.294077 0.0753901 -0.952804)
(0.414193 0.0996296 -0.90472)
(0.547972 0.127804 -0.826676)
(0.547972 0.127804 -0.826676)
(0.414193 0.0996296 -0.90472)
(0.294077 0.0753901 -0.952804)
(0.210671 0.0597545 -0.975729)
(0.151081 0.0496425 -0.987274)
(0.105176 0.0426043 -0.993541)
(0.0669163 0.0367886 -0.99708)
(0.0328375 0.0294784 -0.999026)
(0.00507321 0.0135243 -0.999896)
(0.00229029 -0.013071 -0.999912)
(0.0186283 -0.0358007 -0.999185)
(0.04477 -0.0526931 -0.997607)
(0.0762728 -0.0661444 -0.994891)
(0.112349 -0.0790312 -0.990521)
(0.153813 -0.0933991 -0.983676)
(0.200895 -0.110257 -0.973388)
(0.249255 -0.128356 -0.959894)
(0.283791 -0.1417 -0.948359)
(0.283791 -0.1417 -0.948359)
(0.249255 -0.128356 -0.959894)
(0.200895 -0.110257 -0.973388)
(0.153813 -0.0933991 -0.983676)
(0.112349 -0.0790312 -0.990521)
(0.0762728 -0.0661444 -0.994891)
(0.04477 -0.0526931 -0.997607)
(0.0186283 -0.0358007 -0.999185)
(0.00229029 -0.013071 -0.999912)
(0.00229029 0.013071 -0.999912)
(0.0186283 0.0358007 -0.999185)
(0.04477 0.0526931 -0.997607)
(0.0762728 0.0661444 -0.994891)
(0.112349 0.0790312 -0.990521)
(0.153813 0.0933991 -0.983676)
(0.200895 0.110257 -0.973388)
(0.249255 0.128356 -0.959894)
(0.283791 0.1417 -0.948359)
(0.283791 0.1417 -0.948359)
(0.249255 0.128356 -0.959894)
(0.200895 0.110257 -0.973388)
(0.153813 0.0933991 -0.983676)
(0.112349 0.0790312 -0.990521)
(0.0762728 0.0661444 -0.994891)
(0.04477 0.0526931 -0.997607)
(0.0186283 0.0358007 -0.999185)
(0.00229029 0.013071 -0.999912)
(0.00131509 -0.0116498 -0.999931)
(0.0112722 -0.033626 -0.999371)
(0.0288455 -0.0526977 -0.998194)
(0.0513292 -0.0690931 -0.996289)
(0.0768399 -0.0839003 -0.993507)
(0.104003 -0.0980261 -0.989734)
(0.130918 -0.111528 -0.9851)
(0.154017 -0.123108 -0.980369)
(0.167901 -0.130128 -0.977177)
(0.167901 -0.130128 -0.977177)
(0.154017 -0.123108 -0.980369)
(0.130918 -0.111528 -0.9851)
(0.104003 -0.0980261 -0.989734)
(0.0768399 -0.0839003 -0.993507)
(0.0513292 -0.0690931 -0.996289)
(0.0288455 -0.0526977 -0.998194)
(0.0112722 -0.033626 -0.999371)
(0.00131509 -0.0116498 -0.999931)
(0.00131509 0.0116498 -0.999931)
(0.0112722 0.033626 -0.999371)
(0.0288455 0.0526977 -0.998194)
(0.0513292 0.0690931 -0.996289)
(0.0768399 0.0839003 -0.993507)
(0.104003 0.0980261 -0.989734)
(0.130918 0.111528 -0.9851)
(0.154017 0.123108 -0.980369)
(0.167901 0.130128 -0.977177)
(0.167901 0.130128 -0.977177)
(0.154017 0.123108 -0.980369)
(0.130918 0.111528 -0.9851)
(0.104003 0.0980261 -0.989734)
(0.0768399 0.0839003 -0.993507)
(0.0513292 0.0690931 -0.996289)
(0.0288455 0.0526977 -0.998194)
(0.0112722 0.033626 -0.999371)
(0.00131509 0.0116498 -0.999931)
(0.000824886 -0.0100923 -0.999949)
(0.00719073 -0.0296257 -0.999535)
(0.0188406 -0.0475378 -0.998692)
(0.0341715 -0.0635281 -0.997395)
(0.0515588 -0.077752 -0.995639)
(0.0694232 -0.0903719 -0.993485)
(0.0859915 -0.101175 -0.991145)
(0.0991026 -0.109404 -0.989045)
(0.106455 -0.11395 -0.987767)
(0.106455 -0.11395 -0.987767)
(0.0991026 -0.109404 -0.989045)
(0.0859915 -0.101175 -0.991145)
(0.0694232 -0.0903719 -0.993485)
(0.0515588 -0.077752 -0.995639)
(0.0341715 -0.0635281 -0.997395)
(0.0188406 -0.0475378 -0.998692)
(0.00719073 -0.0296257 -0.999535)
(0.000824886 -0.0100923 -0.999949)
(0.000824886 0.0100923 -0.999949)
(0.00719073 0.0296257 -0.999535)
(0.0188406 0.0475378 -0.998692)
(0.0341715 0.0635281 -0.997395)
(0.0515588 0.077752 -0.995639)
(0.0694232 0.0903719 -0.993485)
(0.0859915 0.101175 -0.991145)
(0.0991026 0.109404 -0.989045)
(0.106455 0.11395 -0.987767)
(0.106455 0.11395 -0.987767)
(0.0991026 0.109404 -0.989045)
(0.0859915 0.101175 -0.991145)
(0.0694232 0.0903719 -0.993485)
(0.0515588 0.077752 -0.995639)
(0.0341715 0.0635281 -0.997395)
(0.0188406 0.0475378 -0.998692)
(0.00719073 0.0296257 -0.999535)
(0.000824886 0.0100923 -0.999949)
(0.000538602 -0.00861034 -0.999963)
(0.00472565 -0.0254398 -0.999665)
(0.0125015 -0.0412158 -0.999072)
(0.0228634 -0.0555389 -0.998195)
(0.0346234 -0.0682233 -0.997069)
(0.0465195 -0.0791258 -0.995779)
(0.0572291 -0.0879811 -0.994477)
(0.0654067 -0.0943467 -0.993388)
(0.0698596 -0.0977079 -0.99276)
(0.0698596 -0.0977079 -0.99276)
(0.0654067 -0.0943467 -0.993388)
(0.0572291 -0.0879811 -0.994477)
(0.0465195 -0.0791258 -0.995779)
(0.0346234 -0.0682233 -0.997069)
(0.0228634 -0.0555389 -0.998195)
(0.0125015 -0.0412158 -0.999072)
(0.00472565 -0.0254398 -0.999665)
(0.000538602 -0.00861034 -0.999963)
(0.000538602 0.00861034 -0.999963)
(0.00472565 0.0254398 -0.999665)
(0.0125015 0.0412158 -0.999072)
(0.0228634 0.0555389 -0.998195)
(0.0346234 0.0682233 -0.997069)
(0.0465195 0.0791258 -0.995779)
(0.0572291 0.0879811 -0.994477)
(0.0654067 0.0943467 -0.993388)
(0.0698596 0.0977079 -0.99276)
(0.0698596 0.0977079 -0.99276)
(0.0654067 0.0943467 -0.993388)
(0.0572291 0.0879811 -0.994477)
(0.0465195 0.0791258 -0.995779)
(0.0346234 0.0682233 -0.997069)
(0.0228634 0.0555389 -0.998195)
(0.0125015 0.0412158 -0.999072)
(0.00472565 0.0254398 -0.999665)
(0.000538602 0.00861034 -0.999963)
(0.000356984 -0.00725933 -0.999974)
(0.00314081 -0.0215075 -0.999764)
(0.00834399 -0.0349921 -0.999353)
(0.0153174 -0.0473301 -0.998762)
(0.0232367 -0.0582417 -0.998032)
(0.0311936 -0.0674908 -0.997232)
(0.0382623 -0.0748237 -0.996462)
(0.0435746 -0.0799527 -0.995846)
(0.04643 -0.0826034 -0.9955)
(0.04643 -0.0826034 -0.9955)
(0.0435746 -0.0799527 -0.995846)
(0.0382623 -0.0748237 -0.996462)
(0.0311936 -0.0674908 -0.997232)
(0.0232367 -0.0582417 -0.998032)
(0.0153174 -0.0473301 -0.998762)
(0.00834399 -0.0349921 -0.999353)
(0.00314081 -0.0215075 -0.999764)
(0.000356984 -0.00725933 -0.999974)
(0.000356984 0.00725933 -0.999974)
(0.00314081 0.0215075 -0.999764)
(0.00834399 0.0349921 -0.999353)
(0.0153174 0.0473301 -0.998762)
(0.0232367 0.0582417 -0.998032)
(0.0311936 0.0674908 -0.997232)
(0.0382623 0.0748237 -0.996462)
(0.0435746 0.0799527 -0.995846)
(0.04643 0.0826034 -0.9955)
(0.04643 0.0826034 -0.9955)
(0.0435746 0.0799527 -0.995846)
(0.0382623 0.0748237 -0.996462)
(0.0311936 0.0674908 -0.997232)
(0.0232367 0.0582417 -0.998032)
(0.0153174 0.0473301 -0.998762)
(0.00834399 0.0349921 -0.999353)
(0.00314081 0.0215075 -0.999764)
(0.000356984 0.00725933 -0.999974)
(0.000235296 -0.00603412 -0.999982)
(0.00207278 -0.0179 -0.999838)
(0.00551733 -0.0291794 -0.999559)
(0.0101464 -0.039538 -0.999167)
(0.0154057 -0.048696 -0.998695)
(0.0206745 -0.0564112 -0.998194)
(0.0253272 -0.0624607 -0.997726)
(0.0287987 -0.0666384 -0.997362)
(0.0306538 -0.0687758 -0.997161)
(0.0306538 -0.0687758 -0.997161)
(0.0287987 -0.0666384 -0.997362)
(0.0253272 -0.0624607 -0.997726)
(0.0206745 -0.0564112 -0.998194)
(0.0154057 -0.048696 -0.998695)
(0.0101464 -0.039538 -0.999167)
(0.00551733 -0.0291794 -0.999559)
(0.00207278 -0.0179 -0.999838)
(0.000235296 -0.00603412 -0.999982)
(0.000235296 0.00603412 -0.999982)
(0.00207278 0.0179 -0.999838)
(0.00551733 0.0291794 -0.999559)
(0.0101464 0.039538 -0.999167)
(0.0154057 0.048696 -0.998695)
(0.0206745 0.0564112 -0.998194)
(0.0253272 0.0624607 -0.997726)
(0.0287987 0.0666384 -0.997362)
(0.0306538 0.0687758 -0.997161)
(0.0306538 0.0687758 -0.997161)
(0.0287987 0.0666384 -0.997362)
(0.0253272 0.0624607 -0.997726)
(0.0206745 0.0564112 -0.998194)
(0.0154057 0.048696 -0.998695)
(0.0101464 0.039538 -0.999167)
(0.00551733 0.0291794 -0.999559)
(0.00207278 0.0179 -0.999838)
(0.000235296 0.00603412 -0.999982)
(0.000150588 -0.00490729 -0.999988)
(0.00132735 -0.0145659 -0.999893)
(0.00353639 -0.0237662 -0.999711)
(0.00650904 -0.0322311 -0.999459)
(0.00988757 -0.0397149 -0.999162)
(0.0132678 -0.0460028 -0.998853)
(0.016245 -0.0509088 -0.998571)
(0.0184591 -0.0542771 -0.998355)
(0.0196392 -0.0559924 -0.998238)
(0.0196392 -0.0559924 -0.998238)
(0.0184591 -0.0542771 -0.998355)
(0.016245 -0.0509088 -0.998571)
(0.0132678 -0.0460028 -0.998853)
(0.00988757 -0.0397149 -0.999162)
(0.00650904 -0.0322311 -0.999459)
(0.00353639 -0.0237662 -0.999711)
(0.00132735 -0.0145659 -0.999893)
(0.000150588 -0.00490729 -0.999988)
(0.000150588 0.00490729 -0.999988)
(0.00132735 0.0145659 -0.999893)
(0.00353639 0.0237662 -0.999711)
(0.00650904 0.0322311 -0.999459)
(0.00988757 0.0397149 -0.999162)
(0.0132678 0.0460028 -0.998853)
(0.016245 0.0509088 -0.998571)
(0.0184591 0.0542771 -0.998355)
(0.0196392 0.0559924 -0.998238)
(0.0196392 0.0559924 -0.998238)
(0.0184591 0.0542771 -0.998355)
(0.016245 0.0509088 -0.998571)
(0.0132678 0.0460028 -0.998853)
(0.00988757 0.0397149 -0.999162)
(0.00650904 0.0322311 -0.999459)
(0.00353639 0.0237662 -0.999711)
(0.00132735 0.0145659 -0.999893)
(0.000150588 0.00490729 -0.999988)
(9.02554e-05 -0.00384391 -0.999993)
(0.000795772 -0.0114127 -0.999935)
(0.00212107 -0.0186296 -0.999824)
(0.00390568 -0.0252756 -0.999673)
(0.00593439 -0.0311521 -0.999497)
(0.00796321 -0.0360844 -0.999317)
(0.00974809 -0.0399245 -0.999155)
(0.0110737 -0.0425544 -0.999033)
(0.0117794 -0.0438909 -0.998967)
(0.0117794 -0.0438909 -0.998967)
(0.0110737 -0.0425544 -0.999033)
(0.00974809 -0.0399245 -0.999155)
(0.00796321 -0.0360844 -0.999317)
(0.00593439 -0.0311521 -0.999497)
(0.00390568 -0.0252756 -0.999673)
(0.00212107 -0.0186296 -0.999824)
(0.000795772 -0.0114127 -0.999935)
(9.02554e-05 -0.00384391 -0.999993)
(9.02554e-05 0.00384391 -0.999993)
(0.000795772 0.0114127 -0.999935)
(0.00212107 0.0186296 -0.999824)
(0.00390568 0.0252756 -0.999673)
(0.00593439 0.0311521 -0.999497)
(0.00796321 0.0360844 -0.999317)
(0.00974809 0.0399245 -0.999155)
(0.0110737 0.0425544 -0.999033)
(0.0117794 0.0438909 -0.998967)
(0.0117794 0.0438909 -0.998967)
(0.0110737 0.0425544 -0.999033)
(0.00974809 0.0399245 -0.999155)
(0.00796321 0.0360844 -0.999317)
(0.00593439 0.0311521 -0.999497)
(0.00390568 0.0252756 -0.999673)
(0.00212107 0.0186296 -0.999824)
(0.000795772 0.0114127 -0.999935)
(9.02554e-05 0.00384391 -0.999993)
(4.7293e-05 -0.00280581 -0.999996)
(0.00041703 -0.00833162 -0.999965)
(0.00111179 -0.0136029 -0.999907)
(0.00204763 -0.0184594 -0.999828)
(0.00311165 -0.0227543 -0.999736)
(0.00417559 -0.026358 -0.999644)
(0.00511125 -0.0291615 -0.999562)
(0.00580578 -0.0310796 -0.9995)
(0.00617537 -0.0320536 -0.999467)
(0.00617537 -0.0320536 -0.999467)
(0.00580578 -0.0310796 -0.9995)
(0.00511125 -0.0291615 -0.999562)
(0.00417559 -0.026358 -0.999644)
(0.00311165 -0.0227543 -0.999736)
(0.00204763 -0.0184594 -0.999828)
(0.00111179 -0.0136029 -0.999907)
(0.00041703 -0.00833162 -0.999965)
(4.7293e-05 -0.00280581 -0.999996)
(4.7293e-05 0.00280581 -0.999996)
(0.00041703 0.00833162 -0.999965)
(0.00111179 0.0136029 -0.999907)
(0.00204763 0.0184594 -0.999828)
(0.00311165 0.0227543 -0.999736)
(0.00417559 0.026358 -0.999644)
(0.00511125 0.0291615 -0.999562)
(0.00580578 0.0310796 -0.9995)
(0.00617537 0.0320536 -0.999467)
(0.00617537 0.0320536 -0.999467)
(0.00580578 0.0310796 -0.9995)
(0.00511125 0.0291615 -0.999562)
(0.00417559 0.026358 -0.999644)
(0.00311165 0.0227543 -0.999736)
(0.00204763 0.0184594 -0.999828)
(0.00111179 0.0136029 -0.999907)
(0.00041703 0.00833162 -0.999965)
(4.7293e-05 0.00280581 -0.999996)
(1.83951e-05 -0.00175974 -0.999998)
(0.000162216 -0.00522566 -0.999986)
(0.000432499 -0.00853257 -0.999964)
(0.000796627 -0.0115799 -0.999933)
(0.00121066 -0.0142752 -0.999897)
(0.00162469 -0.0165367 -0.999862)
(0.00198876 -0.0182957 -0.999831)
(0.00225897 -0.0194989 -0.999807)
(0.00240275 -0.0201098 -0.999795)
(0.00240275 -0.0201098 -0.999795)
(0.00225897 -0.0194989 -0.999807)
(0.00198876 -0.0182957 -0.999831)
(0.00162469 -0.0165367 -0.999862)
(0.00121066 -0.0142752 -0.999897)
(0.000796627 -0.0115799 -0.999933)
(0.000432499 -0.00853257 -0.999964)
(0.000162216 -0.00522566 -0.999986)
(1.83951e-05 -0.00175974 -0.999998)
(1.83951e-05 0.00175974 -0.999998)
(0.000162216 0.00522566 -0.999986)
(0.000432499 0.00853257 -0.999964)
(0.000796627 0.0115799 -0.999933)
(0.00121066 0.0142752 -0.999897)
(0.00162469 0.0165367 -0.999862)
(0.00198876 0.0182957 -0.999831)
(0.00225897 0.0194989 -0.999807)
(0.00240275 0.0201098 -0.999795)
(0.00240275 0.0201098 -0.999795)
(0.00225897 0.0194989 -0.999807)
(0.00198876 0.0182957 -0.999831)
(0.00162469 0.0165367 -0.999862)
(0.00121066 0.0142752 -0.999897)
(0.000796627 0.0115799 -0.999933)
(0.000432499 0.00853257 -0.999964)
(0.000162216 0.00522566 -0.999986)
(1.83951e-05 0.00175974 -0.999998)
(3.51852e-06 -0.000771849 -1)
(3.10283e-05 -0.00229209 -0.999997)
(8.27295e-05 -0.00374267 -0.999993)
(0.000152386 -0.00507951 -0.999987)
(0.000231595 -0.00626199 -0.99998)
(0.000310804 -0.0072542 -0.999974)
(0.000380456 -0.00802597 -0.999968)
(0.000432155 -0.0085539 -0.999963)
(0.000459662 -0.00882192 -0.999961)
(0.000459662 -0.00882192 -0.999961)
(0.000432155 -0.0085539 -0.999963)
(0.000380456 -0.00802597 -0.999968)
(0.000310804 -0.0072542 -0.999974)
(0.000231595 -0.00626199 -0.99998)
(0.000152386 -0.00507951 -0.999987)
(8.27295e-05 -0.00374267 -0.999993)
(3.10283e-05 -0.00229209 -0.999997)
(3.51852e-06 -0.000771849 -1)
(3.51852e-06 0.000771849 -1)
(3.10283e-05 0.00229209 -0.999997)
(8.27295e-05 0.00374267 -0.999993)
(0.000152386 0.00507951 -0.999987)
(0.000231595 0.00626199 -0.99998)
(0.000310804 0.0072542 -0.999974)
(0.000380456 0.00802597 -0.999968)
(0.000432155 0.0085539 -0.999963)
(0.000459662 0.00882192 -0.999961)
(0.000459662 0.00882192 -0.999961)
(0.000432155 0.0085539 -0.999963)
(0.000380456 0.00802597 -0.999968)
(0.000310804 0.0072542 -0.999974)
(0.000231595 0.00626199 -0.99998)
(0.000152386 0.00507951 -0.999987)
(8.27295e-05 0.00374267 -0.999993)
(3.10283e-05 0.00229209 -0.999997)
(3.51852e-06 0.000771849 -1)
)
;
    }
    outside
    {
        type            calculated;
        value           nonuniform List<vector> 
540
(
(-0.00416805 -0.0197639 0.999796)
(-0.0326269 -0.0520973 0.998109)
(-0.0754136 -0.0737457 0.994422)
(-0.125281 -0.0902673 0.988006)
(-0.182152 -0.106459 0.97749)
(-0.248414 -0.125328 0.960512)
(-0.32566 -0.148499 0.933752)
(-0.408006 -0.174565 0.896135)
(-0.46916 -0.194631 0.861398)
(-0.46916 -0.194631 0.861398)
(-0.408006 -0.174565 0.896135)
(-0.32566 -0.148499 0.933752)
(-0.248414 -0.125328 0.960512)
(-0.182152 -0.106459 0.97749)
(-0.125281 -0.0902673 0.988006)
(-0.0754136 -0.0737457 0.994422)
(-0.0326269 -0.0520973 0.998109)
(-0.00416805 -0.0197639 0.999796)
(-0.00416805 0.0197639 0.999796)
(-0.0326269 0.0520973 0.998109)
(-0.0754136 0.0737457 0.994422)
(-0.125281 0.0902673 0.988006)
(-0.182152 0.106459 0.97749)
(-0.248414 0.125328 0.960512)
(-0.32566 0.148499 0.933752)
(-0.408006 0.174565 0.896135)
(-0.46916 0.194631 0.861398)
(-0.46916 0.194631 0.861398)
(-0.408006 0.174565 0.896135)
(-0.32566 0.148499 0.933752)
(-0.248414 0.125328 0.960512)
(-0.182152 0.106459 0.97749)
(-0.125281 0.0902673 0.988006)
(-0.0754136 0.0737457 0.994422)
(-0.0326269 0.0520973 0.998109)
(-0.00416805 0.0197639 0.999796)
(-0.00817103 -0.0197712 0.999771)
(-0.0506276 -0.0412518 0.997865)
(-0.100948 -0.0503736 0.993616)
(-0.156872 -0.0576776 0.985933)
(-0.223262 -0.0665858 0.972482)
(-0.307705 -0.0792178 0.948178)
(-0.421269 -0.0980249 0.901623)
(-0.57258 -0.12501 0.810262)
(-0.721325 -0.1527 0.675554)
(-0.721325 -0.1527 0.675554)
(-0.57258 -0.12501 0.810262)
(-0.421269 -0.0980249 0.901623)
(-0.307705 -0.0792178 0.948178)
(-0.223262 -0.0665858 0.972482)
(-0.156872 -0.0576776 0.985933)
(-0.100948 -0.0503736 0.993616)
(-0.0506276 -0.0412518 0.997865)
(-0.00817103 -0.0197712 0.999771)
(-0.00817103 0.0197712 0.999771)
(-0.0506276 0.0412518 0.997865)
(-0.100948 0.0503736 0.993616)
(-0.156872 0.0576776 0.985933)
(-0.223262 0.0665858 0.972482)
(-0.307705 0.0792178 0.948178)
(-0.421269 0.0980249 0.901623)
(-0.57258 0.12501 0.810262)
(-0.721325 0.1527 0.675554)
(-0.721325 0.1527 0.675554)
(-0.57258 0.12501 0.810262)
(-0.421269 0.0980249 0.901623)
(-0.307705 0.0792178 0.948178)
(-0.223262 0.0665858 0.972482)
(-0.156872 0.0576776 0.985933)
(-0.100948 0.0503736 0.993616)
(-0.0506276 0.0412518 0.997865)
(-0.00817103 0.0197712 0.999771)
(-0.0215815 -0.00350791 0.999761)
(-0.0667304 -0.00365249 0.997764)
(-0.115714 -0.0038788 0.993275)
(-0.172352 -0.00425685 0.985026)
(-0.242441 -0.00485716 0.970154)
(-0.336107 -0.00581266 0.941806)
(-0.47224 -0.00738155 0.881439)
(-0.681574 -0.0099961 0.731681)
(-0.942419 -0.0134018 0.334166)
(-0.942419 -0.0134018 0.334166)
(-0.681574 -0.0099961 0.731681)
(-0.47224 -0.00738155 0.881439)
(-0.336107 -0.00581266 0.941806)
(-0.242441 -0.00485716 0.970154)
(-0.172352 -0.00425685 0.985026)
(-0.115714 -0.0038788 0.993275)
(-0.0667304 -0.00365249 0.997764)
(-0.0215815 -0.00350791 0.999761)
(-0.0215815 0.00350791 0.999761)
(-0.0667304 0.00365249 0.997764)
(-0.115714 0.0038788 0.993275)
(-0.172352 0.00425685 0.985026)
(-0.242441 0.00485716 0.970154)
(-0.336107 0.00581266 0.941806)
(-0.47224 0.00738155 0.881439)
(-0.681574 0.0099961 0.731681)
(-0.942419 0.0134018 0.334166)
(-0.942419 0.0134018 0.334166)
(-0.681574 0.0099961 0.731681)
(-0.47224 0.00738155 0.881439)
(-0.336107 0.00581266 0.941806)
(-0.242441 0.00485716 0.970154)
(-0.172352 0.00425685 0.985026)
(-0.115714 0.0038788 0.993275)
(-0.0667304 0.00365249 0.997764)
(-0.0215815 0.00350791 0.999761)
(-0.00928291 0.0194042 0.999769)
(-0.0537123 0.037808 0.99784)
(-0.104275 0.044951 0.993532)
(-0.160532 0.050989 0.985713)
(-0.227856 0.0587057 0.971924)
(-0.314461 0.0699371 0.946691)
(-0.433038 0.0870473 0.897163)
(-0.596062 0.112422 0.795029)
(-0.764046 0.139727 0.629849)
(-0.764046 0.139727 0.629849)
(-0.596062 0.112422 0.795029)
(-0.433038 0.0870473 0.897163)
(-0.314461 0.0699371 0.946691)
(-0.227856 0.0587057 0.971924)
(-0.160532 0.050989 0.985713)
(-0.104275 0.044951 0.993532)
(-0.0537123 0.037808 0.99784)
(-0.00928291 0.0194042 0.999769)
(-0.00928291 -0.0194042 0.999769)
(-0.0537123 -0.037808 0.99784)
(-0.104275 -0.044951 0.993532)
(-0.160532 -0.050989 0.985713)
(-0.227856 -0.0587057 0.971924)
(-0.314461 -0.0699371 0.946691)
(-0.433038 -0.0870473 0.897163)
(-0.596062 -0.112422 0.795029)
(-0.764046 -0.139727 0.629849)
(-0.764046 -0.139727 0.629849)
(-0.596062 -0.112422 0.795029)
(-0.433038 -0.0870473 0.897163)
(-0.314461 -0.0699371 0.946691)
(-0.227856 -0.0587057 0.971924)
(-0.160532 -0.050989 0.985713)
(-0.104275 -0.044951 0.993532)
(-0.0537123 -0.037808 0.99784)
(-0.00928291 -0.0194042 0.999769)
(-0.00452387 0.0199006 0.999792)
(-0.0347688 0.0515045 0.998067)
(-0.0790642 0.0717271 0.994286)
(-0.130184 0.0870197 0.987664)
(-0.188697 0.102313 0.976691)
(-0.257726 0.120627 0.958659)
(-0.339884 0.143783 0.929411)
(-0.430124 0.170727 0.886479)
(-0.499395 0.192199 0.844786)
(-0.499395 0.192199 0.844786)
(-0.430124 0.170727 0.886479)
(-0.339884 0.143783 0.929411)
(-0.257726 0.120627 0.958659)
(-0.188697 0.102313 0.976691)
(-0.130184 0.0870197 0.987664)
(-0.0790642 0.0717271 0.994286)
(-0.0347688 0.0515045 0.998067)
(-0.00452387 0.0199006 0.999792)
(-0.00452387 -0.0199006 0.999792)
(-0.0347688 -0.0515045 0.998067)
(-0.0790642 -0.0717271 0.994286)
(-0.130184 -0.0870197 0.987664)
(-0.188697 -0.102313 0.976691)
(-0.257726 -0.120627 0.958659)
(-0.339884 -0.143783 0.929411)
(-0.430124 -0.170727 0.886479)
(-0.499395 -0.192199 0.844786)
(-0.499395 -0.192199 0.844786)
(-0.430124 -0.170727 0.886479)
(-0.339884 -0.143783 0.929411)
(-0.257726 -0.120627 0.958659)
(-0.188697 -0.102313 0.976691)
(-0.130184 -0.0870197 0.987664)
(-0.0790642 -0.0717271 0.994286)
(-0.0347688 -0.0515045 0.998067)
(-0.00452387 -0.0199006 0.999792)
(-0.00271894 0.0185734 0.999824)
(-0.0226977 0.0522124 0.998378)
(-0.0561323 0.0790775 0.995287)
(-0.0972731 0.100969 0.990123)
(-0.143686 0.120981 0.982201)
(-0.1945 0.141365 0.970663)
(-0.247716 0.16273 0.955068)
(-0.296785 0.18293 0.937259)
(-0.328274 0.196192 0.923983)
(-0.328274 0.196192 0.923983)
(-0.296785 0.18293 0.937259)
(-0.247716 0.16273 0.955068)
(-0.1945 0.141365 0.970663)
(-0.143686 0.120981 0.982201)
(-0.0972731 0.100969 0.990123)
(-0.0561323 0.0790775 0.995287)
(-0.0226977 0.0522124 0.998378)
(-0.00271894 0.0185734 0.999824)
(-0.00271894 -0.0185734 0.999824)
(-0.0226977 -0.0522124 0.998378)
(-0.0561323 -0.0790775 0.995287)
(-0.0972731 -0.100969 0.990123)
(-0.143686 -0.120981 0.982201)
(-0.1945 -0.141365 0.970663)
(-0.247716 -0.16273 0.955068)
(-0.296785 -0.18293 0.937259)
(-0.328274 -0.196192 0.923983)
(-0.328274 -0.196192 0.923983)
(-0.296785 -0.18293 0.937259)
(-0.247716 -0.16273 0.955068)
(-0.1945 -0.141365 0.970663)
(-0.143686 -0.120981 0.982201)
(-0.0972731 -0.100969 0.990123)
(-0.0561323 -0.0790775 0.995287)
(-0.0226977 -0.0522124 0.998378)
(-0.00271894 -0.0185734 0.999824)
(-0.00176813 0.0167462 0.999858)
(-0.0152161 0.0485295 0.998706)
(-0.0391321 0.0764333 0.996306)
(-0.0698314 0.100498 0.992484)
(-0.104435 0.121916 0.987031)
(-0.140619 0.141702 0.979871)
(-0.175471 0.159818 0.971426)
(-0.204394 0.174672 0.963179)
(-0.221286 0.183361 0.957816)
(-0.221286 0.183361 0.957816)
(-0.204394 0.174672 0.963179)
(-0.175471 0.159818 0.971426)
(-0.140619 0.141702 0.979871)
(-0.104435 0.121916 0.987031)
(-0.0698314 0.100498 0.992484)
(-0.0391321 0.0764333 0.996306)
(-0.0152161 0.0485295 0.998706)
(-0.00176813 0.0167462 0.999858)
(-0.00176813 -0.0167462 0.999858)
(-0.0152161 -0.0485295 0.998706)
(-0.0391321 -0.0764333 0.996306)
(-0.0698314 -0.100498 0.992484)
(-0.104435 -0.121916 0.987031)
(-0.140619 -0.141702 0.979871)
(-0.175471 -0.159818 0.971426)
(-0.204394 -0.174672 0.963179)
(-0.221286 -0.183361 0.957816)
(-0.221286 -0.183361 0.957816)
(-0.204394 -0.174672 0.963179)
(-0.175471 -0.159818 0.971426)
(-0.140619 -0.141702 0.979871)
(-0.104435 -0.121916 0.987031)
(-0.0698314 -0.100498 0.992484)
(-0.0391321 -0.0764333 0.996306)
(-0.0152161 -0.0485295 0.998706)
(-0.00176813 -0.0167462 0.999858)
(-0.00118615 0.0147514 0.99989)
(-0.0103407 0.0433056 0.999008)
(-0.0270894 0.0694769 0.997216)
(-0.049093 0.0927722 0.994476)
(-0.0739474 0.113351 0.990799)
(-0.0993114 0.131409 0.986341)
(-0.122626 0.146654 0.981558)
(-0.140901 0.15811 0.977317)
(-0.151072 0.164372 0.974761)
(-0.151072 0.164372 0.974761)
(-0.140901 0.15811 0.977317)
(-0.122626 0.146654 0.981558)
(-0.0993114 0.131409 0.986341)
(-0.0739474 0.113351 0.990799)
(-0.049093 0.0927722 0.994476)
(-0.0270894 0.0694769 0.997216)
(-0.0103407 0.0433056 0.999008)
(-0.00118615 0.0147514 0.99989)
(-0.00118615 -0.0147514 0.99989)
(-0.0103407 -0.0433056 0.999008)
(-0.0270894 -0.0694769 0.997216)
(-0.049093 -0.0927722 0.994476)
(-0.0739474 -0.113351 0.990799)
(-0.0993114 -0.131409 0.986341)
(-0.122626 -0.146654 0.981558)
(-0.140901 -0.15811 0.977317)
(-0.151072 -0.164372 0.974761)
(-0.151072 -0.164372 0.974761)
(-0.140901 -0.15811 0.977317)
(-0.122626 -0.146654 0.981558)
(-0.0993114 -0.131409 0.986341)
(-0.0739474 -0.113351 0.990799)
(-0.049093 -0.0927722 0.994476)
(-0.0270894 -0.0694769 0.997216)
(-0.0103407 -0.0433056 0.999008)
(-0.00118615 -0.0147514 0.99989)
(-0.000800798 0.0127375 0.999919)
(-0.00702308 0.0376173 0.999268)
(-0.018564 0.0608947 0.997972)
(-0.0339118 0.0819626 0.996058)
(-0.0512842 0.100544 0.99361)
(-0.0688024 0.116438 0.990812)
(-0.0845209 0.129284 0.987999)
(-0.0964862 0.138477 0.985654)
(-0.102987 0.143316 0.984304)
(-0.102987 0.143316 0.984304)
(-0.0964862 0.138477 0.985654)
(-0.0845209 0.129284 0.987999)
(-0.0688024 0.116438 0.990812)
(-0.0512842 0.100544 0.99361)
(-0.0339118 0.0819626 0.996058)
(-0.018564 0.0608947 0.997972)
(-0.00702308 0.0376173 0.999268)
(-0.000800798 0.0127375 0.999919)
(-0.000800798 -0.0127375 0.999919)
(-0.00702308 -0.0376173 0.999268)
(-0.018564 -0.0608947 0.997972)
(-0.0339118 -0.0819626 0.996058)
(-0.0512842 -0.100544 0.99361)
(-0.0688024 -0.116438 0.990812)
(-0.0845209 -0.129284 0.987999)
(-0.0964862 -0.138477 0.985654)
(-0.102987 -0.143316 0.984304)
(-0.102987 -0.143316 0.984304)
(-0.0964862 -0.138477 0.985654)
(-0.0845209 -0.129284 0.987999)
(-0.0688024 -0.116438 0.990812)
(-0.0512842 -0.100544 0.99361)
(-0.0339118 -0.0819626 0.996058)
(-0.018564 -0.0608947 0.997972)
(-0.00702308 -0.0376173 0.999268)
(-0.000800798 -0.0127375 0.999919)
(-0.000533502 0.0107658 0.999942)
(-0.00469242 0.0318865 0.99948)
(-0.0124588 0.0518483 0.998577)
(-0.0228531 0.0700747 0.99728)
(-0.0346372 0.0861519 0.99568)
(-0.0464547 0.0997407 0.993928)
(-0.0569335 0.110484 0.992246)
(-0.0647958 0.117981 0.9909)
(-0.0690172 0.121849 0.990146)
(-0.0690172 0.121849 0.990146)
(-0.0647958 0.117981 0.9909)
(-0.0569335 0.110484 0.992246)
(-0.0464547 0.0997407 0.993928)
(-0.0346372 0.0861519 0.99568)
(-0.0228531 0.0700747 0.99728)
(-0.0124588 0.0518483 0.998577)
(-0.00469242 0.0318865 0.99948)
(-0.000533502 0.0107658 0.999942)
(-0.000533502 -0.0107658 0.999942)
(-0.00469242 -0.0318865 0.99948)
(-0.0124588 -0.0518483 0.998577)
(-0.0228531 -0.0700747 0.99728)
(-0.0346372 -0.0861519 0.99568)
(-0.0464547 -0.0997407 0.993928)
(-0.0569335 -0.110484 0.992246)
(-0.0647958 -0.117981 0.9909)
(-0.0690172 -0.121849 0.990146)
(-0.0690172 -0.121849 0.990146)
(-0.0647958 -0.117981 0.9909)
(-0.0569335 -0.110484 0.992246)
(-0.0464547 -0.0997407 0.993928)
(-0.0346372 -0.0861519 0.99568)
(-0.0228531 -0.0700747 0.99728)
(-0.0124588 -0.0518483 0.998577)
(-0.00469242 -0.0318865 0.99948)
(-0.000533502 -0.0107658 0.999942)
(-0.000342777 0.00884843 0.999961)
(-0.00301919 0.0262449 0.999651)
(-0.00803419 0.0427704 0.999053)
(-0.0147686 0.0579294 0.998211)
(-0.0224121 0.0713096 0.997202)
(-0.0300595 0.0825595 0.996133)
(-0.0368037 0.0913618 0.995137)
(-0.0418295 0.0974291 0.994363)
(-0.044513 0.100529 0.993938)
(-0.044513 0.100529 0.993938)
(-0.0418295 0.0974291 0.994363)
(-0.0368037 0.0913618 0.995137)
(-0.0300595 0.0825595 0.996133)
(-0.0224121 0.0713096 0.997202)
(-0.0147686 0.0579294 0.998211)
(-0.00803419 0.0427704 0.999053)
(-0.00301919 0.0262449 0.999651)
(-0.000342777 0.00884843 0.999961)
(-0.000342777 -0.00884843 0.999961)
(-0.00301919 -0.0262449 0.999651)
(-0.00803419 -0.0427704 0.999053)
(-0.0147686 -0.0579294 0.998211)
(-0.0224121 -0.0713096 0.997202)
(-0.0300595 -0.0825595 0.996133)
(-0.0368037 -0.0913618 0.995137)
(-0.0418295 -0.0974291 0.994363)
(-0.044513 -0.100529 0.993938)
(-0.044513 -0.100529 0.993938)
(-0.0418295 -0.0974291 0.994363)
(-0.0368037 -0.0913618 0.995137)
(-0.0300595 -0.0825595 0.996133)
(-0.0224121 -0.0713096 0.997202)
(-0.0147686 -0.0579294 0.998211)
(-0.00803419 -0.0427704 0.999053)
(-0.00301919 -0.0262449 0.999651)
(-0.000342777 -0.00884843 0.999961)
(-0.000204961 0.00696751 0.999976)
(-0.00180656 0.0206803 0.999785)
(-0.00481265 0.0337394 0.999419)
(-0.00885651 0.0457481 0.998914)
(-0.0134499 0.0563553 0.99832)
(-0.018042 0.065256 0.997705)
(-0.0220826 0.0721897 0.997146)
(-0.0250849 0.0769432 0.99672)
(-0.026684 0.0793614 0.996489)
(-0.026684 0.0793614 0.996489)
(-0.0250849 0.0769432 0.99672)
(-0.0220826 0.0721897 0.997146)
(-0.018042 0.065256 0.997705)
(-0.0134499 0.0563553 0.99832)
(-0.00885651 0.0457481 0.998914)
(-0.00481265 0.0337394 0.999419)
(-0.00180656 0.0206803 0.999785)
(-0.000204961 0.00696751 0.999976)
(-0.000204961 -0.00696751 0.999976)
(-0.00180656 -0.0206803 0.999785)
(-0.00481265 -0.0337394 0.999419)
(-0.00885651 -0.0457481 0.998914)
(-0.0134499 -0.0563553 0.99832)
(-0.018042 -0.065256 0.997705)
(-0.0220826 -0.0721897 0.997146)
(-0.0250849 -0.0769432 0.99672)
(-0.026684 -0.0793614 0.996489)
(-0.026684 -0.0793614 0.996489)
(-0.0250849 -0.0769432 0.99672)
(-0.0220826 -0.0721897 0.997146)
(-0.018042 -0.065256 0.997705)
(-0.0134499 -0.0563553 0.99832)
(-0.00885651 -0.0457481 0.998914)
(-0.00481265 -0.0337394 0.999419)
(-0.00180656 -0.0206803 0.999785)
(-0.000204961 -0.00696751 0.999976)
(-0.000106525 0.00508862 0.999987)
(-0.000939228 0.0151084 0.999885)
(-0.00250342 0.0246621 0.999693)
(-0.0046095 0.0334586 0.999429)
(-0.00700307 0.0412334 0.999125)
(-0.00939578 0.0477544 0.998815)
(-0.0114997 0.0528269 0.998537)
(-0.0130613 0.0562975 0.998329)
(-0.0138924 0.0580602 0.998216)
(-0.0138924 0.0580602 0.998216)
(-0.0130613 0.0562975 0.998329)
(-0.0114997 0.0528269 0.998537)
(-0.00939578 0.0477544 0.998815)
(-0.00700307 0.0412334 0.999125)
(-0.0046095 0.0334586 0.999429)
(-0.00250342 0.0246621 0.999693)
(-0.000939228 0.0151084 0.999885)
(-0.000106525 0.00508862 0.999987)
(-0.000106525 -0.00508862 0.999987)
(-0.000939228 -0.0151084 0.999885)
(-0.00250342 -0.0246621 0.999693)
(-0.0046095 -0.0334586 0.999429)
(-0.00700307 -0.0412334 0.999125)
(-0.00939578 -0.0477544 0.998815)
(-0.0114997 -0.0528269 0.998537)
(-0.0130613 -0.0562975 0.998329)
(-0.0138924 -0.0580602 0.998216)
(-0.0138924 -0.0580602 0.998216)
(-0.0130613 -0.0562975 0.998329)
(-0.0114997 -0.0528269 0.998537)
(-0.00939578 -0.0477544 0.998815)
(-0.00700307 -0.0412334 0.999125)
(-0.0046095 -0.0334586 0.999429)
(-0.00250342 -0.0246621 0.999693)
(-0.000939228 -0.0151084 0.999885)
(-0.000106525 -0.00508862 0.999987)
(-4.09676e-05 0.00318307 0.999995)
(-0.00036126 0.00945202 0.999955)
(-0.000963121 0.0154325 0.99988)
(-0.00177385 0.0209424 0.999779)
(-0.00269556 0.0258147 0.999663)
(-0.0036171 0.0299019 0.999546)
(-0.00442736 0.0330805 0.999443)
(-0.00502871 0.0352545 0.999366)
(-0.00534866 0.0363583 0.999325)
(-0.00534866 0.0363583 0.999325)
(-0.00502871 0.0352545 0.999366)
(-0.00442736 0.0330805 0.999443)
(-0.0036171 0.0299019 0.999546)
(-0.00269556 0.0258147 0.999663)
(-0.00177385 0.0209424 0.999779)
(-0.000963121 0.0154325 0.99988)
(-0.00036126 0.00945202 0.999955)
(-4.09676e-05 0.00318307 0.999995)
(-4.09676e-05 -0.00318307 0.999995)
(-0.00036126 -0.00945202 0.999955)
(-0.000963121 -0.0154325 0.99988)
(-0.00177385 -0.0209424 0.999779)
(-0.00269556 -0.0258147 0.999663)
(-0.0036171 -0.0299019 0.999546)
(-0.00442736 -0.0330805 0.999443)
(-0.00502871 -0.0352545 0.999366)
(-0.00534866 -0.0363583 0.999325)
(-0.00534866 -0.0363583 0.999325)
(-0.00502871 -0.0352545 0.999366)
(-0.00442736 -0.0330805 0.999443)
(-0.0036171 -0.0299019 0.999546)
(-0.00269556 -0.0258147 0.999663)
(-0.00177385 -0.0209424 0.999779)
(-0.000963121 -0.0154325 0.99988)
(-0.00036126 -0.00945202 0.999955)
(-4.09676e-05 -0.00318307 0.999995)
(-7.7545e-06 0.00139092 0.999999)
(-6.83834e-05 0.00413047 0.999991)
(-0.000182326 0.00674444 0.999977)
(-0.000335835 0.00915334 0.999958)
(-0.00051039 0.011284 0.999936)
(-0.000684938 0.0130717 0.999914)
(-0.000838427 0.0144623 0.999895)
(-0.00095235 0.0154134 0.999881)
(-0.00101297 0.0158963 0.999873)
(-0.00101297 0.0158963 0.999873)
(-0.00095235 0.0154134 0.999881)
(-0.000838427 0.0144623 0.999895)
(-0.000684938 0.0130717 0.999914)
(-0.00051039 0.011284 0.999936)
(-0.000335835 0.00915334 0.999958)
(-0.000182326 0.00674444 0.999977)
(-6.83834e-05 0.00413047 0.999991)
(-7.7545e-06 0.00139092 0.999999)
(-7.7545e-06 -0.00139092 0.999999)
(-6.83834e-05 -0.00413047 0.999991)
(-0.000182326 -0.00674444 0.999977)
(-0.000335835 -0.00915334 0.999958)
(-0.00051039 -0.011284 0.999936)
(-0.000684938 -0.0130717 0.999914)
(-0.000838427 -0.0144623 0.999895)
(-0.00095235 -0.0154134 0.999881)
(-0.00101297 -0.0158963 0.999873)
(-0.00101297 -0.0158963 0.999873)
(-0.00095235 -0.0154134 0.999881)
(-0.000838427 -0.0144623 0.999895)
(-0.000684938 -0.0130717 0.999914)
(-0.00051039 -0.011284 0.999936)
(-0.000335835 -0.00915334 0.999958)
(-0.000182326 -0.00674444 0.999977)
(-6.83834e-05 -0.00413047 0.999991)
(-7.7545e-06 -0.00139092 0.999999)
)
;
    }
}


// ************************************************************************* //
