/*--------------------------------*- C++ -*----------------------------------*\
| =========                 |                                                 |
| \\      /  F ield         | OpenFOAM: The Open Source CFD Toolbox           |
|  \\    /   O peration     | Version:  2312                                  |
|   \\  /    A nd           | Website:  www.openfoam.com                      |
|    \\/     M anipulation  |                                                 |
\*---------------------------------------------------------------------------*/
FoamFile
{
    version     2.0;
    format      ascii;
    arch        "LSB;label=32;scalar=64";
    class       volScalarField;
    location    "0";
    object      rs;
}
// * * * * * * * * * * * * * * * * * * * * * * * * * * * * * * * * * * * * * //

dimensions      [0 0 0 0 0 0 0];

internalField   nonuniform List<scalar> 
1620
(
9.53771
9.53771
9.53771
9.53771
9.53771
9.53771
9.53771
9.53771
9.53771
9.53771
9.53771
9.53771
9.53771
9.53771
9.53771
9.53771
9.53771
9.53771
9.53771
9.53771
9.53771
9.53771
9.53771
9.53771
9.53771
9.53771
9.53771
9.53771
9.53771
9.53771
9.53771
9.53771
9.53771
9.53771
9.53771
9.53771
8.63301
8.63301
8.63301
8.63301
8.63301
8.63301
8.63301
8.63301
8.63301
8.63301
8.63301
8.63301
8.63301
8.63301
8.63301
8.63301
8.63301
8.63301
8.63301
8.63301
8.63301
8.63301
8.63301
8.63301
8.63301
8.63301
8.63301
8.63301
8.63301
8.63301
8.63301
8.63301
8.63301
8.63301
8.63301
8.63301
7.60542
7.60542
7.60542
7.60542
7.60542
7.60542
7.60542
7.60542
7.60542
7.60542
7.60542
7.60542
7.60542
7.60542
7.60542
7.60542
7.60542
7.60542
7.60542
7.60542
7.60542
7.60542
7.60542
7.60542
7.60542
7.60542
7.60542
7.60542
7.60542
7.60542
7.60542
7.60542
7.60542
7.60542
7.60542
7.60542
9.61272
9.61272
9.61272
9.61273
9.61273
9.61273
9.61272
9.61272
9.61272
9.61272
9.61272
9.61272
9.61273
9.61273
9.61273
9.61272
9.61272
9.61272
9.61272
9.61272
9.61272
9.61273
9.61273
9.61273
9.61272
9.61272
9.61272
9.61272
9.61272
9.61272
9.61273
9.61273
9.61273
9.61272
9.61272
9.61272
8.67588
8.67588
8.67588
8.67588
8.67588
8.67588
8.67588
8.67588
8.67588
8.67588
8.67588
8.67588
8.67588
8.67588
8.67588
8.67588
8.67588
8.67588
8.67588
8.67588
8.67588
8.67588
8.67588
8.67588
8.67588
8.67588
8.67588
8.67588
8.67588
8.67588
8.67588
8.67588
8.67588
8.67588
8.67588
8.67588
7.62101
7.62101
7.62101
7.62101
7.62101
7.62101
7.62101
7.62101
7.62101
7.62101
7.62101
7.62101
7.62101
7.62101
7.62101
7.62101
7.62101
7.62101
7.62101
7.62101
7.62101
7.62101
7.62101
7.62101
7.62101
7.62101
7.62101
7.62101
7.62101
7.62101
7.62101
7.62101
7.62101
7.62101
7.62101
7.62101
9.61306
9.61306
9.61306
9.61307
9.61306
9.61307
9.61306
9.61306
9.61306
9.61306
9.61306
9.61306
9.61307
9.61306
9.61307
9.61306
9.61306
9.61306
9.61306
9.61306
9.61306
9.61307
9.61306
9.61307
9.61306
9.61306
9.61306
9.61306
9.61306
9.61306
9.61307
9.61306
9.61307
9.61306
9.61306
9.61306
8.68357
8.68357
8.68357
8.68357
8.68357
8.68357
8.68357
8.68357
8.68357
8.68357
8.68357
8.68357
8.68357
8.68357
8.68357
8.68357
8.68357
8.68357
8.68357
8.68357
8.68357
8.68357
8.68357
8.68357
8.68357
8.68357
8.68357
8.68357
8.68357
8.68357
8.68357
8.68357
8.68357
8.68357
8.68357
8.68357
7.62748
7.62748
7.62748
7.62748
7.62748
7.62748
7.62748
7.62748
7.62748
7.62748
7.62748
7.62748
7.62748
7.62748
7.62748
7.62748
7.62748
7.62748
7.62748
7.62748
7.62748
7.62748
7.62748
7.62748
7.62748
7.62748
7.62748
7.62748
7.62748
7.62748
7.62748
7.62748
7.62748
7.62748
7.62748
7.62748
9.6066
9.60659
9.60659
9.6066
9.6066
9.6066
9.60659
9.60659
9.6066
9.6066
9.60659
9.60659
9.6066
9.6066
9.6066
9.60659
9.60659
9.6066
9.6066
9.60659
9.60659
9.6066
9.6066
9.6066
9.60659
9.60659
9.6066
9.6066
9.60659
9.60659
9.6066
9.6066
9.6066
9.60659
9.60659
9.6066
8.68628
8.68628
8.68628
8.68628
8.68628
8.68628
8.68628
8.68628
8.68628
8.68628
8.68628
8.68628
8.68628
8.68628
8.68628
8.68628
8.68628
8.68628
8.68628
8.68628
8.68628
8.68628
8.68628
8.68628
8.68628
8.68628
8.68628
8.68628
8.68628
8.68628
8.68628
8.68628
8.68628
8.68628
8.68628
8.68628
7.63235
7.63235
7.63235
7.63235
7.63235
7.63235
7.63235
7.63235
7.63235
7.63235
7.63235
7.63235
7.63235
7.63235
7.63235
7.63235
7.63235
7.63235
7.63235
7.63235
7.63235
7.63235
7.63235
7.63235
7.63235
7.63235
7.63235
7.63235
7.63235
7.63235
7.63235
7.63235
7.63235
7.63235
7.63235
7.63235
9.60057
9.60056
9.60057
9.60056
9.60057
9.60056
9.60057
9.60056
9.60057
9.60057
9.60056
9.60057
9.60056
9.60057
9.60056
9.60057
9.60056
9.60057
9.60057
9.60056
9.60057
9.60056
9.60057
9.60056
9.60057
9.60056
9.60057
9.60057
9.60056
9.60057
9.60056
9.60057
9.60056
9.60057
9.60056
9.60057
8.69001
8.69001
8.69001
8.69001
8.69001
8.69001
8.69001
8.69001
8.69001
8.69001
8.69001
8.69001
8.69001
8.69001
8.69001
8.69001
8.69001
8.69001
8.69001
8.69001
8.69001
8.69001
8.69001
8.69001
8.69001
8.69001
8.69001
8.69001
8.69001
8.69001
8.69001
8.69001
8.69001
8.69001
8.69001
8.69001
7.63795
7.63795
7.63795
7.63795
7.63795
7.63795
7.63795
7.63795
7.63795
7.63795
7.63795
7.63795
7.63795
7.63795
7.63795
7.63795
7.63795
7.63795
7.63795
7.63795
7.63795
7.63795
7.63795
7.63795
7.63795
7.63795
7.63795
7.63795
7.63795
7.63795
7.63795
7.63795
7.63795
7.63795
7.63795
7.63795
9.59591
9.59591
9.59591
9.59591
9.59591
9.59591
9.59591
9.59591
9.59591
9.59591
9.59591
9.59591
9.59591
9.59591
9.59591
9.59591
9.59591
9.59591
9.59591
9.59591
9.59591
9.59591
9.59591
9.59591
9.59591
9.59591
9.59591
9.59591
9.59591
9.59591
9.59591
9.59591
9.59591
9.59591
9.59591
9.59591
8.69627
8.69627
8.69627
8.69627
8.69627
8.69627
8.69627
8.69627
8.69627
8.69627
8.69627
8.69627
8.69627
8.69627
8.69627
8.69627
8.69627
8.69627
8.69627
8.69627
8.69627
8.69627
8.69627
8.69627
8.69627
8.69627
8.69627
8.69627
8.69627
8.69627
8.69627
8.69627
8.69627
8.69627
8.69627
8.69627
7.64491
7.6449
7.64491
7.6449
7.6449
7.6449
7.64491
7.6449
7.64491
7.64491
7.6449
7.64491
7.6449
7.6449
7.6449
7.64491
7.6449
7.64491
7.64491
7.6449
7.64491
7.6449
7.6449
7.6449
7.64491
7.6449
7.64491
7.64491
7.6449
7.64491
7.6449
7.6449
7.6449
7.64491
7.6449
7.64491
9.59312
9.59312
9.59312
9.59312
9.59312
9.59312
9.59312
9.59312
9.59312
9.59312
9.59312
9.59312
9.59312
9.59312
9.59312
9.59312
9.59312
9.59312
9.59312
9.59312
9.59312
9.59312
9.59312
9.59312
9.59312
9.59312
9.59312
9.59312
9.59312
9.59312
9.59312
9.59312
9.59312
9.59312
9.59312
9.59312
8.70661
8.70661
8.70661
8.70661
8.70661
8.70661
8.70661
8.70661
8.70661
8.70661
8.70661
8.70661
8.70661
8.70661
8.70661
8.70661
8.70661
8.70661
8.70661
8.70661
8.70661
8.70661
8.70661
8.70661
8.70661
8.70661
8.70661
8.70661
8.70661
8.70661
8.70661
8.70661
8.70661
8.70661
8.70661
8.70661
7.65366
7.65366
7.65366
7.65366
7.65366
7.65366
7.65366
7.65366
7.65366
7.65366
7.65366
7.65366
7.65366
7.65366
7.65366
7.65366
7.65366
7.65366
7.65366
7.65366
7.65366
7.65366
7.65366
7.65366
7.65366
7.65366
7.65366
7.65366
7.65366
7.65366
7.65366
7.65366
7.65366
7.65366
7.65366
7.65366
9.59267
9.59268
9.59268
9.59268
9.59268
9.59268
9.59268
9.59268
9.59267
9.59267
9.59268
9.59268
9.59268
9.59268
9.59268
9.59268
9.59268
9.59267
9.59267
9.59268
9.59268
9.59268
9.59268
9.59268
9.59268
9.59268
9.59267
9.59267
9.59268
9.59268
9.59268
9.59268
9.59268
9.59268
9.59268
9.59267
8.72328
8.72328
8.72328
8.72328
8.72328
8.72328
8.72328
8.72328
8.72328
8.72328
8.72328
8.72328
8.72328
8.72328
8.72328
8.72328
8.72328
8.72328
8.72328
8.72328
8.72328
8.72328
8.72328
8.72328
8.72328
8.72328
8.72328
8.72328
8.72328
8.72328
8.72328
8.72328
8.72328
8.72328
8.72328
8.72328
7.66501
7.66501
7.66501
7.665
7.665
7.665
7.66501
7.66501
7.66501
7.66501
7.66501
7.66501
7.665
7.665
7.665
7.66501
7.66501
7.66501
7.66501
7.66501
7.66501
7.665
7.665
7.665
7.66501
7.66501
7.66501
7.66501
7.66501
7.66501
7.665
7.665
7.665
7.66501
7.66501
7.66501
9.59579
9.59579
9.59579
9.59579
9.59579
9.59579
9.59579
9.59579
9.59579
9.59579
9.59579
9.59579
9.59579
9.59579
9.59579
9.59579
9.59579
9.59579
9.59579
9.59579
9.59579
9.59579
9.59579
9.59579
9.59579
9.59579
9.59579
9.59579
9.59579
9.59579
9.59579
9.59579
9.59579
9.59579
9.59579
9.59579
8.74861
8.74861
8.74861
8.74861
8.74861
8.74861
8.74861
8.74861
8.74861
8.74861
8.74861
8.74861
8.74861
8.74861
8.74861
8.74861
8.74861
8.74861
8.74861
8.74861
8.74861
8.74861
8.74861
8.74861
8.74861
8.74861
8.74861
8.74861
8.74861
8.74861
8.74861
8.74861
8.74861
8.74861
8.74861
8.74861
7.67976
7.67976
7.67976
7.67976
7.67976
7.67976
7.67976
7.67976
7.67976
7.67976
7.67976
7.67976
7.67976
7.67976
7.67976
7.67976
7.67976
7.67976
7.67976
7.67976
7.67976
7.67976
7.67976
7.67976
7.67976
7.67976
7.67976
7.67976
7.67976
7.67976
7.67976
7.67976
7.67976
7.67976
7.67976
7.67976
9.60518
9.60518
9.60518
9.60519
9.60519
9.60519
9.60518
9.60518
9.60518
9.60518
9.60518
9.60518
9.60519
9.60519
9.60519
9.60518
9.60518
9.60518
9.60518
9.60518
9.60518
9.60519
9.60519
9.60519
9.60518
9.60518
9.60518
9.60518
9.60518
9.60518
9.60519
9.60519
9.60519
9.60518
9.60518
9.60518
8.78408
8.78408
8.78408
8.78408
8.78408
8.78408
8.78408
8.78408
8.78408
8.78408
8.78408
8.78408
8.78408
8.78408
8.78408
8.78408
8.78408
8.78408
8.78408
8.78408
8.78408
8.78408
8.78408
8.78408
8.78408
8.78408
8.78408
8.78408
8.78408
8.78408
8.78408
8.78408
8.78408
8.78408
8.78408
8.78408
7.69817
7.69817
7.69817
7.69817
7.69817
7.69817
7.69817
7.69817
7.69817
7.69817
7.69817
7.69817
7.69817
7.69817
7.69817
7.69817
7.69817
7.69817
7.69817
7.69817
7.69817
7.69817
7.69817
7.69817
7.69817
7.69817
7.69817
7.69817
7.69817
7.69817
7.69817
7.69817
7.69817
7.69817
7.69817
7.69817
9.62576
9.62575
9.62575
9.62576
9.62575
9.62576
9.62575
9.62575
9.62576
9.62576
9.62575
9.62575
9.62576
9.62575
9.62576
9.62575
9.62575
9.62576
9.62576
9.62575
9.62575
9.62576
9.62575
9.62576
9.62575
9.62575
9.62576
9.62576
9.62575
9.62575
9.62576
9.62575
9.62576
9.62575
9.62575
9.62576
8.82865
8.82864
8.82864
8.82864
8.82864
8.82864
8.82864
8.82864
8.82865
8.82865
8.82864
8.82864
8.82864
8.82864
8.82864
8.82864
8.82864
8.82865
8.82865
8.82864
8.82864
8.82864
8.82864
8.82864
8.82864
8.82864
8.82865
8.82865
8.82864
8.82864
8.82864
8.82864
8.82864
8.82864
8.82864
8.82865
7.71982
7.71982
7.71982
7.71982
7.71982
7.71982
7.71982
7.71982
7.71982
7.71982
7.71982
7.71982
7.71982
7.71982
7.71982
7.71982
7.71982
7.71982
7.71982
7.71982
7.71982
7.71982
7.71982
7.71982
7.71982
7.71982
7.71982
7.71982
7.71982
7.71982
7.71982
7.71982
7.71982
7.71982
7.71982
7.71982
9.66594
9.66593
9.66594
9.66593
9.66593
9.66593
9.66594
9.66593
9.66594
9.66594
9.66593
9.66594
9.66593
9.66593
9.66593
9.66594
9.66593
9.66594
9.66594
9.66593
9.66594
9.66593
9.66593
9.66593
9.66594
9.66593
9.66594
9.66594
9.66593
9.66594
9.66593
9.66593
9.66593
9.66594
9.66593
9.66594
8.87902
8.87901
8.87902
8.87901
8.87901
8.87901
8.87902
8.87901
8.87902
8.87902
8.87901
8.87902
8.87901
8.87901
8.87901
8.87902
8.87901
8.87902
8.87902
8.87901
8.87902
8.87901
8.87901
8.87901
8.87902
8.87901
8.87902
8.87902
8.87901
8.87902
8.87901
8.87901
8.87901
8.87902
8.87901
8.87902
7.74335
7.74335
7.74335
7.74335
7.74335
7.74335
7.74335
7.74335
7.74335
7.74335
7.74335
7.74335
7.74335
7.74335
7.74335
7.74335
7.74335
7.74335
7.74335
7.74335
7.74335
7.74335
7.74335
7.74335
7.74335
7.74335
7.74335
7.74335
7.74335
7.74335
7.74335
7.74335
7.74335
7.74335
7.74335
7.74335
9.73655
9.73655
9.73656
9.73655
9.73655
9.73655
9.73656
9.73655
9.73655
9.73655
9.73655
9.73656
9.73655
9.73655
9.73655
9.73656
9.73655
9.73655
9.73655
9.73655
9.73656
9.73655
9.73655
9.73655
9.73656
9.73655
9.73655
9.73655
9.73655
9.73656
9.73655
9.73655
9.73655
9.73656
9.73655
9.73655
8.92979
8.92979
8.92979
8.92979
8.92979
8.92979
8.92979
8.92979
8.92979
8.92979
8.92979
8.92979
8.92979
8.92979
8.92979
8.92979
8.92979
8.92979
8.92979
8.92979
8.92979
8.92979
8.92979
8.92979
8.92979
8.92979
8.92979
8.92979
8.92979
8.92979
8.92979
8.92979
8.92979
8.92979
8.92979
8.92979
7.76699
7.76699
7.76699
7.76699
7.76699
7.76699
7.76699
7.76699
7.76699
7.76699
7.76699
7.76699
7.76699
7.76699
7.76699
7.76699
7.76699
7.76699
7.76699
7.76699
7.76699
7.76699
7.76699
7.76699
7.76699
7.76699
7.76699
7.76699
7.76699
7.76699
7.76699
7.76699
7.76699
7.76699
7.76699
7.76699
9.83805
9.83806
9.83806
9.83806
9.83806
9.83806
9.83806
9.83806
9.83805
9.83805
9.83806
9.83806
9.83806
9.83806
9.83806
9.83806
9.83806
9.83805
9.83805
9.83806
9.83806
9.83806
9.83806
9.83806
9.83806
9.83806
9.83805
9.83805
9.83806
9.83806
9.83806
9.83806
9.83806
9.83806
9.83806
9.83805
8.97604
8.97604
8.97604
8.97604
8.97604
8.97604
8.97604
8.97604
8.97604
8.97604
8.97604
8.97604
8.97604
8.97604
8.97604
8.97604
8.97604
8.97604
8.97604
8.97604
8.97604
8.97604
8.97604
8.97604
8.97604
8.97604
8.97604
8.97604
8.97604
8.97604
8.97604
8.97604
8.97604
8.97604
8.97604
8.97604
7.79038
7.79038
7.79038
7.79038
7.79038
7.79038
7.79038
7.79038
7.79038
7.79038
7.79038
7.79038
7.79038
7.79038
7.79038
7.79038
7.79038
7.79038
7.79038
7.79038
7.79038
7.79038
7.79038
7.79038
7.79038
7.79038
7.79038
7.79038
7.79038
7.79038
7.79038
7.79038
7.79038
7.79038
7.79038
7.79038
9.99433
9.99433
9.99432
9.99432
9.99433
9.99432
9.99432
9.99433
9.99433
9.99433
9.99433
9.99432
9.99432
9.99433
9.99432
9.99432
9.99433
9.99433
9.99433
9.99433
9.99432
9.99432
9.99433
9.99432
9.99432
9.99433
9.99433
9.99433
9.99433
9.99432
9.99432
9.99433
9.99432
9.99432
9.99433
9.99433
9.02917
9.02917
9.02917
9.02917
9.02917
9.02917
9.02917
9.02917
9.02917
9.02917
9.02917
9.02917
9.02917
9.02917
9.02917
9.02917
9.02917
9.02917
9.02917
9.02917
9.02917
9.02917
9.02917
9.02917
9.02917
9.02917
9.02917
9.02917
9.02917
9.02917
9.02917
9.02917
9.02917
9.02917
9.02917
9.02917
7.81374
7.81374
7.81374
7.81374
7.81374
7.81374
7.81374
7.81374
7.81374
7.81374
7.81374
7.81374
7.81374
7.81374
7.81374
7.81374
7.81374
7.81374
7.81374
7.81374
7.81374
7.81374
7.81374
7.81374
7.81374
7.81374
7.81374
7.81374
7.81374
7.81374
7.81374
7.81374
7.81374
7.81374
7.81374
7.81374
)
;

boundaryField
{
    fixed
    {
        type            calculated;
        value           nonuniform List<scalar> 
108
(
9.53771
9.53771
9.53771
9.53771
9.53771
9.53771
9.53771
9.53771
9.53771
9.53771
9.53771
9.53771
9.53771
9.53771
9.53771
9.53771
9.53771
9.53771
9.53771
9.53771
9.53771
9.53771
9.53771
9.53771
9.53771
9.53771
9.53771
9.53771
9.53771
9.53771
9.53771
9.53771
9.53771
9.53771
9.53771
9.53771
8.63301
8.63301
8.63301
8.63301
8.63301
8.63301
8.63301
8.63301
8.63301
8.63301
8.63301
8.63301
8.63301
8.63301
8.63301
8.63301
8.63301
8.63301
8.63301
8.63301
8.63301
8.63301
8.63301
8.63301
8.63301
8.63301
8.63301
8.63301
8.63301
8.63301
8.63301
8.63301
8.63301
8.63301
8.63301
8.63301
7.60542
7.60542
7.60542
7.60542
7.60542
7.60542
7.60542
7.60542
7.60542
7.60542
7.60542
7.60542
7.60542
7.60542
7.60542
7.60542
7.60542
7.60542
7.60542
7.60542
7.60542
7.60542
7.60542
7.60542
7.60542
7.60542
7.60542
7.60542
7.60542
7.60542
7.60542
7.60542
7.60542
7.60542
7.60542
7.60542
)
;
    }
    inside
    {
        type            calculated;
        value           uniform 7;
    }
    outside
    {
        type            calculated;
        value           uniform 10;
    }
}


// ************************************************************************* //
