/*--------------------------------*- C++ -*----------------------------------*\
| =========                 |                                                 |
| \\      /  F ield         | OpenFOAM: The Open Source CFD Toolbox           |
|  \\    /   O peration     | Version:  2312                                  |
|   \\  /    A nd           | Website:  www.openfoam.com                      |
|    \\/     M anipulation  |                                                 |
\*---------------------------------------------------------------------------*/
FoamFile
{
    version     2.0;
    format      ascii;
    arch        "LSB;label=32;scalar=64";
    class       volScalarField;
    location    "0.8";
    object      sigmaEq;
}
// * * * * * * * * * * * * * * * * * * * * * * * * * * * * * * * * * * * * * //

dimensions      [1 -1 -2 0 0 0 0];

internalField   nonuniform List<scalar> 
1620
(
45099.4
45099.4
45099.4
45099.4
45099.4
45099.4
45099.4
45099.4
45099.4
45099.4
45099.4
45099.4
45099.4
45099.4
45099.4
45099.4
45099.4
45099.4
45099.4
45099.4
45099.4
45099.4
45099.4
45099.4
45099.4
45099.4
45099.4
45099.4
45099.4
45099.4
45099.4
45099.4
45099.4
45099.4
45099.4
45099.4
48403.8
48403.8
48403.8
48403.8
48403.8
48403.8
48403.8
48403.8
48403.8
48403.8
48403.8
48403.8
48403.8
48403.8
48403.8
48403.8
48403.8
48403.8
48403.8
48403.8
48403.8
48403.8
48403.8
48403.8
48403.8
48403.8
48403.8
48403.8
48403.8
48403.8
48403.8
48403.8
48403.8
48403.8
48403.8
48403.8
51408.2
51408.2
51408.2
51408.2
51408.2
51408.2
51408.2
51408.2
51408.2
51408.2
51408.2
51408.2
51408.2
51408.2
51408.2
51408.2
51408.2
51408.2
51408.2
51408.2
51408.2
51408.2
51408.2
51408.2
51408.2
51408.2
51408.2
51408.2
51408.2
51408.2
51408.2
51408.2
51408.2
51408.2
51408.2
51408.2
44611.5
44611.5
44611.5
44611.5
44611.5
44611.5
44611.5
44611.5
44611.5
44611.5
44611.5
44611.5
44611.5
44611.5
44611.5
44611.5
44611.5
44611.5
44611.5
44611.5
44611.5
44611.5
44611.5
44611.5
44611.5
44611.5
44611.5
44611.5
44611.5
44611.5
44611.5
44611.5
44611.5
44611.5
44611.5
44611.5
48699.1
48699
48699.1
48699
48699.1
48699
48699.1
48699
48699.1
48699.1
48699
48699.1
48699
48699.1
48699
48699.1
48699
48699.1
48699.1
48699
48699.1
48699
48699.1
48699
48699.1
48699
48699.1
48699.1
48699
48699.1
48699
48699.1
48699
48699.1
48699
48699.1
51069.1
51069.1
51069.1
51069.1
51069.1
51069.1
51069.1
51069.2
51069.1
51069.1
51069.1
51069.1
51069.1
51069.1
51069.1
51069.1
51069.2
51069.1
51069.1
51069.1
51069.1
51069.1
51069.1
51069.1
51069.1
51069.2
51069.1
51069.1
51069.1
51069.1
51069.1
51069.1
51069.1
51069.1
51069.2
51069.1
43599.7
43599.7
43599.7
43599.7
43599.7
43599.7
43599.7
43599.7
43599.7
43599.7
43599.7
43599.7
43599.7
43599.7
43599.7
43599.7
43599.7
43599.7
43599.7
43599.7
43599.7
43599.7
43599.7
43599.7
43599.7
43599.7
43599.7
43599.7
43599.7
43599.7
43599.7
43599.7
43599.7
43599.7
43599.7
43599.7
49431
49431
49431
49430.9
49431
49431
49431
49431
49431
49431
49431
49431
49430.9
49431
49431
49431
49431
49431
49431
49431
49431
49430.9
49431
49431
49431
49431
49431
49431
49431
49431
49430.9
49431
49431
49431
49431
49431
50596.5
50596.5
50596.5
50596.5
50596.5
50596.5
50596.5
50596.5
50596.5
50596.5
50596.5
50596.5
50596.5
50596.5
50596.5
50596.5
50596.5
50596.5
50596.5
50596.5
50596.5
50596.5
50596.5
50596.5
50596.5
50596.5
50596.5
50596.5
50596.5
50596.5
50596.5
50596.5
50596.5
50596.5
50596.5
50596.5
42720.1
42720.1
42720.1
42720.1
42720.1
42720.1
42720.1
42720.1
42720.1
42720.1
42720.1
42720.1
42720.1
42720.1
42720.1
42720.1
42720.1
42720.1
42720.1
42720.1
42720.1
42720.1
42720.1
42720.1
42720.1
42720.1
42720.1
42720.1
42720.1
42720.1
42720.1
42720.1
42720.1
42720.1
42720.1
42720.1
50037
50037
50037.1
50037
50037
50037
50037.1
50037.1
50037.1
50037
50037
50037.1
50037
50037
50037
50037.1
50037.1
50037.1
50037
50037
50037.1
50037
50037
50037
50037.1
50037.1
50037.1
50037
50037
50037.1
50037
50037
50037
50037.1
50037.1
50037.1
50629.6
50629.6
50629.6
50629.6
50629.6
50629.6
50629.6
50629.6
50629.6
50629.6
50629.6
50629.6
50629.6
50629.6
50629.6
50629.6
50629.6
50629.6
50629.6
50629.6
50629.6
50629.6
50629.6
50629.6
50629.6
50629.6
50629.6
50629.6
50629.6
50629.6
50629.6
50629.6
50629.6
50629.6
50629.6
50629.6
42194.8
42194.8
42194.8
42194.8
42194.8
42194.8
42194.8
42194.8
42194.8
42194.8
42194.8
42194.8
42194.8
42194.8
42194.8
42194.8
42194.8
42194.8
42194.8
42194.8
42194.8
42194.8
42194.8
42194.8
42194.8
42194.8
42194.8
42194.8
42194.8
42194.8
42194.8
42194.8
42194.8
42194.8
42194.8
42194.8
50096.5
50096.5
50096.5
50096.6
50096.5
50096.5
50096.5
50096.5
50096.5
50096.5
50096.5
50096.5
50096.6
50096.5
50096.5
50096.5
50096.5
50096.5
50096.5
50096.5
50096.5
50096.6
50096.5
50096.5
50096.5
50096.5
50096.5
50096.5
50096.5
50096.5
50096.6
50096.5
50096.5
50096.5
50096.5
50096.5
51038.3
51038.3
51038.3
51038.3
51038.3
51038.3
51038.3
51038.3
51038.3
51038.3
51038.3
51038.3
51038.3
51038.3
51038.3
51038.3
51038.3
51038.3
51038.3
51038.3
51038.3
51038.3
51038.3
51038.3
51038.3
51038.3
51038.3
51038.3
51038.3
51038.3
51038.3
51038.3
51038.3
51038.3
51038.3
51038.3
41945.1
41945.1
41945.1
41945.2
41945.2
41945.2
41945.1
41945.1
41945.1
41945.1
41945.1
41945.1
41945.2
41945.2
41945.2
41945.1
41945.1
41945.1
41945.1
41945.1
41945.1
41945.2
41945.2
41945.2
41945.1
41945.1
41945.1
41945.1
41945.1
41945.1
41945.2
41945.2
41945.2
41945.1
41945.1
41945.1
49488
49488
49487.9
49488
49488
49488
49487.9
49488
49488
49488
49488
49487.9
49488
49488
49488
49487.9
49488
49488
49488
49488
49487.9
49488
49488
49488
49487.9
49488
49488
49488
49488
49487.9
49488
49488
49488
49487.9
49488
49488
51436
51436
51436.1
51436
51436.1
51436.1
51436.1
51436.1
51436.1
51436
51436
51436.1
51436
51436.1
51436.1
51436.1
51436.1
51436.1
51436
51436
51436.1
51436
51436.1
51436.1
51436.1
51436.1
51436.1
51436
51436
51436.1
51436
51436.1
51436.1
51436.1
51436.1
51436.1
41823.6
41823.6
41823.6
41823.6
41823.6
41823.6
41823.6
41823.6
41823.6
41823.6
41823.6
41823.6
41823.6
41823.6
41823.6
41823.6
41823.6
41823.6
41823.6
41823.6
41823.6
41823.6
41823.6
41823.6
41823.6
41823.6
41823.6
41823.6
41823.6
41823.6
41823.6
41823.6
41823.6
41823.6
41823.6
41823.6
48308
48307.9
48307.9
48307.9
48307.9
48308
48307.9
48307.9
48308
48308
48307.9
48307.9
48307.9
48307.9
48308
48307.9
48307.9
48308
48308
48307.9
48307.9
48307.9
48307.9
48308
48307.9
48307.9
48308
48308
48307.9
48307.9
48307.9
48307.9
48308
48307.9
48307.9
48308
51356.3
51356.3
51356.3
51356.2
51356.3
51356.3
51356.3
51356.4
51356.3
51356.3
51356.3
51356.3
51356.2
51356.3
51356.3
51356.3
51356.4
51356.3
51356.3
51356.4
51356.3
51356.2
51356.3
51356.3
51356.3
51356.4
51356.3
51356.3
51356.4
51356.3
51356.2
51356.3
51356.3
51356.3
51356.4
51356.3
41746.7
41746.7
41746.7
41746.7
41746.8
41746.8
41746.8
41746.8
41746.8
41746.7
41746.7
41746.7
41746.7
41746.8
41746.8
41746.8
41746.8
41746.8
41746.7
41746.7
41746.7
41746.7
41746.8
41746.8
41746.8
41746.8
41746.8
41746.7
41746.7
41746.7
41746.7
41746.8
41746.8
41746.8
41746.8
41746.8
46781.6
46781.5
46781.5
46781.5
46781.5
46781.5
46781.6
46781.5
46781.5
46781.6
46781.5
46781.5
46781.5
46781.5
46781.5
46781.6
46781.5
46781.5
46781.6
46781.5
46781.5
46781.5
46781.5
46781.5
46781.6
46781.5
46781.5
46781.6
46781.5
46781.5
46781.5
46781.5
46781.5
46781.6
46781.5
46781.5
50536.6
50536.6
50536.5
50536.5
50536.5
50536.6
50536.6
50536.6
50536.5
50536.6
50536.6
50536.5
50536.5
50536.5
50536.6
50536.6
50536.6
50536.5
50536.6
50536.6
50536.5
50536.5
50536.5
50536.6
50536.6
50536.6
50536.5
50536.6
50536.6
50536.5
50536.5
50536.5
50536.6
50536.6
50536.6
50536.5
41748.3
41748.3
41748.3
41748.3
41748.3
41748.3
41748.3
41748.3
41748.3
41748.3
41748.3
41748.3
41748.3
41748.3
41748.3
41748.3
41748.3
41748.3
41748.3
41748.3
41748.3
41748.3
41748.3
41748.3
41748.3
41748.3
41748.3
41748.3
41748.3
41748.3
41748.3
41748.3
41748.3
41748.3
41748.3
41748.3
45304.6
45304.6
45304.6
45304.6
45304.6
45304.6
45304.6
45304.6
45304.6
45304.6
45304.6
45304.6
45304.6
45304.6
45304.6
45304.6
45304.6
45304.6
45304.6
45304.6
45304.6
45304.6
45304.6
45304.6
45304.6
45304.6
45304.6
45304.6
45304.6
45304.6
45304.6
45304.6
45304.6
45304.6
45304.6
45304.6
49171.9
49171.9
49171.9
49171.9
49171.9
49171.9
49171.9
49171.9
49171.9
49171.9
49171.9
49171.9
49171.9
49171.9
49171.9
49171.9
49171.9
49171.9
49171.9
49171.9
49171.9
49171.9
49171.9
49171.9
49171.9
49171.9
49171.9
49171.9
49171.9
49171.9
49171.9
49171.9
49171.9
49171.9
49171.9
49171.9
42011.5
42011.5
42011.5
42011.5
42011.5
42011.5
42011.5
42011.5
42011.5
42011.5
42011.5
42011.5
42011.5
42011.5
42011.5
42011.5
42011.5
42011.5
42011.5
42011.5
42011.5
42011.5
42011.5
42011.5
42011.5
42011.5
42011.5
42011.5
42011.5
42011.5
42011.5
42011.5
42011.5
42011.5
42011.5
42011.5
44392.7
44392.8
44392.8
44392.8
44392.7
44392.8
44392.8
44392.8
44392.7
44392.7
44392.8
44392.8
44392.8
44392.7
44392.8
44392.8
44392.8
44392.7
44392.7
44392.8
44392.8
44392.8
44392.7
44392.8
44392.8
44392.8
44392.7
44392.7
44392.8
44392.8
44392.8
44392.8
44392.8
44392.8
44392.8
44392.7
47860.4
47860.4
47860.4
47860.4
47860.4
47860.4
47860.4
47860.4
47860.4
47860.4
47860.4
47860.4
47860.4
47860.4
47860.4
47860.4
47860.4
47860.4
47860.4
47860.4
47860.4
47860.4
47860.4
47860.4
47860.4
47860.4
47860.4
47860.4
47860.4
47860.4
47860.4
47860.4
47860.4
47860.4
47860.4
47860.4
42844.6
42844.6
42844.6
42844.6
42844.6
42844.6
42844.6
42844.5
42844.5
42844.6
42844.6
42844.6
42844.6
42844.6
42844.6
42844.6
42844.5
42844.5
42844.6
42844.6
42844.6
42844.6
42844.6
42844.6
42844.6
42844.5
42844.5
42844.6
42844.6
42844.6
42844.6
42844.6
42844.6
42844.6
42844.5
42844.5
44412.6
44412.6
44412.6
44412.6
44412.6
44412.6
44412.6
44412.6
44412.6
44412.6
44412.6
44412.6
44412.6
44412.6
44412.6
44412.6
44412.6
44412.6
44412.6
44412.6
44412.6
44412.6
44412.6
44412.6
44412.6
44412.6
44412.6
44412.6
44412.6
44412.6
44412.6
44412.6
44412.6
44412.6
44412.6
44412.6
47179.8
47179.8
47179.8
47179.8
47179.8
47179.8
47179.8
47179.8
47179.8
47179.8
47179.8
47179.8
47179.8
47179.8
47179.8
47179.8
47179.8
47179.8
47179.8
47179.8
47179.8
47179.8
47179.8
47179.8
47179.8
47179.8
47179.8
47179.8
47179.8
47179.8
47179.8
47179.8
47179.8
47179.8
47179.8
47179.8
44587.7
44587.7
44587.7
44587.7
44587.7
44587.7
44587.7
44587.7
44587.6
44587.7
44587.7
44587.7
44587.7
44587.7
44587.7
44587.7
44587.7
44587.6
44587.7
44587.7
44587.7
44587.7
44587.7
44587.7
44587.7
44587.7
44587.6
44587.7
44587.7
44587.7
44587.7
44587.7
44587.7
44587.7
44587.7
44587.6
45370.1
45370.1
45370.2
45370.2
45370.2
45370.2
45370.2
45370.1
45370.1
45370.1
45370.1
45370.2
45370.2
45370.2
45370.2
45370.2
45370.1
45370.1
45370.1
45370.1
45370.2
45370.2
45370.2
45370.2
45370.2
45370.1
45370.1
45370.1
45370.1
45370.2
45370.2
45370.2
45370.2
45370.2
45370.1
45370.1
47440.5
47440.5
47440.6
47440.6
47440.6
47440.5
47440.5
47440.5
47440.5
47440.5
47440.5
47440.6
47440.6
47440.6
47440.5
47440.5
47440.5
47440.5
47440.5
47440.5
47440.6
47440.6
47440.6
47440.5
47440.5
47440.5
47440.5
47440.5
47440.5
47440.6
47440.6
47440.6
47440.5
47440.5
47440.5
47440.5
47831.2
47831.1
47831.2
47831.2
47831.2
47831.2
47831.3
47831.3
47831.2
47831.2
47831.1
47831.2
47831.2
47831.2
47831.2
47831.3
47831.3
47831.2
47831.2
47831.1
47831.2
47831.2
47831.2
47831.2
47831.3
47831.3
47831.2
47831.2
47831.1
47831.2
47831.2
47831.2
47831.2
47831.2
47831.3
47831.2
47229.1
47229.2
47229.2
47229.3
47229.3
47229.3
47229.3
47229.2
47229.2
47229.1
47229.1
47229.2
47229.3
47229.3
47229.3
47229.3
47229.2
47229.2
47229.1
47229.1
47229.2
47229.3
47229.3
47229.3
47229.3
47229.2
47229.2
47229.1
47229.1
47229.2
47229.3
47229.3
47229.3
47229.3
47229.2
47229.2
48921.3
48921.3
48921.4
48921.3
48921.3
48921.3
48921.3
48921.3
48921.3
48921.3
48921.3
48921.4
48921.3
48921.3
48921.3
48921.3
48921.3
48921.3
48921.3
48921.3
48921.4
48921.3
48921.3
48921.3
48921.3
48921.3
48921.3
48921.3
48921.3
48921.4
48921.3
48921.3
48921.3
48921.3
48921.3
48921.3
54448
54447.8
54448.1
54448
54447.7
54448.1
54448.5
54448.6
54448.8
54448
54447.8
54448.1
54448
54447.7
54448.1
54448.5
54448.6
54448.8
54448
54447.8
54448.1
54448
54447.7
54448.1
54448.5
54448.6
54448.8
54448
54447.8
54448.1
54448
54447.7
54448.1
54448.5
54448.6
54448.8
50892.9
50893
50893.2
50893.3
50893.3
50893.5
50893.5
50893.3
50893.1
50892.9
50893
50893.2
50893.3
50893.3
50893.5
50893.5
50893.3
50893.1
50892.9
50893
50893.2
50893.3
50893.3
50893.5
50893.5
50893.3
50893.1
50892.9
50893
50893.2
50893.3
50893.3
50893.5
50893.5
50893.3
50893.1
52020.3
52020.3
52020.4
52020.4
52020.4
52020.3
52020.3
52020.3
52020.3
52020.3
52020.3
52020.4
52020.4
52020.4
52020.3
52020.3
52020.3
52020.3
52020.3
52020.3
52020.4
52020.4
52020.4
52020.3
52020.3
52020.3
52020.3
52020.3
52020.3
52020.4
52020.4
52020.4
52020.3
52020.3
52020.3
52020.3
90993.1
90974.2
90925.4
90961.5
91000.4
90948.5
90932
90976.6
90976.3
90993.5
90974.6
90925.6
90961.6
91000.4
90948.5
90932
90976.6
90976.3
90993.5
90974.5
90925.5
90961.5
91000.4
90948.4
90931.9
90976.5
90976.2
90993.4
90974.5
90925.5
90961.5
91000.4
90948.4
90932
90976.4
90976
67918.4
67919
67920.4
67920.8
67921.8
67921.9
67921.5
67921.7
67919.5
67918.4
67918.9
67920.4
67920.8
67921.8
67921.9
67921.6
67921.7
67919.5
67918.4
67919
67920.4
67920.9
67921.8
67921.9
67921.6
67921.7
67919.5
67918.4
67918.9
67920.4
67920.8
67921.7
67921.8
67921.5
67921.7
67919.5
50813.3
50813.4
50813
50813.8
50813.1
50813.1
50813.5
50813.3
50813.4
50813.3
50813.4
50813
50813.8
50813.1
50813.1
50813.5
50813.3
50813.4
50813.3
50813.4
50813
50813.8
50813.1
50813.1
50813.5
50813.3
50813.4
50813.3
50813.4
50813
50813.8
50813.1
50813.1
50813.5
50813.3
50813.4
)
;

boundaryField
{
    fixed
    {
        type            calculated;
        value           nonuniform List<scalar> 
108
(
49374.1
49374.1
49374.1
49374.1
49374.1
49374.1
49374.1
49374.1
49374.1
49374.1
49374.1
49374.1
49374.1
49374.1
49374.1
49374.1
49374.1
49374.1
49374.1
49374.1
49374.1
49374.1
49374.1
49374.1
49374.1
49374.1
49374.1
49374.1
49374.1
49374.1
49374.1
49374.1
49374.1
49374.1
49374.1
49374.1
49506.1
49506.1
49506.1
49506.1
49506.1
49506.1
49506.1
49506.1
49506.1
49506.1
49506.1
49506.1
49506.1
49506.1
49506.1
49506.1
49506.1
49506.1
49506.1
49506.1
49506.1
49506.1
49506.1
49506.1
49506.1
49506.1
49506.1
49506.1
49506.1
49506.1
49506.1
49506.1
49506.1
49506.1
49506.1
49506.1
49442.3
49442.3
49442.3
49442.3
49442.3
49442.3
49442.3
49442.3
49442.3
49442.3
49442.3
49442.3
49442.3
49442.3
49442.3
49442.3
49442.3
49442.3
49442.3
49442.3
49442.3
49442.3
49442.3
49442.3
49442.3
49442.3
49442.3
49442.3
49442.3
49442.3
49442.3
49442.3
49442.3
49442.3
49442.3
49442.3
)
;
    }
    inside
    {
        type            calculated;
        value           nonuniform List<scalar> 
540
(
49442.3
49442.3
49442.3
49442.3
49442.3
49442.3
49442.3
49442.3
49442.3
49442.3
49442.3
49442.3
49442.3
49442.3
49442.3
49442.3
49442.3
49442.3
49442.3
49442.3
49442.3
49442.3
49442.3
49442.3
49442.3
49442.3
49442.3
49442.3
49442.3
49442.3
49442.3
49442.3
49442.3
49442.3
49442.3
49442.3
50151.7
50151.7
50151.7
50151.7
50151.7
50151.7
50151.7
50151.7
50151.7
50151.7
50151.7
50151.7
50151.7
50151.7
50151.7
50151.7
50151.7
50151.7
50151.7
50151.7
50151.7
50151.7
50151.7
50151.7
50151.7
50151.7
50151.7
50151.7
50151.7
50151.7
50151.7
50151.7
50151.7
50151.7
50151.7
50151.7
51189.1
51189.1
51189.1
51189.1
51189.1
51189.1
51189.1
51189.1
51189.1
51189.1
51189.1
51189.1
51189.1
51189.1
51189.1
51189.1
51189.1
51189.1
51189.1
51189.1
51189.1
51189.1
51189.1
51189.1
51189.1
51189.1
51189.1
51189.1
51189.1
51189.1
51189.1
51189.1
51189.1
51189.1
51189.1
51189.1
52444.5
52444.5
52444.4
52444.5
52444.5
52444.5
52444.5
52444.5
52444.5
52444.5
52444.5
52444.4
52444.5
52444.5
52444.5
52444.5
52444.5
52444.5
52444.5
52444.5
52444.4
52444.5
52444.5
52444.5
52444.5
52444.5
52444.5
52444.5
52444.5
52444.4
52444.5
52444.5
52444.5
52444.5
52444.5
52444.5
53427.6
53427.7
53427.7
53427.7
53427.7
53427.7
53427.7
53427.7
53427.8
53427.6
53427.7
53427.7
53427.7
53427.7
53427.7
53427.7
53427.7
53427.8
53427.6
53427.7
53427.7
53427.7
53427.7
53427.7
53427.7
53427.7
53427.8
53427.6
53427.7
53427.7
53427.7
53427.7
53427.7
53427.7
53427.7
53427.8
53711.8
53711.9
53711.9
53711.9
53711.8
53711.8
53711.8
53711.9
53711.9
53711.8
53711.9
53711.9
53711.9
53711.8
53711.8
53711.8
53711.9
53711.9
53711.8
53711.9
53711.9
53711.9
53711.8
53711.8
53711.8
53711.9
53711.9
53711.8
53711.9
53711.9
53711.9
53711.8
53711.8
53711.8
53711.9
53711.9
53046.9
53046.9
53046.8
53046.8
53046.8
53046.9
53046.9
53046.9
53046.9
53046.9
53046.9
53046.8
53046.8
53046.8
53046.9
53046.9
53046.9
53046.9
53046.9
53046.9
53046.8
53046.8
53046.8
53046.9
53046.9
53046.9
53046.9
53046.9
53046.9
53046.8
53046.8
53046.8
53046.9
53046.9
53046.9
53046.9
51378.6
51378.6
51378.5
51378.5
51378.6
51378.6
51378.7
51378.6
51378.6
51378.6
51378.6
51378.5
51378.5
51378.6
51378.6
51378.7
51378.6
51378.6
51378.6
51378.6
51378.5
51378.5
51378.6
51378.6
51378.7
51378.6
51378.6
51378.6
51378.6
51378.5
51378.5
51378.6
51378.6
51378.7
51378.6
51378.6
49061.6
49061.6
49061.6
49061.7
49061.6
49061.5
49061.6
49061.6
49061.6
49061.6
49061.6
49061.6
49061.7
49061.6
49061.5
49061.6
49061.6
49061.6
49061.6
49061.6
49061.6
49061.7
49061.6
49061.5
49061.6
49061.6
49061.6
49061.6
49061.6
49061.6
49061.7
49061.6
49061.5
49061.6
49061.6
49061.6
46933.4
46933.4
46933.5
46933.5
46933.4
46933.4
46933.4
46933.4
46933.5
46933.4
46933.4
46933.5
46933.5
46933.4
46933.4
46933.4
46933.4
46933.5
46933.4
46933.4
46933.5
46933.5
46933.4
46933.4
46933.4
46933.4
46933.5
46933.4
46933.4
46933.5
46933.5
46933.4
46933.4
46933.4
46933.4
46933.5
45805.1
45805.1
45805.2
45805.2
45805.2
45805.1
45805.1
45805.1
45805.1
45805.1
45805.1
45805.2
45805.2
45805.2
45805.1
45805.1
45805.1
45805.1
45805.1
45805.1
45805.2
45805.2
45805.2
45805.1
45805.1
45805.1
45805.1
45805.1
45805.1
45805.2
45805.2
45805.2
45805.1
45805.1
45805.1
45805.1
45863.8
45863.8
45863.9
45863.9
45863.9
45863.8
45863.8
45863.8
45863.8
45863.8
45863.8
45863.9
45863.9
45863.9
45863.8
45863.8
45863.8
45863.8
45863.8
45863.8
45863.9
45863.9
45863.9
45863.8
45863.8
45863.8
45863.8
45863.8
45863.8
45863.9
45863.9
45863.9
45863.8
45863.8
45863.8
45863.8
46845.8
46845.8
46845.9
46845.9
46845.9
46845.8
46845.8
46845.8
46845.8
46845.8
46845.8
46845.9
46845.9
46845.9
46845.8
46845.8
46845.8
46845.8
46845.8
46845.8
46845.9
46845.9
46845.9
46845.8
46845.8
46845.8
46845.8
46845.8
46845.8
46845.9
46845.9
46845.9
46845.8
46845.8
46845.8
46845.8
48367.4
48367.4
48367.5
48367.6
48367.6
48367.5
48367.5
48367.4
48367.4
48367.4
48367.4
48367.5
48367.6
48367.6
48367.5
48367.5
48367.4
48367.4
48367.4
48367.4
48367.5
48367.6
48367.6
48367.5
48367.5
48367.4
48367.4
48367.4
48367.4
48367.5
48367.6
48367.6
48367.5
48367.5
48367.4
48367.4
47661.9
47661.9
47661.9
47661.9
47661.8
47661.9
47661.8
47661.8
47661.8
47661.9
47661.9
47661.9
47661.9
47661.8
47661.9
47661.8
47661.8
47661.8
47661.9
47661.9
47661.9
47661.9
47661.8
47661.9
47661.8
47661.8
47661.8
47661.9
47661.9
47661.9
47661.9
47661.8
47661.9
47661.8
47661.8
47661.8
)
;
    }
    outside
    {
        type            calculated;
        value           nonuniform List<scalar> 
540
(
49374.1
49374.1
49374.1
49374.1
49374.1
49374.1
49374.1
49374.1
49374.1
49374.1
49374.1
49374.1
49374.1
49374.1
49374.1
49374.1
49374.1
49374.1
49374.1
49374.1
49374.1
49374.1
49374.1
49374.1
49374.1
49374.1
49374.1
49374.1
49374.1
49374.1
49374.1
49374.1
49374.1
49374.1
49374.1
49374.1
50271
50271
50271
50271.1
50271
50271
50271
50271
50271
50271
50271
50271
50271.1
50271
50271
50271
50271
50271
50271
50271
50271
50271.1
50271
50271
50271
50271
50271
50271
50271
50271
50271.1
50271
50271
50271
50271
50271
51474.5
51474.5
51474.5
51474.5
51474.5
51474.5
51474.4
51474.5
51474.5
51474.5
51474.5
51474.5
51474.5
51474.5
51474.5
51474.4
51474.5
51474.5
51474.5
51474.5
51474.5
51474.5
51474.5
51474.5
51474.4
51474.5
51474.5
51474.5
51474.5
51474.5
51474.5
51474.5
51474.5
51474.4
51474.5
51474.5
52478.5
52478.4
52478.5
52478.5
52478.5
52478.5
52478.5
52478.6
52478.5
52478.5
52478.4
52478.5
52478.5
52478.5
52478.5
52478.5
52478.6
52478.5
52478.5
52478.4
52478.5
52478.5
52478.5
52478.5
52478.5
52478.6
52478.5
52478.5
52478.4
52478.5
52478.5
52478.5
52478.5
52478.5
52478.6
52478.5
52786.5
52786.4
52786.4
52786.5
52786.4
52786.4
52786.5
52786.5
52786.5
52786.4
52786.4
52786.4
52786.5
52786.4
52786.4
52786.5
52786.5
52786.5
52786.4
52786.4
52786.4
52786.5
52786.4
52786.4
52786.5
52786.5
52786.5
52786.5
52786.4
52786.4
52786.5
52786.4
52786.4
52786.5
52786.5
52786.5
52319.8
52319.8
52319.7
52319.7
52319.7
52319.8
52319.8
52319.8
52319.8
52319.8
52319.8
52319.7
52319.7
52319.7
52319.8
52319.8
52319.8
52319.8
52319.8
52319.8
52319.7
52319.7
52319.7
52319.8
52319.8
52319.8
52319.8
52319.8
52319.8
52319.7
52319.7
52319.7
52319.8
52319.8
52319.8
52319.8
51278
51278
51277.9
51277.9
51277.9
51278
51278
51278
51278
51278
51278
51277.9
51277.9
51277.9
51278
51278
51278
51278
51278
51278
51277.9
51277.9
51277.9
51278
51278
51278
51278
51278
51278
51277.9
51277.9
51277.9
51278
51278
51278
51278
49943.1
49943.1
49943
49943
49943
49943.1
49943.1
49943
49943
49943.1
49943.1
49943
49943
49943
49943.1
49943.1
49943
49943
49943.1
49943.1
49943
49943
49943
49943.1
49943.1
49943
49943
49943.1
49943.1
49943
49943
49943
49943.1
49943.1
49943
49943
48655.5
48655.4
48655.4
48655.4
48655.4
48655.4
48655.4
48655.4
48655.3
48655.5
48655.4
48655.4
48655.4
48655.4
48655.4
48655.4
48655.4
48655.3
48655.5
48655.4
48655.4
48655.4
48655.4
48655.4
48655.4
48655.4
48655.3
48655.5
48655.4
48655.4
48655.4
48655.4
48655.4
48655.4
48655.4
48655.3
47821.9
47821.9
47821.9
47822
47821.9
47821.9
47821.9
47822
47821.9
47821.9
47821.9
47821.9
47822
47821.9
47821.9
47821.9
47822
47821.9
47821.9
47821.9
47821.9
47822
47821.9
47821.9
47821.9
47822
47821.9
47821.9
47821.9
47821.9
47822
47821.9
47821.9
47821.9
47822
47821.9
47865.1
47865.1
47865.2
47865.2
47865.2
47865.2
47865.1
47865.2
47865.2
47865.1
47865.1
47865.2
47865.2
47865.2
47865.2
47865.1
47865.2
47865.2
47865.1
47865.1
47865.2
47865.2
47865.2
47865.2
47865.1
47865.2
47865.2
47865.1
47865.1
47865.2
47865.2
47865.2
47865.2
47865.1
47865.2
47865.2
49291.7
49291.9
49291.9
49291.9
49291.9
49291.9
49291.8
49291.8
49291.9
49291.7
49291.8
49291.9
49291.9
49291.9
49291.9
49291.8
49291.8
49291.9
49291.7
49291.8
49291.9
49291.9
49291.9
49291.9
49291.8
49291.8
49291.9
49291.7
49291.9
49291.9
49291.9
49291.9
49291.9
49291.8
49291.8
49291.9
53695.4
53695.8
53695.8
53695.7
53695.8
53695.8
53695.5
53695.1
53695.3
53695.4
53695.8
53695.8
53695.7
53695.8
53695.8
53695.5
53695.1
53695.3
53695.4
53695.8
53695.8
53695.7
53695.8
53695.8
53695.5
53695.1
53695.3
53695.4
53695.8
53695.8
53695.7
53695.8
53695.8
53695.5
53695.1
53695.3
72735.2
72738.1
72740.4
72738.5
72734.6
72735.8
72736.8
72731.8
72729
72735.2
72738
72740.4
72738.5
72734.6
72735.8
72736.8
72731.8
72729
72735.2
72738
72740.4
72738.5
72734.6
72735.8
72736.9
72731.9
72729
72735.2
72738
72740.4
72738.5
72734.6
72735.8
72736.9
72731.9
72729.1
1.17171e+06
1.17291e+06
1.17381e+06
1.17252e+06
1.17175e+06
1.17319e+06
1.17349e+06
1.17213e+06
1.17149e+06
1.1717e+06
1.17291e+06
1.17382e+06
1.17253e+06
1.17177e+06
1.1732e+06
1.1735e+06
1.17214e+06
1.17149e+06
1.17171e+06
1.17292e+06
1.17383e+06
1.17254e+06
1.17177e+06
1.1732e+06
1.1735e+06
1.17214e+06
1.17149e+06
1.17171e+06
1.17291e+06
1.17382e+06
1.17253e+06
1.17176e+06
1.17319e+06
1.17349e+06
1.17213e+06
1.17149e+06
)
;
    }
}


// ************************************************************************* //
