/*--------------------------------*- C++ -*----------------------------------*\
| =========                 |                                                 |
| \\      /  F ield         | OpenFOAM: The Open Source CFD Toolbox           |
|  \\    /   O peration     | Version:  2412                                  |
|   \\  /    A nd           | Website:  www.openfoam.com                      |
|    \\/     M anipulation  |                                                 |
\*---------------------------------------------------------------------------*/
FoamFile
{
    version     2.0;
    format      ascii;
    arch        "LSB;label=32;scalar=64";
    class       volScalarField;
    location    "0.0149845";
    object      Vm_0;
}
// * * * * * * * * * * * * * * * * * * * * * * * * * * * * * * * * * * * * * //

dimensions      [1 2 -3 0 0 -1 0];

internalField   nonuniform List<scalar> 
8796
(
-0.084
-0.084
-0.084
-0.084
-0.084
-0.084
-0.084
-0.084
-0.084
-0.084
-0.084
-0.084
-0.084
-0.084
-0.084
-0.084
-0.084
-0.084
-0.084
-0.084
-0.084
-0.084
-0.084
-0.084
-0.084
-0.084
-0.084
-0.084
-0.084
-0.084
-0.084
-0.084
-0.084
-0.084
-0.084
-0.084
-0.084
-0.084
-0.084
-0.084
-0.084
-0.084
-0.084
-0.084
-0.084
-0.084
-0.084
-0.084
-0.084
-0.084
-0.084
-0.084
-0.084
-0.084
-0.084
-0.084
-0.084
-0.084
-0.084
-0.084
-0.084
-0.084
-0.084
-0.084
-0.084
-0.084
-0.084
-0.084
-0.084
-0.084
-0.084
-0.084
-0.084
-0.084
-0.084
-0.084
-0.084
-0.084
-0.084
-0.084
-0.084
-0.084
-0.084
-0.084
-0.084
-0.084
-0.084
-0.084
-0.084
-0.084
-0.084
-0.084
-0.084
-0.084
-0.084
-0.084
-0.084
-0.084
-0.084
-0.084
-0.084
-0.084
-0.084
-0.084
-0.084
-0.084
-0.084
-0.084
-0.084
-0.084
-0.084
-0.084
-0.084
-0.084
-0.084
-0.084
-0.084
-0.084
-0.084
-0.084
-0.084
-0.084
-0.084
-0.084
-0.084
-0.084
-0.084
-0.084
-0.084
-0.084
-0.084
-0.084
-0.084
-0.084
-0.084
-0.084
-0.084
-0.084
-0.084
-0.084
-0.084
-0.084
-0.084
-0.084
-0.084
-0.084
-0.084
-0.084
-0.084
-0.084
-0.084
-0.084
-0.084
-0.084
-0.084
-0.084
-0.084
-0.084
-0.084
-0.084
-0.084
-0.084
-0.084
-0.084
-0.084
-0.084
-0.084
-0.084
-0.084
-0.084
-0.084
-0.084
-0.084
-0.084
-0.084
-0.084
-0.084
-0.084
-0.084
-0.084
-0.084
-0.084
-0.084
-0.084
-0.084
-0.084
-0.084
-0.084
-0.084
-0.084
-0.084
-0.084
-0.084
-0.084
-0.084
-0.084
-0.084
-0.084
-0.084
-0.084
-0.084
-0.084
-0.084
-0.084
-0.084
-0.084
-0.084
-0.084
-0.084
-0.084
-0.084
-0.084
-0.084
-0.084
-0.084
-0.084
-0.084
-0.084
-0.084
-0.084
-0.084
-0.084
-0.084
-0.084
-0.084
-0.084
-0.084
-0.084
-0.084
-0.084
-0.084
-0.084
-0.084
-0.084
-0.084
-0.084
-0.084
-0.084
-0.084
-0.084
-0.084
-0.084
-0.084
-0.084
-0.084
-0.084
-0.084
-0.084
-0.084
-0.084
-0.084
-0.084
-0.084
-0.084
-0.084
-0.084
-0.084
-0.084
-0.084
-0.084
-0.084
-0.084
-0.084
-0.084
-0.084
-0.084
-0.084
-0.084
-0.084
-0.084
-0.084
-0.084
-0.084
-0.084
-0.084
-0.084
-0.084
-0.084
-0.084
-0.084
-0.084
-0.084
-0.084
-0.084
-0.084
-0.084
-0.084
-0.084
-0.084
-0.084
-0.084
-0.084
-0.084
-0.084
-0.084
-0.084
-0.084
-0.084
-0.084
-0.084
-0.084
-0.084
-0.084
-0.084
-0.084
-0.084
-0.084
-0.084
-0.084
-0.084
-0.084
-0.084
-0.084
-0.084
-0.084
-0.084
-0.084
-0.084
-0.084
-0.084
-0.084
-0.084
-0.084
-0.084
-0.084
-0.084
-0.084
-0.084
-0.084
-0.084
-0.084
-0.084
-0.084
-0.084
-0.084
-0.084
-0.084
-0.084
-0.084
-0.084
-0.084
-0.084
-0.084
-0.084
-0.084
-0.084
-0.084
-0.084
-0.084
-0.084
-0.084
-0.084
-0.084
-0.084
-0.084
-0.084
-0.084
-0.084
-0.084
-0.084
-0.084
-0.084
-0.084
-0.084
-0.084
-0.084
-0.084
-0.084
-0.084
-0.084
-0.084
-0.084
-0.084
-0.084
-0.084
-0.084
-0.084
-0.084
-0.084
-0.084
-0.084
-0.084
-0.084
-0.084
-0.084
-0.084
-0.084
-0.084
-0.084
-0.084
-0.084
-0.084
-0.084
-0.084
-0.084
-0.084
-0.084
-0.084
-0.084
-0.084
-0.084
-0.084
-0.084
-0.084
-0.084
-0.084
-0.084
-0.084
-0.084
-0.084
-0.084
-0.084
-0.084
-0.084
-0.084
-0.084
-0.084
-0.084
-0.084
-0.084
-0.084
-0.084
-0.084
-0.084
-0.084
-0.084
-0.084
-0.084
-0.084
-0.084
-0.084
-0.084
-0.084
-0.084
-0.084
-0.084
-0.084
-0.084
-0.084
-0.084
-0.084
-0.084
-0.084
-0.084
-0.084
-0.084
-0.084
-0.084
-0.084
-0.084
-0.084
-0.084
-0.084
-0.084
-0.084
-0.084
-0.084
-0.084
-0.084
-0.084
-0.084
-0.084
-0.084
-0.084
-0.084
-0.084
-0.084
-0.084
-0.084
-0.084
-0.084
-0.084
-0.084
-0.084
-0.084
-0.084
-0.084
-0.084
-0.084
-0.084
-0.084
-0.084
-0.084
-0.084
-0.084
-0.084
-0.084
-0.084
-0.084
-0.084
-0.084
-0.084
-0.084
-0.084
-0.084
-0.084
-0.084
-0.084
-0.084
-0.084
-0.084
-0.084
-0.084
-0.084
-0.084
-0.084
-0.084
-0.084
-0.084
-0.084
-0.084
-0.084
-0.084
-0.084
-0.084
-0.084
-0.084
-0.084
-0.084
-0.084
-0.084
-0.084
-0.084
-0.084
-0.084
-0.084
-0.084
-0.084
-0.084
-0.084
-0.084
-0.084
-0.084
-0.084
-0.084
-0.084
-0.084
-0.084
-0.084
-0.084
-0.084
-0.084
-0.084
-0.084
-0.084
-0.084
-0.084
-0.084
-0.084
-0.084
-0.084
-0.084
-0.084
-0.084
-0.084
-0.084
-0.084
-0.084
-0.084
-0.084
-0.084
-0.084
-0.084
-0.084
-0.084
-0.084
-0.084
-0.084
-0.084
-0.084
-0.084
-0.084
-0.084
-0.084
-0.084
-0.084
-0.084
-0.084
-0.084
-0.084
-0.084
-0.084
-0.084
-0.084
-0.084
-0.084
-0.084
-0.084
-0.084
-0.084
-0.084
-0.084
-0.084
-0.084
-0.084
-0.084
-0.084
-0.084
-0.084
-0.084
-0.084
-0.084
-0.084
-0.084
-0.084
-0.084
-0.084
-0.084
-0.084
-0.084
-0.084
-0.084
-0.084
-0.084
-0.084
-0.084
-0.084
-0.084
-0.084
-0.084
-0.084
-0.084
-0.084
-0.084
-0.084
-0.084
-0.084
-0.084
-0.084
-0.084
-0.084
-0.084
-0.084
-0.084
-0.084
-0.084
-0.084
-0.084
-0.084
-0.084
-0.084
-0.084
-0.084
-0.084
-0.084
-0.084
-0.084
-0.084
-0.084
-0.084
-0.084
-0.084
-0.084
-0.084
-0.084
-0.084
-0.084
-0.084
-0.084
-0.084
-0.084
-0.084
-0.084
-0.084
-0.084
-0.084
-0.084
-0.084
-0.084
-0.084
-0.084
-0.084
-0.084
-0.084
-0.084
-0.084
-0.084
-0.084
-0.084
-0.084
-0.084
-0.084
-0.084
-0.084
-0.084
-0.084
-0.084
-0.084
-0.084
-0.084
-0.084
-0.084
-0.084
-0.084
-0.084
-0.084
-0.084
-0.084
-0.084
-0.084
-0.084
-0.084
-0.084
-0.084
-0.084
-0.084
-0.084
-0.084
-0.084
-0.084
-0.084
-0.084
-0.084
-0.084
-0.084
-0.084
-0.084
-0.084
-0.084
-0.084
-0.084
-0.084
-0.084
-0.084
-0.084
-0.084
-0.084
-0.084
-0.084
-0.084
-0.084
-0.084
-0.084
-0.084
-0.084
-0.084
-0.084
-0.084
-0.084
-0.084
-0.084
-0.084
-0.084
-0.084
-0.084
-0.084
-0.084
-0.084
-0.084
-0.084
-0.084
-0.084
-0.084
-0.084
-0.084
-0.084
-0.084
-0.084
-0.084
-0.084
-0.084
-0.084
-0.084
-0.084
-0.084
-0.084
-0.084
-0.084
-0.084
-0.084
-0.084
-0.084
-0.084
-0.084
-0.084
-0.084
-0.084
-0.084
-0.084
-0.084
-0.084
-0.084
-0.084
-0.084
-0.084
-0.084
-0.084
-0.084
-0.084
-0.084
-0.084
-0.084
-0.084
-0.084
-0.084
-0.084
-0.084
-0.084
-0.084
-0.084
-0.084
-0.084
-0.084
-0.084
-0.084
-0.084
-0.084
-0.084
-0.084
-0.084
-0.084
-0.084
-0.084
-0.084
-0.084
-0.084
-0.084
-0.084
-0.084
-0.084
-0.084
-0.084
-0.084
-0.084
-0.084
-0.084
-0.084
-0.084
-0.084
-0.084
-0.084
-0.084
-0.084
-0.084
-0.084
-0.084
-0.084
-0.084
-0.084
-0.084
-0.084
-0.084
-0.084
-0.084
-0.084
-0.084
-0.084
-0.084
-0.084
-0.084
-0.084
-0.084
-0.084
-0.084
-0.084
-0.084
-0.084
-0.084
-0.084
-0.084
-0.084
-0.084
-0.084
-0.084
-0.084
-0.084
-0.084
-0.084
-0.084
-0.084
-0.084
-0.084
-0.084
-0.084
-0.084
-0.084
-0.084
-0.084
-0.084
-0.084
-0.084
-0.084
-0.084
-0.084
-0.084
-0.084
-0.084
-0.084
-0.084
-0.084
-0.084
-0.084
-0.084
-0.084
-0.084
-0.084
-0.084
-0.084
-0.084
-0.084
-0.084
-0.084
-0.084
-0.084
-0.084
-0.084
-0.084
-0.084
-0.084
-0.084
-0.084
-0.084
-0.084
-0.084
-0.084
-0.084
-0.084
-0.084
-0.084
-0.084
-0.084
-0.084
-0.084
-0.084
-0.084
-0.084
-0.084
-0.084
-0.084
-0.084
-0.084
-0.084
-0.084
-0.084
-0.084
-0.084
-0.084
-0.084
-0.084
-0.084
-0.084
-0.084
-0.084
-0.084
-0.084
-0.084
-0.084
-0.084
-0.084
-0.084
-0.084
-0.084
-0.084
-0.084
-0.084
-0.084
-0.084
-0.084
-0.084
-0.084
-0.084
-0.084
-0.084
-0.084
-0.084
-0.084
-0.084
-0.084
-0.084
-0.084
-0.084
-0.084
-0.084
-0.084
-0.084
-0.084
-0.084
-0.084
-0.084
-0.084
-0.084
-0.084
-0.084
-0.084
-0.084
-0.084
-0.084
-0.084
-0.084
-0.084
-0.084
-0.084
-0.084
-0.084
-0.084
-0.084
-0.084
-0.084
-0.084
-0.084
-0.084
-0.084
-0.084
-0.084
-0.084
-0.084
-0.084
-0.084
-0.084
-0.084
-0.084
-0.084
-0.084
-0.084
-0.084
-0.084
-0.084
-0.084
-0.084
-0.084
-0.084
-0.084
-0.084
-0.084
-0.084
-0.084
-0.084
-0.084
-0.084
-0.084
-0.084
-0.084
-0.084
-0.084
-0.084
-0.084
-0.084
-0.084
-0.084
-0.084
-0.084
-0.084
-0.084
-0.084
-0.084
-0.084
-0.084
-0.084
-0.084
-0.084
-0.084
-0.084
-0.084
-0.084
-0.084
-0.084
-0.084
-0.084
-0.084
-0.084
-0.084
-0.084
-0.084
-0.084
-0.084
-0.084
-0.084
-0.084
-0.084
-0.084
-0.084
-0.084
-0.084
-0.084
-0.084
-0.084
-0.084
-0.084
-0.084
-0.084
-0.084
-0.084
-0.084
-0.084
-0.084
-0.084
-0.084
-0.084
-0.084
-0.084
-0.084
-0.084
-0.084
-0.084
-0.084
-0.084
-0.084
-0.084
-0.084
-0.084
-0.084
-0.084
-0.084
-0.084
-0.084
-0.084
-0.084
-0.084
-0.084
-0.084
-0.084
-0.084
-0.084
-0.084
-0.084
-0.084
-0.084
-0.084
-0.084
-0.084
-0.084
-0.084
-0.084
-0.084
-0.084
-0.084
-0.084
-0.084
-0.084
-0.084
-0.084
-0.084
-0.084
-0.084
-0.084
-0.084
-0.084
-0.084
-0.084
-0.084
-0.084
-0.084
-0.084
-0.084
-0.084
-0.084
-0.084
-0.084
-0.084
-0.084
-0.084
-0.084
-0.084
-0.084
-0.084
-0.084
-0.084
-0.084
-0.084
-0.084
-0.084
-0.084
-0.084
-0.084
-0.084
-0.084
-0.084
-0.084
-0.084
-0.084
-0.084
-0.084
-0.084
-0.084
-0.084
-0.084
-0.084
-0.084
-0.084
-0.084
-0.084
-0.084
-0.084
-0.084
-0.084
-0.084
-0.084
-0.084
-0.084
-0.084
-0.084
-0.084
-0.084
-0.084
-0.084
-0.084
-0.084
-0.084
-0.084
-0.084
-0.084
-0.084
-0.084
-0.084
-0.084
-0.084
-0.084
-0.084
-0.084
-0.084
-0.084
-0.084
-0.084
-0.084
-0.084
-0.084
-0.084
-0.084
-0.084
-0.084
-0.084
-0.084
-0.084
-0.084
-0.084
-0.084
-0.084
-0.084
-0.084
-0.084
-0.084
-0.084
-0.084
-0.084
-0.084
-0.084
-0.084
-0.084
-0.084
-0.084
-0.084
-0.084
-0.084
-0.084
-0.084
-0.084
-0.084
-0.084
-0.084
-0.084
-0.084
-0.084
-0.084
-0.084
-0.084
-0.084
-0.084
-0.084
-0.084
-0.084
-0.084
-0.084
-0.084
-0.084
-0.084
-0.084
-0.084
-0.084
-0.084
-0.084
-0.084
-0.084
-0.084
-0.084
-0.084
-0.084
-0.084
-0.084
-0.084
-0.084
-0.084
-0.084
-0.084
-0.084
-0.084
-0.084
-0.084
-0.084
-0.084
-0.084
-0.084
-0.084
-0.084
-0.084
-0.084
-0.084
-0.084
-0.084
-0.084
-0.084
-0.084
-0.084
-0.084
-0.084
-0.084
-0.084
-0.084
-0.084
-0.084
-0.084
-0.084
-0.084
-0.084
-0.084
-0.084
-0.084
-0.084
-0.084
-0.084
-0.084
-0.084
-0.084
-0.084
-0.084
-0.084
-0.084
-0.084
-0.084
-0.084
-0.084
-0.084
-0.084
-0.084
-0.084
-0.084
-0.084
-0.084
-0.084
-0.084
-0.084
-0.084
-0.084
-0.084
-0.084
-0.084
-0.084
-0.084
-0.084
-0.084
-0.084
-0.084
-0.084
-0.084
-0.084
-0.084
-0.084
-0.084
-0.084
-0.084
-0.084
-0.084
-0.084
-0.084
-0.084
-0.084
-0.084
-0.084
-0.084
-0.084
-0.084
-0.084
-0.084
-0.084
-0.084
-0.084
-0.084
-0.084
-0.084
-0.084
-0.084
-0.084
-0.084
-0.084
-0.084
-0.084
-0.084
-0.084
-0.084
-0.084
-0.084
-0.084
-0.084
-0.084
-0.084
-0.084
-0.084
-0.084
-0.084
-0.084
-0.084
-0.084
-0.084
-0.084
-0.084
-0.084
-0.084
-0.084
-0.084
-0.084
-0.084
-0.084
-0.084
-0.084
-0.084
-0.084
-0.084
-0.084
-0.084
-0.084
-0.084
-0.084
-0.084
-0.084
-0.084
-0.084
-0.084
-0.084
-0.084
-0.084
-0.084
-0.084
-0.084
-0.084
-0.084
-0.084
-0.084
-0.084
-0.084
-0.084
-0.084
-0.084
-0.084
-0.084
-0.084
-0.084
-0.084
-0.084
-0.084
-0.084
-0.084
-0.084
-0.084
-0.084
-0.084
-0.084
-0.084
-0.084
-0.084
-0.084
-0.084
-0.084
-0.084
-0.084
-0.084
-0.084
-0.084
-0.084
-0.084
-0.084
-0.084
-0.084
-0.084
-0.084
-0.084
-0.084
-0.084
-0.084
-0.084
-0.084
-0.084
-0.084
-0.084
-0.084
-0.084
-0.084
-0.084
-0.084
-0.084
-0.084
-0.084
-0.084
-0.084
-0.084
-0.084
-0.084
-0.084
-0.084
-0.084
-0.084
-0.084
-0.084
-0.084
-0.084
-0.084
-0.084
-0.084
-0.084
-0.084
-0.084
-0.084
-0.084
-0.084
-0.084
-0.084
-0.084
-0.084
-0.084
-0.084
-0.084
-0.084
-0.084
-0.084
-0.084
-0.084
-0.084
-0.084
-0.084
-0.084
-0.084
-0.084
-0.084
-0.084
-0.084
-0.084
-0.084
-0.084
-0.084
-0.084
-0.084
-0.084
-0.084
-0.084
-0.084
-0.084
-0.084
-0.084
-0.084
-0.084
-0.084
-0.084
-0.084
-0.084
-0.084
-0.084
-0.084
-0.084
-0.084
-0.084
-0.084
-0.084
-0.084
-0.084
-0.084
-0.084
-0.084
-0.084
-0.084
-0.084
-0.084
-0.084
-0.084
-0.084
-0.084
-0.084
-0.084
-0.084
-0.084
-0.084
-0.084
-0.084
-0.084
-0.084
-0.084
-0.084
-0.084
-0.084
-0.084
-0.084
-0.084
-0.084
-0.084
-0.084
-0.084
-0.084
-0.084
-0.084
-0.084
-0.084
-0.084
-0.084
-0.084
-0.084
-0.084
-0.084
-0.084
-0.084
-0.084
-0.084
-0.084
-0.084
-0.084
-0.084
-0.084
-0.084
-0.084
-0.084
-0.084
-0.084
-0.084
-0.084
-0.084
-0.084
-0.084
-0.084
-0.084
-0.084
-0.084
-0.084
-0.084
-0.084
-0.084
-0.084
-0.084
-0.084
-0.084
-0.084
-0.084
-0.084
-0.084
-0.084
-0.084
-0.084
-0.084
-0.084
-0.084
-0.084
-0.084
-0.084
-0.084
-0.084
-0.084
-0.084
-0.084
-0.084
-0.084
-0.084
-0.084
-0.084
-0.084
-0.084
-0.084
-0.084
-0.084
-0.084
-0.084
-0.084
-0.084
-0.084
-0.084
-0.084
-0.084
-0.084
-0.084
-0.084
-0.084
-0.084
-0.084
-0.084
-0.084
-0.084
-0.084
-0.084
-0.084
-0.084
-0.084
-0.084
-0.084
-0.084
-0.084
-0.084
-0.084
-0.084
-0.084
-0.084
-0.084
-0.084
-0.084
-0.084
-0.084
-0.084
-0.084
-0.084
-0.084
-0.084
-0.084
-0.084
-0.084
-0.084
-0.084
-0.084
-0.084
-0.084
-0.084
-0.084
-0.084
-0.084
-0.084
-0.084
-0.084
-0.084
-0.084
-0.084
-0.084
-0.084
-0.084
-0.084
-0.084
-0.084
-0.084
-0.084
-0.084
-0.084
-0.084
-0.084
-0.084
-0.084
-0.084
-0.084
-0.084
-0.084
-0.084
-0.084
-0.084
-0.084
-0.084
-0.084
-0.084
-0.084
-0.084
-0.084
-0.084
-0.084
-0.084
-0.084
-0.084
-0.084
-0.084
-0.084
-0.084
-0.084
-0.084
-0.084
-0.084
-0.084
-0.084
-0.084
-0.084
-0.084
-0.084
-0.084
-0.084
-0.084
-0.084
-0.084
-0.084
-0.084
-0.084
-0.084
-0.084
-0.084
-0.084
-0.084
-0.084
-0.084
-0.084
-0.084
-0.084
-0.084
-0.084
-0.084
-0.084
-0.084
-0.084
-0.084
-0.084
-0.084
-0.084
-0.084
-0.084
-0.084
-0.084
-0.084
-0.084
-0.084
-0.084
-0.084
-0.084
-0.084
-0.084
-0.084
-0.084
-0.084
-0.084
-0.084
-0.084
-0.084
-0.084
-0.084
-0.084
-0.084
-0.084
-0.084
-0.084
-0.084
-0.084
-0.084
-0.084
-0.084
-0.084
-0.084
-0.084
-0.084
-0.084
-0.084
-0.084
-0.084
-0.084
-0.084
-0.084
-0.084
-0.084
-0.084
-0.084
-0.084
-0.084
-0.084
-0.084
-0.084
-0.084
-0.084
-0.084
-0.084
-0.084
-0.084
-0.084
-0.084
-0.084
-0.084
-0.084
-0.084
-0.084
-0.084
-0.084
-0.084
-0.084
-0.084
-0.084
-0.084
-0.084
-0.084
-0.084
-0.084
-0.084
-0.084
-0.084
-0.084
-0.084
-0.084
-0.084
-0.084
-0.084
-0.084
-0.084
-0.084
-0.084
-0.084
-0.084
-0.084
-0.084
-0.084
-0.084
-0.084
-0.084
-0.084
-0.084
-0.084
-0.084
-0.084
-0.084
-0.084
-0.084
-0.084
-0.084
-0.084
-0.084
-0.084
-0.084
-0.084
-0.084
-0.084
-0.084
-0.084
-0.084
-0.084
-0.084
-0.084
-0.084
-0.084
-0.084
-0.084
-0.084
-0.084
-0.084
-0.084
-0.084
-0.084
-0.084
-0.084
-0.084
-0.084
-0.084
-0.084
-0.084
-0.084
-0.084
-0.084
-0.084
-0.084
-0.084
-0.084
-0.084
-0.084
-0.084
-0.084
-0.084
-0.084
-0.084
-0.084
-0.084
-0.084
-0.084
-0.084
-0.084
-0.084
-0.084
-0.084
-0.084
-0.084
-0.084
-0.084
-0.084
-0.084
-0.084
-0.084
-0.084
-0.084
-0.084
-0.084
-0.084
-0.084
-0.084
-0.084
-0.084
-0.084
-0.084
-0.084
-0.084
-0.084
-0.084
-0.084
-0.084
-0.084
-0.084
-0.084
-0.084
-0.084
-0.084
-0.084
-0.084
-0.084
-0.084
-0.084
-0.084
-0.084
-0.084
-0.084
-0.084
-0.084
-0.084
-0.084
-0.084
-0.084
-0.084
-0.084
-0.084
-0.084
-0.084
-0.084
-0.084
-0.084
-0.084
-0.084
-0.084
-0.084
-0.084
-0.084
-0.084
-0.084
-0.084
-0.084
-0.084
-0.084
-0.084
-0.084
-0.084
-0.084
-0.084
-0.084
-0.084
-0.084
-0.084
-0.084
-0.084
-0.084
-0.084
-0.084
-0.084
-0.084
-0.084
-0.084
-0.084
-0.084
-0.084
-0.084
-0.084
-0.084
-0.084
-0.084
-0.084
-0.084
-0.084
-0.084
-0.084
-0.084
-0.084
-0.084
-0.084
-0.084
-0.084
-0.084
-0.084
-0.084
-0.084
-0.084
-0.084
-0.084
-0.084
-0.084
-0.084
-0.084
-0.084
-0.084
-0.084
-0.084
-0.084
-0.084
-0.084
-0.084
-0.084
-0.084
-0.084
-0.084
-0.084
-0.084
-0.084
-0.084
-0.084
-0.084
-0.084
-0.084
-0.084
-0.084
-0.084
-0.084
-0.084
-0.084
-0.084
-0.084
-0.084
-0.084
-0.084
-0.084
-0.084
-0.084
-0.084
-0.084
-0.084
-0.084
-0.084
-0.084
-0.084
-0.084
-0.084
-0.084
-0.084
-0.084
-0.084
-0.084
-0.084
-0.084
-0.084
-0.084
-0.084
-0.084
-0.084
-0.084
-0.084
-0.084
-0.084
-0.084
-0.084
-0.084
-0.084
-0.084
-0.084
-0.084
-0.084
-0.084
-0.084
-0.084
-0.084
-0.084
-0.084
-0.084
-0.084
-0.084
-0.084
-0.084
-0.084
-0.084
-0.084
-0.084
-0.084
-0.084
-0.084
-0.084
-0.084
-0.084
-0.084
-0.084
-0.084
-0.084
-0.084
-0.084
-0.084
-0.084
-0.084
-0.084
-0.084
-0.084
-0.084
-0.084
-0.084
-0.084
-0.084
-0.084
-0.084
-0.084
-0.084
-0.084
-0.084
-0.084
-0.084
-0.084
-0.084
-0.084
-0.084
-0.084
-0.084
-0.084
-0.084
-0.084
-0.084
-0.084
-0.084
-0.084
-0.084
-0.084
-0.084
-0.084
-0.084
-0.084
-0.084
-0.084
-0.084
-0.084
-0.084
-0.084
-0.084
-0.084
-0.084
-0.084
-0.084
-0.084
-0.084
-0.084
-0.084
-0.084
-0.084
-0.084
-0.084
-0.084
-0.084
-0.084
-0.084
-0.084
-0.084
-0.084
-0.084
-0.084
-0.084
-0.084
-0.084
-0.084
-0.084
-0.084
-0.084
-0.084
-0.084
-0.084
-0.084
-0.084
-0.084
-0.084
-0.084
-0.084
-0.084
-0.084
-0.084
-0.084
-0.084
-0.084
-0.084
-0.084
-0.084
-0.084
-0.084
-0.084
-0.084
-0.084
-0.084
-0.084
-0.084
-0.084
-0.084
-0.084
-0.084
-0.084
-0.084
-0.084
-0.084
-0.084
-0.084
-0.084
-0.084
-0.084
-0.084
-0.084
-0.084
-0.084
-0.084
-0.084
-0.084
-0.084
-0.084
-0.084
-0.084
-0.084
-0.084
-0.084
-0.084
-0.084
-0.084
-0.084
-0.084
-0.084
-0.084
-0.084
-0.084
-0.084
-0.084
-0.084
-0.084
-0.084
-0.084
-0.084
-0.084
-0.084
-0.084
-0.084
-0.084
-0.084
-0.084
-0.084
-0.084
-0.084
-0.084
-0.084
-0.084
-0.084
-0.084
-0.084
-0.084
-0.084
-0.084
-0.084
-0.084
-0.084
-0.084
-0.084
-0.084
-0.084
-0.084
-0.084
-0.084
-0.084
-0.084
-0.084
-0.084
-0.084
-0.084
-0.084
-0.084
-0.084
-0.084
-0.084
-0.084
-0.084
-0.084
-0.084
-0.084
-0.084
-0.084
-0.084
-0.084
-0.084
-0.084
-0.084
-0.084
-0.084
-0.084
-0.084
-0.084
-0.084
-0.084
-0.084
-0.084
-0.084
-0.084
-0.084
-0.084
-0.084
-0.084
-0.084
-0.084
-0.084
-0.084
-0.084
-0.084
-0.084
-0.084
-0.084
-0.084
-0.084
-0.084
-0.084
-0.084
-0.084
-0.084
-0.084
-0.084
-0.084
-0.084
-0.084
-0.084
-0.084
-0.084
-0.084
-0.084
-0.084
-0.084
-0.084
-0.084
-0.084
-0.084
-0.084
-0.084
-0.084
-0.084
-0.084
-0.084
-0.084
-0.084
-0.084
-0.084
-0.084
-0.084
-0.084
-0.084
-0.084
-0.084
-0.084
-0.084
-0.084
-0.084
-0.084
-0.084
-0.084
-0.084
-0.084
-0.084
-0.084
-0.084
-0.084
-0.084
-0.084
-0.084
-0.084
-0.084
-0.084
-0.084
-0.084
-0.084
-0.084
-0.084
-0.084
-0.084
-0.084
-0.084
-0.084
-0.084
-0.084
-0.084
-0.084
-0.084
-0.084
-0.084
-0.084
-0.084
-0.084
-0.084
-0.084
-0.084
-0.084
-0.084
-0.084
-0.084
-0.084
-0.084
-0.084
-0.084
-0.084
-0.084
-0.084
-0.084
-0.084
-0.084
-0.084
-0.084
-0.084
-0.084
-0.084
-0.084
-0.084
-0.084
-0.084
-0.084
-0.084
-0.084
-0.084
-0.084
-0.084
-0.084
-0.084
-0.084
-0.084
-0.084
-0.084
-0.084
-0.084
-0.084
-0.084
-0.084
-0.084
-0.084
-0.084
-0.084
-0.084
-0.084
-0.084
-0.084
-0.084
-0.084
-0.084
-0.084
-0.084
-0.084
-0.084
-0.084
-0.084
-0.084
-0.084
-0.084
-0.084
-0.084
-0.084
-0.084
-0.084
-0.084
-0.084
-0.084
-0.084
-0.084
-0.084
-0.084
-0.084
-0.084
-0.084
-0.084
-0.084
-0.084
-0.084
-0.084
-0.084
-0.084
-0.084
-0.084
-0.084
-0.084
-0.084
-0.084
-0.084
-0.084
-0.084
-0.084
-0.084
-0.084
-0.084
-0.084
-0.084
-0.084
-0.084
-0.084
-0.084
-0.084
-0.084
-0.084
-0.084
-0.084
-0.084
-0.084
-0.084
-0.084
-0.084
-0.084
-0.084
-0.084
-0.084
-0.084
-0.084
-0.084
-0.084
-0.084
-0.084
-0.084
-0.084
-0.084
-0.084
-0.084
-0.084
-0.084
-0.084
-0.084
-0.084
-0.084
-0.084
-0.084
-0.084
-0.084
-0.084
-0.084
-0.084
-0.084
-0.084
-0.084
-0.084
-0.084
-0.084
-0.084
-0.084
-0.084
-0.084
-0.084
-0.084
-0.084
-0.084
-0.084
-0.084
-0.084
-0.084
-0.084
-0.084
-0.084
-0.084
-0.084
-0.084
-0.084
-0.084
-0.084
-0.084
-0.084
-0.084
-0.084
-0.084
-0.084
-0.084
-0.084
-0.084
-0.084
-0.084
-0.084
-0.084
-0.084
-0.084
-0.084
-0.084
-0.084
-0.084
-0.084
-0.084
-0.084
-0.084
-0.084
-0.084
-0.084
-0.084
-0.084
-0.084
-0.084
-0.084
-0.084
-0.084
-0.084
-0.084
-0.084
-0.084
-0.084
-0.084
-0.084
-0.084
-0.084
-0.084
-0.084
-0.084
-0.084
-0.084
-0.084
-0.084
-0.084
-0.084
-0.084
-0.084
-0.084
-0.084
-0.084
-0.084
-0.084
-0.084
-0.084
-0.084
-0.084
-0.084
-0.084
-0.084
-0.084
-0.084
-0.084
-0.084
-0.084
-0.084
-0.084
-0.084
-0.084
-0.084
-0.084
-0.084
-0.084
-0.084
-0.084
-0.084
-0.084
-0.084
-0.084
-0.084
-0.084
-0.084
-0.084
-0.084
-0.084
-0.084
-0.084
-0.084
-0.084
-0.084
-0.084
-0.084
-0.084
-0.084
-0.084
-0.084
-0.084
-0.084
-0.084
-0.084
-0.084
-0.084
-0.084
-0.084
-0.084
-0.084
-0.084
-0.084
-0.084
-0.084
-0.084
-0.084
-0.084
-0.084
-0.084
-0.084
-0.084
-0.084
-0.084
-0.084
-0.084
-0.084
-0.084
-0.084
-0.084
-0.084
-0.084
-0.084
-0.084
-0.084
-0.084
-0.084
-0.084
-0.084
-0.084
-0.084
-0.084
-0.084
-0.084
-0.084
-0.084
-0.084
-0.084
-0.084
-0.084
-0.084
-0.084
-0.084
-0.084
-0.084
-0.084
-0.084
-0.084
-0.084
-0.084
-0.084
-0.084
-0.084
-0.084
-0.084
-0.084
-0.084
-0.084
-0.084
-0.084
-0.084
-0.084
-0.084
-0.084
-0.084
-0.084
-0.084
-0.084
-0.084
-0.084
-0.084
-0.084
-0.084
-0.084
-0.084
-0.084
-0.084
-0.084
-0.084
-0.084
-0.084
-0.084
-0.084
-0.084
-0.084
-0.084
-0.084
-0.084
-0.084
-0.084
-0.084
-0.084
-0.084
-0.084
-0.084
-0.084
-0.084
-0.084
-0.084
-0.084
-0.084
-0.084
-0.084
-0.084
-0.084
-0.084
-0.084
-0.084
-0.084
-0.084
-0.084
-0.084
-0.084
-0.084
-0.084
-0.084
-0.084
-0.084
-0.084
-0.084
-0.084
-0.084
-0.084
-0.084
-0.084
-0.084
-0.084
-0.084
-0.084
-0.084
-0.084
-0.084
-0.084
-0.084
-0.084
-0.084
-0.084
-0.084
-0.084
-0.084
-0.084
-0.084
-0.084
-0.084
-0.084
-0.084
-0.084
-0.084
-0.084
-0.084
-0.084
-0.084
-0.084
-0.084
-0.084
-0.084
-0.084
-0.084
-0.084
-0.084
-0.084
-0.084
-0.084
-0.084
-0.084
-0.084
-0.084
-0.084
-0.084
-0.084
-0.084
-0.084
-0.084
-0.084
-0.084
-0.084
-0.084
-0.084
-0.084
-0.084
-0.084
-0.084
-0.084
-0.084
-0.084
-0.084
-0.084
-0.084
-0.084
-0.084
-0.084
-0.084
-0.084
-0.084
-0.084
-0.084
-0.084
-0.084
-0.084
-0.084
-0.084
-0.084
-0.084
-0.084
-0.084
-0.084
-0.084
-0.084
-0.084
-0.084
-0.084
-0.084
-0.084
-0.084
-0.084
-0.084
-0.084
-0.084
-0.084
-0.084
-0.084
-0.084
-0.084
-0.084
-0.084
-0.084
-0.084
-0.084
-0.084
-0.084
-0.084
-0.084
-0.084
-0.084
-0.084
-0.084
-0.084
-0.084
-0.084
-0.084
-0.084
-0.084
-0.084
-0.084
-0.084
-0.084
-0.084
-0.084
-0.084
-0.084
-0.084
-0.084
-0.084
-0.084
-0.084
-0.084
-0.084
-0.084
-0.084
-0.084
-0.084
-0.084
-0.084
-0.084
-0.084
-0.084
-0.084
-0.084
-0.084
-0.084
-0.084
-0.084
-0.084
-0.084
-0.084
-0.084
-0.084
-0.084
-0.084
-0.084
-0.084
-0.084
-0.084
-0.084
-0.084
-0.084
-0.084
-0.084
-0.084
-0.084
-0.084
-0.084
-0.084
-0.084
-0.084
-0.084
-0.084
-0.084
-0.084
-0.084
-0.084
-0.084
-0.084
-0.084
-0.084
-0.084
-0.084
-0.084
-0.084
-0.084
-0.084
-0.084
-0.084
-0.084
-0.084
-0.084
-0.084
-0.084
-0.084
-0.084
-0.084
-0.084
-0.084
-0.084
-0.084
-0.084
-0.084
-0.084
-0.084
-0.084
-0.084
-0.084
-0.084
-0.084
-0.084
-0.084
-0.084
-0.084
-0.084
-0.084
-0.084
-0.084
-0.084
-0.084
-0.084
-0.084
-0.084
-0.084
-0.084
-0.084
-0.084
-0.084
-0.084
-0.084
-0.084
-0.084
-0.084
-0.084
-0.084
-0.084
-0.084
-0.084
-0.084
-0.084
-0.084
-0.084
-0.084
-0.084
-0.084
-0.084
-0.084
-0.084
-0.084
-0.084
-0.084
-0.084
-0.084
-0.084
-0.084
-0.084
-0.084
-0.084
-0.084
-0.084
-0.084
-0.084
-0.084
-0.084
-0.084
-0.084
-0.084
-0.084
-0.084
-0.084
-0.084
-0.084
-0.084
-0.084
-0.084
-0.084
-0.084
-0.084
-0.084
-0.084
-0.084
-0.084
-0.084
-0.084
-0.084
-0.084
-0.084
-0.084
-0.084
-0.084
-0.084
-0.084
-0.084
-0.084
-0.084
-0.084
-0.084
-0.084
-0.084
-0.084
-0.084
-0.084
-0.084
-0.084
-0.084
-0.084
-0.084
-0.084
-0.084
-0.084
-0.084
-0.084
-0.084
-0.084
-0.084
-0.084
-0.084
-0.084
-0.084
-0.084
-0.084
-0.084
-0.084
-0.084
-0.084
-0.084
-0.084
-0.084
-0.084
-0.084
-0.084
-0.084
-0.084
-0.084
-0.084
-0.084
-0.084
-0.084
-0.084
-0.084
-0.084
-0.084
-0.084
-0.084
-0.084
-0.084
-0.084
-0.084
-0.084
-0.084
-0.084
-0.084
-0.084
-0.084
-0.084
-0.084
-0.084
-0.084
-0.084
-0.084
-0.084
-0.084
-0.084
-0.084
-0.084
-0.084
-0.084
-0.084
-0.084
-0.084
-0.084
-0.084
-0.084
-0.084
-0.084
-0.084
-0.084
-0.084
-0.084
-0.084
-0.084
-0.084
-0.084
-0.084
-0.084
-0.084
-0.084
-0.084
-0.084
-0.084
-0.084
-0.084
-0.084
-0.084
-0.084
-0.084
-0.084
-0.084
-0.084
-0.084
-0.084
-0.084
-0.084
-0.084
-0.084
-0.084
-0.084
-0.084
-0.084
-0.084
-0.084
-0.084
-0.084
-0.084
-0.084
-0.084
-0.084
-0.084
-0.084
-0.084
-0.084
-0.084
-0.084
-0.084
-0.084
-0.084
-0.084
-0.084
-0.084
-0.084
-0.084
-0.084
-0.084
-0.084
-0.084
-0.084
-0.084
-0.084
-0.084
-0.084
-0.084
-0.084
-0.084
-0.084
-0.084
-0.084
-0.084
-0.084
-0.084
-0.084
-0.084
-0.084
-0.084
-0.084
-0.084
-0.084
-0.084
-0.084
-0.084
-0.084
-0.084
-0.084
-0.084
-0.084
-0.084
-0.084
-0.084
-0.084
-0.084
-0.084
-0.084
-0.084
-0.084
-0.084
-0.084
-0.084
-0.084
-0.084
-0.084
-0.084
-0.084
-0.084
-0.084
-0.084
-0.084
-0.084
-0.084
-0.084
-0.084
-0.084
-0.084
-0.084
-0.084
-0.084
-0.084
-0.084
-0.084
-0.084
-0.084
-0.084
-0.084
-0.084
-0.084
-0.084
-0.084
-0.084
-0.084
-0.084
-0.084
-0.084
-0.084
-0.084
-0.084
-0.084
-0.084
-0.084
-0.084
-0.084
-0.084
-0.084
-0.084
-0.084
-0.084
-0.084
-0.084
-0.084
-0.084
-0.084
-0.084
-0.084
-0.084
-0.084
-0.084
-0.084
-0.084
-0.084
-0.084
-0.084
-0.084
-0.084
-0.084
-0.084
-0.084
-0.084
-0.084
-0.084
-0.084
-0.084
-0.084
-0.084
-0.084
-0.084
-0.084
-0.084
-0.084
-0.084
-0.084
-0.084
-0.084
-0.084
-0.084
-0.084
-0.084
-0.084
-0.084
-0.084
-0.084
-0.084
-0.084
-0.084
-0.084
-0.084
-0.084
-0.084
-0.084
-0.084
-0.084
-0.084
-0.084
-0.084
-0.084
-0.084
-0.084
-0.084
-0.084
-0.084
-0.084
-0.084
-0.084
-0.084
-0.084
-0.084
-0.084
-0.084
-0.084
-0.084
-0.084
-0.084
-0.084
-0.084
-0.084
-0.084
-0.084
-0.084
-0.084
-0.084
-0.084
-0.084
-0.084
-0.084
-0.084
-0.084
-0.084
-0.084
-0.084
-0.084
-0.084
-0.084
-0.084
-0.084
-0.084
-0.084
-0.084
-0.084
-0.084
-0.084
-0.084
-0.084
-0.084
-0.084
-0.084
-0.084
-0.084
-0.084
-0.084
-0.084
-0.084
-0.084
-0.084
-0.084
-0.084
-0.084
-0.084
-0.084
-0.084
-0.084
-0.084
-0.084
-0.084
-0.084
-0.084
-0.084
-0.084
-0.084
-0.084
-0.084
-0.084
-0.084
-0.084
-0.084
-0.084
-0.084
-0.084
-0.084
-0.084
-0.084
-0.084
-0.084
-0.084
-0.084
-0.084
-0.084
-0.084
-0.084
-0.084
-0.084
-0.084
-0.084
-0.084
-0.084
-0.084
-0.084
-0.084
-0.084
-0.084
-0.084
-0.084
-0.084
-0.084
-0.084
-0.084
-0.084
-0.084
-0.084
-0.084
-0.084
-0.084
-0.084
-0.084
-0.084
-0.084
-0.084
-0.084
-0.084
-0.084
-0.084
-0.084
-0.084
-0.084
-0.084
-0.084
-0.084
-0.084
-0.084
-0.084
-0.084
-0.084
-0.084
-0.084
-0.084
-0.084
-0.084
-0.084
-0.084
-0.084
-0.084
-0.084
-0.084
-0.084
-0.084
-0.084
-0.084
-0.084
-0.084
-0.084
-0.084
-0.084
-0.084
-0.084
-0.084
-0.084
-0.084
-0.084
-0.084
-0.084
-0.084
-0.084
-0.084
-0.084
-0.084
-0.084
-0.084
-0.084
-0.084
-0.084
-0.084
-0.084
-0.084
-0.084
-0.084
-0.084
-0.084
-0.084
-0.084
-0.084
-0.084
-0.084
-0.084
-0.084
-0.084
-0.084
-0.084
-0.084
-0.084
-0.084
-0.084
-0.084
-0.084
-0.084
-0.084
-0.084
-0.084
-0.084
-0.084
-0.084
-0.084
-0.084
-0.084
-0.084
-0.084
-0.084
-0.084
-0.084
-0.084
-0.084
-0.084
-0.084
-0.084
-0.084
-0.084
-0.084
-0.084
-0.084
-0.084
-0.084
-0.084
-0.084
-0.084
-0.084
-0.084
-0.084
-0.084
-0.084
-0.084
-0.084
-0.084
-0.084
-0.084
-0.084
-0.084
-0.084
-0.084
-0.084
-0.084
-0.084
-0.084
-0.084
-0.084
-0.084
-0.084
-0.084
-0.084
-0.084
-0.084
-0.084
-0.084
-0.084
-0.084
-0.084
-0.084
-0.084
-0.084
-0.084
-0.084
-0.084
-0.084
-0.084
-0.084
-0.084
-0.084
-0.084
-0.084
-0.084
-0.084
-0.084
-0.084
-0.084
-0.084
-0.084
-0.084
-0.084
-0.084
-0.084
-0.084
-0.084
-0.084
-0.084
-0.084
-0.084
-0.084
-0.084
-0.084
-0.084
-0.084
-0.084
-0.084
-0.084
-0.084
-0.084
-0.084
-0.084
-0.084
-0.084
-0.084
-0.084
-0.084
-0.084
-0.084
-0.084
-0.084
-0.084
-0.084
-0.084
-0.084
-0.084
-0.084
-0.084
-0.084
-0.084
-0.084
-0.084
-0.084
-0.084
-0.084
-0.084
-0.084
-0.084
-0.084
-0.084
-0.084
-0.084
-0.084
-0.084
-0.084
-0.084
-0.084
-0.084
-0.084
-0.084
-0.084
-0.084
-0.084
-0.084
-0.084
-0.084
-0.084
-0.084
-0.084
-0.084
-0.084
-0.084
-0.084
-0.084
-0.084
-0.084
-0.084
-0.084
-0.084
-0.084
-0.084
-0.084
-0.084
-0.084
-0.084
-0.084
-0.084
-0.084
-0.084
-0.084
-0.084
-0.084
-0.084
-0.084
-0.084
-0.084
-0.084
-0.084
-0.084
-0.084
-0.084
-0.084
-0.084
-0.084
-0.084
-0.084
-0.084
-0.084
-0.084
-0.084
-0.084
-0.084
-0.084
-0.084
-0.084
-0.084
-0.084
-0.084
-0.084
-0.084
-0.084
-0.084
-0.084
-0.084
-0.084
-0.084
-0.084
-0.084
-0.084
-0.084
-0.084
-0.084
-0.084
-0.084
-0.084
-0.084
-0.084
-0.084
-0.084
-0.084
-0.084
-0.084
-0.084
-0.084
-0.084
-0.084
-0.084
-0.084
-0.084
-0.084
-0.084
-0.084
-0.084
-0.084
-0.084
-0.084
-0.084
-0.084
-0.084
-0.084
-0.084
-0.084
-0.084
-0.084
-0.084
-0.084
-0.084
-0.084
-0.084
-0.084
-0.084
-0.084
-0.084
-0.084
-0.084
-0.084
-0.084
-0.084
-0.084
-0.084
-0.084
-0.084
-0.084
-0.084
-0.084
-0.084
-0.084
-0.084
-0.084
-0.084
-0.084
-0.084
-0.084
-0.084
-0.084
-0.084
-0.084
-0.084
-0.084
-0.084
-0.084
-0.084
-0.084
-0.084
-0.084
-0.084
-0.084
-0.084
-0.084
-0.084
-0.084
-0.084
-0.084
-0.084
-0.084
-0.084
-0.084
-0.084
-0.084
-0.084
-0.084
-0.084
-0.084
-0.084
-0.084
-0.084
-0.084
-0.084
-0.084
-0.084
-0.084
-0.084
-0.084
-0.084
-0.084
-0.084
-0.084
-0.084
-0.084
-0.084
-0.084
-0.084
-0.084
-0.084
-0.084
-0.084
-0.084
-0.084
-0.084
-0.084
-0.084
-0.084
-0.084
-0.084
-0.084
-0.084
-0.084
-0.084
-0.084
-0.084
-0.084
-0.084
-0.084
-0.084
-0.084
-0.084
-0.084
-0.084
-0.084
-0.084
-0.084
-0.084
-0.084
-0.084
-0.084
-0.084
-0.084
-0.084
-0.084
-0.084
-0.084
-0.084
-0.084
-0.084
-0.084
-0.084
-0.084
-0.084
-0.084
-0.084
-0.084
-0.084
-0.084
-0.084
-0.084
-0.084
-0.084
-0.084
-0.084
-0.084
-0.084
-0.084
-0.084
-0.084
-0.084
-0.084
-0.084
-0.084
-0.084
-0.084
-0.084
-0.084
-0.084
-0.084
-0.084
-0.084
-0.084
-0.084
-0.084
-0.084
-0.084
-0.084
-0.084
-0.084
-0.084
-0.084
-0.084
-0.084
-0.084
-0.084
-0.084
-0.084
-0.084
-0.084
-0.084
-0.084
-0.084
-0.084
-0.084
-0.084
-0.084
-0.084
-0.084
-0.084
-0.084
-0.084
-0.084
-0.084
-0.084
-0.084
-0.084
-0.084
-0.084
-0.084
-0.084
-0.084
-0.084
-0.084
-0.084
-0.084
-0.084
-0.084
-0.084
-0.084
-0.084
-0.084
-0.084
-0.084
-0.084
-0.084
-0.084
-0.084
-0.084
-0.084
-0.084
-0.084
-0.084
-0.084
-0.084
-0.084
-0.084
-0.084
-0.084
-0.084
-0.084
-0.084
-0.084
-0.084
-0.084
-0.084
-0.084
-0.084
-0.084
-0.084
-0.084
-0.084
-0.084
-0.084
-0.084
-0.084
-0.084
-0.084
-0.084
-0.084
-0.084
-0.084
-0.084
-0.084
-0.084
-0.084
-0.084
-0.084
-0.084
-0.084
-0.084
-0.084
-0.084
-0.084
-0.084
-0.084
-0.084
-0.084
-0.084
-0.084
-0.084
-0.084
-0.084
-0.084
-0.084
-0.084
-0.084
-0.084
-0.084
-0.084
-0.084
-0.084
-0.084
-0.084
-0.084
-0.084
-0.084
-0.084
-0.084
-0.084
-0.084
-0.084
-0.084
-0.084
-0.084
-0.084
-0.084
-0.084
-0.084
-0.084
-0.084
-0.084
-0.084
-0.084
-0.084
-0.084
-0.084
-0.084
-0.084
-0.084
-0.084
-0.084
-0.084
-0.084
-0.084
-0.084
-0.084
-0.084
-0.084
-0.084
-0.084
-0.084
-0.084
-0.084
-0.084
-0.084
-0.084
-0.084
-0.084
-0.084
-0.084
-0.084
-0.084
-0.084
-0.084
-0.084
-0.084
-0.084
-0.084
-0.084
-0.084
-0.084
-0.084
-0.084
-0.084
-0.084
-0.084
-0.084
-0.084
-0.084
-0.084
-0.084
-0.084
-0.084
-0.084
-0.084
-0.084
-0.084
-0.084
-0.084
-0.084
-0.084
-0.084
-0.084
-0.084
-0.084
-0.084
-0.084
-0.084
-0.084
-0.084
-0.084
-0.084
-0.084
-0.084
-0.084
-0.084
-0.084
-0.084
-0.084
-0.084
-0.084
-0.084
-0.084
-0.084
-0.084
-0.084
-0.084
-0.084
-0.084
-0.084
-0.084
-0.084
-0.084
-0.084
-0.084
-0.084
-0.084
-0.084
-0.084
-0.084
-0.084
-0.084
-0.084
-0.084
-0.084
-0.084
-0.084
-0.084
-0.084
-0.084
-0.084
-0.084
-0.084
-0.084
-0.084
-0.084
-0.084
-0.084
-0.084
-0.084
-0.084
-0.084
-0.084
-0.084
-0.084
-0.084
-0.084
-0.084
-0.084
-0.084
-0.084
-0.084
-0.084
-0.084
-0.084
-0.084
-0.084
-0.084
-0.084
-0.084
-0.084
-0.084
-0.084
-0.084
-0.084
-0.084
-0.084
-0.084
-0.084
-0.084
-0.084
-0.084
-0.084
-0.084
-0.084
-0.084
-0.084
-0.084
-0.084
-0.084
-0.084
-0.084
-0.084
-0.084
-0.084
-0.084
-0.084
-0.084
-0.084
-0.084
-0.084
-0.084
-0.084
-0.084
-0.084
-0.084
-0.084
-0.084
-0.084
-0.084
-0.084
-0.084
-0.084
-0.084
-0.084
-0.084
-0.084
-0.084
-0.084
-0.084
-0.084
-0.084
-0.084
-0.084
-0.084
-0.084
-0.084
-0.084
-0.084
-0.084
-0.084
-0.084
-0.084
-0.084
-0.084
-0.084
-0.084
-0.084
-0.084
-0.084
-0.084
-0.084
-0.084
-0.084
-0.084
-0.084
-0.084
-0.084
-0.084
-0.084
-0.084
-0.084
-0.084
-0.084
-0.084
-0.084
-0.084
-0.084
-0.084
-0.084
-0.084
-0.084
-0.084
-0.084
-0.084
-0.084
-0.084
-0.084
-0.084
-0.084
-0.084
-0.084
-0.084
-0.084
-0.084
-0.084
-0.084
-0.084
-0.084
-0.084
-0.084
-0.084
-0.084
-0.084
-0.084
-0.084
-0.084
-0.084
-0.084
-0.084
-0.084
-0.084
-0.084
-0.084
-0.084
-0.084
-0.084
-0.084
-0.084
-0.084
-0.084
-0.084
-0.084
-0.084
-0.084
-0.084
-0.084
-0.084
-0.084
-0.084
-0.084
-0.084
-0.084
-0.084
-0.084
-0.084
-0.084
-0.084
-0.084
-0.084
-0.084
-0.084
-0.084
-0.084
-0.084
-0.084
-0.084
-0.084
-0.084
-0.084
-0.084
-0.084
-0.084
-0.084
-0.084
-0.084
-0.084
-0.084
-0.084
-0.084
-0.084
-0.084
-0.084
-0.084
-0.084
-0.084
-0.084
-0.084
-0.084
-0.084
-0.084
-0.084
-0.084
-0.084
-0.084
-0.084
-0.084
-0.084
-0.084
-0.084
-0.084
-0.084
-0.084
-0.084
-0.084
-0.084
-0.084
-0.084
-0.084
-0.084
-0.084
-0.084
-0.084
-0.084
-0.084
-0.084
-0.084
-0.084
-0.084
-0.084
-0.084
-0.084
-0.084
-0.084
-0.084
-0.084
-0.084
-0.084
-0.084
-0.084
-0.084
-0.084
-0.084
-0.084
-0.084
-0.084
-0.084
-0.084
-0.084
-0.084
-0.084
-0.084
-0.084
-0.084
-0.084
-0.084
-0.084
-0.084
-0.084
-0.084
-0.084
-0.084
-0.084
-0.084
-0.084
-0.084
-0.084
-0.084
-0.084
-0.084
-0.084
-0.084
-0.084
-0.084
-0.084
-0.084
-0.084
-0.084
-0.084
-0.084
-0.084
-0.084
-0.084
-0.084
-0.084
-0.084
-0.084
-0.084
-0.084
-0.084
-0.084
-0.084
-0.084
-0.084
-0.084
-0.084
-0.084
-0.084
-0.084
-0.084
-0.084
-0.084
-0.084
-0.084
-0.084
-0.084
-0.084
-0.084
-0.084
-0.084
-0.084
-0.084
-0.084
-0.084
-0.084
-0.084
-0.084
-0.084
-0.084
-0.084
-0.084
-0.084
-0.084
-0.084
-0.084
-0.084
-0.084
-0.084
-0.084
-0.084
-0.084
-0.084
-0.084
-0.084
-0.084
-0.084
-0.084
-0.084
-0.084
-0.084
-0.084
-0.084
-0.084
-0.084
-0.084
-0.084
-0.084
-0.084
-0.084
-0.084
-0.084
-0.084
-0.084
-0.084
-0.084
-0.084
-0.084
-0.084
-0.084
-0.084
-0.084
-0.084
-0.084
-0.084
-0.084
-0.084
-0.084
-0.084
-0.084
-0.084
-0.084
-0.084
-0.084
-0.084
-0.084
-0.084
-0.084
-0.084
-0.084
-0.084
-0.084
-0.084
-0.084
-0.084
-0.084
-0.084
-0.084
-0.084
-0.084
-0.084
-0.084
-0.084
-0.084
-0.084
-0.084
-0.084
-0.084
-0.084
-0.084
-0.084
-0.084
-0.084
-0.084
-0.084
-0.084
-0.084
-0.084
-0.084
-0.084
-0.084
-0.084
-0.084
-0.084
-0.084
-0.084
-0.084
-0.084
-0.084
-0.084
-0.084
-0.084
-0.084
-0.084
-0.084
-0.084
-0.084
-0.084
-0.084
-0.084
-0.084
-0.084
-0.084
-0.084
-0.084
-0.084
-0.084
-0.084
-0.084
-0.084
-0.084
-0.084
-0.084
-0.084
-0.084
-0.084
-0.084
-0.084
-0.084
-0.084
-0.084
-0.084
-0.084
-0.084
-0.084
-0.084
-0.084
-0.084
-0.084
-0.084
-0.084
-0.084
-0.084
-0.084
-0.084
-0.084
-0.084
-0.084
-0.084
-0.084
-0.084
-0.084
-0.084
-0.084
-0.084
-0.084
-0.084
-0.084
-0.084
-0.084
-0.084
-0.084
-0.084
-0.084
-0.084
-0.084
-0.084
-0.084
-0.084
-0.084
-0.084
-0.084
-0.084
-0.084
-0.084
-0.084
-0.084
-0.084
-0.084
-0.084
-0.084
-0.084
-0.084
-0.084
-0.084
-0.084
-0.084
-0.084
-0.084
-0.084
-0.084
-0.084
-0.084
-0.084
-0.084
-0.084
-0.084
-0.084
-0.084
-0.084
-0.084
-0.084
-0.084
-0.084
-0.084
-0.084
-0.084
-0.084
-0.084
-0.084
-0.084
-0.084
-0.084
-0.084
-0.084
-0.084
-0.084
-0.084
-0.084
-0.084
-0.084
-0.084
-0.084
-0.084
-0.084
-0.084
-0.084
-0.084
-0.084
-0.084
-0.084
-0.084
-0.084
-0.084
-0.084
-0.084
-0.084
-0.084
-0.084
-0.084
-0.084
-0.084
-0.084
-0.084
-0.084
-0.084
-0.084
-0.084
-0.084
-0.084
-0.084
-0.084
-0.084
-0.084
-0.084
-0.084
-0.084
-0.084
-0.084
-0.084
-0.084
-0.084
-0.084
-0.084
-0.084
-0.084
-0.084
-0.084
-0.084
-0.084
-0.084
-0.084
-0.084
-0.084
-0.084
-0.084
-0.084
-0.084
-0.084
-0.084
-0.084
-0.084
-0.084
-0.084
-0.084
-0.084
-0.084
-0.084
-0.084
-0.084
-0.084
-0.084
-0.084
-0.084
-0.084
-0.084
-0.084
-0.084
-0.084
-0.084
-0.084
-0.084
-0.084
-0.084
-0.084
-0.084
-0.084
-0.084
-0.084
-0.084
-0.084
-0.084
-0.084
-0.084
-0.084
-0.084
-0.084
-0.084
-0.084
-0.084
-0.084
-0.084
-0.084
-0.084
-0.084
-0.084
-0.084
-0.084
-0.084
-0.084
-0.084
-0.084
-0.084
-0.084
-0.084
-0.084
-0.084
-0.084
-0.084
-0.084
-0.084
-0.084
-0.084
-0.084
-0.084
-0.084
-0.084
-0.084
-0.084
-0.084
-0.084
-0.084
-0.084
-0.084
-0.084
-0.084
-0.084
-0.084
-0.084
-0.084
-0.084
-0.084
-0.084
-0.084
-0.084
-0.084
-0.084
-0.084
-0.084
-0.084
-0.084
-0.084
-0.084
-0.084
-0.084
-0.084
-0.084
-0.084
-0.084
-0.084
-0.084
-0.084
-0.084
-0.084
-0.084
-0.084
-0.084
-0.084
-0.084
-0.084
-0.084
-0.084
-0.084
-0.084
-0.084
-0.084
-0.084
-0.084
-0.084
-0.084
-0.084
-0.084
-0.084
-0.084
-0.084
-0.084
-0.084
-0.084
-0.084
-0.084
-0.084
-0.084
-0.084
-0.084
-0.084
-0.084
-0.084
-0.084
-0.084
-0.084
-0.084
-0.084
-0.084
-0.084
-0.084
-0.084
-0.084
-0.084
-0.084
-0.084
-0.084
-0.084
-0.084
-0.084
-0.084
-0.084
-0.084
-0.084
-0.084
-0.084
-0.084
-0.084
-0.084
-0.084
-0.084
-0.084
-0.084
-0.084
-0.084
-0.084
-0.084
-0.084
-0.084
-0.084
-0.084
-0.084
-0.084
-0.084
-0.084
-0.084
-0.084
-0.084
-0.084
-0.084
-0.084
-0.084
-0.084
-0.084
-0.084
-0.084
-0.084
-0.084
-0.084
-0.084
-0.084
-0.084
-0.084
-0.084
-0.084
-0.084
-0.084
-0.084
-0.084
-0.084
-0.0839999
-0.0839999
-0.0839999
-0.0839999
-0.0839999
-0.0839999
-0.0839999
-0.0839999
-0.0839999
-0.0839999
-0.084
-0.084
-0.084
-0.084
-0.084
-0.084
-0.084
-0.084
-0.084
-0.084
-0.084
-0.084
-0.084
-0.084
-0.084
-0.084
-0.084
-0.084
-0.084
-0.084
-0.084
-0.084
-0.084
-0.0839999
-0.0839999
-0.0839999
-0.0839999
-0.0839999
-0.0839999
-0.0839999
-0.0839999
-0.0839999
-0.0839999
-0.084
-0.084
-0.084
-0.084
-0.084
-0.084
-0.084
-0.084
-0.084
-0.084
-0.084
-0.084
-0.084
-0.084
-0.084
-0.084
-0.084
-0.084
-0.084
-0.084
-0.084
-0.084
-0.084
-0.0839999
-0.0839999
-0.0839999
-0.0839999
-0.0839999
-0.0839999
-0.0839999
-0.0839999
-0.0839999
-0.0839999
-0.084
-0.084
-0.084
-0.084
-0.084
-0.084
-0.084
-0.084
-0.084
-0.084
-0.084
-0.084
-0.084
-0.084
-0.084
-0.084
-0.084
-0.084
-0.084
-0.084
-0.084
-0.084
-0.084
-0.0839999
-0.0839999
-0.0839999
-0.0839999
-0.0839999
-0.0839999
-0.0839999
-0.0839999
-0.0839999
-0.084
-0.084
-0.084
-0.084
-0.084
-0.084
-0.084
-0.084
-0.084
-0.084
-0.084
-0.084
-0.084
-0.084
-0.084
-0.084
-0.084
-0.084
-0.084
-0.084
-0.084
-0.084
-0.084
-0.084
-0.0839999
-0.0839999
-0.0839999
-0.0839999
-0.0839999
-0.0839999
-0.0839999
-0.0839999
-0.084
-0.084
-0.084
-0.084
-0.084
-0.084
-0.084
-0.084
-0.084
-0.084
-0.084
-0.084
-0.084
-0.084
-0.084
-0.084
-0.084
-0.084
-0.084
-0.084
-0.084
-0.084
-0.084
-0.084
-0.084
-0.0839999
-0.0839999
-0.0839999
-0.0839999
-0.0839999
-0.0839999
-0.0839999
-0.084
-0.084
-0.084
-0.084
-0.084
-0.084
-0.084
-0.084
-0.084
-0.084
-0.084
-0.084
-0.084
-0.084
-0.084
-0.084
-0.084
-0.084
-0.084
-0.084
-0.084
-0.084
-0.084
-0.084
-0.084
-0.084
-0.0839999
-0.0839999
-0.0839999
-0.0839999
-0.084
-0.084
-0.084
-0.084
-0.084
-0.084
-0.084
-0.084
-0.084
-0.084
-0.084
-0.084
-0.084
-0.084
-0.084
-0.084
-0.084
-0.084
-0.084
-0.084
-0.084
-0.084
-0.084
-0.084
-0.084
-0.084
-0.084
-0.084
-0.084
-0.084
-0.084
-0.084
-0.084
-0.084
-0.084
-0.084
-0.084
-0.084
-0.084
-0.084
-0.084
-0.084
-0.084
-0.084
-0.084
-0.084
-0.084
-0.084
-0.084
-0.084
-0.084
-0.084
-0.084
-0.084
-0.084
-0.084
-0.084
-0.084
-0.084
-0.084
-0.084
-0.084
-0.084
-0.084
-0.084
-0.084
-0.084
-0.084
-0.084
-0.084
-0.084
-0.084
-0.084
-0.084
-0.084
-0.084
-0.084
-0.084
-0.084
-0.084
-0.084
-0.084
-0.084
-0.084
-0.084
-0.084
-0.084
-0.084
-0.084
-0.084
-0.084
-0.084
-0.084
-0.084
-0.084
-0.084
-0.084
-0.084
-0.084
-0.084
-0.084
-0.084
-0.084
-0.084
-0.084
-0.084
-0.084
-0.084
-0.084
-0.084
-0.084
-0.084
-0.084
-0.084
-0.084
-0.084
-0.084
-0.084
-0.084
-0.084
-0.084
-0.084
-0.084
-0.084
-0.084
-0.084
-0.084
-0.084
-0.084
-0.084
-0.084
-0.084
-0.084
-0.084
-0.084
-0.084
-0.084
-0.084
-0.084
-0.084
-0.084
-0.084
-0.084
-0.084
-0.084
-0.084
-0.084
-0.084
-0.084
-0.084
-0.084
-0.084
-0.084
-0.084
-0.084
-0.084
-0.084
-0.084
-0.084
-0.084
-0.084
-0.084
-0.084
-0.084
-0.084
-0.084
-0.084
-0.084
-0.084
-0.084
-0.084
-0.084
-0.084
-0.084
-0.084
-0.084
-0.084
-0.084
-0.084
-0.084
-0.084
-0.084
-0.084
-0.084
-0.084
-0.084
-0.084
-0.084
-0.084
-0.084
-0.084
-0.084
-0.084
-0.084
-0.084
-0.084
-0.084
-0.084
-0.084
-0.084
-0.084
-0.084
-0.084
-0.084
-0.084
-0.084
-0.084
-0.084
-0.084
-0.084
-0.084
-0.084
-0.084
-0.084
-0.084
-0.084
-0.084
-0.084
-0.084
-0.084
-0.084
-0.084
-0.084
-0.084
-0.084
-0.084
-0.084
-0.084
-0.084
-0.084
-0.084
-0.084
-0.084
-0.084
-0.084
-0.084
-0.084
-0.084
-0.084
-0.084
-0.084
-0.084
-0.084
-0.084
-0.084
-0.084
-0.084
-0.084
-0.084
-0.084
-0.084
-0.084
-0.084
-0.084
-0.084
-0.084
-0.084
-0.084
-0.084
-0.084
-0.084
-0.084
-0.084
-0.084
-0.084
-0.084
-0.084
-0.084
-0.084
-0.084
-0.084
-0.084
-0.084
-0.084
-0.084
-0.084
-0.084
-0.084
-0.084
-0.084
-0.084
-0.084
-0.084
-0.084
-0.084
-0.084
-0.084
-0.084
-0.084
-0.084
-0.084
-0.084
-0.084
-0.0839994
-0.0839994
-0.0839994
-0.0839994
-0.0839994
-0.0839995
-0.0839995
-0.0839995
-0.0839996
-0.0839996
-0.0839997
-0.0839997
-0.0839997
-0.0839998
-0.0839998
-0.0839998
-0.0839999
-0.0839999
-0.0839999
-0.0839999
-0.0839999
-0.084
-0.084
-0.084
-0.084
-0.084
-0.084
-0.084
-0.084
-0.084
-0.084
-0.084
-0.084
-0.0839994
-0.0839994
-0.0839994
-0.0839994
-0.0839995
-0.0839995
-0.0839995
-0.0839996
-0.0839996
-0.0839996
-0.0839997
-0.0839997
-0.0839998
-0.0839998
-0.0839998
-0.0839998
-0.0839999
-0.0839999
-0.0839999
-0.0839999
-0.0839999
-0.084
-0.084
-0.084
-0.084
-0.084
-0.084
-0.084
-0.084
-0.084
-0.084
-0.084
-0.084
-0.0839994
-0.0839994
-0.0839994
-0.0839994
-0.0839995
-0.0839995
-0.0839995
-0.0839996
-0.0839996
-0.0839996
-0.0839997
-0.0839997
-0.0839998
-0.0839998
-0.0839998
-0.0839999
-0.0839999
-0.0839999
-0.0839999
-0.0839999
-0.084
-0.084
-0.084
-0.084
-0.084
-0.084
-0.084
-0.084
-0.084
-0.084
-0.084
-0.084
-0.084
-0.0839994
-0.0839994
-0.0839995
-0.0839995
-0.0839995
-0.0839995
-0.0839996
-0.0839996
-0.0839996
-0.0839997
-0.0839997
-0.0839997
-0.0839998
-0.0839998
-0.0839998
-0.0839999
-0.0839999
-0.0839999
-0.0839999
-0.0839999
-0.084
-0.084
-0.084
-0.084
-0.084
-0.084
-0.084
-0.084
-0.084
-0.084
-0.084
-0.084
-0.084
-0.0839995
-0.0839995
-0.0839995
-0.0839995
-0.0839995
-0.0839996
-0.0839996
-0.0839996
-0.0839997
-0.0839997
-0.0839997
-0.0839998
-0.0839998
-0.0839998
-0.0839999
-0.0839999
-0.0839999
-0.0839999
-0.0839999
-0.0839999
-0.084
-0.084
-0.084
-0.084
-0.084
-0.084
-0.084
-0.084
-0.084
-0.084
-0.084
-0.084
-0.084
-0.0839995
-0.0839996
-0.0839996
-0.0839996
-0.0839996
-0.0839996
-0.0839996
-0.0839997
-0.0839997
-0.0839997
-0.0839998
-0.0839998
-0.0839998
-0.0839998
-0.0839999
-0.0839999
-0.0839999
-0.0839999
-0.0839999
-0.084
-0.084
-0.084
-0.084
-0.084
-0.084
-0.084
-0.084
-0.084
-0.084
-0.084
-0.084
-0.084
-0.084
-0.0839996
-0.0839996
-0.0839996
-0.0839997
-0.0839997
-0.0839997
-0.0839997
-0.0839997
-0.0839998
-0.0839998
-0.0839998
-0.0839998
-0.0839999
-0.0839999
-0.0839999
-0.0839999
-0.0839999
-0.0839999
-0.084
-0.084
-0.084
-0.084
-0.084
-0.084
-0.084
-0.084
-0.084
-0.084
-0.084
-0.084
-0.084
-0.084
-0.084
-0.0839997
-0.0839997
-0.0839997
-0.0839997
-0.0839997
-0.0839998
-0.0839998
-0.0839998
-0.0839998
-0.0839998
-0.0839999
-0.0839999
-0.0839999
-0.0839999
-0.0839999
-0.0839999
-0.0839999
-0.084
-0.084
-0.084
-0.084
-0.084
-0.084
-0.084
-0.084
-0.084
-0.084
-0.084
-0.084
-0.084
-0.084
-0.084
-0.084
-0.0839998
-0.0839998
-0.0839998
-0.0839998
-0.0839998
-0.0839998
-0.0839998
-0.0839999
-0.0839999
-0.0839999
-0.0839999
-0.0839999
-0.0839999
-0.0839999
-0.0839999
-0.084
-0.084
-0.084
-0.084
-0.084
-0.084
-0.084
-0.084
-0.084
-0.084
-0.084
-0.084
-0.084
-0.084
-0.084
-0.084
-0.084
-0.084
-0.0839999
-0.0839999
-0.0839999
-0.0839999
-0.0839999
-0.0839999
-0.0839999
-0.0839999
-0.0839999
-0.0839999
-0.0839999
-0.0839999
-0.0839999
-0.084
-0.084
-0.084
-0.084
-0.084
-0.084
-0.084
-0.084
-0.084
-0.084
-0.084
-0.084
-0.084
-0.084
-0.084
-0.084
-0.084
-0.084
-0.084
-0.084
-0.0839999
-0.0839999
-0.0839999
-0.0839999
-0.0839999
-0.0839999
-0.0839999
-0.0839999
-0.084
-0.084
-0.084
-0.084
-0.084
-0.084
-0.084
-0.084
-0.084
-0.084
-0.084
-0.084
-0.084
-0.084
-0.084
-0.084
-0.084
-0.084
-0.084
-0.084
-0.084
-0.084
-0.084
-0.084
-0.084
-0.084
-0.084
-0.084
-0.084
-0.084
-0.084
-0.084
-0.084
-0.084
-0.084
-0.084
-0.084
-0.084
-0.084
-0.084
-0.084
-0.084
-0.084
-0.084
-0.084
-0.084
-0.084
-0.084
-0.084
-0.084
-0.084
-0.084
-0.084
-0.084
-0.084
-0.084
-0.084
-0.084
-0.084
-0.084
-0.084
-0.084
-0.084
-0.084
-0.084
-0.084
-0.084
-0.084
-0.084
-0.084
-0.084
-0.084
-0.084
-0.084
-0.084
-0.084
-0.084
-0.084
-0.084
-0.084
-0.084
-0.084
-0.084
-0.084
-0.084
-0.084
-0.084
-0.084
-0.084
-0.084
-0.084
-0.084
-0.084
-0.084
-0.084
-0.084
-0.084
-0.084
-0.084
-0.084
-0.084
-0.084
-0.084
-0.084
-0.084
-0.084
-0.084
-0.084
-0.084
-0.084
-0.084
-0.084
-0.084
-0.084
-0.084
-0.084
-0.084
-0.084
-0.084
-0.084
-0.084
-0.084
-0.084
-0.084
-0.084
-0.084
-0.084
-0.084
-0.084
-0.084
-0.084
-0.084
-0.084
-0.084
-0.084
-0.084
-0.084
-0.084
-0.084
-0.084
-0.084
-0.084
-0.084
-0.084
-0.084
-0.084
-0.084
-0.084
-0.084
-0.084
-0.084
-0.084
-0.084
-0.084
-0.084
-0.084
-0.084
-0.0839957
-0.0839957
-0.0839958
-0.083996
-0.0839961
-0.0839964
-0.0839966
-0.0839969
-0.0839972
-0.0839974
-0.0839977
-0.083998
-0.0839983
-0.0839985
-0.0839987
-0.0839989
-0.0839991
-0.0839993
-0.0839994
-0.0839995
-0.0839996
-0.0839997
-0.0839998
-0.0839998
-0.0839999
-0.0839999
-0.0839999
-0.084
-0.084
-0.084
-0.084
-0.084
-0.084
-0.0839957
-0.0839958
-0.0839959
-0.083996
-0.0839962
-0.0839964
-0.0839967
-0.0839969
-0.0839972
-0.0839975
-0.0839978
-0.083998
-0.0839983
-0.0839985
-0.0839987
-0.083999
-0.0839991
-0.0839993
-0.0839994
-0.0839995
-0.0839996
-0.0839997
-0.0839998
-0.0839998
-0.0839999
-0.0839999
-0.0839999
-0.084
-0.084
-0.084
-0.084
-0.084
-0.084
-0.0839959
-0.0839959
-0.083996
-0.0839962
-0.0839963
-0.0839965
-0.0839968
-0.083997
-0.0839973
-0.0839976
-0.0839978
-0.0839981
-0.0839983
-0.0839986
-0.0839988
-0.083999
-0.0839992
-0.0839993
-0.0839994
-0.0839996
-0.0839997
-0.0839997
-0.0839998
-0.0839998
-0.0839999
-0.0839999
-0.0839999
-0.084
-0.084
-0.084
-0.084
-0.084
-0.084
-0.0839961
-0.0839962
-0.0839962
-0.0839964
-0.0839965
-0.0839967
-0.083997
-0.0839972
-0.0839974
-0.0839977
-0.083998
-0.0839982
-0.0839984
-0.0839987
-0.0839989
-0.083999
-0.0839992
-0.0839994
-0.0839995
-0.0839996
-0.0839997
-0.0839997
-0.0839998
-0.0839999
-0.0839999
-0.0839999
-0.0839999
-0.084
-0.084
-0.084
-0.084
-0.084
-0.084
-0.0839964
-0.0839965
-0.0839966
-0.0839967
-0.0839968
-0.083997
-0.0839972
-0.0839974
-0.0839977
-0.0839979
-0.0839981
-0.0839984
-0.0839986
-0.0839988
-0.083999
-0.0839991
-0.0839993
-0.0839994
-0.0839995
-0.0839996
-0.0839997
-0.0839998
-0.0839998
-0.0839999
-0.0839999
-0.0839999
-0.0839999
-0.084
-0.084
-0.084
-0.084
-0.084
-0.084
-0.0839969
-0.0839969
-0.083997
-0.0839971
-0.0839972
-0.0839974
-0.0839976
-0.0839978
-0.083998
-0.0839982
-0.0839984
-0.0839986
-0.0839988
-0.0839989
-0.0839991
-0.0839992
-0.0839994
-0.0839995
-0.0839996
-0.0839997
-0.0839997
-0.0839998
-0.0839998
-0.0839999
-0.0839999
-0.0839999
-0.084
-0.084
-0.084
-0.084
-0.084
-0.084
-0.084
-0.0839974
-0.0839974
-0.0839975
-0.0839976
-0.0839977
-0.0839978
-0.083998
-0.0839981
-0.0839983
-0.0839985
-0.0839987
-0.0839988
-0.083999
-0.0839991
-0.0839993
-0.0839994
-0.0839995
-0.0839996
-0.0839997
-0.0839997
-0.0839998
-0.0839998
-0.0839999
-0.0839999
-0.0839999
-0.084
-0.084
-0.084
-0.084
-0.084
-0.084
-0.084
-0.084
-0.083998
-0.083998
-0.0839981
-0.0839981
-0.0839982
-0.0839983
-0.0839984
-0.0839986
-0.0839987
-0.0839988
-0.083999
-0.0839991
-0.0839992
-0.0839993
-0.0839994
-0.0839995
-0.0839996
-0.0839997
-0.0839997
-0.0839998
-0.0839998
-0.0839999
-0.0839999
-0.0839999
-0.0839999
-0.084
-0.084
-0.084
-0.084
-0.084
-0.084
-0.084
-0.084
-0.0839986
-0.0839986
-0.0839986
-0.0839987
-0.0839987
-0.0839988
-0.0839989
-0.083999
-0.0839991
-0.0839992
-0.0839993
-0.0839994
-0.0839994
-0.0839995
-0.0839996
-0.0839997
-0.0839997
-0.0839998
-0.0839998
-0.0839999
-0.0839999
-0.0839999
-0.0839999
-0.084
-0.084
-0.084
-0.084
-0.084
-0.084
-0.084
-0.084
-0.084
-0.084
-0.0839991
-0.0839991
-0.0839991
-0.0839991
-0.0839992
-0.0839992
-0.0839993
-0.0839993
-0.0839994
-0.0839995
-0.0839995
-0.0839996
-0.0839996
-0.0839997
-0.0839997
-0.0839998
-0.0839998
-0.0839999
-0.0839999
-0.0839999
-0.0839999
-0.0839999
-0.084
-0.084
-0.084
-0.084
-0.084
-0.084
-0.084
-0.084
-0.084
-0.084
-0.084
-0.0839995
-0.0839995
-0.0839995
-0.0839995
-0.0839995
-0.0839996
-0.0839996
-0.0839996
-0.0839997
-0.0839997
-0.0839997
-0.0839998
-0.0839998
-0.0839998
-0.0839999
-0.0839999
-0.0839999
-0.0839999
-0.0839999
-0.084
-0.084
-0.084
-0.084
-0.084
-0.084
-0.084
-0.084
-0.084
-0.084
-0.084
-0.084
-0.084
-0.084
-0.0839997
-0.0839997
-0.0839997
-0.0839997
-0.0839998
-0.0839998
-0.0839998
-0.0839998
-0.0839998
-0.0839998
-0.0839999
-0.0839999
-0.0839999
-0.0839999
-0.0839999
-0.0839999
-0.084
-0.084
-0.084
-0.084
-0.084
-0.084
-0.084
-0.084
-0.084
-0.084
-0.084
-0.084
-0.084
-0.084
-0.084
-0.084
-0.084
-0.0839999
-0.0839999
-0.0839999
-0.0839999
-0.0839999
-0.0839999
-0.0839999
-0.0839999
-0.0839999
-0.0839999
-0.0839999
-0.0839999
-0.084
-0.084
-0.084
-0.084
-0.084
-0.084
-0.084
-0.084
-0.084
-0.084
-0.084
-0.084
-0.084
-0.084
-0.084
-0.084
-0.084
-0.084
-0.084
-0.084
-0.084
-0.084
-0.084
-0.084
-0.084
-0.084
-0.084
-0.084
-0.084
-0.084
-0.084
-0.084
-0.084
-0.084
-0.084
-0.084
-0.084
-0.084
-0.084
-0.084
-0.084
-0.084
-0.084
-0.084
-0.084
-0.084
-0.084
-0.084
-0.084
-0.084
-0.084
-0.084
-0.084
-0.084
-0.084
-0.084
-0.084
-0.084
-0.084
-0.084
-0.084
-0.084
-0.084
-0.084
-0.084
-0.084
-0.084
-0.084
-0.084
-0.084
-0.084
-0.084
-0.084
-0.084
-0.084
-0.084
-0.084
-0.084
-0.084
-0.084
-0.084
-0.084
-0.084
-0.084
-0.084
-0.084
-0.084
-0.0839701
-0.0839704
-0.0839711
-0.0839721
-0.0839734
-0.0839748
-0.0839765
-0.0839784
-0.0839803
-0.0839822
-0.0839842
-0.0839861
-0.0839879
-0.0839896
-0.0839912
-0.0839926
-0.0839938
-0.0839949
-0.0839959
-0.0839967
-0.0839974
-0.083998
-0.0839984
-0.0839988
-0.0839991
-0.0839994
-0.0839995
-0.0839997
-0.0839998
-0.0839998
-0.0839999
-0.0839999
-0.084
-0.0839706
-0.0839709
-0.0839716
-0.0839725
-0.0839738
-0.0839752
-0.0839769
-0.0839787
-0.0839806
-0.0839825
-0.0839844
-0.0839863
-0.0839881
-0.0839898
-0.0839913
-0.0839927
-0.0839939
-0.083995
-0.083996
-0.0839968
-0.0839975
-0.083998
-0.0839985
-0.0839988
-0.0839991
-0.0839994
-0.0839995
-0.0839997
-0.0839998
-0.0839998
-0.0839999
-0.0839999
-0.084
-0.0839715
-0.0839719
-0.0839725
-0.0839734
-0.0839746
-0.083976
-0.0839776
-0.0839794
-0.0839812
-0.0839831
-0.0839849
-0.0839868
-0.0839885
-0.0839901
-0.0839916
-0.0839929
-0.0839941
-0.0839952
-0.0839961
-0.0839969
-0.0839975
-0.0839981
-0.0839985
-0.0839989
-0.0839992
-0.0839994
-0.0839996
-0.0839997
-0.0839998
-0.0839999
-0.0839999
-0.0839999
-0.084
-0.0839731
-0.0839734
-0.083974
-0.0839749
-0.083976
-0.0839774
-0.0839789
-0.0839806
-0.0839823
-0.0839841
-0.0839858
-0.0839875
-0.0839892
-0.0839907
-0.0839921
-0.0839934
-0.0839945
-0.0839955
-0.0839963
-0.0839971
-0.0839977
-0.0839982
-0.0839986
-0.083999
-0.0839992
-0.0839994
-0.0839996
-0.0839997
-0.0839998
-0.0839999
-0.0839999
-0.0839999
-0.084
-0.0839754
-0.0839757
-0.0839762
-0.0839771
-0.0839781
-0.0839793
-0.0839807
-0.0839823
-0.0839839
-0.0839855
-0.0839871
-0.0839887
-0.0839901
-0.0839915
-0.0839928
-0.083994
-0.083995
-0.0839959
-0.0839967
-0.0839973
-0.0839979
-0.0839984
-0.0839988
-0.0839991
-0.0839993
-0.0839995
-0.0839996
-0.0839997
-0.0839998
-0.0839999
-0.0839999
-0.0839999
-0.084
-0.0839784
-0.0839787
-0.0839792
-0.0839799
-0.0839808
-0.0839819
-0.0839832
-0.0839845
-0.0839859
-0.0839873
-0.0839887
-0.0839901
-0.0839914
-0.0839926
-0.0839937
-0.0839947
-0.0839956
-0.0839964
-0.0839971
-0.0839977
-0.0839982
-0.0839986
-0.0839989
-0.0839992
-0.0839994
-0.0839996
-0.0839997
-0.0839998
-0.0839998
-0.0839999
-0.0839999
-0.084
-0.084
-0.0839821
-0.0839823
-0.0839828
-0.0839834
-0.0839841
-0.083985
-0.0839861
-0.0839872
-0.0839883
-0.0839895
-0.0839907
-0.0839918
-0.0839929
-0.0839939
-0.0839948
-0.0839956
-0.0839964
-0.0839971
-0.0839976
-0.0839981
-0.0839985
-0.0839988
-0.0839991
-0.0839993
-0.0839995
-0.0839996
-0.0839997
-0.0839998
-0.0839999
-0.0839999
-0.0839999
-0.084
-0.084
-0.0839862
-0.0839864
-0.0839867
-0.0839872
-0.0839877
-0.0839885
-0.0839892
-0.0839901
-0.083991
-0.0839919
-0.0839928
-0.0839937
-0.0839945
-0.0839953
-0.083996
-0.0839967
-0.0839972
-0.0839977
-0.0839982
-0.0839986
-0.0839989
-0.0839991
-0.0839993
-0.0839995
-0.0839996
-0.0839997
-0.0839998
-0.0839999
-0.0839999
-0.0839999
-0.084
-0.084
-0.084
-0.0839902
-0.0839903
-0.0839905
-0.0839908
-0.0839913
-0.0839918
-0.0839923
-0.0839929
-0.0839936
-0.0839942
-0.0839949
-0.0839955
-0.0839961
-0.0839967
-0.0839972
-0.0839976
-0.083998
-0.0839984
-0.0839987
-0.083999
-0.0839992
-0.0839994
-0.0839995
-0.0839997
-0.0839997
-0.0839998
-0.0839999
-0.0839999
-0.0839999
-0.084
-0.084
-0.084
-0.084
-0.0839936
-0.0839937
-0.0839938
-0.083994
-0.0839943
-0.0839946
-0.083995
-0.0839954
-0.0839958
-0.0839963
-0.0839967
-0.0839971
-0.0839975
-0.0839978
-0.0839982
-0.0839985
-0.0839988
-0.083999
-0.0839992
-0.0839994
-0.0839995
-0.0839996
-0.0839997
-0.0839998
-0.0839998
-0.0839999
-0.0839999
-0.0839999
-0.084
-0.084
-0.084
-0.084
-0.084
-0.0839962
-0.0839963
-0.0839964
-0.0839965
-0.0839967
-0.0839969
-0.0839971
-0.0839973
-0.0839976
-0.0839978
-0.0839981
-0.0839983
-0.0839986
-0.0839988
-0.083999
-0.0839991
-0.0839993
-0.0839994
-0.0839995
-0.0839996
-0.0839997
-0.0839998
-0.0839998
-0.0839999
-0.0839999
-0.0839999
-0.084
-0.084
-0.084
-0.084
-0.084
-0.084
-0.084
-0.0839981
-0.0839981
-0.0839981
-0.0839982
-0.0839983
-0.0839984
-0.0839985
-0.0839986
-0.0839988
-0.0839989
-0.083999
-0.0839991
-0.0839993
-0.0839994
-0.0839995
-0.0839996
-0.0839997
-0.0839997
-0.0839998
-0.0839998
-0.0839999
-0.0839999
-0.0839999
-0.0839999
-0.084
-0.084
-0.084
-0.084
-0.084
-0.084
-0.084
-0.084
-0.084
-0.0839991
-0.0839991
-0.0839992
-0.0839992
-0.0839992
-0.0839993
-0.0839993
-0.0839994
-0.0839995
-0.0839995
-0.0839996
-0.0839996
-0.0839997
-0.0839997
-0.0839998
-0.0839998
-0.0839999
-0.0839999
-0.0839999
-0.0839999
-0.0839999
-0.084
-0.084
-0.084
-0.084
-0.084
-0.084
-0.084
-0.084
-0.084
-0.084
-0.084
-0.084
-0.0839997
-0.0839997
-0.0839997
-0.0839997
-0.0839997
-0.0839997
-0.0839997
-0.0839998
-0.0839998
-0.0839998
-0.0839998
-0.0839999
-0.0839999
-0.0839999
-0.0839999
-0.0839999
-0.0839999
-0.084
-0.084
-0.084
-0.084
-0.084
-0.084
-0.084
-0.084
-0.084
-0.084
-0.084
-0.084
-0.084
-0.084
-0.084
-0.084
-0.0839999
-0.0839999
-0.0839999
-0.0839999
-0.0839999
-0.0839999
-0.0839999
-0.0839999
-0.0839999
-0.0839999
-0.0839999
-0.0839999
-0.084
-0.084
-0.084
-0.084
-0.084
-0.084
-0.084
-0.084
-0.084
-0.084
-0.084
-0.084
-0.084
-0.084
-0.084
-0.084
-0.084
-0.084
-0.084
-0.084
-0.084
-0.0837955
-0.0837978
-0.0838023
-0.0838089
-0.0838174
-0.0838274
-0.0838386
-0.0838508
-0.0838636
-0.0838767
-0.0838898
-0.0839028
-0.0839154
-0.0839274
-0.0839384
-0.0839483
-0.0839571
-0.0839647
-0.0839712
-0.0839768
-0.0839816
-0.0839856
-0.0839889
-0.0839916
-0.0839937
-0.0839953
-0.0839966
-0.0839976
-0.0839983
-0.0839988
-0.0839992
-0.0839995
-0.0839997
-0.0837986
-0.0838009
-0.0838053
-0.0838118
-0.08382
-0.0838298
-0.0838409
-0.0838528
-0.0838655
-0.0838784
-0.0838915
-0.0839043
-0.0839168
-0.0839286
-0.0839394
-0.0839492
-0.0839578
-0.0839653
-0.0839717
-0.0839772
-0.0839819
-0.0839859
-0.0839891
-0.0839917
-0.0839938
-0.0839954
-0.0839967
-0.0839976
-0.0839983
-0.0839988
-0.0839992
-0.0839995
-0.0839997
-0.0838052
-0.0838074
-0.0838117
-0.083818
-0.083826
-0.0838354
-0.0838461
-0.0838576
-0.0838698
-0.0838823
-0.0838949
-0.0839074
-0.0839196
-0.083931
-0.0839415
-0.0839509
-0.0839592
-0.0839665
-0.0839727
-0.083978
-0.0839826
-0.0839864
-0.0839895
-0.083992
-0.083994
-0.0839956
-0.0839968
-0.0839977
-0.0839984
-0.0839989
-0.0839993
-0.0839995
-0.0839997
-0.0838158
-0.0838179
-0.083822
-0.0838279
-0.0838355
-0.0838444
-0.0838545
-0.0838655
-0.083877
-0.083889
-0.083901
-0.0839129
-0.0839244
-0.0839352
-0.0839451
-0.0839539
-0.0839617
-0.0839685
-0.0839743
-0.0839794
-0.0839836
-0.0839872
-0.0839902
-0.0839925
-0.0839944
-0.0839959
-0.083997
-0.0839979
-0.0839985
-0.083999
-0.0839993
-0.0839995
-0.0839997
-0.083831
-0.083833
-0.0838367
-0.0838422
-0.0838491
-0.0838574
-0.0838668
-0.083877
-0.0838877
-0.0838988
-0.0839099
-0.0839209
-0.0839314
-0.0839412
-0.0839501
-0.0839581
-0.0839651
-0.0839713
-0.0839766
-0.0839812
-0.0839852
-0.0839884
-0.0839911
-0.0839933
-0.0839949
-0.0839963
-0.0839973
-0.0839981
-0.0839986
-0.0839991
-0.0839994
-0.0839996
-0.0839997
-0.0838515
-0.0838532
-0.0838565
-0.0838613
-0.0838675
-0.0838748
-0.0838831
-0.0838922
-0.0839017
-0.0839116
-0.0839215
-0.0839311
-0.0839403
-0.0839488
-0.0839565
-0.0839634
-0.0839696
-0.083975
-0.0839796
-0.0839837
-0.0839871
-0.08399
-0.0839923
-0.0839942
-0.0839956
-0.0839968
-0.0839977
-0.0839983
-0.0839988
-0.0839992
-0.0839995
-0.0839996
-0.0839998
-0.0838763
-0.0838777
-0.0838805
-0.0838845
-0.0838898
-0.083896
-0.083903
-0.0839107
-0.0839188
-0.0839271
-0.0839353
-0.0839432
-0.0839507
-0.0839577
-0.083964
-0.0839697
-0.0839748
-0.0839793
-0.0839832
-0.0839866
-0.0839894
-0.0839918
-0.0839937
-0.0839952
-0.0839964
-0.0839974
-0.0839981
-0.0839986
-0.0839991
-0.0839994
-0.0839996
-0.0839997
-0.0839998
-0.0839041
-0.0839052
-0.0839074
-0.0839106
-0.0839148
-0.0839197
-0.0839253
-0.0839313
-0.0839376
-0.0839439
-0.0839502
-0.0839562
-0.0839619
-0.0839673
-0.0839721
-0.0839766
-0.0839805
-0.0839841
-0.0839871
-0.0839897
-0.0839919
-0.0839937
-0.0839952
-0.0839963
-0.0839973
-0.083998
-0.0839986
-0.083999
-0.0839993
-0.0839995
-0.0839997
-0.0839998
-0.0839999
-0.0839319
-0.0839327
-0.0839343
-0.0839366
-0.0839396
-0.0839431
-0.083947
-0.0839512
-0.0839556
-0.0839601
-0.0839645
-0.0839687
-0.0839728
-0.0839766
-0.0839801
-0.0839833
-0.0839862
-0.0839888
-0.0839909
-0.0839928
-0.0839943
-0.0839956
-0.0839966
-0.0839975
-0.0839981
-0.0839986
-0.083999
-0.0839993
-0.0839995
-0.0839997
-0.0839998
-0.0839999
-0.0839999
-0.0839557
-0.0839562
-0.0839572
-0.0839587
-0.0839607
-0.0839629
-0.0839654
-0.0839682
-0.083971
-0.0839739
-0.0839768
-0.0839796
-0.0839823
-0.0839848
-0.0839872
-0.0839893
-0.0839912
-0.0839928
-0.0839942
-0.0839954
-0.0839964
-0.0839972
-0.0839979
-0.0839984
-0.0839988
-0.0839992
-0.0839994
-0.0839996
-0.0839997
-0.0839998
-0.0839999
-0.0839999
-0.0839999
-0.0839738
-0.0839741
-0.0839747
-0.0839756
-0.0839767
-0.0839781
-0.0839796
-0.0839812
-0.083983
-0.0839847
-0.0839865
-0.0839882
-0.0839898
-0.0839913
-0.0839927
-0.0839939
-0.083995
-0.0839959
-0.0839967
-0.0839974
-0.083998
-0.0839985
-0.0839988
-0.0839991
-0.0839994
-0.0839995
-0.0839997
-0.0839998
-0.0839999
-0.0839999
-0.0839999
-0.084
-0.084
-0.0839863
-0.0839865
-0.0839868
-0.0839873
-0.0839879
-0.0839887
-0.0839895
-0.0839903
-0.0839913
-0.0839922
-0.0839931
-0.083994
-0.0839948
-0.0839956
-0.0839963
-0.0839969
-0.0839975
-0.083998
-0.0839984
-0.0839987
-0.083999
-0.0839993
-0.0839995
-0.0839996
-0.0839997
-0.0839998
-0.0839999
-0.0839999
-0.0839999
-0.084
-0.084
-0.084
-0.084
-0.0839939
-0.0839939
-0.0839941
-0.0839943
-0.0839946
-0.0839949
-0.0839953
-0.0839957
-0.0839961
-0.0839966
-0.083997
-0.0839974
-0.0839977
-0.0839981
-0.0839984
-0.0839987
-0.0839989
-0.0839992
-0.0839993
-0.0839995
-0.0839996
-0.0839997
-0.0839998
-0.0839998
-0.0839999
-0.0839999
-0.0839999
-0.084
-0.084
-0.084
-0.084
-0.084
-0.084
-0.0839976
-0.0839977
-0.0839977
-0.0839978
-0.0839979
-0.0839981
-0.0839982
-0.0839984
-0.0839985
-0.0839987
-0.0839989
-0.083999
-0.0839992
-0.0839993
-0.0839994
-0.0839995
-0.0839996
-0.0839997
-0.0839998
-0.0839998
-0.0839999
-0.0839999
-0.0839999
-0.0839999
-0.084
-0.084
-0.084
-0.084
-0.084
-0.084
-0.084
-0.084
-0.084
-0.083999
-0.0839991
-0.0839991
-0.0839991
-0.0839992
-0.0839992
-0.0839993
-0.0839994
-0.0839994
-0.0839995
-0.0839996
-0.0839996
-0.0839997
-0.0839997
-0.0839998
-0.0839998
-0.0839999
-0.0839999
-0.0839999
-0.0839999
-0.0839999
-0.084
-0.084
-0.084
-0.084
-0.084
-0.084
-0.084
-0.084
-0.084
-0.084
-0.084
-0.084
-0.0826038
-0.0826212
-0.0826546
-0.0827039
-0.0827656
-0.0828373
-0.082916
-0.0829983
-0.0830818
-0.0831649
-0.0832469
-0.0833278
-0.083407
-0.0834843
-0.0835629
-0.083635
-0.083699
-0.0837542
-0.0838005
-0.0838389
-0.0838707
-0.0838976
-0.0839203
-0.0839393
-0.0839545
-0.0839663
-0.0839753
-0.0839821
-0.0839873
-0.0839912
-0.083994
-0.083996
-0.0839974
-0.0826276
-0.0826448
-0.0826778
-0.082726
-0.082786
-0.0828556
-0.082932
-0.0830119
-0.0830938
-0.0831758
-0.0832572
-0.0833375
-0.0834162
-0.0834927
-0.0835704
-0.0836414
-0.0837043
-0.0837585
-0.0838039
-0.0838416
-0.0838729
-0.0838994
-0.0839218
-0.0839405
-0.0839553
-0.0839669
-0.0839757
-0.0839824
-0.0839875
-0.0839913
-0.0839941
-0.0839961
-0.0839975
-0.0826769
-0.0826938
-0.0827261
-0.0827714
-0.0828284
-0.0828946
-0.0829669
-0.083043
-0.0831208
-0.0831995
-0.083278
-0.0833559
-0.0834324
-0.0835103
-0.083586
-0.0836547
-0.0837153
-0.0837672
-0.0838107
-0.0838469
-0.0838772
-0.0839029
-0.0839247
-0.0839427
-0.083957
-0.0839682
-0.0839767
-0.0839831
-0.083988
-0.0839917
-0.0839944
-0.0839963
-0.0839976
-0.0827556
-0.0827712
-0.0828011
-0.0828431
-0.0828956
-0.0829565
-0.0830231
-0.0830938
-0.0831667
-0.083241
-0.0833157
-0.08339
-0.0834637
-0.0835404
-0.083612
-0.0836765
-0.0837331
-0.0837815
-0.083822
-0.0838558
-0.0838844
-0.0839087
-0.0839293
-0.0839463
-0.0839598
-0.0839702
-0.0839781
-0.0839842
-0.0839888
-0.0839923
-0.0839948
-0.0839965
-0.0839977
-0.0828651
-0.0828788
-0.0829047
-0.082942
-0.0829884
-0.0830425
-0.0831027
-0.0831669
-0.0832342
-0.0833037
-0.0833736
-0.0834427
-0.0835139
-0.0835844
-0.0836493
-0.0837075
-0.0837583
-0.0838015
-0.0838379
-0.0838686
-0.0838948
-0.0839172
-0.0839361
-0.0839515
-0.0839636
-0.083973
-0.0839802
-0.0839858
-0.0839899
-0.0839931
-0.0839953
-0.0839969
-0.083998
-0.0830048
-0.0830158
-0.0830375
-0.0830685
-0.0831078
-0.083154
-0.0832061
-0.0832627
-0.0833223
-0.083385
-0.0834473
-0.0835125
-0.0835783
-0.0836402
-0.0836966
-0.0837466
-0.0837899
-0.0838268
-0.0838581
-0.0838851
-0.0839082
-0.0839281
-0.0839447
-0.0839581
-0.0839685
-0.0839766
-0.0839829
-0.0839877
-0.0839914
-0.083994
-0.083996
-0.0839973
-0.0839983
-0.0831636
-0.0831723
-0.0831896
-0.0832151
-0.0832476
-0.0832863
-0.0833305
-0.0833792
-0.083429
-0.0834842
-0.0835428
-0.0836002
-0.0836549
-0.0837056
-0.0837513
-0.0837914
-0.0838261
-0.083856
-0.0838821
-0.0839048
-0.0839245
-0.0839412
-0.0839548
-0.0839657
-0.0839742
-0.0839808
-0.083986
-0.08399
-0.083993
-0.0839952
-0.0839968
-0.0839979
-0.0839986
-0.0833376
-0.0833445
-0.0833573
-0.0833782
-0.083404
-0.0834351
-0.0834718
-0.0835146
-0.0835597
-0.0836057
-0.0836513
-0.0836953
-0.0837366
-0.0837743
-0.0838081
-0.083838
-0.0838644
-0.0838878
-0.0839085
-0.0839268
-0.0839423
-0.0839552
-0.0839655
-0.0839738
-0.0839803
-0.0839854
-0.0839894
-0.0839925
-0.0839947
-0.0839964
-0.0839976
-0.0839984
-0.083999
-0.0835193
-0.083525
-0.0835363
-0.0835529
-0.0835743
-0.0835997
-0.0836282
-0.083659
-0.0836911
-0.0837233
-0.0837548
-0.0837847
-0.0838126
-0.0838383
-0.0838617
-0.0838831
-0.0839024
-0.0839199
-0.0839354
-0.0839486
-0.0839596
-0.0839685
-0.0839758
-0.0839816
-0.0839862
-0.0839899
-0.0839927
-0.0839948
-0.0839964
-0.0839976
-0.0839984
-0.0839989
-0.0839993
-0.0836914
-0.0836951
-0.0837025
-0.0837134
-0.0837273
-0.0837435
-0.0837614
-0.0837806
-0.0838003
-0.0838201
-0.0838395
-0.0838582
-0.0838762
-0.0838931
-0.0839091
-0.0839239
-0.0839372
-0.0839489
-0.0839589
-0.0839673
-0.0839742
-0.0839799
-0.0839846
-0.0839884
-0.0839914
-0.0839937
-0.0839955
-0.0839969
-0.0839978
-0.0839985
-0.083999
-0.0839994
-0.0839996
-0.0838185
-0.0838206
-0.0838248
-0.0838308
-0.0838385
-0.0838476
-0.0838578
-0.0838688
-0.0838804
-0.0838923
-0.0839042
-0.0839159
-0.0839273
-0.0839379
-0.0839477
-0.0839565
-0.0839642
-0.0839709
-0.0839766
-0.0839814
-0.0839854
-0.0839888
-0.0839915
-0.0839937
-0.0839953
-0.0839966
-0.0839976
-0.0839983
-0.0839989
-0.0839992
-0.0839995
-0.0839997
-0.0839998
-0.0839029
-0.0839041
-0.0839064
-0.0839098
-0.0839141
-0.0839193
-0.0839251
-0.0839313
-0.0839379
-0.0839445
-0.083951
-0.0839573
-0.0839632
-0.0839687
-0.0839737
-0.0839781
-0.0839821
-0.0839855
-0.0839884
-0.0839909
-0.083993
-0.0839947
-0.083996
-0.083997
-0.0839978
-0.0839985
-0.0839989
-0.0839993
-0.0839995
-0.0839997
-0.0839998
-0.0839999
-0.0839999
-0.0839565
-0.083957
-0.0839581
-0.0839597
-0.0839618
-0.0839641
-0.0839668
-0.0839696
-0.0839726
-0.0839755
-0.0839785
-0.0839813
-0.083984
-0.0839864
-0.0839887
-0.0839907
-0.0839925
-0.083994
-0.0839952
-0.0839963
-0.0839972
-0.0839979
-0.0839984
-0.0839988
-0.0839992
-0.0839994
-0.0839996
-0.0839997
-0.0839998
-0.0839999
-0.0839999
-0.084
-0.084
-0.0839834
-0.0839836
-0.083984
-0.0839847
-0.0839855
-0.0839864
-0.0839874
-0.0839886
-0.0839897
-0.0839909
-0.083992
-0.0839931
-0.0839942
-0.0839951
-0.0839959
-0.0839967
-0.0839973
-0.0839979
-0.0839984
-0.0839987
-0.083999
-0.0839993
-0.0839995
-0.0839996
-0.0839997
-0.0839998
-0.0839999
-0.0839999
-0.0839999
-0.084
-0.084
-0.084
-0.084
-0.0839936
-0.0839937
-0.0839938
-0.0839941
-0.0839944
-0.0839948
-0.0839952
-0.0839956
-0.0839961
-0.0839966
-0.083997
-0.0839974
-0.0839978
-0.0839982
-0.0839985
-0.0839988
-0.083999
-0.0839992
-0.0839994
-0.0839995
-0.0839997
-0.0839997
-0.0839998
-0.0839999
-0.0839999
-0.0839999
-0.084
-0.084
-0.084
-0.084
-0.084
-0.084
-0.084
-0.0742545
-0.0744285
-0.074752
-0.0751782
-0.0757087
-0.0763192
-0.0769668
-0.0776088
-0.0782073
-0.0787604
-0.079262
-0.0797361
-0.0802103
-0.0806932
-0.0811744
-0.0816389
-0.0820708
-0.0824531
-0.0827705
-0.0830184
-0.0832077
-0.0833596
-0.0834891
-0.0836087
-0.0837075
-0.0837847
-0.0838425
-0.0838851
-0.0839172
-0.083942
-0.0839605
-0.0839737
-0.0839828
-0.0754233
-0.0755661
-0.0758223
-0.0762075
-0.076661
-0.0771683
-0.0777
-0.0782183
-0.0787169
-0.0791817
-0.0796259
-0.0800694
-0.0805252
-0.0809865
-0.0814406
-0.0818735
-0.0822697
-0.0826134
-0.0828922
-0.0831066
-0.0832738
-0.083413
-0.0835363
-0.0836469
-0.0837366
-0.083806
-0.0838575
-0.0838959
-0.0839252
-0.0839479
-0.0839646
-0.0839765
-0.0839846
-0.0768302
-0.0769204
-0.0771232
-0.0774036
-0.0777533
-0.0781301
-0.078519
-0.0789139
-0.0793068
-0.0796971
-0.0800985
-0.0805173
-0.0809476
-0.0813783
-0.0817945
-0.0821812
-0.0825242
-0.082811
-0.0830373
-0.0832137
-0.0833578
-0.0834819
-0.0835983
-0.0836959
-0.0837734
-0.0838324
-0.0838763
-0.0839096
-0.0839355
-0.0839553
-0.0839697
-0.0839799
-0.0839869
-0.0781996
-0.0782668
-0.0783991
-0.0785844
-0.0788146
-0.0790753
-0.0793582
-0.0796617
-0.0799887
-0.0803412
-0.0807134
-0.0810978
-0.0814863
-0.0818664
-0.0822223
-0.08254
-0.0828088
-0.0830247
-0.083196
-0.0833381
-0.0834582
-0.0835737
-0.0836726
-0.0837529
-0.0838153
-0.0838623
-0.083898
-0.0839258
-0.0839476
-0.0839639
-0.0839756
-0.0839838
-0.0839894
-0.0793989
-0.0794417
-0.079528
-0.0796545
-0.0798208
-0.0800239
-0.0802619
-0.0805303
-0.0808233
-0.0811352
-0.081459
-0.0817862
-0.0821059
-0.0824052
-0.0826729
-0.0828986
-0.083082
-0.0832323
-0.083361
-0.083474
-0.0835826
-0.0836759
-0.0837523
-0.0838125
-0.0838585
-0.0838939
-0.0839217
-0.0839438
-0.0839606
-0.0839729
-0.0839817
-0.0839879
-0.0839922
-0.0805628
-0.0805991
-0.0806718
-0.0807807
-0.080923
-0.0810952
-0.081294
-0.0815159
-0.0817552
-0.0820044
-0.082253
-0.0824909
-0.0827089
-0.0829011
-0.0830648
-0.0832032
-0.0833238
-0.0834307
-0.0835337
-0.0836282
-0.0837088
-0.0837749
-0.0838272
-0.0838678
-0.0838996
-0.0839252
-0.0839457
-0.0839614
-0.0839731
-0.0839816
-0.0839876
-0.0839919
-0.0839948
-0.0817579
-0.0817851
-0.0818414
-0.0819256
-0.0820351
-0.082164
-0.0823063
-0.0824574
-0.082613
-0.0827653
-0.0829086
-0.0830399
-0.0831581
-0.0832653
-0.0833644
-0.0834547
-0.0835468
-0.0836306
-0.083704
-0.083766
-0.0838166
-0.0838568
-0.0838889
-0.0839149
-0.0839363
-0.0839535
-0.0839666
-0.0839765
-0.0839837
-0.0839889
-0.0839926
-0.0839952
-0.083997
-0.0827468
-0.0827629
-0.0827945
-0.0828396
-0.0828963
-0.0829617
-0.0830327
-0.0831067
-0.0831824
-0.083258
-0.0833328
-0.0834058
-0.0834775
-0.0835522
-0.0836225
-0.0836868
-0.0837437
-0.0837926
-0.0838334
-0.0838669
-0.0838946
-0.0839178
-0.0839372
-0.083953
-0.0839655
-0.083975
-0.0839822
-0.0839875
-0.0839914
-0.0839943
-0.0839963
-0.0839976
-0.0839985
-0.0833205
-0.0833281
-0.083342
-0.0833642
-0.0833912
-0.0834234
-0.0834612
-0.0835051
-0.0835514
-0.0835988
-0.0836462
-0.0836924
-0.0837363
-0.0837767
-0.0838127
-0.0838444
-0.0838718
-0.0838955
-0.083916
-0.0839337
-0.0839486
-0.0839608
-0.0839706
-0.0839782
-0.0839841
-0.0839886
-0.083992
-0.0839945
-0.0839963
-0.0839976
-0.0839984
-0.083999
-0.0839994
-0.0836868
-0.083691
-0.0836992
-0.083711
-0.0837259
-0.0837434
-0.0837629
-0.0837836
-0.0838049
-0.0838262
-0.0838469
-0.0838667
-0.0838854
-0.0839027
-0.0839186
-0.0839329
-0.0839455
-0.0839564
-0.0839657
-0.0839733
-0.0839795
-0.0839846
-0.0839885
-0.0839916
-0.083994
-0.0839958
-0.0839971
-0.083998
-0.0839987
-0.0839992
-0.0839995
-0.0839997
-0.0839998
-0.0838824
-0.0838839
-0.083887
-0.0838914
-0.0838971
-0.0839038
-0.0839112
-0.0839192
-0.0839275
-0.0839357
-0.0839439
-0.0839516
-0.0839589
-0.0839655
-0.0839715
-0.0839767
-0.0839813
-0.0839852
-0.0839885
-0.0839911
-0.0839933
-0.083995
-0.0839963
-0.0839973
-0.0839981
-0.0839987
-0.0839991
-0.0839994
-0.0839996
-0.0839997
-0.0839998
-0.0839999
-0.0839999
-0.0839563
-0.0839569
-0.0839581
-0.0839599
-0.0839621
-0.0839647
-0.0839675
-0.0839706
-0.0839737
-0.0839768
-0.0839799
-0.0839828
-0.0839855
-0.0839879
-0.0839901
-0.083992
-0.0839936
-0.083995
-0.0839961
-0.083997
-0.0839978
-0.0839983
-0.0839988
-0.0839991
-0.0839994
-0.0839996
-0.0839997
-0.0839998
-0.0839999
-0.0839999
-0.084
-0.084
-0.084
-0.0192571
-0.0200436
-0.0230168
-0.0269518
-0.0324751
-0.0380424
-0.043357
-0.0485522
-0.0528569
-0.0559776
-0.0579762
-0.0596838
-0.0616319
-0.0638334
-0.0662682
-0.0689195
-0.0717189
-0.0744797
-0.0768358
-0.0784791
-0.0795254
-0.080322
-0.0810537
-0.0817265
-0.0823139
-0.0827863
-0.0831246
-0.0833523
-0.0835203
-0.0836615
-0.0837699
-0.0838476
-0.0839
-0.0387957
-0.0398156
-0.0418156
-0.044314
-0.0473508
-0.0504871
-0.0533476
-0.0557197
-0.0575339
-0.05895
-0.0605452
-0.0623594
-0.0644293
-0.0667458
-0.0692577
-0.0718825
-0.0744838
-0.0767307
-0.0783469
-0.0793989
-0.0801823
-0.0808978
-0.0815645
-0.08216
-0.0826546
-0.083025
-0.0832783
-0.0834552
-0.0836058
-0.0837258
-0.0838151
-0.0838773
-0.0839192
-0.0536849
-0.0540433
-0.054773
-0.0556293
-0.0566489
-0.0576433
-0.0586018
-0.0597281
-0.0610294
-0.0625307
-0.0642498
-0.0661984
-0.0683661
-0.0707046
-0.0731348
-0.0754357
-0.0773198
-0.0786528
-0.0795578
-0.0802828
-0.0809597
-0.0815922
-0.0821598
-0.0826359
-0.0829988
-0.0832515
-0.0834302
-0.083579
-0.0837018
-0.0837953
-0.0838622
-0.0839079
-0.0839396
-0.0598798
-0.0600362
-0.0603548
-0.0608488
-0.0615102
-0.0623405
-0.0633494
-0.0645644
-0.0659935
-0.0676486
-0.0694883
-0.0714652
-0.0734936
-0.0754731
-0.0771645
-0.0784187
-0.0793101
-0.0800074
-0.0806496
-0.0812622
-0.0818321
-0.0823369
-0.0827556
-0.0830694
-0.0832903
-0.0834518
-0.0835931
-0.0837086
-0.0837973
-0.0838615
-0.0839059
-0.0839373
-0.0839596
-0.0659935
-0.0661546
-0.0665133
-0.067073
-0.0678478
-0.0688041
-0.0699118
-0.0711692
-0.0725913
-0.0740891
-0.0755662
-0.07691
-0.0780244
-0.0788934
-0.0795717
-0.0801628
-0.0807289
-0.0812765
-0.0817953
-0.0822672
-0.0826713
-0.0829884
-0.0832198
-0.0833894
-0.0835284
-0.0836502
-0.0837484
-0.0838233
-0.0838774
-0.0839155
-0.083943
-0.0839629
-0.0839766
-0.0738728
-0.0740439
-0.0743769
-0.0748322
-0.0754149
-0.0760907
-0.0768087
-0.0775218
-0.0781972
-0.078798
-0.0793333
-0.0798223
-0.0802942
-0.0807612
-0.0812221
-0.0816706
-0.0820944
-0.0824783
-0.0828052
-0.0830632
-0.0832582
-0.0834093
-0.0835362
-0.0836484
-0.0837409
-0.0838133
-0.0838672
-0.0839062
-0.0839348
-0.083956
-0.0839712
-0.0839817
-0.0839886
-0.0791981
-0.079254
-0.0793585
-0.0795081
-0.0796957
-0.0799178
-0.0801698
-0.0804474
-0.0807453
-0.0810576
-0.0813811
-0.0817114
-0.0820403
-0.0823556
-0.0826428
-0.0828915
-0.0830967
-0.0832622
-0.0833973
-0.0835138
-0.0836193
-0.0837085
-0.0837816
-0.083839
-0.0838824
-0.0839151
-0.0839399
-0.0839584
-0.083972
-0.0839816
-0.0839882
-0.0839926
-0.0839955
-0.0816713
-0.081703
-0.0817647
-0.0818538
-0.0819687
-0.082104
-0.0822552
-0.0824169
-0.0825848
-0.0827511
-0.08291
-0.0830573
-0.0831901
-0.083309
-0.0834129
-0.0835115
-0.0836021
-0.0836812
-0.083749
-0.0838055
-0.0838513
-0.0838875
-0.0839162
-0.0839387
-0.083956
-0.083969
-0.0839786
-0.0839855
-0.0839904
-0.0839938
-0.0839961
-0.0839976
-0.0839986
-0.0831679
-0.0831788
-0.0832002
-0.0832315
-0.0832709
-0.0833166
-0.0833673
-0.0834219
-0.0834793
-0.0835396
-0.0835986
-0.0836548
-0.0837073
-0.0837552
-0.083798
-0.0838356
-0.083868
-0.0838955
-0.0839186
-0.0839376
-0.0839528
-0.0839649
-0.0839742
-0.0839814
-0.0839869
-0.0839909
-0.0839938
-0.0839958
-0.0839973
-0.0839983
-0.0839989
-0.0839993
-0.0839996
-0.0836985
-0.0837029
-0.0837114
-0.0837239
-0.0837396
-0.083758
-0.0837782
-0.0837996
-0.0838214
-0.083843
-0.083864
-0.0838838
-0.0839022
-0.0839189
-0.0839338
-0.0839466
-0.0839575
-0.0839667
-0.0839743
-0.0839804
-0.0839853
-0.0839892
-0.0839921
-0.0839944
-0.083996
-0.0839973
-0.0839982
-0.0839988
-0.0839992
-0.0839995
-0.0839997
-0.0839998
-0.0839999
)
;

boundaryField
{
    walls
    {
        type            zeroGradient;
    }
    procBoundary1to0
    {
        type            processor;
        value           nonuniform List<scalar> 
277
(
-0.084
-0.084
-0.084
-0.084
-0.084
-0.084
-0.084
-0.084
-0.084
-0.084
-0.084
-0.084
-0.084
-0.084
-0.084
-0.084
-0.084
-0.084
-0.084
-0.084
-0.084
-0.084
-0.084
-0.084
-0.084
-0.084
-0.084
-0.084
-0.084
-0.084
-0.084
-0.084
-0.084
-0.084
-0.084
-0.084
-0.084
-0.084
-0.084
-0.084
-0.084
-0.084
-0.084
-0.084
-0.084
-0.084
-0.084
-0.084
-0.084
-0.084
-0.084
-0.084
-0.084
-0.084
-0.084
-0.084
-0.084
-0.084
-0.084
-0.084
-0.084
-0.084
-0.084
-0.084
-0.084
-0.084
-0.084
-0.084
-0.084
-0.084
-0.084
-0.084
-0.084
-0.084
-0.084
-0.084
-0.084
-0.084
-0.084
-0.084
-0.084
-0.084
-0.084
-0.084
-0.084
-0.084
-0.084
-0.084
-0.084
-0.084
-0.084
-0.084
-0.084
-0.084
-0.084
-0.084
-0.084
-0.084
-0.084
-0.084
-0.084
-0.084
-0.084
-0.084
-0.084
-0.084
-0.084
-0.084
-0.084
-0.084
-0.084
-0.084
-0.084
-0.084
-0.084
-0.084
-0.084
-0.084
-0.084
-0.084
-0.084
-0.084
-0.084
-0.084
-0.084
-0.084
-0.084
-0.084
-0.084
-0.084
-0.084
-0.084
-0.084
-0.084
-0.084
-0.084
-0.084
-0.084
-0.084
-0.084
-0.084
-0.084
-0.084
-0.084
-0.084
-0.084
-0.084
-0.084
-0.084
-0.084
-0.084
-0.084
-0.084
-0.084
-0.084
-0.084
-0.084
-0.084
-0.084
-0.084
-0.084
-0.084
-0.084
-0.084
-0.084
-0.084
-0.084
-0.084
-0.084
-0.084
-0.084
-0.084
-0.084
-0.084
-0.084
-0.084
-0.084
-0.084
-0.084
-0.084
-0.084
-0.084
-0.084
-0.084
-0.084
-0.084
-0.084
-0.084
-0.084
-0.084
-0.084
-0.084
-0.084
-0.084
-0.084
-0.084
-0.084
-0.084
-0.084
-0.084
-0.084
-0.084
-0.084
-0.084
-0.084
-0.084
-0.084
-0.084
-0.084
-0.084
-0.084
-0.084
-0.084
-0.084
-0.084
-0.084
-0.084
-0.084
-0.084
-0.084
-0.084
-0.084
-0.084
-0.084
-0.084
-0.0839998
-0.0839998
-0.0839998
-0.0839998
-0.0839998
-0.0839999
-0.0839999
-0.0839999
-0.0839999
-0.084
-0.084
-0.084
-0.084
-0.084
-0.084
-0.0839983
-0.0839984
-0.0839985
-0.0839986
-0.0839987
-0.0839989
-0.0839991
-0.0839994
-0.0839996
-0.0839998
-0.0839999
-0.084
-0.084
-0.084
-0.084
-0.083989
-0.0839902
-0.0839916
-0.0839933
-0.0839951
-0.0839968
-0.0839982
-0.0839991
-0.0839996
-0.0839999
-0.084
-0.084
-0.0839355
-0.0839483
-0.0839618
-0.0839749
-0.0839857
-0.0839931
-0.0839973
-0.0839992
-0.0839998
-0.0839999
)
;
    }
    procBoundary1to2
    {
        type            processor;
        value           nonuniform List<scalar> 
561
(
-0.0727172
-0.0728873
-0.073206
-0.0737145
-0.0743471
-0.0750921
-0.0759081
-0.0767186
-0.0774971
-0.0781893
-0.0787968
-0.0793342
-0.0798343
-0.0803335
-0.0808359
-0.0813298
-0.0818004
-0.0822298
-0.0825996
-0.0828951
-0.0831183
-0.0832903
-0.0834302
-0.0835576
-0.0836676
-0.0837551
-0.0838215
-0.0838702
-0.0839062
-0.0839338
-0.0839547
-0.0839698
-0.0839802
-0.0729704
-0.0731439
-0.0734656
-0.0739687
-0.0745868
-0.0753057
-0.076086
-0.0768592
-0.0776077
-0.0782766
-0.0788667
-0.0793939
-0.0798901
-0.0803878
-0.0808877
-0.0813775
-0.0818424
-0.0822647
-0.0826267
-0.082915
-0.083133
-0.0833021
-0.0834404
-0.0835662
-0.0836743
-0.0837601
-0.0838251
-0.0838727
-0.083908
-0.0839352
-0.0839557
-0.0839704
-0.0839806
-0.0734413
-0.0736253
-0.073968
-0.0744262
-0.0750063
-0.0756864
-0.0764192
-0.0771516
-0.0778337
-0.0784599
-0.0790136
-0.0795185
-0.0800056
-0.0804996
-0.0809949
-0.0814772
-0.0819306
-0.0823377
-0.0826818
-0.0829544
-0.0831613
-0.0833237
-0.0834573
-0.0835825
-0.0836872
-0.0837697
-0.0838319
-0.0838775
-0.0839116
-0.0839379
-0.0839576
-0.0839717
-0.0839815
-0.0734413
-0.0736253
-0.073968
-0.0744262
-0.0750063
-0.0756864
-0.0764192
-0.0771516
-0.0778337
-0.0784599
-0.0790136
-0.0795185
-0.0800056
-0.0804996
-0.0809949
-0.0814772
-0.0819306
-0.0823377
-0.0826818
-0.0829544
-0.0831613
-0.0833237
-0.0834573
-0.0835825
-0.0836872
-0.0837697
-0.0838319
-0.0838775
-0.0839116
-0.0839379
-0.0839576
-0.0839717
-0.0839815
0.00971067
0.00803601
0.00490085
0.00102844
-0.00442567
-0.0117032
-0.0204648
-0.0299107
-0.0386394
-0.0465512
-0.0523503
-0.0562013
-0.0584226
-0.0604633
-0.0627626
-0.0653184
-0.0681217
-0.0710948
-0.0740391
-0.076612
-0.0784121
-0.0795311
-0.0803645
-0.081122
-0.0818103
-0.0824006
-0.0828628
-0.0831842
-0.0833996
-0.0835645
-0.0836992
-0.0837997
-0.0838695
-0.00183755
-0.00345557
-0.00604794
-0.0109661
-0.0167288
-0.0237068
-0.0314982
-0.0389299
-0.0460333
-0.0515424
-0.0554536
-0.0578588
-0.0597225
-0.0618175
-0.0641593
-0.0667545
-0.0695774
-0.0725101
-0.0753085
-0.0775132
-0.0789411
-0.0798738
-0.0806545
-0.0813775
-0.0820264
-0.0825704
-0.0829818
-0.0832605
-0.0834495
-0.0836068
-0.0837304
-0.0838211
-0.0838832
-0.00183755
-0.00345557
-0.00604794
-0.0109661
-0.0167288
-0.0237068
-0.0314982
-0.0389299
-0.0460333
-0.0515424
-0.0554536
-0.0578588
-0.0597225
-0.0618175
-0.0641593
-0.0667545
-0.0695774
-0.0725101
-0.0753085
-0.0775132
-0.0789411
-0.0798738
-0.0806545
-0.0813775
-0.0820264
-0.0825704
-0.0829818
-0.0832605
-0.0834495
-0.0836068
-0.0837304
-0.0838211
-0.0838832
0.0320076
0.0319842
0.0319547
0.0320712
0.0322139
0.0323811
0.0325957
0.0329671
0.0332476
0.033669
0.0341097
0.0345811
0.0346889
0.0343606
0.0333596
0.0305032
0.0234762
0.008276
-0.016271
-0.0403951
-0.0541126
-0.0590564
-0.0623425
-0.0659004
-0.0697739
-0.0737438
-0.0772143
-0.0793359
-0.080519
-0.081434
-0.0822105
-0.0828274
-0.0832499
0.0323471
0.0323743
0.0325192
0.0325693
0.0327527
0.0329733
0.0332364
0.0336618
0.0340595
0.0342585
0.0344982
0.034674
0.0342298
0.0328394
0.0297424
0.0227164
0.00822171
-0.0148522
-0.0383935
-0.0529404
-0.0584634
-0.0616249
-0.065001
-0.0687203
-0.072593
-0.0762231
-0.0787383
-0.0801075
-0.0810667
-0.081885
-0.0825663
-0.0830731
-0.0833932
0.0331975
0.0333692
0.0334469
0.0336474
0.0338692
0.0340745
0.0342449
0.0343851
0.0345978
0.0346458
0.0343564
0.0334213
0.0312554
0.0267343
0.0168388
-0.00027348
-0.0229802
-0.0430788
-0.0545471
-0.0589337
-0.0619328
-0.0651706
-0.0687297
-0.0724384
-0.0759676
-0.0785219
-0.0799384
-0.0808964
-0.0817142
-0.0824099
-0.0829508
-0.0833113
-0.0835368
0.0342302
0.0342488
0.0343736
0.0343377
0.0343826
0.0344065
0.034453
0.0341346
0.0335158
0.031995
0.0293194
0.0242392
0.0152191
-0.000647273
-0.021323
-0.0398247
-0.0520073
-0.0576566
-0.0605255
-0.0634116
-0.0665793
-0.0699911
-0.0735305
-0.0767225
-0.0788783
-0.0800993
-0.0809897
-0.0817649
-0.0824284
-0.0829479
-0.0832988
-0.083521
-0.0836841
0.0333495
0.0334235
0.0331605
0.0327834
0.0318518
0.0305849
0.0285849
0.0254932
0.0197131
0.0109476
-0.00179094
-0.0177591
-0.0338968
-0.0467697
-0.0545691
-0.058305
-0.0608542
-0.0634772
-0.0663472
-0.0694758
-0.0727525
-0.0758659
-0.07823
-0.0796476
-0.080581
-0.081365
-0.0820566
-0.082639
-0.0830804
-0.0833696
-0.0835634
-0.0837094
-0.0838154
0.0130719
0.0116505
0.00885757
0.00528851
-3.25017e-05
-0.00736995
-0.016451
-0.0265618
-0.0367264
-0.0452539
-0.0518769
-0.0562551
-0.0587816
-0.0609801
-0.0632212
-0.0656136
-0.0682309
-0.071061
-0.0739925
-0.076649
-0.0785724
-0.0797735
-0.0806307
-0.0813607
-0.0820096
-0.0825669
-0.083004
-0.0833052
-0.0835067
-0.0836602
-0.0837749
-0.0838569
-0.0839113
-0.049884
-0.0505822
-0.0516576
-0.0531931
-0.0548063
-0.0564347
-0.0578753
-0.0592717
-0.0607657
-0.062326
-0.063996
-0.0658312
-0.0678836
-0.070149
-0.0725324
-0.0749095
-0.0770074
-0.078573
-0.0796581
-0.0804782
-0.0811758
-0.0817905
-0.0823327
-0.0827881
-0.0831329
-0.0833729
-0.0835474
-0.0836836
-0.0837856
-0.0838591
-0.0839095
-0.0839433
-0.0839656
-0.0654881
-0.0656871
-0.0660733
-0.0666394
-0.0674031
-0.0683372
-0.0694351
-0.0706879
-0.0721071
-0.0736334
-0.0751871
-0.0766652
-0.0779159
-0.0789321
-0.0797446
-0.0804384
-0.0810603
-0.0816167
-0.0821144
-0.0825503
-0.0829091
-0.0831835
-0.0833878
-0.0835471
-0.0836748
-0.0837711
-0.0838422
-0.0838932
-0.0839293
-0.0839545
-0.0839714
-0.0839824
-0.0839895
-0.0777026
-0.0778037
-0.0779919
-0.0782604
-0.0785918
-0.0789649
-0.0793603
-0.0797687
-0.0801908
-0.0806208
-0.0810491
-0.0814647
-0.081857
-0.0822202
-0.0825471
-0.0828302
-0.0830668
-0.0832612
-0.0834199
-0.0835563
-0.083668
-0.0837542
-0.0838201
-0.0838704
-0.0839083
-0.0839366
-0.0839569
-0.0839713
-0.0839813
-0.0839881
-0.0839926
-0.0839955
-0.0839973
-0.0818375
-0.081872
-0.0819389
-0.0820341
-0.0821554
-0.0822968
-0.0824491
-0.0826086
-0.0827696
-0.082926
-0.0830741
-0.0832114
-0.0833367
-0.0834501
-0.0835554
-0.0836451
-0.08372
-0.0837817
-0.0838322
-0.0838728
-0.0839051
-0.0839302
-0.0839494
-0.0839639
-0.0839747
-0.0839826
-0.0839883
-0.0839922
-0.083995
-0.0839968
-0.083998
-0.0839988
-0.0839993
)
;
    }
}


// ************************************************************************* //
