/*--------------------------------*- C++ -*----------------------------------*\
| =========                 |                                                 |
| \\      /  F ield         | OpenFOAM: The Open Source CFD Toolbox           |
|  \\    /   O peration     | Version:  2412                                  |
|   \\  /    A nd           | Website:  www.openfoam.com                      |
|    \\/     M anipulation  |                                                 |
\*---------------------------------------------------------------------------*/
FoamFile
{
    version     2.0;
    format      ascii;
    arch        "LSB;label=32;scalar=64";
    class       volScalarField;
    location    "0.030011";
    object      Jsi;
}
// * * * * * * * * * * * * * * * * * * * * * * * * * * * * * * * * * * * * * //

dimensions      [0 0 0 0 0 0 0];

internalField   nonuniform List<scalar> 
8730
(
0
0
0
0
0
0
0
0
0
0
0
0
0
0
0
0
0
0
0
0
0
0
0
0
0
0
0
0
0
0
0
0
0
0
0
0
0
0
0
0
0
0
0
0
0
0
0
0
0
0
0
0
0
0
0
0
0
0
0
0
0
0
0
0
0
0
0
0
0
0
0
0
0
0
0
0
0
0
0
0
0
0
0
0
0
0
0
0
0
0
0
0
0
0
0
0
0
0
0
0
0
0
0
0
0
0
0
0
0
0
0
0
0
0
0
0
0
0
0
0
0
0
0
0
0
0
0
0
0
0
0
0
0
0
0
0
0
0
0
0
0
0
0
0
0
0
0
0
0
0
0
0
0
0
0
0
0
0
0
0
0
0
0
0
0
0
0
0
0
0
0
0
0
0
0
0
0
0
0
0
0
0
0
0
0
0
0
0
0
0
0
0
0
0
0
0
0
0
0
0
0
0
0
0
0
0
0
0
0
0
0
0
0
0
0
0
0
0
0
0
0
0
0
0
0
0
0
0
0
0
0
0
0
0
0
0
0
0
0
0
0
0
0
0
0
0
0
0
0
0
0
0
0
0
0
0
0
0
0
0
0
0
0
0
0
0
0
0
0
0
0
0
0
0
0
0
0
0
0
0
0
0
0
0
0
0
0
0
0
0
0
0
0
0
0
0
0
0
0
0
0
0
0
0
0
0
0
0
0
0
0
0
0
0
0
0
0
0
0
0
0
0
0
0
0
0
0
0
0
0
0
0
0
0
0
0
0
0
0
0
0
0
0
0
0
0
0
0
0
0
0
0
0
0
0
0
0
0
0
0
0
0
0
0
0
0
0
0
0
0
0
0
0
0
0
0
0
0
0
0
0
0
0
0
0
0
0
0
0
0
0
0
0
0
0
0
0
0
0
0
0
0
0
0
0
0
0
0
0
0
0
0
0
0
0
0
0
0
0
0
0
0
0
0
0
0
0
0
0
0
0
0
0
0
0
0
0
0
0
0
0
0
0
0
0
0
0
0
0
0
0
0
0
0
0
0
0
0
0
0
0
0
0
0
0
0
0
0
0
0
0
0
0
0
0
0
0
0
0
0
0
0
0
0
0
0
0
0
0
0
0
0
0
0
0
0
0
0
0
0
0
0
0
0
0
0
0
0
0
0
0
0
0
0
0
0
0
0
0
0
0
0
0
0
0
0
0
0
0
0
0
0
0
0
0
0
0
0
0
0
0
0
0
0
0
0
0
0
0
0
0
0
0
0
0
0
0
0
0
0
0
0
0
0
0
0
0
0
0
0
0
0
0
0
0
0
0
0
0
0
0
0
0
0
0
0
0
0
0
0
0
0
0
0
0
0
0
0
0
0
0
0
0
0
0
0
0
0
0
0
0
0
0
0
0
0
0
0
0
0
0
0
0
0
0
0
0
0
0
0
0
0
0
0
0
0
0
0
0
0
0
0
0
0
0
0
0
0
0
0
0
0
0
0
0
0
0
0
0
0
0
0
0
0
0
0
0
0
0
0
0
0
0
0
0
0
0
0
0
0
0
0
0
0
0
0
0
0
0
0
0
0
0
0
0
0
0
0
0
0
0
0
0
0
0
0
0
0
0
0
0
0
0
0
0
0
0
0
0
0
0
0
0
0
0
0
0
0
0
0
0
0
0
0
0
0
0
0
0
0
0
0
0
0
0
0
0
0
0
0
0
0
0
0
0
0
0
0
0
0
0
0
0
0
0
0
0
0
0
0
0
0
0
0
0
0
0
0
0
0
0
0
0
0
0
0
0
0
0
0
0
0
0
0
0
0
0
0
0
0
0
0
0
0
0
0
0
0
0
0
0
0
0
0
0
0
0
0
0
0
0
0
0
0
0
0
0
0
0
0
0
0
0
0
0
0
0
0
0
0
0
0
0
0
0
0
0
0
0
0
0
0
0
0
0
0
0
0
0
0
0
0
0
0
0
0
0
0
0
0
0
0
0
0
0
0
0
0
0
0
0
0
0
0
0
0
0
0
0
0
0
0
0
0
0
0
0
0
0
0
0
0
0
0
0
0
0
0
0
0
0
0
0
0
0
0
0
0
0
0
0
0
0
0
0
0
0
0
0
0
0
0
0
0
0
0
0
0
0
0
0
0
0
0
0
0
0
0
0
0
0
0
0
0
0
0
0
0
0
0
0
0
0
0
0
0
0
0
0
0
0
0
0
0
0
0
0
0
0
0
0
0
0
0
0
0
0
0
0
0
0
0
0
0
0
0
0
0
0
0
0
0
0
0
0
0
0
0
0
0
0
0
0
0
0
0
0
0
0
0
0
0
0
0
0
0
0
0
0
0
0
0
0
0
0
0
0
0
0
0
0
0
0
0
0
0
0
0
0
0
0
0
0
0
0
0
0
0
0
0
0
0
0
0
0
0
0
0
0
0
0
0
0
0
0
0
0
0
0
0
0
0
0
0
0
0
0
0
0
0
0
0
0
0
0
0
0
0
0
0
0
0
0
0
0
0
0
0
0
0
0
0
0
0
0
0
0
0
0
0
0
0
0
0
0
0
0
0
0
0
0
0
0
0
0
0
0
0
0
0
0
0
0
0
0
0
0
0
0
0
0
0
0
0
0
0
0
0
0
0
0
0
0
0
0
0
0
0
0
0
0
0
0
0
0
0
0
0
0
0
0
0
0
0
0
0
0
0
0
0
0
0
0
0
0
0
0
0
0
0
0
0
0
0
0
0
0
0
0
0
0
0
0
0
0
0
0
0
0
0
0
0
0
0
0
0
0
0
0
0
0
0
0
0
0
0
0
0
0
0
0
0
0
0
0
0
0
0
0
0
0
0
0
0
0
0
0
0
0
0
0
0
0
0
0
0
0
0
0
0
0
0
0
0
0
0
0
0
0
0
0
0
0
0
0
0
0
0
0
0
0
0
0
0
0
0
0
0
0
0
0
0
0
0
0
0
0
0
0
0
0
0
0
0
0
0
0
0
0
0
0
0
0
0
0
0
0
0
0
0
0
0
0
0
0
0
0
0
0
0
0
0
0
0
0
0
0
0
0
0
0
0
0
0
0
0
0
0
0
0
0
0
0
0
0
0
0
0
0
0
0
0
0
0
0
0
0
0
0
0
0
0
0
0
0
0
0
0
0
0
0
0
0
0
0
0
0
0
0
0
0
0
0
0
0
0
0
0
0
0
0
0
0
0
0
0
0
0
0
0
0
0
0
0
0
0
0
0
0
0
0
0
0
0
0
0
0
0
0
0
0
0
0
0
0
0
0
0
0
0
0
0
0
0
0
0
0
0
0
0
0
0
0
0
0
0
0
0
0
0
0
0
0
0
0
0
0
0
0
0
0
0
0
0
0
0
0
0
0
0
0
0
0
0
0
0
0
0
0
0
0
0
0
0
0
0
0
0
0
0
0
0
0
0
0
0
0
0
0
0
0
0
0
0
0
0
0
0
0
0
0
0
0
0
0
0
0
0
0
0
0
0
0
0
0
0
0
0
0
0
0
0
0
0
0
0
0
0
0
0
0
0
0
0
0
0
0
0
0
0
0
0
0
0
0
-0.0132104
-0.0129981
-0.0128155
-0.012748
-0.0126195
-0.0125159
0
0
0
0
0
0
0
0
0
-0.0131576
-0.0130347
-0.0128584
-0.012708
-0.0125833
-0.0124855
0
0
0
0
0
0
0
0
0
-0.013146
-0.012947
-0.0127756
-0.0126333
-0.0126014
0
0
0
0
0
0
0
0
0
0
-0.0130851
-0.0128975
-0.0127367
-0.0126052
-0.0125842
0
0
0
0
0
0
0
0
0
0
-0.0129755
-0.0128039
-0.0127461
-0.0126279
-0.0125325
0
0
0
0
0
0
0
0
0
0
-0.012908
-0.0127556
-0.0126285
-0.0125278
0
0
0
0
0
0
0
0
0
0
0
-0.0127857
-0.0126572
-0.0125529
0
0
0
0
0
0
0
0
0
0
0
0
-0.0127138
-0.0126129
-0.012533
0
0
0
0
0
0
0
0
0
0
0
0
-0.0125991
-0.0125297
0
0
0
0
0
0
0
0
0
0
0
0
0
0
0
0
0
0
0
0
0
0
0
0
0
0
0
0
0
0
0
0
0
0
0
0
0
0
0
0
0
0
0
0
0
0
0
0
0
0
0
0
0
0
0
0
0
0
0
0
0
0
0
0
0
0
0
0
0
0
0
0
0
0
0
0
0
0
0
0
0
0
0
0
0
0
0
0
0
0
0
0
0
0
0
0
0
0
0
0
0
0
0
-0.0371418
-0.0336517
-0.0300622
-0.0265555
-0.0228239
-0.0191285
-0.0160184
-0.0140543
-0.0133907
-0.0130392
-0.0128575
-0.0127202
-0.0125336
-0.0124686
0
-0.036683
-0.0332033
-0.0298025
-0.0261479
-0.022419
-0.0189176
-0.0157594
-0.01402
-0.0133315
-0.0130765
-0.0128156
-0.0126803
-0.0125853
-0.0124366
0
-0.0360819
-0.0325839
-0.0289926
-0.0254928
-0.021791
-0.0181873
-0.0153486
-0.0137969
-0.0133004
-0.0129879
-0.01282
-0.0126922
-0.0125161
0
0
-0.035005
-0.0314933
-0.0278928
-0.0244058
-0.0207482
-0.0172758
-0.0147906
-0.0136093
-0.0132305
-0.0129429
-0.012788
-0.0126716
-0.0125037
0
0
-0.033427
-0.0299207
-0.0265193
-0.0229059
-0.0193103
-0.01623
-0.0141906
-0.0133925
-0.013116
-0.0129366
-0.0127123
-0.0126122
-0.012459
0
0
-0.0316019
-0.0280824
-0.0245005
-0.0210747
-0.0176531
-0.0149638
-0.013748
-0.0132464
-0.0130374
-0.0127974
-0.012681
-0.0125124
0
0
0
-0.0290681
-0.0255536
-0.0220878
-0.0187204
-0.0157523
-0.0140026
-0.0134073
-0.0130784
-0.0129111
-0.0126991
-0.0126086
-0.0124639
0
0
0
-0.0261936
-0.0227195
-0.019282
-0.0162115
-0.0143202
-0.0134919
-0.0131297
-0.0129583
-0.0127441
-0.0126499
-0.012501
0
0
0
0
-0.0225509
-0.0192383
-0.0162604
-0.0142911
-0.0135448
-0.0131798
-0.0129307
-0.0128022
-0.0126248
-0.0125659
0
0
0
0
0
-0.0186819
-0.0159071
-0.014176
-0.0134623
-0.013134
-0.0129845
-0.0127863
-0.0126185
-0.0125674
0
0
0
0
0
0
-0.0151043
-0.0138591
-0.0133513
-0.013082
-0.0128721
-0.0127758
-0.0126254
-0.012502
0
0
0
0
0
0
0
-0.0135852
-0.0132542
-0.0130368
-0.0128536
-0.0127002
-0.0125722
-0.0124686
0
0
0
0
0
0
0
0
-0.0131262
-0.0128643
-0.0127968
-0.0126686
-0.0125642
0
0
0
0
0
0
0
0
0
0
-0.0128041
-0.0126779
-0.012574
-0.0124921
0
0
0
0
0
0
0
0
0
0
0
-0.0126429
-0.0125492
-0.0124773
0
0
0
0
0
0
0
0
0
0
0
0
-0.067659
-0.0643931
-0.0611961
-0.0577122
-0.0541114
-0.0506039
-0.0469195
-0.0431689
-0.0394051
-0.0353553
-0.0313694
-0.0273019
-0.0230875
-0.0189444
-0.0154747
-0.067245
-0.0641664
-0.0608064
-0.0573164
-0.0539041
-0.0502421
-0.0466459
-0.0428038
-0.0390172
-0.035028
-0.0309489
-0.0268834
-0.0227626
-0.0186506
-0.0152796
-0.0666718
-0.0633962
-0.0601999
-0.0567243
-0.0531299
-0.049625
-0.0458744
-0.0421902
-0.0383068
-0.034334
-0.0303491
-0.0261726
-0.0220496
-0.0180085
-0.0148634
-0.0656984
-0.0623923
-0.0590711
-0.0556957
-0.0521379
-0.0486508
-0.044907
-0.0412277
-0.0373452
-0.0333667
-0.029375
-0.0251965
-0.021
-0.0171335
-0.0143674
-0.0642712
-0.0610449
-0.0577731
-0.0543196
-0.0509211
-0.0472534
-0.0435427
-0.0397848
-0.0360028
-0.0319304
-0.0279235
-0.0238534
-0.0197322
-0.0160279
-0.0138845
-0.0625806
-0.0592815
-0.0560723
-0.0525856
-0.0489889
-0.0454856
-0.0417271
-0.0380257
-0.0340442
-0.0301271
-0.0261332
-0.0220064
-0.0180027
-0.0148932
-0.0135138
-0.0602423
-0.0569295
-0.0537229
-0.0502496
-0.0466565
-0.0431591
-0.0393939
-0.0356756
-0.0317578
-0.0277636
-0.0237973
-0.0197721
-0.016127
-0.0139567
-0.0132418
-0.0575752
-0.05424
-0.0508245
-0.0475127
-0.0439352
-0.0403173
-0.0366176
-0.0328051
-0.0289071
-0.0250224
-0.0209526
-0.0172474
-0.0145313
-0.0134565
-0.0130167
-0.0541152
-0.0508115
-0.0476111
-0.0441532
-0.0405657
-0.0370415
-0.0332457
-0.029399
-0.0255021
-0.0216721
-0.0178247
-0.0148951
-0.0135699
-0.0131565
-0.0128463
-0.0502366
-0.0469304
-0.043547
-0.0402507
-0.0366756
-0.0329698
-0.0293328
-0.0254502
-0.02169
-0.0179192
-0.0150029
-0.0136335
-0.0131176
-0.0128931
-0.0127252
-0.0456991
-0.0424032
-0.0391964
-0.0357199
-0.0320978
-0.0284457
-0.0247411
-0.0209454
-0.0174723
-0.0146902
-0.0135282
-0.013153
-0.0128625
-0.0127051
-0.0125901
-0.0407793
-0.0374534
-0.0340141
-0.0305594
-0.0270437
-0.0233823
-0.0197244
-0.0165032
-0.0142186
-0.0133929
-0.0130197
-0.0128383
-0.0127036
-0.0125186
-0.0124539
-0.035354
-0.0320197
-0.0285758
-0.0251252
-0.0215685
-0.0182048
-0.0153143
-0.0138032
-0.0132138
-0.0129973
-0.0127589
-0.0126463
-0.0124831
0
0
-0.0301829
-0.0268415
-0.0234237
-0.0200005
-0.0168789
-0.0145382
-0.0134968
-0.0130853
-0.0129099
-0.0126971
-0.012604
-0.0124583
0
0
0
-0.026505
-0.023193
-0.0198758
-0.0167645
-0.0145042
-0.0135
-0.0130985
-0.0129286
-0.0127171
-0.0126298
-0.0124854
0
0
0
0
-0.0973579
-0.0945341
-0.091786
-0.0887401
-0.0856406
-0.0824956
-0.0793227
-0.0758419
-0.0724082
-0.0687583
-0.0651113
-0.0613086
-0.057477
-0.0535319
-0.0494773
-0.0453182
-0.0969796
-0.0941483
-0.0914068
-0.0883892
-0.085417
-0.0821718
-0.0789668
-0.0755449
-0.0720556
-0.0685493
-0.0649148
-0.0610497
-0.0571696
-0.0531279
-0.0490624
-0.0449014
-0.0964885
-0.0936718
-0.0907979
-0.0878671
-0.0847314
-0.0816462
-0.0783448
-0.0749684
-0.0715596
-0.0679034
-0.0641526
-0.0603885
-0.0565198
-0.0525448
-0.0484678
-0.0443031
-0.0956608
-0.0928379
-0.0898869
-0.087021
-0.0838845
-0.0807978
-0.0774946
-0.0741127
-0.0706978
-0.0670361
-0.0632734
-0.0595016
-0.0556185
-0.0516074
-0.0473763
-0.0431516
-0.0944617
-0.0916064
-0.08884
-0.0858075
-0.0828213
-0.0795582
-0.0763301
-0.0728179
-0.0693745
-0.0658165
-0.0620302
-0.058154
-0.0542638
-0.0502655
-0.0461765
-0.0420049
-0.0929879
-0.0901416
-0.0873635
-0.0842878
-0.0810836
-0.0779506
-0.0746131
-0.0711927
-0.067742
-0.0640499
-0.0602707
-0.0564847
-0.052577
-0.0484472
-0.0443175
-0.0401242
-0.0909508
-0.0880625
-0.0852753
-0.0822127
-0.0791923
-0.0758918
-0.072629
-0.0690895
-0.0655928
-0.0618771
-0.0580824
-0.0542884
-0.0503966
-0.0463866
-0.04217
-0.0379392
-0.088592
-0.085692
-0.0828714
-0.0797593
-0.07653
-0.0733682
-0.069926
-0.0665378
-0.0629404
-0.0592515
-0.0555454
-0.0516251
-0.0476381
-0.0436648
-0.0395905
-0.0353983
-0.085513
-0.0827982
-0.0797988
-0.0766661
-0.0735932
-0.0702336
-0.0668093
-0.0633356
-0.0598348
-0.0560437
-0.0523074
-0.0483797
-0.0444771
-0.0404335
-0.0363602
-0.0321627
-0.0819787
-0.0790477
-0.076201
-0.0730646
-0.0697984
-0.0665984
-0.0631121
-0.059683
-0.0559756
-0.0523298
-0.0485001
-0.0446049
-0.0407153
-0.0367084
-0.0324858
-0.0282446
-0.0780859
-0.0751084
-0.0720177
-0.068823
-0.0657097
-0.0623096
-0.0588499
-0.0553189
-0.0516681
-0.0479341
-0.0441007
-0.0402109
-0.0363126
-0.0322834
-0.0280492
-0.0238322
-0.0734401
-0.0704412
-0.0673194
-0.0640794
-0.0608216
-0.057496
-0.0539761
-0.0505218
-0.046792
-0.0430239
-0.03921
-0.035384
-0.0313517
-0.027313
-0.0231389
-0.0190282
-0.0682804
-0.0652444
-0.0620953
-0.0589252
-0.0556843
-0.0522541
-0.0487885
-0.0452471
-0.041521
-0.0377413
-0.033968
-0.0299263
-0.0259736
-0.0219249
-0.0180037
-0.014884
-0.063308
-0.0602526
-0.0570884
-0.0538107
-0.050443
-0.0470954
-0.0436457
-0.0400029
-0.0363523
-0.0325887
-0.028725
-0.024781
-0.0208936
-0.017072
-0.0143776
-0.0133292
-0.0595322
-0.0564526
-0.0532944
-0.0502396
-0.0469158
-0.0434684
-0.0399159
-0.0364276
-0.0326643
-0.0287776
-0.0249848
-0.0210018
-0.0173396
-0.0145486
-0.0133243
-0.0129674
-0.119632
-0.117228
-0.11478
-0.112191
-0.109551
-0.106884
-0.103964
-0.100956
-0.0979386
-0.0948096
-0.091559
-0.0881807
-0.0846755
-0.0810448
-0.0772919
-0.0734043
-0.119344
-0.117066
-0.114532
-0.112043
-0.109348
-0.106591
-0.103789
-0.100751
-0.0977147
-0.0945199
-0.0912731
-0.0878965
-0.0843884
-0.0807497
-0.0769793
-0.0730782
-0.11897
-0.116565
-0.114112
-0.111526
-0.108882
-0.1062
-0.103269
-0.100264
-0.0972417
-0.0940739
-0.0906483
-0.0872043
-0.0836658
-0.0800092
-0.0762343
-0.0723563
-0.118282
-0.115804
-0.113412
-0.110822
-0.108174
-0.105487
-0.102481
-0.0995372
-0.0965035
-0.0933254
-0.0898914
-0.0864397
-0.0828916
-0.0792215
-0.0754317
-0.0715258
-0.117237
-0.114939
-0.112376
-0.109859
-0.10708
-0.104369
-0.101535
-0.0984582
-0.095306
-0.0921307
-0.0888332
-0.0854102
-0.0818402
-0.0780197
-0.0741999
-0.0704077
-0.11604
-0.113727
-0.111122
-0.108457
-0.105757
-0.103031
-0.0999896
-0.0970075
-0.093916
-0.0905752
-0.0872215
-0.0837819
-0.0802225
-0.0765279
-0.0727073
-0.0687664
-0.114255
-0.111931
-0.109341
-0.106798
-0.103978
-0.101201
-0.0981959
-0.0951217
-0.0920329
-0.0887982
-0.085318
-0.0818246
-0.0782375
-0.0745265
-0.0706857
-0.066718
-0.11224
-0.109888
-0.107244
-0.104541
-0.101801
-0.0990388
-0.0959585
-0.0929433
-0.0898172
-0.0864557
-0.0830036
-0.0795293
-0.0759381
-0.0722161
-0.0683588
-0.0643663
-0.109784
-0.107239
-0.104554
-0.101947
-0.0990653
-0.0962354
-0.0931818
-0.0900599
-0.0869028
-0.0835046
-0.0801062
-0.0765455
-0.0729395
-0.0692059
-0.065337
-0.0613345
-0.106708
-0.10414
-0.101433
-0.0988067
-0.0958989
-0.0930422
-0.0898934
-0.0867861
-0.0834661
-0.0801488
-0.0766754
-0.0731437
-0.0693623
-0.0655553
-0.0616533
-0.0576341
-0.103051
-0.100622
-0.0978896
-0.0950304
-0.0922451
-0.0891809
-0.086158
-0.0828574
-0.0795867
-0.0761084
-0.0726404
-0.0690127
-0.0653165
-0.0613773
-0.0574205
-0.0533778
-0.0989309
-0.0963989
-0.0936417
-0.0907527
-0.0879308
-0.0848112
-0.0816248
-0.0783863
-0.0751152
-0.0716164
-0.0680361
-0.0644231
-0.0605818
-0.0567263
-0.0527896
-0.0487493
-0.0943905
-0.0917369
-0.0889106
-0.0860907
-0.0830606
-0.0799607
-0.0767864
-0.0734815
-0.0700799
-0.0665328
-0.0629829
-0.0592538
-0.0553777
-0.0515038
-0.047558
-0.0435153
-0.0897234
-0.0869675
-0.0842312
-0.0813551
-0.0782462
-0.075026
-0.071892
-0.0684756
-0.0651123
-0.0614646
-0.0578881
-0.054204
-0.0502333
-0.0463431
-0.0423877
-0.0383198
-0.08636
-0.0835566
-0.080669
-0.0778601
-0.0747603
-0.0715272
-0.0683593
-0.0649016
-0.0613853
-0.0578086
-0.0542167
-0.0503376
-0.0465122
-0.0425123
-0.038524
-0.0343729
-0.138072
-0.136075
-0.134067
-0.131833
-0.129547
-0.127253
-0.124825
-0.12215
-0.119474
-0.116716
-0.113845
-0.110857
-0.107748
-0.104526
-0.101309
-0.0979245
-0.137939
-0.135837
-0.13382
-0.1317
-0.129352
-0.126957
-0.124549
-0.122035
-0.119416
-0.116684
-0.113831
-0.110847
-0.107727
-0.104475
-0.101161
-0.0976497
-0.137526
-0.135524
-0.133507
-0.131211
-0.128986
-0.126664
-0.124103
-0.121545
-0.118911
-0.116162
-0.113284
-0.110277
-0.107143
-0.103881
-0.100505
-0.097205
-0.136953
-0.13495
-0.132932
-0.130633
-0.12841
-0.126087
-0.123523
-0.120891
-0.118243
-0.115482
-0.112593
-0.109644
-0.106502
-0.103233
-0.0998504
-0.0964585
-0.136201
-0.134079
-0.132018
-0.129752
-0.127441
-0.125125
-0.122668
-0.119965
-0.117261
-0.114473
-0.111569
-0.108545
-0.105396
-0.102128
-0.0988617
-0.0954362
-0.135218
-0.133085
-0.131006
-0.128658
-0.126392
-0.124033
-0.121437
-0.118835
-0.116085
-0.113289
-0.11037
-0.10732
-0.104209
-0.100894
-0.0974537
-0.0938895
-0.133732
-0.131579
-0.129515
-0.127347
-0.124889
-0.122497
-0.119988
-0.117252
-0.114517
-0.111693
-0.108748
-0.105676
-0.102475
-0.0991393
-0.0956642
-0.0920659
-0.132038
-0.129859
-0.127738
-0.125349
-0.123039
-0.120637
-0.118002
-0.115294
-0.112573
-0.109738
-0.106777
-0.10368
-0.100449
-0.0970833
-0.0936515
-0.0900145
-0.12982
-0.127774
-0.125462
-0.123206
-0.120746
-0.118226
-0.115663
-0.112869
-0.110081
-0.107209
-0.104152
-0.101036
-0.0977865
-0.0944733
-0.0909575
-0.0872956
-0.127238
-0.125096
-0.122755
-0.120479
-0.117998
-0.115452
-0.11286
-0.110032
-0.107201
-0.104219
-0.101191
-0.0980346
-0.0947418
-0.0913193
-0.0877668
-0.0841569
-0.124177
-0.122071
-0.119674
-0.117229
-0.114725
-0.112082
-0.109382
-0.106632
-0.103633
-0.100625
-0.0975374
-0.0943385
-0.0910161
-0.0875688
-0.0839879
-0.0802671
-0.120704
-0.118391
-0.116019
-0.11358
-0.110954
-0.108363
-0.105562
-0.102668
-0.099619
-0.0965695
-0.0934303
-0.0901709
-0.0867886
-0.0832863
-0.0796594
-0.0758973
-0.116542
-0.114283
-0.111812
-0.109283
-0.106691
-0.103962
-0.101139
-0.0981712
-0.0951852
-0.0920193
-0.0886923
-0.0853534
-0.0819234
-0.0783764
-0.0746978
-0.0708835
-0.112418
-0.109984
-0.107571
-0.105006
-0.102246
-0.0995563
-0.0965986
-0.093678
-0.0904701
-0.0873272
-0.0840693
-0.0805763
-0.0769944
-0.073394
-0.0696698
-0.0658112
-0.109176
-0.106772
-0.10432
-0.101657
-0.0989267
-0.0961317
-0.0932042
-0.0901756
-0.0870021
-0.083744
-0.0804482
-0.0769181
-0.0733751
-0.0696623
-0.0659042
-0.0620146
-0.153361
-0.151675
-0.149919
-0.147958
-0.146019
-0.143962
-0.141877
-0.139687
-0.137455
-0.135058
-0.132556
-0.129957
-0.127369
-0.124626
-0.121678
-0.118775
-0.153314
-0.151468
-0.1497
-0.147848
-0.145785
-0.143746
-0.141648
-0.139458
-0.137175
-0.134813
-0.132461
-0.129889
-0.127233
-0.124368
-0.121385
-0.118482
-0.152913
-0.151206
-0.149323
-0.147474
-0.145513
-0.143531
-0.141444
-0.139254
-0.136952
-0.134605
-0.13208
-0.129446
-0.126708
-0.124049
-0.121088
-0.117988
-0.152401
-0.150732
-0.148865
-0.14696
-0.14506
-0.143076
-0.140983
-0.138786
-0.136476
-0.134051
-0.13158
-0.128931
-0.126183
-0.123508
-0.120537
-0.117421
-0.151745
-0.15
-0.148261
-0.146411
-0.144356
-0.14231
-0.140132
-0.137977
-0.135651
-0.133217
-0.130674
-0.128036
-0.125404
-0.12262
-0.119614
-0.116542
-0.150855
-0.149153
-0.147379
-0.145402
-0.143374
-0.141351
-0.139231
-0.137008
-0.134674
-0.132222
-0.129723
-0.127039
-0.124233
-0.121323
-0.118482
-0.115337
-0.149835
-0.147942
-0.146139
-0.144248
-0.142153
-0.140076
-0.137869
-0.135623
-0.133266
-0.13086
-0.12827
-0.125566
-0.122754
-0.120013
-0.116976
-0.113772
-0.148392
-0.146478
-0.144629
-0.142598
-0.140534
-0.138472
-0.136321
-0.134066
-0.131694
-0.129203
-0.126591
-0.12392
-0.121059
-0.118067
-0.114963
-0.111926
-0.146463
-0.144686
-0.142663
-0.140717
-0.138686
-0.136444
-0.134213
-0.13191
-0.129516
-0.127012
-0.124389
-0.121637
-0.118752
-0.115757
-0.112828
-0.109599
-0.144231
-0.142366
-0.140383
-0.138371
-0.136345
-0.134192
-0.13182
-0.129451
-0.127006
-0.124455
-0.121793
-0.119011
-0.116094
-0.113047
-0.109885
-0.106779
-0.141615
-0.139729
-0.137726
-0.135679
-0.133604
-0.131312
-0.128952
-0.126574
-0.124057
-0.121293
-0.11852
-0.115663
-0.112718
-0.109852
-0.106678
-0.103339
-0.138543
-0.136567
-0.13455
-0.132416
-0.130237
-0.128016
-0.125572
-0.12312
-0.120574
-0.117841
-0.115033
-0.111985
-0.10899
-0.105852
-0.10272
-0.0993481
-0.134993
-0.132922
-0.13087
-0.128685
-0.126498
-0.12404
-0.121653
-0.119152
-0.116333
-0.11358
-0.110745
-0.107798
-0.104731
-0.101531
-0.0981932
-0.0947816
-0.131198
-0.129065
-0.12704
-0.12475
-0.122512
-0.120071
-0.117568
-0.115029
-0.11225
-0.109388
-0.106504
-0.103498
-0.100361
-0.0970878
-0.0936769
-0.0901235
-0.128322
-0.126154
-0.123965
-0.121722
-0.119355
-0.116897
-0.114306
-0.111718
-0.108932
-0.105972
-0.103003
-0.0999409
-0.0967599
-0.093452
-0.0900121
-0.0864365
-0.166179
-0.164686
-0.163145
-0.161533
-0.159845
-0.158069
-0.1562
-0.154302
-0.152261
-0.150146
-0.148121
-0.145845
-0.143454
-0.141123
-0.138591
-0.135968
-0.166085
-0.164564
-0.162952
-0.161327
-0.159624
-0.157897
-0.156029
-0.154076
-0.152055
-0.150064
-0.147953
-0.145663
-0.143431
-0.140929
-0.138358
-0.13575
-0.165839
-0.16435
-0.162798
-0.161178
-0.159482
-0.157708
-0.155839
-0.153878
-0.15188
-0.149736
-0.147517
-0.145392
-0.143019
-0.140681
-0.138055
-0.135362
-0.165474
-0.163984
-0.162433
-0.16081
-0.159108
-0.157328
-0.155452
-0.153484
-0.15148
-0.149327
-0.147102
-0.144963
-0.142553
-0.140088
-0.137553
-0.134877
-0.164919
-0.163346
-0.16179
-0.160159
-0.158444
-0.156644
-0.154751
-0.15283
-0.150758
-0.148609
-0.14655
-0.144246
-0.14182
-0.13946
-0.136842
-0.134247
-0.164075
-0.162571
-0.16101
-0.159374
-0.157659
-0.155865
-0.153973
-0.151989
-0.149968
-0.147798
-0.14555
-0.143385
-0.140947
-0.138452
-0.135892
-0.133188
-0.163248
-0.161608
-0.159939
-0.158284
-0.156551
-0.154732
-0.152825
-0.150882
-0.148786
-0.146586
-0.144307
-0.142122
-0.139665
-0.137142
-0.134555
-0.131823
-0.161984
-0.160281
-0.158661
-0.156993
-0.155254
-0.153428
-0.151512
-0.1495
-0.147448
-0.145233
-0.142915
-0.140506
-0.138178
-0.135569
-0.132899
-0.130169
-0.160293
-0.158725
-0.157079
-0.155241
-0.153431
-0.151577
-0.149651
-0.147633
-0.145513
-0.143312
-0.141125
-0.1388
-0.136265
-0.133683
-0.131038
-0.128257
-0.15844
-0.156764
-0.155057
-0.153328
-0.151397
-0.149485
-0.147518
-0.145465
-0.14331
-0.141056
-0.138728
-0.136475
-0.133936
-0.131243
-0.128493
-0.125685
-0.156111
-0.154416
-0.152695
-0.150957
-0.149016
-0.147092
-0.145107
-0.143024
-0.140837
-0.138535
-0.136131
-0.133625
-0.131082
-0.128478
-0.125645
-0.122733
-0.15342
-0.151703
-0.149936
-0.148059
-0.146205
-0.144287
-0.14218
-0.139908
-0.137633
-0.13535
-0.132923
-0.130504
-0.127872
-0.12509
-0.122231
-0.119182
-0.150233
-0.148519
-0.146699
-0.144863
-0.142785
-0.140791
-0.13873
-0.136535
-0.1341
-0.131662
-0.129154
-0.126568
-0.123991
-0.121178
-0.118265
-0.115134
-0.146826
-0.145
-0.143234
-0.141282
-0.139247
-0.137091
-0.134964
-0.132766
-0.130382
-0.127944
-0.125384
-0.122773
-0.119974
-0.117043
-0.113979
-0.11077
-0.143982
-0.142192
-0.140337
-0.138355
-0.13636
-0.134103
-0.131923
-0.129671
-0.127285
-0.12465
-0.122003
-0.119265
-0.116417
-0.113446
-0.110359
-0.10726
-0.177377
-0.175933
-0.174494
-0.173116
-0.17158
-0.169993
-0.168267
-0.166485
-0.164794
-0.162874
-0.160928
-0.15897
-0.156991
-0.15481
-0.152611
-0.150154
-0.177366
-0.175975
-0.174527
-0.173012
-0.171481
-0.169829
-0.168114
-0.166492
-0.164657
-0.162738
-0.160894
-0.158892
-0.156821
-0.154621
-0.152432
-0.150154
-0.177052
-0.17564
-0.174176
-0.172661
-0.171097
-0.169579
-0.167954
-0.166161
-0.164296
-0.16253
-0.160609
-0.158629
-0.156532
-0.154428
-0.152069
-0.149786
-0.176744
-0.175331
-0.173863
-0.17234
-0.170772
-0.169244
-0.167607
-0.165806
-0.163938
-0.162172
-0.160191
-0.158269
-0.156169
-0.154
-0.151697
-0.149391
-0.17637
-0.174971
-0.173516
-0.171987
-0.17039
-0.168778
-0.167032
-0.165228
-0.163517
-0.161583
-0.15961
-0.157605
-0.155489
-0.1534
-0.151148
-0.14875
-0.175553
-0.174104
-0.172622
-0.171093
-0.169512
-0.167971
-0.166322
-0.16451
-0.162635
-0.160856
-0.158858
-0.156919
-0.154797
-0.152599
-0.150269
-0.147935
-0.174776
-0.173372
-0.171903
-0.170359
-0.168745
-0.167114
-0.165354
-0.163537
-0.161813
-0.159862
-0.157871
-0.155843
-0.153701
-0.151487
-0.149137
-0.14678
-0.173636
-0.172238
-0.170768
-0.169223
-0.167606
-0.165971
-0.164206
-0.162362
-0.160456
-0.158636
-0.156575
-0.15447
-0.152329
-0.150065
-0.147803
-0.145448
-0.172245
-0.170809
-0.1692
-0.167606
-0.165977
-0.164303
-0.162675
-0.160931
-0.15901
-0.156998
-0.154968
-0.152905
-0.15072
-0.148462
-0.146074
-0.143678
-0.170411
-0.168946
-0.167476
-0.16593
-0.164308
-0.162667
-0.160895
-0.15903
-0.157079
-0.155118
-0.15312
-0.150942
-0.148699
-0.146467
-0.143974
-0.141517
-0.168433
-0.166898
-0.165398
-0.163851
-0.162224
-0.160515
-0.158714
-0.156822
-0.154836
-0.152825
-0.15068
-0.148556
-0.146292
-0.143854
-0.141474
-0.13889
-0.165897
-0.164343
-0.16283
-0.161272
-0.159636
-0.157917
-0.156102
-0.154185
-0.152179
-0.150081
-0.147945
-0.145654
-0.143264
-0.140949
-0.13837
-0.13582
-0.163058
-0.161431
-0.159886
-0.158267
-0.156458
-0.154667
-0.152822
-0.150888
-0.148852
-0.146721
-0.144482
-0.142219
-0.139912
-0.137389
-0.134791
-0.132112
-0.159772
-0.158182
-0.156625
-0.154919
-0.153076
-0.151247
-0.149364
-0.147407
-0.145348
-0.143175
-0.140889
-0.138551
-0.136042
-0.133426
-0.130872
-0.128019
-0.157169
-0.155505
-0.153898
-0.152065
-0.150304
-0.148457
-0.146406
-0.144369
-0.142261
-0.140046
-0.137723
-0.135291
-0.132829
-0.130303
-0.127558
-0.124729
-0.187423
-0.186058
-0.184654
-0.183302
-0.181856
-0.180282
-0.178799
-0.177182
-0.175524
-0.173773
-0.172055
-0.170274
-0.168249
-0.166294
-0.164289
-0.162258
-0.187268
-0.186027
-0.184649
-0.183246
-0.181731
-0.180301
-0.178677
-0.177036
-0.175398
-0.173753
-0.171945
-0.170149
-0.168273
-0.166218
-0.164179
-0.162088
-0.187118
-0.185802
-0.184404
-0.183044
-0.181607
-0.180049
-0.17857
-0.176904
-0.175297
-0.173557
-0.171757
-0.169863
-0.167997
-0.166076
-0.164076
-0.161979
-0.186835
-0.185514
-0.184095
-0.182633
-0.181269
-0.179705
-0.178122
-0.176517
-0.174838
-0.173197
-0.171435
-0.169553
-0.167692
-0.165765
-0.163726
-0.161476
-0.186368
-0.185022
-0.183714
-0.182323
-0.18079
-0.179197
-0.177703
-0.176029
-0.174418
-0.172667
-0.170919
-0.168954
-0.167078
-0.165156
-0.163148
-0.161035
-0.185782
-0.184407
-0.183005
-0.181639
-0.180183
-0.178583
-0.176983
-0.175369
-0.173684
-0.172036
-0.170262
-0.168359
-0.166464
-0.164492
-0.162319
-0.160149
-0.185086
-0.18372
-0.18229
-0.180855
-0.179302
-0.1777
-0.176202
-0.174519
-0.172903
-0.171138
-0.169383
-0.167407
-0.165514
-0.163556
-0.161477
-0.159185
-0.184043
-0.182676
-0.181248
-0.179809
-0.178252
-0.176654
-0.175158
-0.173475
-0.171853
-0.17009
-0.168262
-0.166336
-0.16442
-0.162416
-0.160219
-0.158026
-0.182593
-0.181206
-0.17989
-0.178436
-0.176951
-0.175347
-0.173754
-0.172139
-0.170441
-0.168686
-0.166829
-0.164966
-0.162882
-0.160867
-0.158753
-0.156424
-0.180996
-0.179642
-0.178232
-0.17675
-0.175204
-0.173655
-0.172091
-0.170374
-0.168624
-0.166915
-0.164987
-0.163113
-0.161061
-0.158972
-0.156843
-0.154492
-0.179103
-0.177764
-0.176421
-0.174948
-0.173402
-0.171777
-0.170082
-0.168362
-0.166527
-0.164803
-0.16286
-0.160975
-0.158908
-0.156792
-0.154638
-0.152272
-0.176672
-0.175319
-0.173915
-0.172452
-0.170915
-0.169357
-0.167655
-0.165874
-0.164033
-0.162293
-0.160329
-0.158412
-0.156318
-0.154144
-0.151845
-0.149508
-0.173994
-0.172513
-0.171066
-0.169575
-0.168016
-0.16638
-0.164674
-0.162886
-0.161089
-0.159259
-0.157306
-0.155189
-0.153137
-0.150845
-0.148587
-0.146134
-0.170791
-0.169351
-0.167929
-0.166434
-0.164829
-0.163041
-0.161286
-0.159594
-0.157787
-0.155811
-0.153721
-0.151605
-0.149454
-0.147176
-0.144869
-0.142284
-0.168107
-0.166662
-0.165111
-0.163584
-0.162009
-0.160349
-0.158598
-0.156768
-0.154845
-0.152896
-0.15078
-0.148584
-0.146463
-0.144072
-0.141604
-0.139063
-0.196546
-0.195277
-0.19393
-0.192525
-0.191101
-0.189599
-0.188143
-0.186637
-0.184973
-0.183338
-0.181669
-0.179949
-0.178157
-0.176289
-0.174345
-0.172373
-0.196481
-0.195197
-0.193799
-0.192481
-0.191055
-0.189585
-0.18804
-0.186531
-0.184982
-0.183364
-0.181584
-0.179822
-0.178012
-0.176137
-0.174266
-0.172362
-0.196278
-0.194915
-0.193653
-0.192234
-0.190877
-0.1894
-0.187951
-0.186397
-0.184753
-0.183128
-0.181464
-0.179735
-0.177994
-0.17613
-0.17418
-0.172203
-0.196021
-0.194666
-0.193403
-0.191975
-0.190619
-0.189137
-0.187615
-0.186022
-0.18446
-0.182869
-0.181221
-0.179494
-0.177695
-0.175871
-0.173908
-0.171854
-0.195576
-0.194308
-0.192967
-0.191556
-0.190129
-0.18863
-0.187181
-0.185676
-0.18397
-0.182347
-0.180685
-0.179008
-0.177203
-0.175331
-0.173374
-0.171383
-0.195
-0.193639
-0.192379
-0.190959
-0.189597
-0.18811
-0.186581
-0.184983
-0.183417
-0.181819
-0.180156
-0.178389
-0.176447
-0.174588
-0.172732
-0.170714
-0.194259
-0.192978
-0.191583
-0.190275
-0.188792
-0.18737
-0.185827
-0.184291
-0.182568
-0.180937
-0.179272
-0.177537
-0.175779
-0.17389
-0.171915
-0.169847
-0.193379
-0.192007
-0.190596
-0.18928
-0.187797
-0.186375
-0.184833
-0.183301
-0.181581
-0.17995
-0.178276
-0.176525
-0.174677
-0.172699
-0.17069
-0.168737
-0.192137
-0.190763
-0.189335
-0.187924
-0.186512
-0.185025
-0.183559
-0.181912
-0.180343
-0.178715
-0.176921
-0.175139
-0.173305
-0.171392
-0.169398
-0.16737
-0.190619
-0.18927
-0.187862
-0.186462
-0.185044
-0.183544
-0.181921
-0.180376
-0.178702
-0.177004
-0.175293
-0.173405
-0.171529
-0.169611
-0.167672
-0.165573
-0.188583
-0.187251
-0.185972
-0.18456
-0.18311
-0.181545
-0.180068
-0.178411
-0.176817
-0.175085
-0.173373
-0.17158
-0.169602
-0.167637
-0.16561
-0.163486
-0.186279
-0.184936
-0.183556
-0.182137
-0.180807
-0.179277
-0.177725
-0.17614
-0.174472
-0.1728
-0.170919
-0.169089
-0.167083
-0.165097
-0.163051
-0.160908
-0.183526
-0.182193
-0.180806
-0.179415
-0.177908
-0.176343
-0.174874
-0.173201
-0.171493
-0.169756
-0.167912
-0.166066
-0.164035
-0.16197
-0.15991
-0.157746
-0.180433
-0.179129
-0.177757
-0.176313
-0.17479
-0.173195
-0.171591
-0.169858
-0.168114
-0.166353
-0.164487
-0.162556
-0.160509
-0.158472
-0.156337
-0.153986
-0.177511
-0.176174
-0.174797
-0.173366
-0.171864
-0.170285
-0.168627
-0.166943
-0.165142
-0.163382
-0.161521
-0.159647
-0.157539
-0.155458
-0.153188
-0.150837
-0.205005
-0.203753
-0.202388
-0.201051
-0.199612
-0.198088
-0.196635
-0.195109
-0.19353
-0.191894
-0.190253
-0.188516
-0.186865
-0.185012
-0.18313
-0.181267
-0.179192
-0.204841
-0.203579
-0.202212
-0.200883
-0.199518
-0.198089
-0.196516
-0.194965
-0.193388
-0.191825
-0.190241
-0.188522
-0.18677
-0.1849
-0.183102
-0.181159
-0.179113
-0.204729
-0.203417
-0.202087
-0.200761
-0.199309
-0.197876
-0.19641
-0.194947
-0.193371
-0.191738
-0.190045
-0.188339
-0.186523
-0.184796
-0.182936
-0.181006
-0.178986
-0.204514
-0.203204
-0.201858
-0.200442
-0.19906
-0.197651
-0.196199
-0.194685
-0.193165
-0.191534
-0.189839
-0.188123
-0.186281
-0.184436
-0.182568
-0.180613
-0.178654
-0.204127
-0.202873
-0.201507
-0.200101
-0.198623
-0.197185
-0.195721
-0.194264
-0.192692
-0.191055
-0.189349
-0.187633
-0.185806
-0.184074
-0.182207
-0.18027
-0.178243
-0.203546
-0.202239
-0.200912
-0.199591
-0.198139
-0.196705
-0.195244
-0.193729
-0.192209
-0.19058
-0.188875
-0.187151
-0.185306
-0.183468
-0.181605
-0.179653
-0.177688
-0.202817
-0.201511
-0.200151
-0.198824
-0.197442
-0.195925
-0.194434
-0.192919
-0.191351
-0.18972
-0.188023
-0.186315
-0.184495
-0.182756
-0.180815
-0.178824
-0.176853
-0.201948
-0.200601
-0.199304
-0.197892
-0.196489
-0.194959
-0.193465
-0.191953
-0.19039
-0.188766
-0.187073
-0.185364
-0.183522
-0.181675
-0.179807
-0.177857
-0.175888
-0.200719
-0.199357
-0.197975
-0.196648
-0.195283
-0.193777
-0.192306
-0.190796
-0.189242
-0.187622
-0.185931
-0.184165
-0.18238
-0.180466
-0.178547
-0.17658
-0.1745
-0.199198
-0.197896
-0.196474
-0.19514
-0.193687
-0.192218
-0.190746
-0.189125
-0.187535
-0.185963
-0.184281
-0.182517
-0.180678
-0.178833
-0.176952
-0.174967
-0.172823
-0.19739
-0.196029
-0.194622
-0.193302
-0.191856
-0.190431
-0.188823
-0.187304
-0.185753
-0.184136
-0.182458
-0.180757
-0.178914
-0.176988
-0.175041
-0.172942
-0.170822
-0.194991
-0.193708
-0.192411
-0.191042
-0.189552
-0.188137
-0.186593
-0.185023
-0.183442
-0.181701
-0.179985
-0.178283
-0.17644
-0.174513
-0.172504
-0.17045
-0.168249
-0.19227
-0.19094
-0.189554
-0.188175
-0.186767
-0.185277
-0.183658
-0.182144
-0.180573
-0.178839
-0.177122
-0.175345
-0.173468
-0.171424
-0.169494
-0.167463
-0.165251
-0.188976
-0.187659
-0.18628
-0.184834
-0.183386
-0.18183
-0.180364
-0.178713
-0.177115
-0.17537
-0.17356
-0.171644
-0.169748
-0.167789
-0.165743
-0.16366
-0.161411
-0.185767
-0.184454
-0.183084
-0.181661
-0.180244
-0.178803
-0.177277
-0.175616
-0.174033
-0.172247
-0.170512
-0.16862
-0.166671
-0.164687
-0.162495
-0.160294
-0.158019
-0.212744
-0.211437
-0.2101
-0.208768
-0.207343
-0.205855
-0.204364
-0.202777
-0.201269
-0.199579
-0.197866
-0.196207
-0.1945
-0.192639
-0.190799
-0.18891
-0.186916
-0.212734
-0.211354
-0.209992
-0.208608
-0.20718
-0.20576
-0.204321
-0.202758
-0.201167
-0.199527
-0.197859
-0.196114
-0.194369
-0.192488
-0.190645
-0.188752
-0.186792
-0.212536
-0.211256
-0.209933
-0.208561
-0.207174
-0.205687
-0.204143
-0.202589
-0.200988
-0.199374
-0.197693
-0.196016
-0.194213
-0.192427
-0.190567
-0.188551
-0.186542
-0.212345
-0.21107
-0.209751
-0.208373
-0.206988
-0.2055
-0.203953
-0.202397
-0.200747
-0.199179
-0.197498
-0.195819
-0.193953
-0.192138
-0.190176
-0.18823
-0.186295
-0.211942
-0.210641
-0.20931
-0.207984
-0.206551
-0.205062
-0.203565
-0.201978
-0.200464
-0.198776
-0.197061
-0.195368
-0.193555
-0.191764
-0.189895
-0.187868
-0.185849
-0.211465
-0.210166
-0.208842
-0.207466
-0.206082
-0.204596
-0.203052
-0.201502
-0.199857
-0.198284
-0.196581
-0.194805
-0.193014
-0.191226
-0.189284
-0.187341
-0.185351
-0.210767
-0.209394
-0.208038
-0.206654
-0.205232
-0.203751
-0.202268
-0.200693
-0.199197
-0.197519
-0.195815
-0.194133
-0.192332
-0.190547
-0.188625
-0.186658
-0.184643
-0.209832
-0.20856
-0.207228
-0.205751
-0.204289
-0.202799
-0.201314
-0.199742
-0.198257
-0.196588
-0.194893
-0.193216
-0.191413
-0.189552
-0.1876
-0.185663
-0.183671
-0.208644
-0.207368
-0.206031
-0.20456
-0.203107
-0.201624
-0.200146
-0.198568
-0.196996
-0.195402
-0.193724
-0.191909
-0.190161
-0.188274
-0.186404
-0.184468
-0.182356
-0.207238
-0.205893
-0.204495
-0.203026
-0.201634
-0.200177
-0.198664
-0.197089
-0.195506
-0.193826
-0.19223
-0.190436
-0.1886
-0.186783
-0.184827
-0.182888
-0.180879
-0.20533
-0.204014
-0.202633
-0.201251
-0.199741
-0.198269
-0.196764
-0.195258
-0.193641
-0.191955
-0.190277
-0.188574
-0.186761
-0.184856
-0.182912
-0.180867
-0.17884
-0.202904
-0.201584
-0.200286
-0.19882
-0.197426
-0.196002
-0.1945
-0.192847
-0.191261
-0.189576
-0.187852
-0.18622
-0.184377
-0.18249
-0.18056
-0.17853
-0.176482
-0.199899
-0.198639
-0.197313
-0.195935
-0.194483
-0.193033
-0.191445
-0.189889
-0.188297
-0.186644
-0.18492
-0.183182
-0.181301
-0.179346
-0.177486
-0.175406
-0.173353
-0.196317
-0.195004
-0.193656
-0.192202
-0.190829
-0.189285
-0.187818
-0.186292
-0.184618
-0.182953
-0.181236
-0.179449
-0.177579
-0.17562
-0.173625
-0.171495
-0.169445
-0.192953
-0.191627
-0.190291
-0.188857
-0.187452
-0.185969
-0.184365
-0.182865
-0.181305
-0.179597
-0.177901
-0.176147
-0.174312
-0.172379
-0.170346
-0.168216
-0.166
-0.220094
-0.218718
-0.217331
-0.21586
-0.214462
-0.21296
-0.211409
-0.209784
-0.208157
-0.206393
-0.204698
-0.202919
-0.201089
-0.199203
-0.197321
-0.195407
-0.193395
-0.191224
-0.219936
-0.218559
-0.217188
-0.215842
-0.214336
-0.21281
-0.211301
-0.20968
-0.208075
-0.206425
-0.204699
-0.20283
-0.200969
-0.199134
-0.19729
-0.195309
-0.193277
-0.191171
-0.219919
-0.218545
-0.217113
-0.215672
-0.21418
-0.212676
-0.211111
-0.20956
-0.207957
-0.206221
-0.204497
-0.202776
-0.200953
-0.199064
-0.197161
-0.19514
-0.19314
-0.191054
-0.219651
-0.218343
-0.216921
-0.215484
-0.213997
-0.212478
-0.210898
-0.209324
-0.207632
-0.20597
-0.20427
-0.202516
-0.20075
-0.198861
-0.196899
-0.194918
-0.192826
-0.190795
-0.21933
-0.217954
-0.216568
-0.215094
-0.213682
-0.212161
-0.210521
-0.20896
-0.20735
-0.205603
-0.203873
-0.202151
-0.200326
-0.198431
-0.196517
-0.194486
-0.192475
-0.190384
-0.218823
-0.217496
-0.216067
-0.21463
-0.213148
-0.211632
-0.210057
-0.208486
-0.206797
-0.205135
-0.203432
-0.201673
-0.199897
-0.198001
-0.196029
-0.194041
-0.191921
-0.189779
-0.218054
-0.216682
-0.215302
-0.213834
-0.212445
-0.210952
-0.209411
-0.207796
-0.206178
-0.204429
-0.202703
-0.200987
-0.199166
-0.197272
-0.195303
-0.193306
-0.191199
-0.189152
-0.217114
-0.215808
-0.214483
-0.213084
-0.211565
-0.210041
-0.20854
-0.206883
-0.205272
-0.203527
-0.201806
-0.200096
-0.198278
-0.196382
-0.194414
-0.192427
-0.190303
-0.188159
-0.216058
-0.214711
-0.213353
-0.21189
-0.210416
-0.208846
-0.207356
-0.205753
-0.204101
-0.202375
-0.200664
-0.1989
-0.197106
-0.195093
-0.193099
-0.191162
-0.189126
-0.186939
-0.214498
-0.213131
-0.211731
-0.210329
-0.208838
-0.207419
-0.205831
-0.204221
-0.202629
-0.200915
-0.199164
-0.197397
-0.195525
-0.193606
-0.19163
-0.189595
-0.187474
-0.185335
-0.212497
-0.211163
-0.209843
-0.208427
-0.206946
-0.205413
-0.203877
-0.202368
-0.200679
-0.19896
-0.197281
-0.195536
-0.193634
-0.191735
-0.189783
-0.187761
-0.185648
-0.183445
-0.210041
-0.208742
-0.207308
-0.205884
-0.204426
-0.202926
-0.201425
-0.199899
-0.198291
-0.196558
-0.194887
-0.193039
-0.191221
-0.189258
-0.187307
-0.185293
-0.183197
-0.181008
-0.206848
-0.205522
-0.204201
-0.202816
-0.201292
-0.199781
-0.198226
-0.196623
-0.195027
-0.193399
-0.191691
-0.18984
-0.188052
-0.186055
-0.184122
-0.182111
-0.179924
-0.177723
-0.202732
-0.201429
-0.20006
-0.198696
-0.197204
-0.195688
-0.19419
-0.192637
-0.191066
-0.189374
-0.187609
-0.18578
-0.184018
-0.182037
-0.180016
-0.178035
-0.175916
-0.173667
-0.198872
-0.197601
-0.19626
-0.194794
-0.193407
-0.1919
-0.190373
-0.188869
-0.187309
-0.185678
-0.183978
-0.182196
-0.180394
-0.178442
-0.176394
-0.17433
-0.172229
-0.170018
-0.226693
-0.225273
-0.223849
-0.222317
-0.220802
-0.219244
-0.217629
-0.215995
-0.214254
-0.212488
-0.210608
-0.208717
-0.206814
-0.204843
-0.202899
-0.200899
-0.198701
-0.196567
-0.226558
-0.225139
-0.223728
-0.222271
-0.220689
-0.219109
-0.217529
-0.215848
-0.214106
-0.212342
-0.210482
-0.208696
-0.206805
-0.204859
-0.202842
-0.200811
-0.198635
-0.196426
-0.226434
-0.225062
-0.223588
-0.222124
-0.220624
-0.219065
-0.217444
-0.215811
-0.214069
-0.212264
-0.210438
-0.208515
-0.206663
-0.204698
-0.202678
-0.200577
-0.198494
-0.196363
-0.226242
-0.224839
-0.223364
-0.221895
-0.220407
-0.218745
-0.217087
-0.215389
-0.213698
-0.21199
-0.210207
-0.208305
-0.206463
-0.204505
-0.202484
-0.200387
-0.198297
-0.196138
-0.225872
-0.224496
-0.223015
-0.221549
-0.220052
-0.21849
-0.216867
-0.215236
-0.213491
-0.211682
-0.20985
-0.207916
-0.206056
-0.204081
-0.202053
-0.199945
-0.197858
-0.195717
-0.22544
-0.224029
-0.22255
-0.22108
-0.219594
-0.217934
-0.216281
-0.214587
-0.212895
-0.211175
-0.209383
-0.207458
-0.205521
-0.203554
-0.201509
-0.199477
-0.197388
-0.195139
-0.224769
-0.223355
-0.221933
-0.220403
-0.218892
-0.217334
-0.215721
-0.21409
-0.212351
-0.210541
-0.208711
-0.206781
-0.204922
-0.202951
-0.200919
-0.198812
-0.196711
-0.194536
-0.223946
-0.222539
-0.221073
-0.219597
-0.218007
-0.216429
-0.214857
-0.213184
-0.211447
-0.209696
-0.207828
-0.205903
-0.20405
-0.20208
-0.200047
-0.197938
-0.195815
-0.193549
-0.222745
-0.221318
-0.21983
-0.218379
-0.216871
-0.215238
-0.213615
-0.211956
-0.210237
-0.208498
-0.206649
-0.204736
-0.202888
-0.200909
-0.198796
-0.196752
-0.194568
-0.192347
-0.221254
-0.219799
-0.218334
-0.216884
-0.215321
-0.213753
-0.212059
-0.210386
-0.20868
-0.206914
-0.205084
-0.203249
-0.20137
-0.199415
-0.197324
-0.195295
-0.193081
-0.190904
-0.219065
-0.21766
-0.216312
-0.214801
-0.213256
-0.211729
-0.210078
-0.208447
-0.206768
-0.205033
-0.203233
-0.201363
-0.199421
-0.197458
-0.195373
-0.193354
-0.191135
-0.188875
-0.216414
-0.215036
-0.213645
-0.212143
-0.210636
-0.209105
-0.207491
-0.205879
-0.204097
-0.202385
-0.200631
-0.198801
-0.19695
-0.194964
-0.192904
-0.190768
-0.188618
-0.186418
-0.212883
-0.211561
-0.210181
-0.208731
-0.207218
-0.205686
-0.204032
-0.202366
-0.200683
-0.19893
-0.197209
-0.195435
-0.193567
-0.191519
-0.189479
-0.187402
-0.185347
-0.183135
-0.208283
-0.206914
-0.205513
-0.204121
-0.20267
-0.201165
-0.199636
-0.197995
-0.196291
-0.194579
-0.192847
-0.191036
-0.189209
-0.187172
-0.185207
-0.183195
-0.181111
-0.178936
-0.203871
-0.202509
-0.201191
-0.199716
-0.198305
-0.196834
-0.19523
-0.193635
-0.19201
-0.190346
-0.188764
-0.186985
-0.185121
-0.183299
-0.181352
-0.179329
-0.177218
-0.175093
-0.232464
-0.231004
-0.229456
-0.227899
-0.226306
-0.224646
-0.222914
-0.221138
-0.219297
-0.217454
-0.215555
-0.213521
-0.211503
-0.209448
-0.207341
-0.205201
-0.203095
-0.200862
-0.232414
-0.230895
-0.229388
-0.227849
-0.226247
-0.224513
-0.222763
-0.221045
-0.219229
-0.21734
-0.215455
-0.213536
-0.211561
-0.209524
-0.207431
-0.205277
-0.20306
-0.200832
-0.232332
-0.230875
-0.229318
-0.227747
-0.226075
-0.224442
-0.222654
-0.220838
-0.219058
-0.217226
-0.215257
-0.21325
-0.211263
-0.209275
-0.20718
-0.205019
-0.202799
-0.200528
-0.23216
-0.230667
-0.229151
-0.227528
-0.225879
-0.224131
-0.22244
-0.220647
-0.218869
-0.216995
-0.215035
-0.213083
-0.211092
-0.209054
-0.206957
-0.204844
-0.202619
-0.200329
-0.231811
-0.230358
-0.228797
-0.22722
-0.225543
-0.223912
-0.222139
-0.220395
-0.21855
-0.216688
-0.214701
-0.212681
-0.210681
-0.208685
-0.206582
-0.204414
-0.202187
-0.199911
-0.231384
-0.22989
-0.228375
-0.226753
-0.225107
-0.223359
-0.221667
-0.219872
-0.218067
-0.2161
-0.214196
-0.212262
-0.210276
-0.20824
-0.20614
-0.203977
-0.201799
-0.199506
-0.230693
-0.229189
-0.227635
-0.22607
-0.224471
-0.222805
-0.221026
-0.219288
-0.217439
-0.215575
-0.213585
-0.211566
-0.209566
-0.207522
-0.205469
-0.2033
-0.201068
-0.19877
-0.22988
-0.228391
-0.22688
-0.225262
-0.223627
-0.221886
-0.220136
-0.218363
-0.216517
-0.214682
-0.212784
-0.210755
-0.208689
-0.206639
-0.204536
-0.202419
-0.200188
-0.197886
-0.228601
-0.227096
-0.22559
-0.223984
-0.222322
-0.220645
-0.218946
-0.217188
-0.215372
-0.213488
-0.211589
-0.209566
-0.207567
-0.205481
-0.203387
-0.201229
-0.199064
-0.196777
-0.227077
-0.225607
-0.224009
-0.222405
-0.220753
-0.219092
-0.217329
-0.215598
-0.213806
-0.212003
-0.21004
-0.20811
-0.206061
-0.204024
-0.20189
-0.199759
-0.19756
-0.195292
-0.224825
-0.223356
-0.221808
-0.220258
-0.218667
-0.217018
-0.21534
-0.213557
-0.211712
-0.209852
-0.207973
-0.206026
-0.204042
-0.202046
-0.199914
-0.197792
-0.195618
-0.19332
-0.221865
-0.220375
-0.218939
-0.217392
-0.215853
-0.214193
-0.212436
-0.210683
-0.208946
-0.207198
-0.205321
-0.203409
-0.201374
-0.199363
-0.197268
-0.195187
-0.192982
-0.190679
-0.217897
-0.216471
-0.214986
-0.213489
-0.211971
-0.210373
-0.208761
-0.206964
-0.205245
-0.203493
-0.201687
-0.199802
-0.197894
-0.195873
-0.19387
-0.191784
-0.189554
-0.187377
-0.212665
-0.211221
-0.209796
-0.208331
-0.206833
-0.205403
-0.203798
-0.202159
-0.200488
-0.198751
-0.197024
-0.195162
-0.193195
-0.191239
-0.18924
-0.187229
-0.185094
-0.182976
-0.207655
-0.206358
-0.205017
-0.203548
-0.202096
-0.200617
-0.199075
-0.197478
-0.195837
-0.194272
-0.192526
-0.190738
-0.188905
-0.186985
-0.185093
-0.183153
-0.18107
-0.178942
-0.237427
-0.235861
-0.234185
-0.232515
-0.230809
-0.229045
-0.227215
-0.225335
-0.223396
-0.221439
-0.219383
-0.217273
-0.215246
-0.21306
-0.210812
-0.208666
-0.206442
-0.204144
-0.237352
-0.235788
-0.234131
-0.232403
-0.230672
-0.228893
-0.227067
-0.225188
-0.223293
-0.221294
-0.219252
-0.217233
-0.215158
-0.212972
-0.210861
-0.208594
-0.206389
-0.204021
-0.237252
-0.235615
-0.233996
-0.232327
-0.230589
-0.228728
-0.226865
-0.224977
-0.223123
-0.221166
-0.21917
-0.217071
-0.214918
-0.212851
-0.210635
-0.208485
-0.206173
-0.203919
-0.237074
-0.235453
-0.233832
-0.232151
-0.23034
-0.228529
-0.226682
-0.224788
-0.22286
-0.220953
-0.218933
-0.216891
-0.214743
-0.212632
-0.210468
-0.208266
-0.206
-0.203691
-0.236784
-0.235208
-0.233534
-0.231841
-0.230086
-0.228213
-0.226341
-0.224446
-0.222581
-0.220616
-0.218615
-0.21651
-0.214351
-0.212283
-0.210061
-0.207906
-0.205589
-0.203329
-0.236346
-0.234725
-0.2331
-0.231414
-0.229562
-0.227785
-0.225935
-0.224031
-0.222075
-0.220074
-0.218103
-0.216082
-0.213947
-0.211828
-0.20965
-0.207353
-0.205129
-0.202743
-0.235727
-0.234104
-0.232415
-0.230733
-0.229011
-0.227239
-0.225406
-0.223514
-0.221564
-0.219558
-0.217536
-0.215418
-0.213254
-0.21118
-0.208956
-0.206743
-0.204466
-0.202145
-0.234869
-0.233232
-0.231596
-0.229806
-0.228067
-0.226289
-0.224465
-0.222587
-0.220651
-0.218697
-0.21664
-0.21452
-0.212354
-0.210282
-0.208056
-0.205842
-0.203549
-0.201139
-0.23366
-0.23204
-0.23042
-0.228658
-0.226936
-0.225156
-0.223251
-0.221355
-0.219419
-0.217428
-0.215384
-0.213289
-0.211237
-0.209124
-0.206876
-0.204576
-0.202359
-0.199981
-0.23202
-0.230426
-0.228729
-0.227074
-0.225277
-0.223513
-0.221641
-0.219786
-0.217893
-0.215946
-0.213944
-0.211883
-0.20976
-0.207587
-0.205364
-0.203171
-0.200912
-0.198538
-0.229607
-0.228048
-0.226416
-0.224718
-0.223003
-0.221259
-0.219448
-0.21765
-0.215748
-0.213772
-0.211805
-0.2098
-0.207746
-0.205628
-0.203441
-0.2012
-0.198894
-0.196533
-0.226259
-0.224791
-0.223272
-0.221681
-0.220017
-0.218293
-0.216494
-0.214678
-0.212758
-0.210913
-0.208901
-0.206967
-0.204997
-0.202895
-0.200684
-0.198483
-0.196233
-0.193917
-0.221789
-0.220308
-0.218878
-0.217333
-0.215723
-0.21402
-0.212332
-0.210596
-0.208802
-0.207013
-0.205198
-0.203255
-0.201282
-0.199274
-0.197187
-0.19511
-0.192907
-0.190606
-0.216053
-0.214647
-0.213283
-0.21185
-0.210297
-0.20872
-0.207163
-0.20544
-0.203777
-0.202069
-0.200284
-0.198336
-0.196413
-0.194591
-0.19258
-0.190477
-0.188359
-0.186178
-0.210849
-0.20946
-0.208097
-0.206693
-0.205238
-0.20372
-0.202194
-0.200565
-0.19897
-0.197315
-0.195643
-0.193789
-0.19197
-0.19002
-0.18809
-0.186111
-0.184061
-0.181924
-0.241377
-0.239636
-0.237869
-0.23602
-0.23418
-0.23229
-0.230292
-0.228369
-0.226363
-0.2243
-0.222243
-0.220039
-0.217909
-0.215748
-0.213416
-0.211162
-0.208897
-0.206597
-0.241267
-0.239559
-0.237754
-0.235893
-0.234097
-0.232171
-0.230294
-0.228278
-0.226304
-0.224187
-0.222137
-0.220015
-0.21783
-0.215665
-0.213469
-0.211105
-0.20882
-0.206515
-0.241084
-0.239411
-0.237646
-0.235846
-0.233955
-0.23211
-0.230135
-0.228211
-0.22615
-0.224135
-0.221971
-0.219872
-0.21774
-0.215453
-0.213245
-0.21102
-0.208746
-0.206296
-0.240922
-0.239187
-0.237464
-0.23568
-0.23379
-0.231901
-0.229962
-0.227919
-0.225951
-0.223906
-0.221793
-0.219687
-0.21743
-0.215254
-0.213069
-0.210841
-0.208433
-0.206102
-0.240614
-0.238935
-0.237164
-0.235357
-0.233457
-0.231607
-0.229627
-0.227698
-0.225632
-0.223612
-0.22144
-0.219338
-0.217204
-0.214917
-0.21271
-0.210488
-0.208206
-0.205755
-0.240228
-0.238483
-0.236747
-0.23495
-0.233035
-0.231066
-0.229169
-0.227133
-0.225154
-0.223024
-0.220969
-0.21889
-0.216651
-0.214486
-0.212305
-0.21002
-0.207665
-0.205331
-0.239682
-0.237933
-0.23616
-0.234292
-0.23237
-0.230522
-0.228535
-0.226602
-0.224525
-0.222501
-0.220329
-0.218227
-0.216097
-0.213809
-0.211596
-0.209353
-0.206927
-0.204591
-0.238742
-0.236997
-0.235272
-0.233446
-0.231593
-0.229646
-0.227718
-0.225739
-0.223719
-0.22165
-0.219542
-0.217382
-0.215232
-0.212931
-0.21071
-0.208464
-0.206035
-0.203697
-0.237509
-0.235744
-0.233962
-0.232205
-0.230395
-0.228472
-0.226492
-0.224531
-0.22251
-0.220381
-0.218329
-0.216137
-0.214025
-0.211825
-0.20956
-0.207303
-0.204889
-0.202557
-0.235762
-0.233995
-0.232229
-0.230426
-0.228583
-0.226702
-0.224847
-0.222937
-0.220908
-0.218825
-0.216811
-0.214648
-0.212421
-0.210274
-0.207976
-0.205745
-0.203352
-0.201048
-0.233195
-0.231488
-0.229836
-0.228083
-0.226253
-0.224431
-0.22258
-0.220678
-0.218718
-0.216699
-0.214634
-0.212523
-0.210481
-0.208292
-0.206033
-0.203792
-0.201491
-0.199071
-0.229595
-0.228038
-0.22641
-0.224711
-0.222998
-0.221249
-0.21943
-0.217607
-0.215615
-0.213695
-0.211747
-0.209749
-0.207697
-0.205577
-0.203392
-0.201152
-0.198847
-0.196485
-0.224711
-0.223217
-0.221737
-0.220212
-0.218621
-0.216965
-0.215238
-0.213488
-0.211628
-0.209758
-0.207871
-0.205919
-0.203912
-0.201822
-0.199755
-0.197654
-0.19549
-0.193198
-0.21882
-0.21743
-0.215942
-0.214444
-0.212966
-0.211367
-0.209736
-0.208087
-0.206294
-0.204561
-0.202742
-0.200869
-0.199016
-0.197092
-0.195017
-0.19292
-0.190796
-0.188593
-0.213323
-0.211997
-0.210668
-0.209232
-0.207739
-0.206233
-0.204623
-0.203009
-0.201369
-0.199666
-0.197979
-0.196222
-0.194276
-0.192385
-0.190447
-0.1885
-0.186426
-0.184271
-0.243983
-0.242199
-0.240267
-0.238393
-0.236511
-0.234588
-0.232568
-0.230484
-0.228418
-0.22634
-0.22424
-0.222114
-0.21995
-0.217742
-0.215426
-0.213031
-0.210664
-0.208284
-0.243944
-0.242149
-0.240311
-0.238336
-0.236421
-0.234494
-0.232531
-0.230517
-0.228348
-0.226244
-0.224136
-0.222006
-0.219847
-0.217661
-0.215434
-0.213161
-0.210797
-0.20842
-0.243907
-0.242021
-0.24019
-0.238336
-0.236388
-0.234384
-0.232397
-0.230394
-0.22836
-0.226282
-0.224106
-0.221866
-0.21965
-0.217425
-0.215181
-0.21291
-0.210607
-0.208264
-0.243707
-0.241877
-0.240055
-0.238143
-0.236174
-0.234219
-0.232245
-0.230246
-0.228149
-0.225982
-0.223832
-0.22167
-0.219488
-0.217283
-0.215055
-0.21279
-0.210488
-0.208149
-0.243459
-0.241572
-0.23974
-0.237884
-0.235929
-0.233922
-0.231931
-0.229927
-0.227879
-0.225731
-0.223514
-0.221325
-0.219129
-0.216913
-0.214675
-0.212406
-0.210106
-0.207762
-0.24294
-0.241138
-0.239319
-0.237409
-0.235435
-0.233474
-0.231502
-0.229495
-0.227391
-0.225223
-0.22308
-0.220925
-0.218749
-0.216551
-0.214317
-0.212044
-0.209675
-0.207294
-0.242421
-0.240626
-0.238696
-0.236822
-0.234916
-0.232923
-0.230876
-0.228845
-0.2268
-0.224715
-0.222533
-0.220289
-0.21807
-0.215844
-0.213599
-0.211329
-0.209018
-0.206665
-0.241614
-0.239728
-0.237899
-0.235981
-0.234011
-0.232054
-0.230065
-0.227929
-0.225864
-0.223785
-0.22168
-0.21947
-0.217194
-0.214946
-0.212694
-0.210421
-0.208116
-0.205762
-0.240327
-0.238442
-0.236629
-0.234745
-0.232802
-0.230863
-0.228786
-0.226774
-0.224734
-0.22254
-0.22042
-0.218283
-0.216103
-0.213759
-0.211495
-0.209222
-0.206919
-0.204563
-0.238546
-0.236719
-0.234845
-0.232926
-0.231075
-0.229101
-0.227174
-0.225114
-0.223104
-0.220955
-0.218879
-0.216727
-0.214514
-0.212322
-0.210045
-0.20771
-0.2054
-0.203055
-0.235757
-0.233996
-0.232231
-0.230426
-0.228582
-0.226698
-0.224837
-0.222921
-0.220888
-0.218805
-0.216788
-0.214624
-0.212392
-0.210244
-0.207946
-0.205736
-0.203439
-0.201067
-0.231889
-0.230366
-0.228682
-0.226967
-0.225228
-0.223475
-0.221607
-0.219745
-0.217845
-0.215894
-0.21389
-0.211825
-0.209696
-0.207517
-0.205289
-0.203151
-0.200844
-0.198464
-0.226926
-0.225453
-0.223943
-0.222365
-0.220723
-0.219013
-0.217272
-0.215433
-0.213667
-0.211746
-0.209892
-0.207971
-0.205923
-0.203882
-0.201745
-0.199609
-0.19741
-0.19514
-0.220858
-0.219441
-0.218045
-0.216497
-0.214986
-0.213358
-0.211742
-0.210075
-0.208405
-0.206623
-0.20478
-0.202875
-0.200953
-0.198996
-0.196963
-0.194799
-0.192725
-0.190584
-0.215286
-0.213935
-0.212535
-0.21112
-0.209606
-0.208088
-0.206539
-0.204939
-0.203335
-0.20162
-0.199853
-0.198072
-0.19615
-0.194235
-0.192331
-0.190329
-0.188344
-0.186225
-0.24573
-0.243872
-0.24198
-0.240056
-0.238099
-0.236109
-0.234087
-0.232032
-0.229943
-0.22782
-0.225673
-0.223492
-0.221277
-0.219029
-0.216749
-0.214458
-0.212229
-0.209913
-0.245647
-0.243774
-0.241871
-0.239937
-0.237978
-0.235992
-0.233986
-0.232003
-0.229873
-0.227758
-0.225699
-0.223565
-0.221381
-0.219159
-0.2169
-0.214605
-0.212274
-0.209903
-0.245706
-0.243855
-0.24197
-0.240048
-0.238092
-0.236101
-0.234078
-0.232026
-0.22994
-0.227825
-0.225679
-0.223499
-0.221287
-0.219042
-0.216764
-0.21445
-0.212101
-0.209715
-0.24555
-0.243695
-0.241795
-0.239807
-0.237889
-0.235903
-0.233821
-0.231819
-0.229753
-0.227641
-0.225493
-0.223315
-0.221104
-0.218862
-0.216586
-0.214324
-0.211978
-0.209594
-0.245297
-0.243441
-0.241551
-0.239583
-0.237619
-0.23562
-0.23359
-0.231532
-0.229438
-0.227314
-0.225206
-0.223024
-0.220809
-0.218562
-0.21628
-0.213963
-0.211611
-0.20922
-0.244745
-0.242857
-0.240954
-0.239078
-0.237059
-0.235041
-0.233014
-0.231017
-0.228874
-0.226745
-0.224674
-0.222528
-0.220332
-0.2181
-0.215831
-0.213524
-0.211178
-0.208792
-0.244257
-0.242393
-0.240492
-0.238558
-0.23659
-0.234588
-0.232554
-0.230492
-0.228396
-0.22627
-0.224118
-0.221934
-0.219719
-0.217474
-0.215195
-0.212883
-0.210534
-0.208148
-0.243454
-0.24155
-0.239638
-0.237627
-0.23563
-0.233622
-0.231593
-0.229536
-0.227456
-0.225342
-0.223194
-0.221014
-0.218802
-0.216561
-0.214288
-0.211983
-0.209642
-0.207261
-0.242125
-0.240292
-0.238412
-0.236381
-0.234407
-0.232424
-0.230422
-0.228391
-0.226322
-0.224154
-0.221924
-0.219721
-0.217511
-0.215278
-0.21302
-0.210739
-0.20842
-0.20606
-0.240306
-0.238413
-0.236593
-0.234703
-0.232752
-0.230806
-0.228723
-0.226715
-0.224691
-0.222571
-0.220392
-0.21824
-0.21607
-0.213805
-0.211472
-0.20917
-0.206857
-0.204511
-0.23748
-0.235726
-0.233941
-0.232177
-0.230357
-0.228421
-0.226432
-0.224516
-0.222463
-0.220415
-0.218317
-0.216181
-0.213996
-0.211823
-0.209492
-0.207244
-0.204914
-0.202512
-0.233685
-0.232062
-0.23032
-0.228638
-0.226904
-0.225042
-0.223181
-0.221287
-0.219346
-0.217353
-0.215299
-0.213197
-0.211189
-0.209017
-0.206777
-0.204616
-0.202276
-0.199859
-0.228604
-0.22711
-0.225558
-0.223991
-0.222312
-0.220558
-0.218789
-0.217049
-0.215155
-0.213327
-0.21144
-0.209416
-0.207406
-0.205311
-0.203208
-0.201096
-0.198867
-0.196566
-0.222427
-0.220982
-0.21951
-0.217974
-0.216458
-0.214888
-0.213289
-0.211507
-0.209742
-0.208033
-0.206251
-0.204332
-0.2024
-0.200438
-0.1984
-0.19636
-0.194138
-0.19198
-0.216721
-0.215338
-0.213951
-0.212474
-0.211071
-0.209506
-0.20792
-0.206364
-0.20476
-0.203033
-0.201268
-0.199556
-0.197735
-0.195848
-0.193892
-0.191873
-0.189833
-0.187672
-0.246988
-0.245098
-0.243171
-0.24121
-0.239215
-0.237206
-0.235243
-0.233249
-0.231162
-0.229033
-0.226865
-0.224661
-0.222422
-0.220153
-0.21787
-0.215644
-0.213339
-0.211025
-0.246902
-0.245003
-0.243072
-0.241115
-0.239204
-0.237266
-0.235242
-0.233175
-0.231068
-0.228927
-0.226753
-0.224543
-0.222322
-0.220155
-0.217955
-0.215657
-0.213313
-0.210927
-0.246848
-0.245015
-0.243103
-0.241152
-0.239165
-0.237141
-0.235081
-0.232985
-0.230876
-0.228818
-0.22673
-0.224549
-0.222326
-0.220065
-0.217766
-0.215432
-0.213062
-0.210676
-0.246639
-0.244811
-0.242918
-0.240978
-0.23904
-0.237021
-0.234963
-0.232873
-0.230748
-0.228592
-0.226426
-0.224308
-0.222159
-0.219913
-0.217624
-0.215293
-0.212923
-0.210518
-0.246421
-0.244556
-0.242684
-0.240734
-0.238744
-0.236716
-0.234651
-0.232552
-0.230418
-0.228273
-0.226179
-0.224056
-0.221837
-0.219577
-0.217276
-0.214936
-0.21256
-0.210147
-0.246012
-0.244105
-0.242177
-0.240275
-0.238306
-0.236333
-0.23428
-0.23219
-0.230062
-0.227902
-0.225715
-0.223496
-0.221257
-0.219077
-0.216863
-0.21455
-0.212191
-0.209788
-0.24546
-0.243611
-0.241687
-0.239724
-0.237724
-0.235687
-0.233616
-0.231511
-0.229372
-0.227222
-0.225127
-0.222956
-0.220779
-0.218519
-0.216219
-0.213881
-0.211505
-0.209091
-0.24453
-0.242644
-0.240789
-0.238861
-0.236882
-0.234866
-0.232816
-0.230736
-0.228625
-0.226526
-0.224355
-0.222152
-0.219915
-0.217646
-0.215343
-0.213005
-0.210631
-0.208221
-0.243375
-0.241509
-0.239567
-0.23761
-0.235549
-0.233506
-0.231452
-0.229376
-0.227273
-0.225143
-0.222985
-0.2208
-0.218587
-0.216341
-0.214061
-0.21175
-0.209403
-0.20702
-0.241536
-0.239632
-0.237792
-0.235907
-0.233873
-0.231903
-0.229921
-0.227889
-0.225702
-0.223587
-0.221467
-0.219334
-0.217165
-0.214954
-0.212634
-0.210249
-0.207888
-0.205514
-0.238743
-0.23698
-0.235235
-0.23343
-0.231513
-0.229539
-0.22764
-0.225601
-0.223615
-0.221485
-0.219428
-0.217295
-0.2151
-0.212913
-0.210567
-0.208303
-0.206021
-0.20364
-0.234918
-0.233281
-0.231625
-0.229822
-0.228064
-0.22626
-0.224412
-0.222509
-0.220591
-0.218572
-0.216495
-0.214368
-0.212331
-0.21013
-0.207863
-0.205685
-0.203344
-0.20107
-0.229763
-0.228244
-0.226713
-0.225088
-0.22347
-0.221785
-0.220031
-0.218232
-0.216375
-0.214528
-0.212615
-0.210565
-0.20853
-0.206453
-0.204316
-0.202131
-0.199884
-0.19759
-0.223536
-0.222144
-0.220644
-0.219168
-0.21765
-0.216053
-0.214315
-0.212629
-0.210875
-0.209158
-0.207367
-0.205447
-0.203579
-0.201586
-0.199457
-0.19742
-0.195345
-0.193189
-0.21798
-0.216584
-0.215134
-0.213688
-0.212213
-0.210674
-0.20906
-0.20748
-0.205859
-0.204109
-0.202371
-0.200593
-0.198764
-0.196865
-0.194899
-0.192936
-0.190942
-0.188866
-0.247709
-0.245883
-0.243969
-0.242015
-0.240027
-0.238018
-0.23604
-0.233993
-0.231939
-0.2298
-0.227624
-0.225417
-0.223188
-0.221008
-0.218752
-0.216492
-0.214139
-0.211743
-0.247683
-0.245799
-0.243874
-0.241913
-0.239925
-0.23798
-0.236005
-0.233937
-0.231826
-0.229678
-0.227496
-0.225292
-0.223145
-0.220969
-0.218693
-0.216373
-0.21401
-0.21161
-0.247535
-0.245642
-0.243778
-0.241889
-0.23991
-0.237889
-0.235827
-0.23373
-0.231612
-0.22955
-0.227455
-0.225266
-0.223035
-0.220767
-0.218473
-0.21623
-0.213908
-0.211583
-0.247403
-0.245509
-0.243588
-0.241687
-0.239724
-0.237751
-0.235696
-0.233603
-0.231477
-0.229331
-0.227232
-0.22506
-0.222881
-0.220615
-0.218309
-0.215973
-0.213615
-0.21131
-0.247146
-0.245237
-0.243303
-0.241401
-0.239473
-0.237455
-0.235393
-0.233296
-0.231177
-0.229097
-0.226952
-0.2248
-0.222563
-0.220284
-0.217969
-0.21563
-0.213347
-0.210986
-0.246821
-0.24492
-0.242979
-0.241004
-0.239003
-0.237033
-0.235037
-0.232951
-0.230823
-0.228661
-0.226466
-0.224245
-0.22208
-0.219884
-0.217589
-0.215251
-0.212876
-0.210466
-0.246219
-0.244309
-0.242426
-0.240472
-0.238515
-0.236478
-0.234403
-0.232294
-0.230152
-0.227988
-0.225884
-0.223746
-0.221514
-0.219237
-0.21692
-0.214566
-0.212176
-0.209775
-0.245423
-0.243514
-0.241571
-0.239591
-0.237577
-0.235532
-0.233467
-0.231456
-0.229371
-0.227282
-0.225112
-0.222902
-0.220655
-0.218371
-0.216051
-0.213696
-0.211308
-0.208908
-0.244056
-0.242172
-0.240255
-0.238304
-0.236321
-0.234308
-0.232264
-0.230191
-0.228081
-0.225947
-0.223782
-0.221586
-0.219357
-0.217093
-0.214794
-0.212459
-0.210089
-0.207692
-0.242297
-0.240483
-0.238627
-0.236629
-0.234693
-0.232747
-0.230763
-0.228679
-0.226533
-0.224413
-0.222287
-0.220143
-0.217966
-0.215752
-0.21349
-0.211116
-0.208665
-0.206241
-0.239638
-0.237903
-0.236065
-0.234179
-0.232357
-0.230408
-0.228458
-0.226459
-0.224464
-0.222325
-0.220261
-0.218112
-0.215912
-0.213732
-0.211469
-0.209135
-0.206826
-0.204493
-0.235759
-0.23411
-0.232394
-0.230683
-0.22894
-0.227144
-0.225289
-0.223378
-0.221409
-0.219422
-0.217335
-0.215197
-0.213155
-0.210965
-0.208792
-0.20656
-0.204287
-0.201957
-0.230654
-0.229174
-0.227591
-0.225986
-0.224287
-0.222638
-0.220847
-0.219089
-0.217227
-0.215366
-0.21344
-0.211374
-0.209324
-0.207235
-0.205096
-0.202901
-0.200666
-0.198474
-0.224472
-0.223078
-0.221581
-0.220079
-0.21852
-0.216831
-0.215142
-0.213469
-0.211715
-0.209991
-0.208186
-0.206254
-0.204385
-0.202399
-0.20041
-0.198243
-0.196149
-0.194019
-0.218875
-0.217513
-0.21605
-0.214576
-0.213003
-0.211502
-0.2099
-0.208323
-0.206714
-0.205027
-0.203213
-0.201397
-0.199544
-0.197641
-0.195738
-0.193811
-0.191759
-0.189673
-0.248146
-0.246329
-0.244422
-0.242473
-0.240489
-0.23848
-0.236509
-0.234467
-0.232415
-0.230279
-0.228104
-0.225898
-0.223669
-0.221497
-0.219289
-0.216981
-0.214626
-0.212229
-0.248127
-0.246251
-0.244332
-0.242375
-0.24039
-0.238447
-0.236477
-0.234415
-0.23231
-0.230169
-0.227999
-0.225875
-0.22368
-0.221482
-0.219195
-0.216869
-0.214505
-0.212115
-0.247975
-0.246082
-0.244225
-0.24234
-0.240367
-0.238353
-0.236301
-0.234221
-0.232183
-0.230121
-0.227967
-0.22577
-0.223532
-0.221259
-0.218962
-0.216726
-0.214457
-0.212085
-0.247844
-0.245947
-0.244016
-0.242056
-0.240137
-0.238186
-0.236144
-0.234059
-0.231941
-0.229799
-0.227708
-0.225583
-0.223361
-0.221096
-0.218795
-0.216472
-0.214201
-0.211849
-0.247583
-0.245683
-0.243755
-0.241856
-0.239934
-0.237922
-0.235865
-0.233771
-0.23165
-0.229579
-0.227479
-0.225284
-0.223046
-0.220766
-0.218447
-0.216112
-0.213843
-0.211537
-0.247244
-0.245387
-0.243452
-0.241483
-0.239488
-0.237519
-0.235485
-0.233443
-0.231318
-0.229158
-0.226964
-0.224744
-0.222582
-0.220386
-0.218092
-0.215755
-0.213386
-0.210993
-0.246696
-0.244779
-0.24284
-0.240928
-0.238994
-0.236971
-0.234906
-0.232805
-0.230668
-0.228508
-0.226403
-0.224266
-0.222034
-0.219757
-0.217441
-0.215091
-0.21272
-0.210409
-0.245928
-0.24403
-0.242093
-0.24012
-0.238113
-0.236075
-0.234014
-0.231999
-0.229912
-0.227821
-0.225652
-0.223444
-0.221197
-0.218913
-0.216593
-0.214239
-0.211851
-0.209456
-0.244603
-0.242734
-0.24083
-0.23889
-0.236918
-0.234913
-0.232874
-0.230804
-0.228703
-0.22657
-0.224405
-0.222207
-0.21997
-0.217704
-0.215401
-0.213063
-0.21069
-0.20829
-0.242829
-0.241035
-0.239149
-0.23721
-0.235287
-0.233331
-0.231285
-0.229179
-0.227094
-0.224998
-0.222885
-0.220735
-0.218555
-0.216337
-0.214025
-0.211699
-0.209252
-0.206829
-0.240139
-0.238397
-0.236625
-0.234758
-0.232894
-0.23098
-0.228955
-0.227009
-0.224981
-0.222896
-0.220819
-0.218595
-0.216453
-0.214297
-0.212039
-0.20971
-0.207403
-0.205071
-0.236247
-0.234598
-0.232951
-0.231259
-0.229521
-0.227723
-0.225863
-0.223952
-0.221988
-0.220008
-0.217927
-0.215789
-0.213746
-0.21156
-0.209388
-0.207157
-0.204885
-0.202558
-0.231274
-0.229789
-0.2282
-0.226548
-0.224874
-0.223145
-0.221389
-0.219573
-0.217776
-0.215934
-0.214018
-0.211966
-0.209924
-0.207841
-0.205706
-0.203515
-0.201285
-0.199097
-0.225047
-0.223601
-0.222154
-0.220648
-0.219066
-0.217436
-0.215769
-0.21406
-0.212351
-0.210618
-0.208813
-0.206885
-0.205013
-0.20303
-0.20104
-0.198874
-0.196779
-0.194648
-0.219399
-0.217998
-0.216657
-0.215167
-0.213657
-0.212158
-0.210564
-0.208979
-0.207347
-0.205587
-0.203835
-0.20204
-0.200195
-0.198295
-0.196393
-0.194461
-0.192404
-0.190318
-0.248339
-0.246528
-0.244685
-0.242755
-0.240783
-0.238779
-0.23675
-0.234757
-0.23269
-0.230616
-0.228458
-0.226263
-0.224038
-0.221791
-0.21959
-0.21731
-0.215023
-0.212645
-0.248357
-0.24653
-0.244622
-0.242678
-0.240698
-0.238693
-0.236728
-0.234733
-0.232646
-0.230516
-0.228348
-0.226145
-0.223925
-0.221755
-0.219553
-0.217251
-0.214904
-0.212516
-0.248246
-0.246361
-0.244447
-0.242569
-0.240661
-0.238665
-0.23663
-0.23456
-0.232464
-0.230405
-0.228273
-0.226137
-0.223913
-0.221653
-0.219359
-0.217045
-0.214779
-0.212432
-0.24812
-0.246235
-0.244313
-0.242356
-0.240374
-0.238434
-0.236462
-0.234398
-0.232295
-0.230159
-0.227999
-0.225882
-0.223733
-0.221487
-0.219198
-0.21687
-0.214512
-0.212129
-0.247863
-0.245973
-0.244047
-0.242093
-0.240177
-0.238231
-0.236196
-0.23412
-0.232009
-0.229873
-0.227777
-0.225608
-0.223433
-0.221173
-0.218871
-0.216537
-0.214182
-0.211877
-0.247495
-0.245625
-0.243747
-0.24179
-0.239802
-0.237788
-0.235799
-0.233743
-0.231681
-0.229538
-0.227359
-0.225149
-0.222913
-0.220724
-0.218457
-0.216184
-0.213824
-0.211425
-0.246973
-0.245073
-0.24314
-0.241183
-0.239253
-0.237256
-0.235255
-0.233171
-0.231051
-0.228901
-0.226729
-0.224599
-0.222392
-0.220182
-0.217884
-0.215546
-0.21317
-0.210759
-0.246153
-0.24429
-0.242418
-0.240466
-0.238477
-0.236451
-0.234393
-0.232305
-0.230181
-0.228045
-0.225953
-0.223788
-0.221618
-0.219361
-0.217063
-0.214727
-0.212354
-0.209945
-0.244972
-0.243113
-0.241222
-0.239297
-0.237338
-0.235342
-0.233315
-0.231255
-0.229163
-0.227037
-0.224881
-0.222691
-0.220469
-0.218215
-0.215928
-0.213607
-0.211251
-0.20886
-0.243167
-0.241271
-0.239428
-0.237565
-0.235651
-0.23359
-0.231587
-0.22957
-0.227531
-0.225452
-0.223274
-0.221023
-0.218796
-0.216555
-0.214294
-0.212006
-0.209684
-0.207327
-0.240462
-0.238695
-0.23694
-0.235129
-0.233219
-0.231312
-0.229358
-0.227371
-0.225332
-0.223304
-0.221126
-0.219011
-0.216871
-0.214569
-0.212344
-0.210105
-0.207821
-0.205352
-0.236572
-0.234981
-0.233337
-0.231528
-0.229754
-0.22799
-0.226131
-0.224218
-0.222264
-0.22033
-0.218333
-0.216221
-0.214055
-0.21197
-0.209735
-0.207567
-0.205237
-0.202967
-0.231573
-0.230043
-0.22845
-0.226845
-0.225256
-0.223508
-0.221732
-0.219982
-0.218185
-0.216218
-0.214306
-0.212357
-0.210353
-0.208299
-0.206184
-0.204057
-0.201822
-0.199537
-0.225419
-0.224016
-0.222498
-0.221001
-0.219468
-0.217884
-0.216283
-0.214577
-0.212812
-0.211029
-0.209148
-0.207341
-0.205424
-0.203453
-0.201407
-0.199373
-0.197276
-0.195029
-0.219899
-0.218524
-0.217048
-0.215577
-0.214133
-0.212546
-0.211
-0.20935
-0.207717
-0.206054
-0.204336
-0.202567
-0.200781
-0.19888
-0.19691
-0.194932
-0.192833
-0.190759
-0.248539
-0.246676
-0.244771
-0.242829
-0.240867
-0.238944
-0.236991
-0.234949
-0.232863
-0.230738
-0.228576
-0.2264
-0.224266
-0.222056
-0.219842
-0.217539
-0.215195
-0.212812
-0.248476
-0.246601
-0.244704
-0.242834
-0.240897
-0.238955
-0.236934
-0.234875
-0.232775
-0.230637
-0.228482
-0.226374
-0.224236
-0.222005
-0.219733
-0.217422
-0.215071
-0.2127
-0.248374
-0.24657
-0.244683
-0.242756
-0.240789
-0.238786
-0.236756
-0.234761
-0.232696
-0.23063
-0.22848
-0.226291
-0.224063
-0.221797
-0.219515
-0.217286
-0.215026
-0.212666
-0.248182
-0.246311
-0.244469
-0.242599
-0.24064
-0.238641
-0.236604
-0.234534
-0.232439
-0.230386
-0.22826
-0.226128
-0.22391
-0.221651
-0.219353
-0.217021
-0.214674
-0.212386
-0.24793
-0.246046
-0.244199
-0.242324
-0.240365
-0.238362
-0.236322
-0.234252
-0.23222
-0.230119
-0.228014
-0.225826
-0.223597
-0.221329
-0.219023
-0.2167
-0.214434
-0.212137
-0.247655
-0.245765
-0.243843
-0.241893
-0.239976
-0.237991
-0.236
-0.233929
-0.231822
-0.229682
-0.227516
-0.225391
-0.223192
-0.220989
-0.218697
-0.216367
-0.214003
-0.211601
-0.247054
-0.245157
-0.2433
-0.241415
-0.239446
-0.237435
-0.235386
-0.233306
-0.2312
-0.229134
-0.226997
-0.224859
-0.222634
-0.220371
-0.218068
-0.215728
-0.213351
-0.210958
-0.246338
-0.24445
-0.242529
-0.240573
-0.238583
-0.236559
-0.23452
-0.232521
-0.230451
-0.228336
-0.226227
-0.224036
-0.221808
-0.219545
-0.217246
-0.21491
-0.212536
-0.210134
-0.245062
-0.243208
-0.241325
-0.239405
-0.237453
-0.235467
-0.233446
-0.231398
-0.229318
-0.227206
-0.225061
-0.222881
-0.220665
-0.218413
-0.216128
-0.21381
-0.211454
-0.209065
-0.243333
-0.241534
-0.239601
-0.237722
-0.235823
-0.233873
-0.231777
-0.229746
-0.227703
-0.225634
-0.223537
-0.22139
-0.219143
-0.216828
-0.214535
-0.212234
-0.20991
-0.207555
-0.240615
-0.238853
-0.2371
-0.235293
-0.233378
-0.231527
-0.229533
-0.227594
-0.225516
-0.223506
-0.221419
-0.219271
-0.217135
-0.214915
-0.212632
-0.210377
-0.2081
-0.205719
-0.236771
-0.23518
-0.233553
-0.231852
-0.230027
-0.228203
-0.226336
-0.224417
-0.22246
-0.220535
-0.218546
-0.216438
-0.214272
-0.212196
-0.209962
-0.207798
-0.20547
-0.203204
-0.231788
-0.23026
-0.228714
-0.227074
-0.225492
-0.223762
-0.222063
-0.220256
-0.218438
-0.21646
-0.214543
-0.212588
-0.210587
-0.208535
-0.20647
-0.204295
-0.202061
-0.199775
-0.225663
-0.224262
-0.222745
-0.221251
-0.219722
-0.21814
-0.21655
-0.214844
-0.213077
-0.211292
-0.209408
-0.207602
-0.205684
-0.203715
-0.20167
-0.199638
-0.197546
-0.195295
-0.220173
-0.218797
-0.217319
-0.215852
-0.214411
-0.212827
-0.211283
-0.209635
-0.208003
-0.206341
-0.204625
-0.202855
-0.201075
-0.199178
-0.197216
-0.195255
-0.193249
-0.191112
-0.248567
-0.246777
-0.244897
-0.242973
-0.241009
-0.239006
-0.236977
-0.234926
-0.232921
-0.230885
-0.228755
-0.226581
-0.224369
-0.222114
-0.219832
-0.217531
-0.215287
-0.213007
-0.248582
-0.246725
-0.24483
-0.242897
-0.240926
-0.238937
-0.236984
-0.235001
-0.232932
-0.23082
-0.22867
-0.226484
-0.224261
-0.222021
-0.219831
-0.217608
-0.215292
-0.212931
-0.248422
-0.246562
-0.244726
-0.242824
-0.240916
-0.23893
-0.236906
-0.234847
-0.232748
-0.230633
-0.228554
-0.226404
-0.224253
-0.222015
-0.21974
-0.217429
-0.215079
-0.212711
-0.248305
-0.246431
-0.244518
-0.242576
-0.240613
-0.23869
-0.236736
-0.23469
-0.232601
-0.230475
-0.228313
-0.226134
-0.223999
-0.221788
-0.219572
-0.217267
-0.214921
-0.212539
-0.248065
-0.246181
-0.244261
-0.242323
-0.240419
-0.23849
-0.236471
-0.234411
-0.232312
-0.230173
-0.227997
-0.225805
-0.223668
-0.221499
-0.219234
-0.216926
-0.214579
-0.21219
-0.247719
-0.245889
-0.24398
-0.242032
-0.240052
-0.238032
-0.235995
-0.233995
-0.231965
-0.229846
-0.227683
-0.225484
-0.223251
-0.220983
-0.218699
-0.216467
-0.214202
-0.211836
-0.247192
-0.245302
-0.243382
-0.241434
-0.239521
-0.237539
-0.235553
-0.233487
-0.231382
-0.229242
-0.227066
-0.224855
-0.22263
-0.220452
-0.218197
-0.215942
-0.2136
-0.211216
-0.246415
-0.244551
-0.24269
-0.240752
-0.238779
-0.236772
-0.23473
-0.232655
-0.230545
-0.2284
-0.226219
-0.224014
-0.221793
-0.219627
-0.217383
-0.215135
-0.212799
-0.210422
-0.245269
-0.243418
-0.241533
-0.239573
-0.237618
-0.235634
-0.233614
-0.231562
-0.229476
-0.227356
-0.225208
-0.22303
-0.220824
-0.218588
-0.216322
-0.214023
-0.211685
-0.209315
-0.243479
-0.241637
-0.239801
-0.23788
-0.235909
-0.233955
-0.231982
-0.229978
-0.227874
-0.225709
-0.223569
-0.22142
-0.219246
-0.217044
-0.214815
-0.212543
-0.210227
-0.207818
-0.240818
-0.239085
-0.237262
-0.235385
-0.233574
-0.23163
-0.229737
-0.227706
-0.225724
-0.223595
-0.221537
-0.21945
-0.217209
-0.215044
-0.212861
-0.210574
-0.208224
-0.205894
-0.23694
-0.235279
-0.233632
-0.231947
-0.230207
-0.228408
-0.226562
-0.224659
-0.222746
-0.220736
-0.218677
-0.216633
-0.214538
-0.212334
-0.210209
-0.207936
-0.205722
-0.203347
-0.232013
-0.230535
-0.228952
-0.227351
-0.225638
-0.22391
-0.22216
-0.220342
-0.218544
-0.21671
-0.214801
-0.212758
-0.21072
-0.208639
-0.206517
-0.204352
-0.202233
-0.200039
-0.225862
-0.224421
-0.222983
-0.221485
-0.219914
-0.218296
-0.216638
-0.214928
-0.213224
-0.211489
-0.209685
-0.207762
-0.205892
-0.203912
-0.201925
-0.199769
-0.197689
-0.195566
-0.220304
-0.218891
-0.217481
-0.216049
-0.21457
-0.213081
-0.2115
-0.209915
-0.208237
-0.206537
-0.204797
-0.203011
-0.201172
-0.199276
-0.197378
-0.195447
-0.193398
-0.191317
-0.248578
-0.246786
-0.244966
-0.243057
-0.241104
-0.239113
-0.237087
-0.235026
-0.232955
-0.230919
-0.228812
-0.226698
-0.224497
-0.222256
-0.219978
-0.217662
-0.215322
-0.212962
-0.248599
-0.246794
-0.244908
-0.24298
-0.241017
-0.239013
-0.236983
-0.234934
-0.23293
-0.230895
-0.228767
-0.226595
-0.224385
-0.222134
-0.219857
-0.21756
-0.215315
-0.213038
-0.248501
-0.246624
-0.24472
-0.242794
-0.240902
-0.238984
-0.236978
-0.234929
-0.232841
-0.230717
-0.228558
-0.226384
-0.224254
-0.222051
-0.219845
-0.217549
-0.215215
-0.212842
-0.248372
-0.246508
-0.244604
-0.242664
-0.240691
-0.238704
-0.236751
-0.23477
-0.232696
-0.23058
-0.228424
-0.226235
-0.224014
-0.221779
-0.219589
-0.217322
-0.215048
-0.212682
-0.248136
-0.246262
-0.244351
-0.242403
-0.240439
-0.238506
-0.236508
-0.234502
-0.232414
-0.230287
-0.228123
-0.225923
-0.223711
-0.221542
-0.219302
-0.217056
-0.21472
-0.212344
-0.247754
-0.245905
-0.244048
-0.242111
-0.240135
-0.238124
-0.236079
-0.233998
-0.2319
-0.229849
-0.227765
-0.225587
-0.223367
-0.221111
-0.218817
-0.216491
-0.21415
-0.211862
-0.247247
-0.245369
-0.243454
-0.241502
-0.239516
-0.237513
-0.235544
-0.233507
-0.231462
-0.229336
-0.227171
-0.224969
-0.222732
-0.220459
-0.218159
-0.215842
-0.213587
-0.2113
-0.246366
-0.244486
-0.242642
-0.240731
-0.238777
-0.236825
-0.234794
-0.232727
-0.230625
-0.228488
-0.226318
-0.224116
-0.221878
-0.219612
-0.217319
-0.215009
-0.21276
-0.210434
-0.245278
-0.243334
-0.2414
-0.239453
-0.237495
-0.235564
-0.23349
-0.231411
-0.229309
-0.227184
-0.225036
-0.222874
-0.22075
-0.218479
-0.216287
-0.214007
-0.211609
-0.209313
-0.243507
-0.241708
-0.239864
-0.23788
-0.235955
-0.234021
-0.232045
-0.229975
-0.227845
-0.225735
-0.223618
-0.22148
-0.219326
-0.21713
-0.214894
-0.212547
-0.210115
-0.207712
-0.240862
-0.239129
-0.237363
-0.2355
-0.233637
-0.23173
-0.229719
-0.227786
-0.225777
-0.223706
-0.221642
-0.21943
-0.217299
-0.215154
-0.212906
-0.210596
-0.208302
-0.205985
-0.237043
-0.235405
-0.233761
-0.232051
-0.230223
-0.228391
-0.226519
-0.224622
-0.222759
-0.220827
-0.218779
-0.216671
-0.214593
-0.212449
-0.210194
-0.208017
-0.205688
-0.203445
-0.231994
-0.230473
-0.228947
-0.227381
-0.225748
-0.224
-0.2223
-0.220497
-0.218707
-0.216855
-0.214829
-0.212857
-0.210854
-0.208798
-0.206725
-0.204552
-0.202317
-0.20003
-0.225924
-0.224539
-0.223099
-0.221555
-0.220008
-0.21842
-0.216827
-0.215123
-0.213408
-0.211584
-0.209749
-0.207896
-0.205979
-0.204013
-0.201972
-0.199951
-0.197886
-0.195736
-0.220429
-0.219064
-0.217602
-0.21614
-0.214703
-0.213122
-0.211582
-0.209938
-0.208312
-0.206654
-0.204943
-0.203177
-0.201401
-0.199508
-0.197551
-0.195596
-0.193599
-0.191476
-0.248597
-0.246744
-0.244924
-0.243072
-0.241132
-0.23915
-0.23713
-0.235072
-0.23299
-0.230889
-0.228827
-0.22669
-0.224545
-0.222315
-0.220045
-0.217738
-0.215393
-0.213021
-0.248597
-0.246807
-0.244931
-0.243012
-0.241053
-0.23906
-0.237031
-0.234986
-0.23298
-0.230902
-0.22882
-0.226652
-0.224445
-0.222202
-0.219919
-0.217608
-0.215282
-0.213011
-0.248532
-0.246662
-0.24475
-0.24281
-0.240852
-0.238936
-0.236989
-0.234955
-0.232877
-0.230759
-0.228599
-0.226412
-0.22421
-0.222057
-0.219873
-0.217592
-0.215267
-0.212901
-0.248384
-0.246531
-0.244634
-0.242697
-0.240721
-0.238721
-0.236702
-0.234724
-0.232713
-0.23061
-0.228463
-0.226279
-0.22406
-0.221809
-0.219546
-0.217332
-0.215082
-0.212731
-0.248154
-0.246289
-0.244382
-0.242438
-0.240458
-0.238464
-0.236507
-0.23448
-0.232447
-0.230331
-0.228174
-0.225981
-0.223753
-0.221513
-0.219319
-0.217049
-0.214772
-0.212405
-0.247716
-0.245904
-0.244024
-0.242136
-0.240168
-0.238162
-0.236123
-0.234049
-0.231957
-0.229904
-0.227777
-0.225646
-0.22343
-0.221176
-0.218887
-0.216563
-0.214203
-0.211832
-0.247286
-0.245408
-0.243491
-0.241539
-0.239555
-0.237536
-0.235503
-0.233509
-0.231443
-0.229372
-0.227217
-0.225023
-0.222791
-0.220525
-0.218221
-0.215891
-0.213547
-0.211265
-0.246406
-0.244503
-0.242577
-0.240635
-0.238737
-0.236769
-0.234795
-0.23274
-0.230648
-0.22852
-0.226357
-0.224159
-0.221928
-0.219661
-0.217366
-0.215043
-0.212705
-0.210426
-0.245196
-0.243304
-0.241387
-0.23944
-0.23747
-0.235472
-0.23344
-0.231376
-0.229285
-0.227166
-0.225019
-0.222844
-0.220641
-0.218409
-0.216164
-0.213964
-0.211652
-0.209209
-0.243542
-0.241747
-0.23986
-0.237918
-0.23599
-0.234045
-0.232004
-0.229899
-0.227817
-0.225732
-0.223629
-0.221503
-0.219345
-0.217149
-0.214907
-0.21256
-0.210134
-0.207729
-0.240825
-0.239136
-0.237382
-0.235512
-0.233585
-0.23173
-0.229734
-0.227794
-0.225711
-0.223699
-0.221658
-0.219458
-0.217331
-0.215171
-0.212839
-0.210586
-0.20831
-0.205987
-0.237077
-0.235441
-0.233782
-0.231998
-0.230221
-0.228415
-0.226563
-0.22467
-0.222801
-0.220826
-0.218832
-0.216738
-0.214659
-0.212524
-0.210264
-0.20809
-0.205756
-0.203491
-0.232048
-0.230526
-0.228985
-0.227349
-0.225774
-0.224052
-0.222362
-0.220563
-0.218756
-0.216784
-0.214872
-0.212928
-0.210941
-0.208896
-0.206786
-0.204666
-0.202436
-0.200155
-0.225973
-0.224582
-0.223078
-0.22159
-0.22007
-0.218497
-0.216913
-0.215215
-0.213456
-0.211679
-0.209807
-0.208007
-0.2061
-0.204136
-0.202102
-0.200077
-0.197988
-0.195756
-0.220443
-0.21911
-0.217658
-0.21621
-0.214781
-0.213211
-0.211678
-0.210046
-0.208428
-0.206777
-0.205069
-0.203306
-0.201476
-0.199633
-0.197672
-0.195654
-0.193628
-0.191563
)
;

boundaryField
{
    walls
    {
        type            zeroGradient;
    }
    procBoundary0to1
    {
        type            processor;
        value           nonuniform List<scalar> 
277
(
0
0
0
0
0
0
0
0
0
0
0
0
0
0
0
0
0
0
0
0
0
0
0
0
0
0
0
0
0
0
0
0
0
0
0
0
0
0
0
0
0
0
0
0
0
0
0
0
0
0
0
0
0
0
0
0
0
0
0
0
0
0
0
0
0
0
0
0
0
0
0
0
0
0
0
0
0
0
0
0
0
0
0
0
0
0
0
0
0
0
0
0
0
0
0
0
0
0
0
0
0
0
0
0
0
-0.0134981
-0.0134285
-0.0133944
-0.0133072
-0.0131744
-0.0130849
-0.0129375
-0.0128362
-0.0126875
-0.0126093
0
0
0
0
0
-0.0405061
-0.0400622
-0.0394569
-0.038393
-0.0368373
-0.0350141
-0.0324869
-0.0295994
-0.0258935
-0.0218474
-0.0174321
-0.0143216
-0.0133471
-0.0129527
-0.0128439
-0.0708125
-0.0708125
-0.0704108
-0.0704108
-0.0698369
-0.0698369
-0.0688733
-0.0688733
-0.0674842
-0.0674842
-0.065785
-0.065785
-0.0634714
-0.0634714
-0.0608073
-0.0608073
-0.0573297
-0.0573297
-0.0534502
-0.0534502
-0.0489092
-0.0489092
-0.0439827
-0.0439827
-0.0385679
-0.0385679
-0.03342
-0.03342
-0.029746
-0.029746
-0.100044
-0.0996981
-0.0990043
-0.0981842
-0.0972185
-0.0957017
-0.0937468
-0.0913993
-0.0883089
-0.0848175
-0.0809507
-0.0763263
-0.0711988
-0.0662524
-0.0625158
-0.12198
-0.121703
-0.121321
-0.120639
-0.119619
-0.118425
-0.116684
-0.114676
-0.112042
-0.108992
-0.105565
-0.101413
-0.0970135
-0.0923871
-0.0890526
-0.140059
-0.139805
-0.139513
-0.138945
-0.138087
-0.137096
-0.135637
-0.133962
-0.131947
-0.129348
-0.126359
-0.122746
-0.118822
-0.114771
-0.111555
-0.155143
-0.154916
-0.154678
-0.154069
-0.153472
-0.152648
-0.151491
-0.150058
-0.148302
-0.146067
-0.143467
-0.14047
-0.136893
-0.133242
-0.130357
-0.167711
-0.16764
-0.167303
-0.166929
-0.166472
-0.165606
-0.164707
-0.163445
-0.161937
-0.159961
-0.157636
-0.155022
-0.151877
-0.148485
-0.145659
-0.178861
-0.178706
-0.178438
-0.17813
-0.177711
-0.177035
-0.176121
-0.174973
-0.173601
-0.171782
-0.169801
-0.167329
-0.164442
-0.161258
-0.158609
-0.188153
-0.187677
-0.187057
-0.186391
-0.185351
-0.18402
-0.182294
-0.18044
-0.177994
-0.175318
-0.172207
-0.169435
-0.196328
-0.195468
-0.19464
-0.1934
-0.19186
-0.18985
-0.187595
-0.184824
-0.181685
-0.178884
)
;
    }
    procBoundary0to2
    {
        type            processor;
        value           nonuniform List<scalar> 
263
(
-0.18869
-0.188549
-0.188438
-0.197853
-0.197695
-0.197602
-0.197282
-0.196887
-0.206315
-0.206153
-0.205941
-0.205716
-0.205437
-0.204754
-0.204101
-0.203142
-0.201906
-0.200414
-0.198641
-0.196282
-0.193542
-0.190225
-0.187049
-0.214075
-0.213992
-0.213784
-0.213591
-0.213263
-0.212777
-0.212018
-0.211066
-0.209936
-0.208468
-0.206602
-0.204208
-0.201142
-0.197501
-0.194221
-0.221367
-0.221256
-0.221193
-0.22091
-0.220608
-0.22014
-0.219371
-0.218452
-0.21735
-0.215868
-0.213854
-0.211293
-0.208111
-0.204057
-0.200171
-0.22801
-0.227883
-0.227809
-0.227594
-0.227261
-0.226813
-0.22609
-0.225318
-0.224137
-0.222603
-0.220434
-0.217733
-0.214141
-0.209541
-0.205087
-0.233922
-0.233891
-0.233772
-0.233592
-0.233247
-0.232817
-0.232113
-0.231308
-0.230102
-0.228484
-0.226235
-0.223259
-0.219252
-0.213975
-0.209027
-0.239016
-0.238923
-0.238858
-0.238596
-0.238379
-0.23787
-0.237301
-0.236473
-0.235247
-0.233579
-0.231098
-0.22773
-0.223154
-0.217469
-0.212133
-0.243065
-0.242954
-0.242767
-0.242607
-0.242307
-0.241924
-0.241379
-0.240442
-0.239265
-0.237436
-0.234769
-0.231089
-0.226137
-0.220193
-0.214608
-0.245735
-0.245788
-0.245659
-0.245481
-0.245218
-0.244799
-0.244175
-0.243373
-0.242118
-0.240253
-0.237431
-0.23345
-0.228407
-0.222268
-0.216588
-0.247551
-0.247494
-0.24752
-0.247366
-0.247116
-0.246619
-0.246088
-0.245278
-0.243942
-0.242103
-0.23919
-0.23524
-0.23005
-0.223825
-0.218052
-0.248837
-0.248765
-0.248674
-0.248488
-0.248226
-0.247887
-0.247302
-0.246398
-0.245205
-0.243305
-0.240454
-0.236457
-0.231242
-0.224954
-0.219277
-0.24951
-0.249479
-0.249401
-0.249258
-0.249016
-0.248639
-0.248103
-0.247293
-0.245908
-0.244123
-0.24136
-0.237341
-0.232117
-0.225851
-0.220225
-0.249939
-0.249915
-0.249837
-0.249697
-0.249442
-0.249095
-0.248574
-0.247746
-0.246439
-0.244591
-0.241789
-0.237832
-0.232732
-0.226438
-0.220714
-0.250184
-0.250175
-0.250096
-0.249962
-0.24971
-0.249301
-0.248831
-0.247952
-0.246796
-0.244924
-0.242133
-0.238168
-0.233006
-0.22682
-0.221264
-0.25036
-0.25031
-0.250151
-0.250034
-0.249795
-0.249507
-0.248921
-0.248188
-0.246884
-0.245088
-0.242336
-0.23838
-0.233221
-0.227062
-0.221537
-0.250327
-0.250395
-0.250263
-0.250139
-0.249909
-0.249538
-0.249045
-0.248232
-0.247081
-0.245269
-0.242524
-0.23853
-0.233471
-0.227203
-0.221618
-0.250399
-0.250395
-0.250336
-0.250192
-0.249967
-0.249537
-0.249083
-0.248229
-0.247126
-0.245345
-0.242506
-0.238579
-0.233459
-0.227333
-0.221785
-0.25043
-0.250357
-0.250362
-0.250149
-0.24994
-0.249555
-0.249086
-0.248274
-0.247066
-0.245342
-0.242525
-0.238611
-0.233473
-0.227361
-0.221724
)
;
    }
    procBoundary0to3
    {
        type            processor;
        value           nonuniform List<scalar> 
555
(
0
0
0
0
0
0
0
0
0
0
0
0
0
0
0
0
0
0
0
0
0
0
0
0
0
0
0
0
0
0
0
0
0
0
0
0
0
0
0
0
0
0
0
0
0
0
0
0
0
0
0
0
0
0
0
0
0
0
0
0
0
0
0
0
0
0
0
0
0
0
0
0
0
0
0
0
0
0
0
0
0
0
0
0
0
0
0
0
0
0
0
0
0
0
0
0
0
0
0
0
0
0
0
0
0
0
0
0
0
0
0
0
0
0
0
0
0
0
0
0
0
0
0
0
0
0
0
0
0
0
0
0
0
0
0
-0.0136679
-0.0136477
-0.0134819
-0.0133384
-0.0131948
-0.0130852
-0.0129553
-0.0127971
-0.0126735
-0.0126006
-0.0124248
0
0
0
0
-0.0410549
-0.0406401
-0.0400486
-0.0388642
-0.0377294
-0.0358326
-0.0336227
-0.031083
-0.027837
-0.023955
-0.0196796
-0.0155226
-0.0134616
-0.0129035
-0.0127615
-0.0693837
-0.0691252
-0.0684726
-0.0675042
-0.0664009
-0.0646991
-0.0626266
-0.0602463
-0.0572031
-0.0534914
-0.0492276
-0.0446039
-0.0393486
-0.0340323
-0.0301837
-0.0942897
-0.0940119
-0.0936027
-0.0929035
-0.0917732
-0.0903945
-0.0885439
-0.0862384
-0.0834898
-0.0803283
-0.0764063
-0.0719946
-0.0669319
-0.0618137
-0.0579895
-0.115559
-0.115296
-0.114945
-0.114352
-0.113391
-0.112114
-0.110503
-0.108583
-0.106195
-0.103363
-0.0998465
-0.0958104
-0.0911519
-0.0865023
-0.0827163
-0.133191
-0.133091
-0.132699
-0.132114
-0.131448
-0.13038
-0.12899
-0.127282
-0.125357
-0.12272
-0.119742
-0.116191
-0.111944
-0.107478
-0.103991
-0.147763
-0.147656
-0.147432
-0.147009
-0.14634
-0.145493
-0.144314
-0.142798
-0.141163
-0.13885
-0.13623
-0.133054
-0.129279
-0.125076
-0.121789
-0.160079
-0.159897
-0.159786
-0.159215
-0.158824
-0.157904
-0.156889
-0.155755
-0.154095
-0.152136
-0.149895
-0.146963
-0.143656
-0.139722
-0.136371
-0.170268
-0.170268
-0.170342
-0.170342
-0.170072
-0.170072
-0.169771
-0.169771
-0.169238
-0.169238
-0.16864
-0.16864
-0.167742
-0.167742
-0.166674
-0.166674
-0.16518
-0.16518
-0.163375
-0.163375
-0.161261
-0.161261
-0.158659
-0.158659
-0.155528
-0.155528
-0.151622
-0.151622
-0.14843
-0.14843
-0.177162
-0.177044
-0.176951
-0.176541
-0.176194
-0.175565
-0.174723
-0.173701
-0.172315
-0.170728
-0.168658
-0.166115
-0.16292
-0.159046
-0.1557
-0.18474
-0.18474
-0.184804
-0.184804
-0.184482
-0.184482
-0.184242
-0.184242
-0.183779
-0.183779
-0.183337
-0.183337
-0.182572
-0.182572
-0.181653
-0.181653
-0.180238
-0.180238
-0.178766
-0.178766
-0.176742
-0.176742
-0.174266
-0.174266
-0.171124
-0.171124
-0.167157
-0.167157
-0.163745
-0.163745
-0.189031
-0.189028
-0.188875
-0.188554
-0.188197
-0.187607
-0.186899
-0.185981
-0.18473
-0.183152
-0.181205
-0.17878
-0.175443
-0.171412
-0.16775
-0.194389
-0.194234
-0.194147
-0.193816
-0.193492
-0.192845
-0.192203
-0.191246
-0.190125
-0.188586
-0.186591
-0.184129
-0.180854
-0.176661
-0.172859
-0.198596
-0.198491
-0.198288
-0.197982
-0.197664
-0.197165
-0.196411
-0.195533
-0.194421
-0.193007
-0.191011
-0.188379
-0.184987
-0.180691
-0.176632
-0.201844
-0.201712
-0.201503
-0.201323
-0.200901
-0.200422
-0.199771
-0.198834
-0.197673
-0.196233
-0.194262
-0.191547
-0.188306
-0.183898
-0.179696
-0.204182
-0.20417
-0.203927
-0.203759
-0.203383
-0.202971
-0.202241
-0.201343
-0.200186
-0.198704
-0.196738
-0.194216
-0.190893
-0.186339
-0.182041
-0.205875
-0.205913
-0.205887
-0.205771
-0.205377
-0.204784
-0.204258
-0.20329
-0.202011
-0.200523
-0.198698
-0.196163
-0.192853
-0.188293
-0.184053
-0.207539
-0.207493
-0.207294
-0.20717
-0.206792
-0.206364
-0.20572
-0.204838
-0.203652
-0.2021
-0.200132
-0.197531
-0.194202
-0.189764
-0.185527
-0.208617
-0.208502
-0.208347
-0.208078
-0.207717
-0.207345
-0.206642
-0.205774
-0.2046
-0.203109
-0.20118
-0.198627
-0.195321
-0.190883
-0.186642
-0.209306
-0.209186
-0.209165
-0.208919
-0.208619
-0.208035
-0.207436
-0.206573
-0.205285
-0.203804
-0.202047
-0.199628
-0.196207
-0.191817
-0.187547
-0.209794
-0.209782
-0.209665
-0.209489
-0.209127
-0.208653
-0.208019
-0.207127
-0.205881
-0.204394
-0.202679
-0.200233
-0.19684
-0.192451
-0.188192
-0.210227
-0.210091
-0.210078
-0.209801
-0.209491
-0.208992
-0.208309
-0.2075
-0.206432
-0.204941
-0.202963
-0.200532
-0.197274
-0.192797
-0.188611
-0.210392
-0.21038
-0.210264
-0.21006
-0.209736
-0.209183
-0.208622
-0.207716
-0.206639
-0.205163
-0.203263
-0.200772
-0.19752
-0.193062
-0.188941
-0.210625
-0.21053
-0.210392
-0.210119
-0.209782
-0.209423
-0.208791
-0.208003
-0.206906
-0.205396
-0.203533
-0.20103
-0.197715
-0.193378
-0.189192
-0.210658
-0.21066
-0.210431
-0.210274
-0.209926
-0.209538
-0.208906
-0.208098
-0.206946
-0.205296
-0.203564
-0.201113
-0.197841
-0.19344
-0.189313
-0.210631
-0.210704
-0.210496
-0.210334
-0.209996
-0.209513
-0.208945
-0.208064
-0.2068
-0.205311
-0.203471
-0.201059
-0.197898
-0.193532
-0.189431
)
;
    }
}


// ************************************************************************* //
