/*--------------------------------*- C++ -*----------------------------------*\
| =========                 |                                                 |
| \\      /  F ield         | OpenFOAM: The Open Source CFD Toolbox           |
|  \\    /   O peration     | Version:  2412                                  |
|   \\  /    A nd           | Website:  www.openfoam.com                      |
|    \\/     M anipulation  |                                                 |
\*---------------------------------------------------------------------------*/
FoamFile
{
    version     2.0;
    format      ascii;
    arch        "LSB;label=32;scalar=64";
    class       volScalarField;
    location    "0.0250162";
    object      ionicCurrent;
}
// * * * * * * * * * * * * * * * * * * * * * * * * * * * * * * * * * * * * * //

dimensions      [1 2 -4 0 0 -1 0];

internalField   nonuniform List<scalar> 
8835
(
1.97676e-13
1.29744e-13
8.43639e-14
5.39022e-14
3.40222e-14
2.11159e-14
1.28586e-14
8.00138e-15
4.7401e-15
2.72782e-15
1.65229e-15
7.15539e-16
4.37983e-16
1.95122e-16
2.16493e-17
-1.30451e-17
-1.30451e-17
-1.30451e-17
1.93374e-13
1.27038e-13
8.24904e-14
5.26532e-14
3.31549e-14
2.06996e-14
1.26851e-14
7.8279e-15
4.7054e-15
2.51965e-15
1.09718e-15
3.68594e-16
-8.24341e-17
-1.30451e-17
-1.30451e-17
-1.30451e-17
-1.30451e-17
-1.30451e-17
1.84249e-13
1.20654e-13
7.79801e-14
4.97041e-14
3.13161e-14
1.95199e-14
1.19912e-14
7.27279e-15
4.1156e-15
2.03393e-15
9.93094e-16
6.11455e-16
2.29816e-16
2.16493e-17
1.25733e-16
-1.30451e-17
-1.30451e-17
-1.30451e-17
1.71065e-13
1.12154e-13
7.28453e-14
4.65469e-14
2.94079e-14
1.83056e-14
1.12627e-14
6.71768e-15
3.94212e-15
2.2421e-15
1.06248e-15
5.07372e-16
5.63438e-17
9.10383e-17
1.25733e-16
9.10383e-17
2.29816e-16
2.16493e-17
1.53822e-13
1.00878e-13
6.51779e-14
4.1655e-14
2.64588e-14
1.65015e-14
1.02218e-14
6.05849e-15
3.31762e-15
1.72168e-15
7.84928e-16
5.42066e-16
9.10383e-17
2.16493e-17
9.10383e-17
-1.30451e-17
-1.30451e-17
-1.30451e-17
1.33769e-13
8.76252e-14
5.65389e-14
3.58957e-14
2.25384e-14
1.39688e-14
8.76466e-15
5.22582e-15
2.79721e-15
1.34004e-15
5.07372e-16
9.10383e-17
9.10383e-17
2.16493e-17
2.16493e-17
5.63438e-17
2.16493e-17
-1.30451e-17
1.11946e-13
7.34698e-14
4.75878e-14
3.02752e-14
1.91036e-14
1.19565e-14
7.27279e-15
4.49724e-15
2.58904e-15
1.16657e-15
4.72677e-16
9.10383e-17
9.10383e-17
9.10383e-17
-1.30451e-17
-1.30451e-17
2.16493e-17
-1.30451e-17
8.89783e-14
5.82043e-14
3.74917e-14
2.40996e-14
1.51831e-14
9.14629e-15
5.26051e-15
3.07476e-15
1.86046e-15
7.84928e-16
1.60427e-16
2.16493e-17
9.10383e-17
2.29816e-16
-1.30451e-17
-1.30451e-17
-1.30451e-17
-4.77396e-17
6.67044e-14
4.34938e-14
2.78466e-14
1.75077e-14
1.07422e-14
6.54421e-15
3.83804e-15
2.10332e-15
9.584e-16
3.68594e-16
9.10383e-17
-1.30451e-17
-1.30451e-17
2.16493e-17
-1.30451e-17
5.63438e-17
2.16493e-17
-1.30451e-17
4.68592e-14
3.03099e-14
1.95199e-14
1.24423e-14
7.44627e-15
4.46254e-15
2.55435e-15
1.09718e-15
4.37983e-16
9.10383e-17
2.16493e-17
-1.30451e-17
-1.51823e-16
-1.30451e-17
-1.30451e-17
9.10383e-17
-1.30451e-17
9.10383e-17
3.05875e-14
1.95546e-14
1.23729e-14
7.68913e-15
4.63601e-15
2.69312e-15
1.47882e-15
7.84928e-16
1.95122e-16
1.25733e-16
2.16493e-17
2.29816e-16
5.63438e-17
1.25733e-16
2.16493e-17
-1.30451e-17
-4.77396e-17
-4.77396e-17
1.88954e-14
1.19912e-14
7.30749e-15
4.25437e-15
2.41557e-15
1.23596e-15
5.07372e-16
5.63438e-17
-8.24341e-17
-4.77396e-17
-1.30451e-17
-4.77396e-17
-1.51823e-16
2.16493e-17
-1.30451e-17
-1.51823e-16
-4.77396e-17
-1.30451e-17
1.07422e-14
6.99524e-15
4.18499e-15
2.31148e-15
1.27065e-15
4.37983e-16
5.63438e-17
1.25733e-16
-1.51823e-16
-4.77396e-17
-4.77396e-17
-4.77396e-17
-1.51823e-16
-1.30451e-17
9.10383e-17
-1.30451e-17
-1.51823e-16
-1.30451e-17
6.19726e-15
4.01151e-15
2.45026e-15
1.51351e-15
8.54317e-16
1.60427e-16
5.63438e-17
-1.30451e-17
-1.30451e-17
1.25733e-16
-1.30451e-17
2.16493e-17
-1.30451e-17
-1.30451e-17
2.16493e-17
-1.30451e-17
-1.30451e-17
-1.30451e-17
3.83804e-15
2.41557e-15
1.27065e-15
6.11455e-16
3.68594e-16
9.10383e-17
-1.51823e-16
-1.30451e-17
-1.30451e-17
9.10383e-17
-4.77396e-17
-4.77396e-17
-1.30451e-17
-1.30451e-17
-1.30451e-17
-4.77396e-17
-1.51823e-16
-1.30451e-17
1.32192e-12
8.72553e-13
5.68421e-13
3.65389e-13
2.31746e-13
1.4494e-13
8.96028e-14
5.44226e-14
3.2461e-14
1.88607e-14
1.07769e-14
6.23196e-15
3.66457e-15
2.10332e-15
1.13187e-15
4.03289e-16
1.95122e-16
2.16493e-17
1.29194e-12
8.52881e-13
5.55792e-13
3.57201e-13
2.26403e-13
1.4154e-13
8.72089e-14
5.30001e-14
3.1663e-14
1.8375e-14
1.03953e-14
5.74624e-15
2.97068e-15
1.51351e-15
6.11455e-16
5.63438e-17
2.16493e-17
-1.30451e-17
1.23261e-12
8.13017e-13
5.29425e-13
3.39923e-13
2.1544e-13
1.34671e-13
8.28373e-14
5.0398e-14
2.9963e-14
1.74383e-14
9.97896e-15
5.57276e-15
3.10946e-15
1.5829e-15
9.93094e-16
5.07372e-16
9.10383e-17
-1.30451e-17
1.14487e-12
7.548e-13
4.91504e-13
3.15741e-13
2.00139e-13
1.24714e-13
7.65923e-14
4.63041e-14
2.76038e-14
1.61199e-14
9.21568e-15
5.05235e-15
2.69312e-15
1.75637e-15
7.84928e-16
5.76761e-16
4.72677e-16
1.25733e-16
1.03121e-12
6.79374e-13
4.41613e-13
2.83337e-13
1.79184e-13
1.11773e-13
6.85779e-14
4.14468e-14
2.46894e-14
1.45239e-14
8.24424e-15
4.49724e-15
2.48496e-15
1.47882e-15
7.84928e-16
4.03289e-16
9.10383e-17
1.25733e-16
8.95937e-13
5.89481e-13
3.82598e-13
2.44791e-13
1.5462e-13
9.61253e-14
5.87247e-14
3.52365e-14
2.07342e-14
1.19912e-14
6.78707e-15
3.80335e-15
2.03393e-15
8.89011e-16
2.29816e-16
9.10383e-17
2.16493e-17
1.95122e-16
7.47826e-13
4.91365e-13
3.18586e-13
2.03609e-13
1.28356e-13
7.97495e-14
4.89409e-14
2.95466e-14
1.7473e-14
1.0083e-14
5.64215e-15
3.04007e-15
1.61759e-15
9.584e-16
2.29816e-16
9.10383e-17
2.16493e-17
-1.30451e-17
5.95101e-13
3.90196e-13
2.52355e-13
1.61143e-13
1.01225e-13
6.25411e-14
3.78733e-14
2.26771e-14
1.36219e-14
7.65443e-15
4.25437e-15
2.27679e-15
1.20126e-15
8.19622e-16
1.95122e-16
-1.30451e-17
-1.30451e-17
-4.77396e-17
4.48899e-13
2.93363e-13
1.89107e-13
1.19995e-13
7.51352e-14
4.62694e-14
2.78466e-14
1.64668e-14
9.7361e-15
5.39929e-15
2.90129e-15
1.5829e-15
8.19622e-16
1.25733e-16
2.16493e-17
5.63438e-17
2.16493e-17
-1.30451e-17
3.1935e-13
2.08015e-13
1.33457e-13
8.43292e-14
5.27225e-14
3.23569e-14
1.9624e-14
1.1679e-14
6.68299e-15
3.66457e-15
1.92985e-15
9.93094e-16
5.07372e-16
-4.77396e-17
2.16493e-17
-1.30451e-17
-1.30451e-17
2.16493e-17
2.12074e-13
1.37516e-13
8.7868e-14
5.54981e-14
3.42998e-14
2.09424e-14
1.24076e-14
7.55035e-15
4.18499e-15
2.27679e-15
1.20126e-15
5.42066e-16
3.339e-16
1.60427e-16
2.29816e-16
-1.51823e-16
-4.77396e-17
-4.77396e-17
1.30993e-13
8.4468e-14
5.36246e-14
3.35018e-14
2.06302e-14
1.2581e-14
7.27279e-15
4.0809e-15
2.06862e-15
1.16657e-15
5.76761e-16
2.29816e-16
-8.24341e-17
2.16493e-17
-1.30451e-17
-1.51823e-16
-4.77396e-17
-1.51823e-16
7.5274e-14
4.82123e-14
3.02405e-14
1.87914e-14
1.13667e-14
6.85646e-15
4.15029e-15
2.27679e-15
1.09718e-15
5.07372e-16
2.99205e-16
9.10383e-17
-1.30451e-17
2.16493e-17
-1.30451e-17
-1.30451e-17
-1.30451e-17
-1.30451e-17
4.18285e-14
2.68058e-14
1.67097e-14
1.03953e-14
5.9891e-15
3.42171e-15
1.99923e-15
1.34004e-15
6.11455e-16
1.25733e-16
1.25733e-16
-8.24341e-17
9.10383e-17
1.25733e-16
1.25733e-16
-1.51823e-16
-4.77396e-17
-4.77396e-17
2.64935e-14
1.68138e-14
1.02912e-14
6.33604e-15
3.76865e-15
2.27679e-15
9.584e-16
3.339e-16
-1.30451e-17
-1.30451e-17
-4.77396e-17
-4.77396e-17
-1.30451e-17
-1.30451e-17
1.25733e-16
-1.30451e-17
-1.51823e-16
9.10383e-17
9.96181e-12
6.60526e-12
4.32281e-12
2.79074e-12
1.77676e-12
1.115e-12
6.89401e-13
4.19755e-13
2.51452e-13
1.48341e-13
8.5717e-14
4.89755e-14
2.74303e-14
1.52178e-14
8.41771e-15
4.39315e-15
2.31148e-15
1.37473e-15
9.73893e-12
6.45632e-12
4.22428e-12
2.72652e-12
1.73551e-12
1.08891e-12
6.73025e-13
4.09486e-13
2.45346e-13
1.44489e-13
8.35659e-14
4.75878e-14
2.63894e-14
1.42811e-14
7.72382e-15
3.90743e-15
1.96454e-15
1.13187e-15
9.29595e-12
6.16013e-12
4.02847e-12
2.59912e-12
1.65349e-12
1.03694e-12
6.40655e-13
3.89779e-13
2.33307e-13
1.37551e-13
7.96802e-14
4.55408e-14
2.55568e-14
1.37607e-14
7.44627e-15
3.97682e-15
1.92985e-15
8.89011e-16
8.6387e-12
5.72083e-12
3.73873e-12
2.41014e-12
1.53175e-12
9.59428e-13
5.91944e-13
3.59769e-13
2.15023e-13
1.26587e-13
7.32964e-14
4.17244e-14
2.35445e-14
1.29627e-14
7.2034e-15
3.76865e-15
1.96454e-15
9.93094e-16
7.7857e-12
5.15076e-12
3.3623e-12
2.1651e-12
1.37476e-12
8.60271e-13
5.30188e-13
3.21882e-13
1.92298e-13
1.13022e-13
6.51432e-14
3.69713e-14
2.05955e-14
1.15749e-14
6.30135e-15
3.42171e-15
1.82576e-15
9.23706e-16
6.77374e-12
4.47543e-12
2.91751e-12
1.87599e-12
1.18904e-12
7.42622e-13
4.57087e-13
2.76988e-13
1.65271e-13
9.68886e-14
5.57063e-14
3.12467e-14
1.71954e-14
9.28507e-15
4.94826e-15
2.38087e-15
1.16657e-15
6.11455e-16
5.65865e-12
3.73224e-12
2.42867e-12
1.55857e-12
9.85796e-13
6.14495e-13
3.77081e-13
2.28034e-13
1.35434e-13
7.91944e-14
4.53673e-14
2.54527e-14
1.4177e-14
7.8626e-15
4.32376e-15
2.31148e-15
1.02779e-15
6.4615e-16
4.51242e-12
2.96956e-12
1.92799e-12
1.23428e-12
7.786e-13
4.83801e-13
2.96139e-13
1.78421e-13
1.05736e-13
6.16043e-14
3.53059e-14
1.99016e-14
1.10545e-14
5.88501e-15
3.14415e-15
1.37473e-15
5.42066e-16
2.99205e-16
3.41316e-12
2.2399e-12
1.44987e-12
9.25254e-13
5.81744e-13
3.60358e-13
2.19915e-13
1.32034e-13
7.81189e-14
4.54367e-14
2.57996e-14
1.44199e-14
7.8626e-15
4.28907e-15
2.2074e-15
9.584e-16
3.68594e-16
1.95122e-16
2.43186e-12
1.59024e-12
1.02559e-12
6.51861e-13
4.08549e-13
2.51903e-13
1.53059e-13
9.17885e-14
5.40062e-14
3.09344e-14
1.74383e-14
9.56263e-15
5.15643e-15
2.79721e-15
1.5829e-15
8.89011e-16
1.95122e-16
5.63438e-17
1.62053e-12
1.05525e-12
6.77639e-13
4.29088e-13
2.67551e-13
1.64231e-13
9.92825e-14
5.88635e-14
3.44039e-14
1.96587e-14
1.10892e-14
6.19726e-15
3.21354e-15
1.5829e-15
8.19622e-16
4.03289e-16
1.25733e-16
-1.30451e-17
1.00411e-12
6.50439e-13
4.15557e-13
2.61549e-13
1.62218e-13
9.90744e-14
5.96961e-14
3.53059e-14
2.03526e-14
1.15402e-14
6.50952e-15
3.62987e-15
2.03393e-15
9.93094e-16
2.29816e-16
2.16493e-17
-4.77396e-17
-1.30451e-17
5.78725e-13
3.7264e-13
2.36638e-13
1.47889e-13
9.11987e-14
5.5394e-14
3.30855e-14
1.94852e-14
1.11933e-14
6.54421e-15
3.66457e-15
1.92985e-15
1.09718e-15
6.11455e-16
1.95122e-16
-8.24341e-17
5.63438e-17
2.16493e-17
3.21501e-13
2.05344e-13
1.29467e-13
8.05475e-14
4.92531e-14
2.97895e-14
1.77505e-14
1.02912e-14
5.85032e-15
3.28293e-15
1.89515e-15
1.16657e-15
5.76761e-16
2.16493e-17
2.16493e-17
-1.30451e-17
-1.30451e-17
2.16493e-17
2.02776e-13
1.2853e-13
8.04087e-14
4.93572e-14
2.98242e-14
1.76811e-14
1.043e-14
5.88501e-15
3.00537e-15
1.54821e-15
7.15539e-16
4.37983e-16
2.64511e-16
2.16493e-17
-1.30451e-17
-4.77396e-17
-1.30451e-17
-1.30451e-17
7.5215e-11
5.01003e-11
3.29335e-11
2.13537e-11
1.36502e-11
8.59825e-12
5.33454e-12
3.25856e-12
1.95835e-12
1.15767e-12
6.72851e-13
3.84402e-13
2.15752e-13
1.19128e-13
6.49003e-14
3.47508e-14
1.83056e-14
9.28507e-15
7.35501e-11
4.89811e-11
3.21903e-11
2.08667e-11
1.33351e-11
8.39733e-12
5.20829e-12
3.17998e-12
1.91072e-12
1.12912e-12
6.56025e-13
3.74826e-13
2.1034e-13
1.15832e-13
6.26105e-14
3.30161e-14
1.71607e-14
8.72996e-15
7.02309e-11
4.67507e-11
3.07101e-11
1.98971e-11
1.27085e-11
7.99803e-12
4.95748e-12
3.02507e-12
1.81645e-12
1.07291e-12
6.23065e-13
3.55571e-13
1.99445e-13
1.09691e-13
5.92798e-14
3.13854e-14
1.62934e-14
8.31363e-15
6.53039e-11
4.34411e-11
2.85147e-11
1.84598e-11
1.17804e-11
7.40715e-12
4.58684e-12
2.79594e-12
1.67694e-12
9.8923e-13
5.7366e-13
3.26809e-13
1.8307e-13
1.00844e-13
5.44573e-14
2.90956e-14
1.53219e-14
8.00138e-15
5.89037e-11
3.91446e-11
2.56674e-11
1.65978e-11
1.05794e-11
6.64377e-12
4.10871e-12
2.50125e-12
1.49809e-12
8.82371e-13
5.10898e-13
2.90727e-13
1.62531e-13
8.93252e-14
4.83857e-14
2.56262e-14
1.31709e-14
6.71768e-15
5.13019e-11
3.40468e-11
2.2293e-11
1.43941e-11
9.16033e-12
5.74314e-12
3.54541e-12
2.15444e-12
1.28812e-12
7.57194e-13
4.3738e-13
2.4833e-13
1.38453e-13
7.60372e-14
4.0857e-14
2.15322e-14
1.11586e-14
5.46868e-15
4.29182e-11
2.84324e-11
1.85817e-11
1.19741e-11
7.60467e-12
4.75754e-12
2.93059e-12
1.77679e-12
1.05956e-12
6.21365e-13
3.58069e-13
2.02741e-13
1.12709e-13
6.15696e-14
3.31202e-14
1.76811e-14
9.28507e-15
4.7054e-15
3.42882e-11
2.26631e-11
1.47756e-11
9.49756e-12
6.01597e-12
3.75323e-12
2.30526e-12
1.39332e-12
8.28387e-13
4.84287e-13
2.78237e-13
1.57118e-13
8.71742e-14
4.76919e-14
2.56262e-14
1.3379e-14
6.75238e-15
3.35232e-15
2.59933e-11
1.71306e-11
1.11346e-11
7.13442e-12
4.5043e-12
2.80059e-12
1.71407e-12
1.03239e-12
6.1165e-13
3.56334e-13
2.0406e-13
1.14756e-13
6.34778e-14
3.43692e-14
1.83056e-14
9.66671e-15
5.08704e-15
2.51965e-15
1.8568e-11
1.21924e-11
7.89437e-12
5.03818e-12
3.1679e-12
1.9612e-12
1.19514e-12
7.16705e-13
4.226e-13
2.44861e-13
1.39771e-13
7.83618e-14
4.2904e-14
2.31976e-14
1.20953e-14
6.23196e-15
3.14415e-15
1.54821e-15
1.24089e-11
8.11162e-12
5.22768e-12
3.32046e-12
2.07746e-12
1.27966e-12
7.75894e-13
4.62672e-13
2.71332e-13
1.56563e-13
8.8666e-14
4.92531e-14
2.69793e-14
1.46627e-14
7.89729e-15
4.15029e-15
1.96454e-15
9.23706e-16
7.70757e-12
5.01077e-12
3.21138e-12
2.02819e-12
1.26158e-12
7.72633e-13
4.65691e-13
2.76051e-13
1.60796e-13
9.22395e-14
5.21674e-14
2.90956e-14
1.59117e-14
8.62588e-15
4.53193e-15
2.13801e-15
9.584e-16
4.03289e-16
4.44889e-12
2.873e-12
1.8288e-12
1.14688e-12
7.08621e-13
4.3117e-13
2.58149e-13
1.52053e-13
8.77987e-14
4.98429e-14
2.80548e-14
1.55995e-14
8.41771e-15
4.53193e-15
2.27679e-15
1.23596e-15
6.80844e-16
2.99205e-16
2.46774e-12
1.58049e-12
9.97765e-13
6.20567e-13
3.80134e-13
2.29248e-13
1.36128e-13
7.95067e-14
4.53326e-14
2.55221e-14
1.43158e-14
7.8279e-15
4.1156e-15
2.2421e-15
9.23706e-16
4.72677e-16
1.95122e-16
2.16493e-17
1.55066e-12
9.85067e-13
6.16612e-13
3.80273e-13
2.31226e-13
1.38383e-13
8.1623e-14
4.74143e-14
2.68752e-14
1.49403e-14
8.34832e-15
4.67071e-15
2.41557e-15
1.44412e-15
7.84928e-16
4.72677e-16
2.64511e-16
-1.30451e-17
5.6756e-10
3.79839e-10
2.50847e-10
1.63382e-10
1.04893e-10
6.63413e-11
4.13131e-11
2.53175e-11
1.52607e-11
9.04348e-12
5.26647e-12
3.01306e-12
1.69297e-12
9.33893e-13
5.05589e-13
2.68973e-13
1.4043e-13
7.20474e-14
5.55138e-10
3.71452e-10
2.45253e-10
1.59699e-10
1.02499e-10
6.48085e-11
4.03454e-11
2.4716e-11
1.48926e-11
8.82213e-12
5.13574e-12
2.93719e-12
1.64974e-12
9.09711e-13
4.92406e-13
2.61757e-13
1.36857e-13
7.0278e-14
5.30328e-10
3.54705e-10
2.34089e-10
1.52353e-10
9.77305e-11
6.17557e-11
3.84201e-11
2.35201e-11
1.41615e-11
8.38269e-12
4.87633e-12
2.78658e-12
1.56367e-12
8.61693e-13
4.65968e-13
2.47359e-13
1.29085e-13
6.63575e-14
4.93431e-10
3.29803e-10
2.17495e-10
1.4144e-10
9.06522e-11
5.723e-11
3.55693e-11
2.17525e-11
1.30832e-11
7.73578e-12
4.49434e-12
2.56498e-12
1.43759e-12
7.9109e-13
4.27215e-13
2.26368e-13
1.1774e-13
6.01125e-14
4.45441e-10
2.9743e-10
1.95937e-10
1.27275e-10
8.14747e-11
5.13703e-11
3.18842e-11
1.94711e-11
1.16935e-11
6.90318e-12
4.00418e-12
2.28143e-12
1.27636e-12
7.01232e-13
3.77844e-13
1.99862e-13
1.03793e-13
5.30348e-14
3.88392e-10
2.58983e-10
1.70361e-10
1.10491e-10
7.06154e-11
4.44471e-11
2.75374e-11
1.67853e-11
1.00613e-11
5.92788e-12
3.43134e-12
1.95086e-12
1.08936e-12
5.97218e-13
3.21327e-13
1.69747e-13
8.80068e-14
4.47428e-14
3.25419e-10
2.16597e-10
1.42205e-10
9.2043e-11
5.86991e-11
3.6864e-11
2.27864e-11
1.3856e-11
8.28478e-12
4.86887e-12
2.81111e-12
1.59402e-12
8.87749e-13
4.85536e-13
2.60404e-13
1.37065e-13
7.09718e-14
3.59998e-14
2.60497e-10
1.72977e-10
1.13284e-10
7.31314e-11
4.65104e-11
2.91259e-11
1.795e-11
1.08817e-11
6.48601e-12
3.79966e-12
2.18695e-12
1.23629e-12
6.86139e-13
3.73716e-13
1.99758e-13
1.04625e-13
5.39369e-14
2.73262e-14
1.97958e-10
1.31055e-10
8.55573e-11
5.50487e-11
3.4889e-11
2.17699e-11
1.33669e-11
8.07228e-12
4.79251e-12
2.79629e-12
1.6028e-12
9.02217e-13
4.98755e-13
2.70569e-13
1.44108e-13
7.54127e-14
3.88448e-14
1.95893e-14
1.41812e-10
9.35284e-11
6.0816e-11
3.89678e-11
2.4591e-11
1.52758e-11
9.33641e-12
5.61171e-12
3.31581e-12
1.92529e-12
1.0981e-12
6.15189e-13
3.38258e-13
1.8248e-13
9.65764e-14
5.00164e-14
2.54874e-14
1.27198e-14
9.50622e-11
6.23989e-11
4.03744e-11
2.5738e-11
1.61571e-11
9.98287e-12
6.06784e-12
3.62684e-12
2.13078e-12
1.23022e-12
6.97727e-13
3.88947e-13
2.12942e-13
1.14583e-13
6.03553e-14
3.13854e-14
1.60505e-14
7.93199e-15
5.92121e-11
3.86403e-11
2.48519e-11
1.57452e-11
9.82189e-12
6.02985e-12
3.64159e-12
2.16267e-12
1.26255e-12
7.24165e-13
4.08167e-13
2.26091e-13
1.22909e-13
6.54207e-14
3.39875e-14
1.75077e-14
8.79935e-15
4.28907e-15
3.42406e-11
2.21842e-11
1.41636e-11
8.90727e-12
5.51512e-12
3.36039e-12
2.01438e-12
1.18751e-12
6.88325e-13
3.91965e-13
2.19429e-13
1.20585e-13
6.49003e-14
3.42651e-14
1.77852e-14
8.83404e-15
4.25437e-15
2.17271e-15
1.89893e-11
1.21938e-11
7.71524e-12
4.80829e-12
2.95068e-12
1.7821e-12
1.05886e-12
6.18832e-13
3.55501e-13
2.00729e-13
1.11391e-13
6.10145e-14
3.28773e-14
1.72995e-14
8.79935e-15
4.39315e-15
2.17271e-15
1.02779e-15
1.19028e-11
7.57441e-12
4.74931e-12
2.93327e-12
1.78387e-12
1.06819e-12
6.29553e-13
3.65007e-13
2.08188e-13
1.16873e-13
6.45881e-14
3.51325e-14
1.8722e-14
9.70141e-15
5.08704e-15
2.38087e-15
1.27065e-15
5.76761e-16
4.27894e-09
2.87789e-09
1.90987e-09
1.24989e-09
8.06154e-10
5.12111e-10
3.2021e-10
1.96954e-10
1.19099e-10
7.07658e-11
4.12954e-11
2.36565e-11
1.32989e-11
7.33468e-12
3.96782e-12
2.10511e-12
1.0954e-12
5.59192e-13
4.18644e-09
2.81514e-09
1.86782e-09
1.22208e-09
7.87995e-10
5.00422e-10
3.12797e-10
1.92326e-10
1.16255e-10
6.9049e-11
4.0277e-11
2.30635e-11
1.29599e-11
7.14472e-12
3.86349e-12
2.04918e-12
1.06629e-12
5.441e-13
4.00129e-09
2.68959e-09
1.78374e-09
1.16649e-09
7.51736e-10
4.77102e-10
2.9802e-10
1.83108e-10
1.10599e-10
6.56366e-11
3.82547e-11
2.18866e-11
1.22879e-11
6.76818e-12
3.65668e-12
1.93778e-12
1.00713e-12
5.13569e-13
3.72534e-09
2.50243e-09
1.65841e-09
1.08367e-09
6.97758e-10
4.42427e-10
2.76081e-10
1.69445e-10
1.0223e-10
6.05982e-11
3.52746e-11
2.01558e-11
1.13014e-11
6.21672e-12
3.35421e-12
1.77506e-12
9.21472e-13
4.69299e-13
3.36588e-09
2.25871e-09
1.49529e-09
9.75955e-10
6.27631e-10
3.97439e-10
2.47662e-10
1.5178e-10
9.14317e-11
5.41105e-11
3.14456e-11
1.79375e-11
1.00399e-11
5.5128e-12
2.96907e-12
1.56832e-12
8.12705e-13
4.13094e-13
2.93825e-09
1.96901e-09
1.30158e-09
8.48192e-10
5.44556e-10
3.44224e-10
2.14103e-10
1.30959e-10
7.87295e-11
4.64953e-11
2.69618e-11
1.53458e-11
8.57001e-12
4.69502e-12
2.52297e-12
1.32979e-12
6.87597e-13
3.48944e-13
2.46582e-09
1.64936e-09
1.08814e-09
7.07621e-10
4.53304e-10
2.85877e-10
1.7738e-10
1.08223e-10
6.48913e-11
3.82195e-11
2.21018e-11
1.2544e-11
6.98572e-12
3.81627e-12
2.04491e-12
1.07454e-12
5.54058e-13
2.80492e-13
1.97803e-09
1.31989e-09
8.68553e-10
5.63294e-10
3.59818e-10
2.2624e-10
1.3994e-10
8.5105e-11
5.08597e-11
2.9853e-11
1.72032e-11
9.72918e-12
5.39865e-12
2.93878e-12
1.56901e-12
8.2176e-13
4.22253e-13
2.13011e-13
1.50703e-09
1.00251e-09
6.57549e-10
4.24977e-10
2.70481e-10
1.69426e-10
1.04387e-10
6.32261e-11
3.76271e-11
2.19918e-11
1.26181e-11
7.10514e-12
3.92553e-12
2.12783e-12
1.13137e-12
5.90244e-13
3.02106e-13
1.51741e-13
1.08292e-09
7.17557e-10
4.68698e-10
3.01606e-10
1.9109e-10
1.19134e-10
7.30452e-11
4.40218e-11
2.60646e-11
1.5155e-11
8.64998e-12
4.84545e-12
2.66296e-12
1.43585e-12
7.59518e-13
3.94116e-13
2.00556e-13
1.00185e-13
7.28431e-10
4.80278e-10
3.12083e-10
1.99742e-10
1.25846e-10
7.80074e-11
4.75473e-11
2.84832e-11
1.67619e-11
9.6862e-12
5.49486e-12
3.05941e-12
1.67146e-12
8.95972e-13
4.71381e-13
2.43334e-13
1.23187e-13
6.12227e-14
4.55271e-10
2.98317e-10
1.92605e-10
1.2246e-10
7.66339e-11
4.71754e-11
2.85533e-11
1.69838e-11
9.92396e-12
5.69453e-12
3.20798e-12
1.77398e-12
9.6262e-13
5.12563e-13
2.68036e-13
1.37828e-13
6.97228e-14
3.46814e-14
2.6395e-10
1.71618e-10
1.09929e-10
6.93331e-11
4.30352e-11
2.62755e-11
1.57731e-11
9.30553e-12
5.39349e-12
3.07031e-12
1.71632e-12
9.42011e-13
5.07741e-13
2.68522e-13
1.39598e-13
7.13188e-14
3.59651e-14
1.80281e-14
1.46483e-10
9.4316e-11
5.98203e-11
3.73564e-11
2.29583e-11
1.38798e-11
8.25162e-12
4.82234e-12
2.76965e-12
1.56276e-12
8.66134e-13
4.71519e-13
2.52112e-13
1.32381e-13
6.83351e-14
3.47855e-14
1.73342e-14
8.69527e-15
9.16943e-11
5.84511e-11
3.67003e-11
2.26878e-11
1.3804e-11
8.26313e-12
4.86509e-12
2.81662e-12
1.60301e-12
8.96874e-13
4.93342e-13
2.66718e-13
1.41714e-13
7.38862e-14
3.78039e-14
1.90342e-14
9.28507e-15
4.63601e-15
3.22221e-08
2.17848e-08
1.45317e-08
9.55806e-09
6.19504e-09
3.95404e-09
2.48337e-09
1.53367e-09
9.30726e-10
5.54679e-10
3.24445e-10
1.86162e-10
1.04736e-10
5.77573e-11
3.12121e-11
1.65273e-11
8.57486e-12
4.35966e-12
3.15343e-08
2.13161e-08
1.42161e-08
9.34824e-09
6.05738e-09
3.86499e-09
2.42661e-09
1.49805e-09
9.08745e-10
5.41349e-10
3.16508e-10
1.81525e-10
1.02079e-10
5.6266e-11
3.03919e-11
1.60852e-11
8.34186e-12
4.23955e-12
3.01548e-08
2.03763e-08
1.35837e-08
8.92813e-09
5.78202e-09
3.68699e-09
2.31325e-09
1.42699e-09
8.64931e-10
5.14809e-10
3.00723e-10
1.72313e-10
9.6809e-11
5.33107e-11
2.87687e-11
1.52121e-11
7.88174e-12
4.00203e-12
2.80944e-08
1.89715e-08
1.2638e-08
8.29999e-09
5.37055e-09
3.42134e-09
2.14434e-09
1.32131e-09
7.99928e-10
4.75525e-10
2.77414e-10
1.58743e-10
8.90622e-11
4.89763e-11
2.63926e-11
1.39365e-11
7.21127e-12
3.65675e-12
2.54059e-08
1.71387e-08
1.14047e-08
7.4814e-09
4.8349e-09
3.076e-09
1.92513e-09
1.18443e-09
7.15917e-10
4.24872e-10
2.47432e-10
1.41331e-10
7.91464e-11
4.34415e-11
2.33656e-11
1.23145e-11
6.35966e-12
3.21904e-12
2.22055e-08
1.49584e-08
9.93889e-09
6.50946e-09
4.19964e-09
2.667e-09
1.66596e-09
1.02291e-09
6.1699e-10
3.6536e-10
2.1229e-10
1.20974e-10
6.75838e-11
3.7005e-11
1.98549e-11
1.04387e-11
5.37808e-12
2.71601e-12
1.8667e-08
1.25509e-08
8.32251e-09
5.43925e-09
3.50126e-09
2.21815e-09
1.38207e-09
8.46367e-10
5.09103e-10
3.00617e-10
1.74159e-10
9.89467e-11
5.51089e-11
3.0081e-11
1.60899e-11
8.43335e-12
4.33218e-12
2.18119e-12
1.50075e-08
1.00655e-08
6.6571e-09
4.33878e-09
2.78464e-09
1.75864e-09
1.09218e-09
6.6657e-10
3.99542e-10
2.35066e-10
1.35676e-10
7.67905e-11
4.26052e-11
2.31668e-11
1.23444e-11
6.44598e-12
3.29891e-12
1.65526e-12
1.14653e-08
7.66554e-09
5.0529e-09
3.28153e-09
2.09814e-09
1.31982e-09
8.16267e-10
4.96041e-10
2.9601e-10
1.73361e-10
9.95964e-11
5.61058e-11
3.09823e-11
1.67681e-11
8.89374e-12
4.6232e-12
2.35598e-12
1.17727e-12
8.26561e-09
5.50407e-09
3.61263e-09
2.33553e-09
1.48617e-09
9.30224e-10
5.72358e-10
3.45972e-10
2.0533e-10
1.19583e-10
6.83132e-11
3.8265e-11
2.10115e-11
1.13084e-11
5.96532e-12
3.08446e-12
1.56387e-12
7.77629e-13
5.58116e-09
3.6974e-09
2.41362e-09
1.55149e-09
9.8141e-10
6.10527e-10
3.73285e-10
2.24181e-10
1.32172e-10
7.64641e-11
4.33896e-11
2.41427e-11
1.31699e-11
7.04272e-12
3.692e-12
1.89757e-12
9.56618e-13
4.73289e-13
3.50219e-09
2.30497e-09
1.4944e-09
9.53839e-10
5.98994e-10
3.69865e-10
2.24429e-10
1.33748e-10
7.82452e-11
4.49171e-11
2.52934e-11
1.39679e-11
7.56373e-12
4.01611e-12
2.09116e-12
1.06809e-12
5.35323e-13
2.63387e-13
2.0373e-09
1.32973e-09
8.54778e-10
5.40846e-10
3.36643e-10
2.0601e-10
1.23879e-10
7.31622e-11
4.24204e-11
2.41387e-11
1.34766e-11
7.38113e-12
3.96539e-12
2.09009e-12
1.0811e-12
5.48958e-13
2.73726e-13
1.3422e-13
1.13258e-09
7.31405e-10
4.65115e-10
2.91101e-10
1.79216e-10
1.08479e-10
6.45288e-11
3.77081e-11
2.16391e-11
1.21915e-11
6.74199e-12
3.65952e-12
1.94978e-12
1.01983e-12
5.23631e-13
2.64047e-13
1.3082e-13
6.3686e-14
7.08764e-10
4.52699e-10
2.8468e-10
1.76173e-10
1.07243e-10
6.41913e-11
3.77667e-11
2.18346e-11
1.24015e-11
6.91883e-12
3.79119e-12
2.04037e-12
1.07864e-12
5.60441e-13
2.8639e-13
1.44073e-13
7.13188e-14
3.48549e-14
2.42276e-07
1.64703e-07
1.10471e-07
7.30487e-08
4.75907e-08
3.05281e-08
1.92663e-08
1.19517e-08
7.28184e-09
4.35432e-09
2.55379e-09
1.46813e-09
8.26828e-10
4.55975e-10
2.46157e-10
1.30065e-10
6.72628e-11
3.4049e-11
2.37165e-07
1.61206e-07
1.08104e-07
7.14667e-08
4.65476e-08
2.98499e-08
1.88317e-08
1.16776e-08
7.11178e-09
4.25071e-09
2.49184e-09
1.43181e-09
8.05961e-10
4.4424e-10
2.397e-10
1.2659e-10
6.54334e-11
3.31075e-11
2.26906e-07
1.54185e-07
1.03356e-07
6.82958e-08
4.44587e-08
2.84927e-08
1.79626e-08
1.11297e-08
6.77221e-09
4.04402e-09
2.3684e-09
1.35953e-09
7.64499e-10
4.20957e-10
2.26907e-10
1.19713e-10
6.18181e-11
3.12483e-11
2.11552e-07
1.4366e-07
9.62286e-08
6.35348e-08
4.13233e-08
2.64578e-08
1.66619e-08
1.03117e-08
6.26669e-09
3.73725e-09
2.18574e-09
1.25288e-09
7.03494e-10
3.86787e-10
2.08175e-10
1.09666e-10
5.6546e-11
2.85419e-11
1.91483e-07
1.299e-07
8.69142e-08
5.73178e-08
3.7234e-08
2.38079e-08
1.49713e-08
9.25084e-09
5.6126e-09
3.34133e-09
1.95061e-09
1.11597e-09
6.25383e-10
3.43149e-10
1.84312e-10
9.68971e-11
4.98609e-11
2.51174e-11
1.67585e-07
1.1352e-07
7.5834e-08
4.99287e-08
3.23785e-08
2.06653e-08
1.29695e-08
7.99723e-09
4.84144e-09
2.87568e-09
1.67478e-09
9.55795e-10
5.34254e-10
2.92382e-10
1.56631e-10
8.21274e-11
4.21503e-11
2.11787e-11
1.41137e-07
9.54152e-08
6.36074e-08
4.17887e-08
2.7038e-08
1.72144e-08
1.07752e-08
6.62582e-09
3.99969e-09
2.36862e-09
1.3752e-09
7.82311e-10
4.35852e-10
2.37739e-10
1.26934e-10
6.6336e-11
3.39347e-11
1.69965e-11
1.13739e-07
7.66951e-08
5.09918e-08
3.34073e-08
2.15505e-08
1.36762e-08
8.53114e-09
5.22709e-09
3.14361e-09
1.85448e-09
1.07241e-09
6.07578e-10
3.37106e-10
1.83116e-10
9.73661e-11
5.06757e-11
2.58197e-11
1.28817e-11
8.71455e-08
5.85713e-08
3.88101e-08
2.53348e-08
1.62794e-08
1.02881e-08
6.38958e-09
3.89719e-09
2.3328e-09
1.36948e-09
7.8799e-10
4.44178e-10
2.45189e-10
1.32509e-10
7.0103e-11
3.63063e-11
1.84099e-11
9.14257e-12
6.30428e-08
4.21971e-08
2.7839e-08
1.80883e-08
1.15649e-08
7.27028e-09
4.49073e-09
2.72359e-09
1.6208e-09
9.45787e-10
5.40877e-10
3.03008e-10
1.66235e-10
8.92938e-11
4.69587e-11
2.41792e-11
1.21926e-11
6.02322e-12
4.27441e-08
2.84601e-08
1.86708e-08
1.20586e-08
7.66121e-09
4.78481e-09
2.93564e-09
1.76811e-09
1.04471e-09
6.05215e-10
3.4359e-10
1.91087e-10
1.04081e-10
5.55137e-11
2.89946e-11
1.48315e-11
7.4322e-12
3.64991e-12
2.69444e-08
1.78182e-08
1.1605e-08
7.43856e-09
4.68926e-09
2.90536e-09
1.76798e-09
1.05596e-09
6.18658e-10
3.5536e-10
2.00046e-10
1.10333e-10
5.96091e-11
3.15446e-11
1.6352e-11
8.30515e-12
4.13404e-12
2.01785e-12
1.57408e-08
1.03169e-08
6.65767e-09
4.22738e-09
2.63946e-09
1.61944e-09
9.75747e-10
5.77011e-10
3.34725e-10
1.90403e-10
1.06168e-10
5.80177e-11
3.10685e-11
1.63039e-11
8.38543e-12
4.22824e-12
2.09095e-12
1.01456e-12
8.77546e-09
5.68557e-09
3.6261e-09
2.27513e-09
1.40348e-09
8.50725e-10
5.06434e-10
2.95944e-10
1.69699e-10
9.54539e-11
5.26571e-11
2.84848e-11
1.51097e-11
7.86019e-12
4.0107e-12
2.008e-12
9.86698e-13
4.76169e-13
5.49597e-09
3.51835e-09
2.21653e-09
1.37344e-09
8.36622e-10
5.0077e-10
2.94419e-10
1.69967e-10
9.63201e-11
5.35727e-11
2.92413e-11
1.56628e-11
8.23368e-12
4.24874e-12
2.15247e-12
1.07104e-12
5.237e-13
2.51695e-13
1.81823e-06
1.24304e-06
8.38788e-07
5.57883e-07
3.65428e-07
2.35635e-07
1.49478e-07
9.31879e-08
5.70298e-08
3.42309e-08
2.01374e-08
1.16027e-08
6.54296e-09
3.60908e-09
1.94648e-09
1.02622e-09
5.2886e-10
2.66443e-10
1.78021e-06
1.21695e-06
8.21048e-07
5.45953e-07
3.57516e-07
2.30465e-07
1.46149e-07
9.10766e-08
5.57128e-08
3.34242e-08
1.96528e-08
1.13173e-08
6.3785e-09
3.51638e-09
1.89543e-09
9.98756e-10
5.14435e-10
2.59043e-10
1.70397e-06
1.16463e-06
7.85479e-07
5.22057e-07
3.41686e-07
2.20127e-07
1.39493e-07
8.68545e-08
5.30795e-08
3.18122e-08
1.86854e-08
1.07486e-08
6.05124e-09
3.33224e-09
1.79419e-09
9.44384e-10
4.85915e-10
2.44431e-10
1.58975e-06
1.08598e-06
7.31874e-07
4.85997e-07
3.17793e-07
2.04539e-07
1.29476e-07
8.05196e-08
4.91432e-08
2.94124e-08
1.72509e-08
9.90843e-09
5.56949e-09
3.06204e-09
1.64603e-09
8.65002e-10
4.4436e-10
2.23177e-10
1.44027e-06
9.8297e-07
6.61674e-07
4.38822e-07
2.86586e-07
1.84215e-07
1.16442e-07
7.22973e-08
4.4048e-08
2.63148e-08
1.54046e-08
8.83017e-09
4.95298e-09
2.71721e-09
1.45746e-09
7.64224e-10
3.91732e-10
1.96322e-10
1.26229e-06
8.60252e-07
5.78047e-07
3.82669e-07
2.49477e-07
1.60074e-07
1.00984e-07
6.25644e-08
3.80318e-08
2.26673e-08
1.32367e-08
7.56779e-09
4.23338e-09
2.31596e-09
1.23873e-09
6.47682e-10
3.31053e-10
1.65451e-10
1.06517e-06
7.2445e-07
4.85689e-07
3.20802e-07
2.08671e-07
1.33565e-07
8.40324e-08
5.19105e-08
3.14601e-08
1.8692e-08
1.08798e-08
6.19915e-09
3.45562e-09
1.88373e-09
1.00392e-09
5.23028e-10
2.6639e-10
1.32672e-10
8.60686e-07
5.83762e-07
3.90253e-07
2.57042e-07
1.66708e-07
1.06358e-07
6.66736e-08
4.10297e-08
2.47677e-08
1.46557e-08
8.4942e-09
4.81866e-09
2.67411e-09
1.45117e-09
7.69932e-10
3.99345e-10
2.02512e-10
1.00433e-10
6.61602e-07
4.47131e-07
2.97855e-07
1.95481e-07
1.26288e-07
8.02223e-08
5.00558e-08
3.06549e-08
1.8413e-08
1.08392e-08
6.24863e-09
3.52534e-09
1.94556e-09
1.04997e-09
5.54014e-10
2.85807e-10
1.44178e-10
7.1144e-11
4.80401e-07
3.23247e-07
2.14389e-07
1.4005e-07
9.0013e-08
5.68604e-08
3.52724e-08
2.14721e-08
1.28175e-08
7.49674e-09
4.29313e-09
2.40586e-09
1.31884e-09
7.07012e-10
3.70619e-10
1.89982e-10
9.5254e-11
4.67303e-11
3.27142e-07
2.1895e-07
1.44401e-07
9.37478e-08
5.985e-08
3.7542e-08
2.31214e-08
1.39712e-08
8.2761e-09
4.8025e-09
2.72833e-09
1.51678e-09
8.24906e-10
4.38794e-10
2.28284e-10
1.16174e-10
5.78471e-11
2.8196e-11
2.07248e-07
1.37753e-07
9.01691e-08
5.80671e-08
3.67601e-08
2.28612e-08
1.39565e-08
8.35722e-09
4.90488e-09
2.81973e-09
1.58705e-09
8.74217e-10
4.7118e-10
2.48455e-10
1.28182e-10
6.47175e-11
3.19875e-11
1.54851e-11
1.21696e-07
8.01314e-08
5.19315e-08
3.3102e-08
2.0739e-08
1.27619e-08
7.70715e-09
4.56473e-09
2.64981e-09
1.5069e-09
8.39177e-10
4.5751e-10
2.44152e-10
1.27536e-10
6.522e-11
3.26609e-11
1.60231e-11
7.70487e-12
6.81194e-08
4.42944e-08
2.83411e-08
1.78321e-08
1.10257e-08
6.69449e-09
3.98898e-09
2.33133e-09
1.33581e-09
7.50111e-10
4.1269e-10
2.22419e-10
1.17423e-10
6.07318e-11
3.07784e-11
1.52896e-11
7.44788e-12
3.5595e-12
4.27417e-08
2.74341e-08
1.73208e-08
1.07498e-08
6.55416e-09
3.92366e-09
2.30532e-09
1.32882e-09
7.51214e-10
4.16415e-10
2.2631e-10
1.20585e-10
6.29989e-11
3.22779e-11
1.6223e-11
8.0015e-12
3.87432e-12
1.84258e-12
1.3624e-05
9.35746e-06
6.35507e-06
4.25634e-06
2.80496e-06
1.81819e-06
1.15938e-06
7.26703e-07
4.47015e-07
2.69469e-07
1.59067e-07
9.18877e-08
5.19022e-08
2.86423e-08
1.54341e-08
8.1185e-09
4.16825e-09
2.0891e-09
1.33392e-05
9.16255e-06
6.22235e-06
4.16641e-06
2.74481e-06
1.77866e-06
1.13383e-06
7.10427e-07
4.36801e-07
2.63173e-07
1.55263e-07
8.96375e-08
5.06001e-08
2.79063e-08
1.50282e-08
7.90028e-09
4.05389e-09
2.03068e-09
1.27708e-05
8.77309e-06
5.95718e-06
3.98695e-06
2.62497e-06
1.69996e-06
1.08292e-06
6.77935e-07
4.16382e-07
2.50585e-07
1.47664e-07
8.51492e-08
4.80076e-08
2.64438e-08
1.42233e-08
7.46831e-09
3.82787e-09
1.91536e-09
1.19193e-05
8.18656e-06
5.55565e-06
3.71437e-06
2.44284e-06
1.58044e-06
1.00577e-06
6.2887e-07
3.85701e-07
2.31774e-07
1.36371e-07
7.85124e-08
4.41918e-08
2.43e-08
1.30474e-08
6.83898e-09
3.49928e-09
1.74799e-09
1.08056e-05
7.41854e-06
5.02911e-06
3.35719e-06
2.20469e-06
1.42455e-06
9.05367e-07
5.6519e-07
3.46007e-07
2.07518e-07
1.21857e-07
7.00083e-08
3.9317e-08
2.15692e-08
1.15537e-08
6.04162e-09
3.08396e-09
1.53693e-09
9.48107e-06
6.50299e-06
4.40019e-06
2.93072e-06
1.92079e-06
1.23897e-06
7.86006e-07
4.89626e-07
2.99036e-07
1.78911e-07
1.04794e-07
6.00441e-08
3.36246e-08
1.83913e-08
9.82144e-09
5.11995e-09
2.60545e-09
1.29452e-09
8.01515e-06
5.48901e-06
3.70451e-06
2.4607e-06
1.60894e-06
1.03548e-06
6.55195e-07
4.06891e-07
2.477e-07
1.47711e-07
8.62274e-08
4.92293e-08
2.74649e-08
1.49645e-08
7.96036e-09
4.13362e-09
2.09541e-09
1.03717e-09
6.49595e-06
4.43669e-06
2.98413e-06
1.97601e-06
1.2884e-06
8.26676e-07
5.21147e-07
3.223e-07
1.95365e-07
1.15999e-07
6.74098e-08
3.83041e-08
2.12661e-08
1.15304e-08
6.10379e-09
3.15428e-09
1.59141e-09
7.84096e-10
5.01393e-06
3.41015e-06
2.28405e-06
1.50684e-06
9.78916e-07
6.25432e-07
3.92327e-07
2.4136e-07
1.45529e-07
8.59396e-08
4.96568e-08
2.80488e-08
1.54786e-08
8.34183e-09
4.38941e-09
2.25497e-09
1.13117e-09
5.54272e-10
3.65714e-06
2.4743e-06
1.64948e-06
1.08341e-06
7.0036e-07
4.44853e-07
2.77284e-07
1.69488e-07
1.01525e-07
5.95435e-08
3.41582e-08
1.9153e-08
1.04918e-08
5.61312e-09
2.9324e-09
1.49595e-09
7.45392e-10
3.6292e-10
2.50222e-06
1.68311e-06
1.11597e-06
7.28649e-07
4.6775e-07
2.94833e-07
1.82342e-07
1.10578e-07
6.56975e-08
3.82021e-08
2.17238e-08
1.20741e-08
6.55665e-09
3.47782e-09
1.80175e-09
9.11793e-10
4.50872e-10
2.17961e-10
1.59322e-06
1.06448e-06
7.00632e-07
4.53597e-07
2.88509e-07
1.80158e-07
1.10377e-07
6.62909e-08
3.89897e-08
2.24393e-08
1.26293e-08
6.94819e-09
3.73554e-09
1.96225e-09
1.00714e-09
5.05196e-10
2.47765e-10
1.1887e-10
9.40949e-07
6.22792e-07
4.05582e-07
2.59631e-07
1.63272e-07
1.008e-07
6.10399e-08
3.62208e-08
2.10454e-08
1.19663e-08
6.65546e-09
3.61955e-09
1.92441e-09
1.00023e-09
5.08301e-10
2.52644e-10
1.22875e-10
5.85118e-11
5.29554e-07
3.4577e-07
2.22031e-07
1.40138e-07
8.68784e-08
5.28577e-08
3.15344e-08
1.84354e-08
1.05557e-08
5.91698e-09
3.24601e-09
1.74238e-09
9.15085e-10
4.70271e-10
2.36546e-10
1.16502e-10
5.62098e-11
2.6584e-11
3.33246e-07
2.14545e-07
1.35806e-07
8.44579e-08
5.15612e-08
3.088e-08
1.81335e-08
1.04364e-08
5.88474e-09
3.25011e-09
1.75794e-09
9.31204e-10
4.83145e-10
2.45588e-10
1.22344e-10
5.97581e-11
2.86331e-11
1.34663e-11
0.00010222
7.02778e-05
4.79419e-05
3.23936e-05
2.15263e-05
1.40332e-05
8.9886e-06
5.66413e-06
3.50522e-06
2.12409e-06
1.25871e-06
7.29215e-07
4.12722e-07
2.27941e-07
1.22736e-07
6.44072e-08
3.29351e-08
1.64129e-08
7.97363e-09
0.000100059
6.88053e-05
4.69499e-05
3.17187e-05
2.10685e-05
1.37291e-05
8.79145e-06
5.53849e-06
3.42594e-06
2.07481e-06
1.22872e-06
7.11374e-07
4.02351e-07
2.22058e-07
1.19486e-07
6.26607e-08
3.20222e-08
1.59487e-08
7.7439e-09
9.57687e-05
6.58818e-05
4.49837e-05
3.03843e-05
2.0164e-05
1.31289e-05
8.40178e-06
5.28893e-06
3.26787e-06
1.97644e-06
1.16889e-06
6.75847e-07
3.81739e-07
2.10392e-07
1.13055e-07
5.92108e-08
3.02217e-08
1.50344e-08
7.29188e-09
8.93493e-05
6.14828e-05
4.19952e-05
2.83392e-05
1.87771e-05
1.22102e-05
7.80683e-06
4.9094e-06
3.02886e-06
1.82878e-06
1.07977e-06
6.23279e-07
3.51425e-07
1.93324e-07
1.03687e-07
5.42024e-08
2.76141e-08
1.37122e-08
6.63893e-09
8.0979e-05
5.57512e-05
3.80826e-05
2.56549e-05
1.69616e-05
1.1012e-05
7.03316e-06
4.41703e-06
2.71989e-06
1.63869e-06
9.65491e-07
5.5611e-07
3.12816e-07
1.71652e-07
9.18268e-08
4.78781e-08
2.43291e-08
1.20502e-08
5.81981e-09
7.10249e-05
4.89293e-05
3.33966e-05
2.24298e-05
1.47858e-05
9.58105e-06
6.11119e-06
3.83098e-06
2.35312e-06
1.41398e-06
8.30966e-07
4.77339e-07
2.67706e-07
1.4643e-07
7.80763e-08
4.05728e-08
2.05477e-08
1.01434e-08
4.88304e-09
6.00537e-05
4.14017e-05
2.81994e-05
1.88667e-05
1.23974e-05
8.01662e-06
5.10308e-06
3.18943e-06
1.95199e-06
1.16876e-06
6.84485e-07
3.91747e-07
2.18825e-07
1.19195e-07
6.32866e-08
3.27483e-08
1.65153e-08
8.11917e-09
3.89298e-09
4.8782e-05
3.36134e-05
2.27995e-05
1.51857e-05
9.94686e-06
6.41645e-06
4.07112e-06
2.53293e-06
1.54263e-06
9.1934e-07
5.35881e-07
3.05149e-07
1.69547e-07
9.18581e-08
4.85129e-08
2.49716e-08
1.25286e-08
6.12854e-09
2.92449e-09
3.78487e-05
2.59733e-05
1.75105e-05
1.16063e-05
7.57673e-06
4.87079e-06
3.07502e-06
1.90186e-06
1.15152e-06
6.82375e-07
3.95384e-07
2.23702e-07
1.23472e-07
6.64532e-08
3.48656e-08
1.78307e-08
8.8896e-09
4.32221e-09
2.05076e-09
2.77924e-05
1.89348e-05
1.26838e-05
8.36951e-06
5.44243e-06
3.47954e-06
2.18124e-06
1.33927e-06
8.05249e-07
4.73778e-07
2.72404e-07
1.52878e-07
8.36971e-08
4.46848e-08
2.32595e-08
1.18036e-08
5.84128e-09
2.82024e-09
1.32939e-09
1.91369e-05
1.2934e-05
8.61457e-06
5.657e-06
3.65511e-06
2.31729e-06
1.43975e-06
8.76456e-07
5.2247e-07
3.04589e-07
1.73439e-07
9.63914e-08
5.22653e-08
2.76401e-08
1.42545e-08
7.16952e-09
3.51812e-09
1.68525e-09
7.8864e-10
1.22451e-05
8.21722e-06
5.43932e-06
3.54378e-06
2.26666e-06
1.42175e-06
8.74352e-07
5.26886e-07
3.10711e-07
1.79087e-07
1.0081e-07
5.53957e-08
2.97045e-08
1.55395e-08
7.93075e-09
3.94972e-09
1.92043e-09
9.12203e-10
4.23639e-10
7.27083e-06
4.83969e-06
3.17023e-06
2.03957e-06
1.28779e-06
7.97835e-07
4.84631e-07
2.88256e-07
1.67694e-07
9.53508e-08
5.29652e-08
2.87301e-08
1.52138e-08
7.86424e-09
3.96885e-09
1.95626e-09
9.42296e-10
4.43865e-10
2.04632e-10
4.11987e-06
2.7037e-06
1.74332e-06
1.10405e-06
6.86487e-07
4.187e-07
2.50201e-07
1.4635e-07
8.37434e-08
4.68565e-08
2.56258e-08
1.36948e-08
7.15103e-09
3.64895e-09
1.82007e-09
8.87831e-10
4.23794e-10
1.98094e-10
9.07451e-11
2.60374e-06
1.68214e-06
1.06789e-06
6.65826e-07
4.07257e-07
2.44116e-07
1.43308e-07
8.23573e-08
4.63147e-08
2.54786e-08
1.37088e-08
7.21435e-09
3.71405e-09
1.87107e-09
9.22815e-10
4.45817e-10
2.11098e-10
9.80385e-11
4.469e-11
0.000773533
0.000530089
0.000359525
0.00024461
0.000164949
0.000108527
6.97509e-05
4.40842e-05
2.74649e-05
1.67617e-05
9.98036e-06
5.79907e-06
3.28975e-06
1.81919e-06
9.79052e-07
5.125e-07
2.60919e-07
1.29207e-07
6.2256e-08
0.000757018
0.00051857
0.000351936
0.000239572
0.000161484
0.00010617
6.82101e-05
4.31132e-05
2.68518e-05
1.63759e-05
9.74269e-06
5.65664e-06
3.20655e-06
1.77179e-06
9.52808e-07
4.98403e-07
2.53574e-07
1.25493e-07
6.04324e-08
0.000724219
0.000495853
0.000337133
0.000229931
0.000154745
0.00010157
6.51937e-05
4.119e-05
2.56316e-05
1.5608e-05
9.27053e-06
5.37464e-06
3.04222e-06
1.67839e-06
9.0119e-07
4.70713e-07
2.39159e-07
1.18209e-07
5.6858e-08
0.000675225
0.000461833
0.000314728
0.000214955
0.000144304
9.44906e-05
6.05767e-05
3.82597e-05
2.37782e-05
1.44498e-05
8.56526e-06
4.95714e-06
2.80079e-06
1.54207e-06
8.26277e-07
4.30698e-07
2.18388e-07
1.0773e-07
5.17194e-08
0.000611233
0.000417936
0.000285742
0.00019521
0.000130586
8.52431e-05
5.4579e-05
3.44603e-05
2.13815e-05
1.29601e-05
7.66339e-06
4.42556e-06
2.49447e-06
1.3697e-06
7.31851e-07
3.80403e-07
1.92343e-07
9.46178e-08
4.53008e-08
0.000534274
0.000365888
0.000251342
0.000171271
0.000113979
7.41397e-05
4.74304e-05
2.99319e-05
1.85255e-05
1.11928e-05
6.59995e-06
3.80167e-06
2.13638e-06
1.16905e-06
6.22412e-07
3.2235e-07
1.62394e-07
7.95935e-08
3.79713e-08
0.000449465
0.000309358
0.000213346
0.000144598
9.56542e-05
6.20148e-05
3.96508e-05
2.49755e-05
1.53957e-05
9.26146e-06
5.44152e-06
3.12315e-06
1.74773e-06
9.52035e-07
5.04539e-07
2.60102e-07
1.30433e-07
6.36392e-08
3.02272e-08
0.000363812
0.000252417
0.000173753
0.000116853
7.68394e-05
4.96992e-05
3.17358e-05
1.99029e-05
1.21949e-05
7.29558e-06
4.26611e-06
2.43583e-06
1.35517e-06
7.33791e-07
3.86597e-07
1.98153e-07
9.88082e-08
4.79468e-08
2.26557e-08
0.000282892
0.00019693
0.00013432
8.95144e-05
5.85691e-05
3.78319e-05
2.40757e-05
1.49968e-05
9.12261e-06
5.42463e-06
3.15334e-06
1.78826e-06
9.87613e-07
5.30857e-07
2.77666e-07
1.41306e-07
6.99713e-08
3.37272e-08
1.58368e-08
0.000209951
0.000144888
9.76906e-05
6.46205e-05
4.21813e-05
2.71738e-05
1.71653e-05
1.05959e-05
6.39434e-06
3.77518e-06
2.17695e-06
1.22351e-06
6.69579e-07
3.56715e-07
1.84956e-07
9.33242e-08
4.58336e-08
2.1922e-08
1.02199e-08
0.000146351
9.95745e-05
6.64877e-05
4.38125e-05
2.85177e-05
1.8222e-05
1.13852e-05
6.95667e-06
4.16121e-06
2.4336e-06
1.38842e-06
7.71791e-07
4.17857e-07
2.20283e-07
1.13044e-07
5.64738e-08
2.74755e-08
1.3027e-08
6.0247e-09
9.42889e-05
6.34081e-05
4.21288e-05
2.7651e-05
1.78204e-05
1.12387e-05
6.93702e-06
4.19462e-06
2.48164e-06
1.43338e-06
8.07229e-07
4.43065e-07
2.3693e-07
1.23397e-07
6.25862e-08
3.09212e-08
1.48896e-08
6.99368e-09
3.20729e-09
5.61379e-05
3.75405e-05
2.47732e-05
1.60456e-05
1.01784e-05
6.32709e-06
3.856e-06
2.30038e-06
1.34065e-06
7.62461e-07
4.22993e-07
2.28816e-07
1.20642e-07
6.19861e-08
3.10413e-08
1.51577e-08
7.2223e-09
3.36071e-09
1.52872e-09
3.20255e-05
2.11622e-05
1.37191e-05
8.71973e-06
5.43801e-06
3.32642e-06
1.99227e-06
1.16644e-06
6.67119e-07
3.72561e-07
2.0308e-07
1.08007e-07
5.60379e-08
2.83674e-08
1.40162e-08
6.76335e-09
3.18959e-09
1.47136e-09
6.6455e-10
2.0373e-05
1.32211e-05
8.41778e-06
5.26319e-06
3.22807e-06
1.9382e-06
1.13797e-06
6.53118e-07
3.66301e-07
2.0067e-07
1.07354e-07
5.60847e-08
2.86205e-08
1.42726e-08
6.95942e-09
3.32038e-09
1.55126e-09
7.10268e-10
3.18994e-10
0.394141
0.27342
0.181035
0.120585
0.00125204
0.000841804
0.000544878
0.000342889
0.000214453
0.000132263
7.93516e-05
4.62249e-05
2.62771e-05
1.45593e-05
7.83523e-06
4.09103e-06
2.07268e-06
1.01916e-06
4.86528e-07
0.386298
0.267243
0.176813
0.118011
0.00122631
0.000823646
0.000532585
0.000335267
0.00020977
0.000129278
7.74672e-05
4.50799e-05
2.56055e-05
1.41753e-05
7.62178e-06
3.97635e-06
2.01316e-06
9.8926e-07
4.71976e-07
0.370376
0.254972
0.168617
0.113402
0.00117809
0.00078848
0.000508421
0.000319949
0.000200303
0.000123308
7.37322e-05
4.28337e-05
2.42934e-05
1.34258e-05
7.20615e-06
3.75331e-06
1.89732e-06
9.31024e-07
4.43625e-07
0.346562
0.236465
0.156396
0.106381
0.00110291
0.000734631
0.000472018
0.00029712
0.000186116
0.000114288
6.81352e-05
3.95051e-05
2.23673e-05
1.23349e-05
6.60516e-06
3.43244e-06
1.73128e-06
8.47719e-07
4.03093e-07
0.314866
0.212676
0.14109
0.0972957
0.00100301
0.000663613
0.000424545
0.000267604
0.000167683
0.000102669
6.0988e-05
3.52816e-05
1.99324e-05
1.09604e-05
5.85081e-06
3.03109e-06
1.5242e-06
7.44057e-07
3.52743e-07
0.274915
0.183838
0.123482
0.0862563
0.000880136
0.000577447
0.000368178
0.000232882
0.000145705
8.88059e-05
5.254e-05
3.03259e-05
1.70863e-05
9.36056e-06
4.97687e-06
2.56819e-06
1.28632e-06
6.2542e-07
2.95328e-07
0.229101
0.15295
0.10525
0.00110246
0.000741741
0.000482007
0.000307067
0.000194881
0.000121469
7.35743e-05
4.33316e-05
2.49363e-05
1.39921e-05
7.62662e-06
4.03427e-06
2.07133e-06
1.03226e-06
4.99397e-07
2.34683e-07
0.182026
0.123632
0.0872904
0.000900428
0.000597505
0.000385125
0.00024605
0.000156038
9.65519e-05
5.80114e-05
3.39993e-05
1.94752e-05
1.08597e-05
5.87907e-06
3.08946e-06
1.57616e-06
7.80623e-07
3.75401e-07
1.75417e-07
0.138794
0.0977168
0.00102778
0.00069461
0.000454443
0.00029248
0.000187741
0.000118275
7.24303e-05
4.31769e-05
2.51765e-05
1.43255e-05
7.92234e-06
4.25345e-06
2.21742e-06
1.1224e-06
5.51596e-07
2.63292e-07
1.22177e-07
0.103322
0.001103
0.000756317
0.0005016
0.000325948
0.000211193
0.000134966
8.40091e-05
5.08588e-05
3.01079e-05
1.74265e-05
9.81807e-06
5.37261e-06
2.85587e-06
1.47456e-06
7.3935e-07
3.6004e-07
1.70386e-07
7.84417e-08
0.00111318
0.000770473
0.000516117
0.000338542
0.000221303
0.000143124
9.02401e-05
5.53383e-05
3.31765e-05
1.94746e-05
1.11443e-05
6.19883e-06
3.35104e-06
1.76062e-06
8.98683e-07
4.45594e-07
2.14705e-07
1.00621e-07
4.59163e-08
0.000730339
0.00049188
0.000325353
0.000214738
0.000139987
8.9056e-05
5.51632e-05
3.34327e-05
1.98542e-05
1.15048e-05
6.48535e-06
3.55558e-06
1.89584e-06
9.82656e-07
4.94974e-07
2.42354e-07
1.15429e-07
5.35304e-08
2.42004e-08
0.000434831
0.00028992
0.000192903
0.0001263
8.06908e-05
5.02936e-05
3.07288e-05
1.83998e-05
1.07538e-05
6.11976e-06
3.39062e-06
1.82875e-06
9.59671e-07
4.89797e-07
2.43154e-07
1.1748e-07
5.52891e-08
2.53725e-08
1.13673e-08
0.00024777
0.000165401
0.000108204
6.90985e-05
4.31793e-05
2.64893e-05
1.59163e-05
9.33533e-06
5.33751e-06
2.97488e-06
1.61581e-06
8.54831e-07
4.40368e-07
2.20926e-07
1.0799e-07
5.14695e-08
2.39409e-08
1.08796e-08
4.83581e-09
0.000159261
0.000104202
6.65426e-05
4.16722e-05
2.56487e-05
1.54502e-05
9.08053e-06
5.20591e-06
2.91195e-06
1.58837e-06
8.44499e-07
4.37628e-07
2.21115e-07
1.08993e-07
5.24549e-08
2.46702e-08
1.13498e-08
5.11313e-09
2.25803e-09
2.24467
2.16249
1.56278
0.943172
0.62015
0.431917
0.288739
0.180116
0.110456
0.00103888
0.000633322
0.000369986
0.000210186
0.00011677
6.29145e-05
3.27644e-05
1.65098e-05
8.05325e-06
3.8042e-06
2.24173
2.1603
1.52374
0.918117
0.607635
0.423212
0.282168
0.175728
0.107991
0.00101637
0.000618676
0.000360752
0.000204757
0.000113672
6.11825e-05
3.1831e-05
1.60265e-05
7.81217e-06
3.68792e-06
2.2279
2.15555
1.43794
0.870347
0.583762
0.406112
0.268927
0.166699
0.102876
0.000970359
0.000589255
0.000342663
0.000194299
0.00010766
5.78243e-05
3.00297e-05
1.50936e-05
7.34588e-06
3.46284e-06
2.2112
2.14101
1.30939
0.802622
0.548761
0.380828
0.249796
0.154073
0.0959765
0.000901851
0.000544867
0.00031576
0.000178875
9.89327e-05
5.29927e-05
2.74496e-05
1.37626e-05
6.68207e-06
3.14265e-06
2.19222
2.12549
1.15113
0.724009
0.503519
0.346667
0.224115
0.137762
0.086915
0.000813099
0.000488147
0.00028186
0.00015947
8.79562e-05
4.69382e-05
2.42309e-05
1.21097e-05
5.86045e-06
2.74716e-06
2.16227
1.58646
0.966434
0.637116
0.448133
0.304345
0.193447
0.119465
0.00113838
0.000706402
0.000420481
0.000242171
0.000136855
7.51913e-05
3.99329e-05
2.05235e-05
1.02127e-05
4.92081e-06
2.29663e-06
2.13054
1.27027
0.789817
0.547512
0.38392
0.254859
0.15927
0.100245
0.00095524
0.000587349
0.000346279
0.000199255
0.000112242
6.13034e-05
3.23656e-05
1.65419e-05
8.18641e-06
3.92284e-06
1.82107e-06
1.56323
0.963171
0.642597
0.456979
0.314199
0.20234
0.125848
0.00121263
0.000764891
0.000463685
0.000271189
0.000155784
8.72499e-05
4.72642e-05
2.47682e-05
1.25699e-05
6.17818e-06
2.94091e-06
1.35676e-06
1.12036
0.722633
0.513503
0.361475
0.240025
0.150887
0.0963271
0.000929675
0.000577832
0.00034474
0.000201041
0.000114926
6.37577e-05
3.41983e-05
1.77625e-05
8.93718e-06
4.35504e-06
2.05575e-06
9.41045e-07
0.770233
0.546675
0.39053
0.264902
0.169305
0.107837
0.00105461
0.000668139
0.000406426
0.000240089
0.000139558
7.89975e-05
4.32502e-05
2.29344e-05
1.17876e-05
5.86952e-06
2.83105e-06
1.3236e-06
6.0063e-07
0.55108
0.397137
0.272401
0.17629
0.112749
0.00111551
0.000716934
0.000442759
0.00026468
0.000155867
8.96704e-05
4.9963e-05
2.69639e-05
1.41142e-05
7.16237e-06
3.52168e-06
1.67832e-06
7.76104e-07
3.48748e-07
0.378242
0.259705
0.168889
0.109616
0.00109219
0.000707546
0.000441239
0.000266689
0.000158878
9.25742e-05
5.22995e-05
2.86367e-05
1.52206e-05
7.84831e-06
3.9232e-06
1.90136e-06
8.94241e-07
4.08674e-07
1.81746e-07
0.22912
0.149221
0.098845
0.000989898
0.000642504
0.00040194
0.000245052
0.000147309
8.65405e-05
4.93257e-05
2.72872e-05
1.46692e-05
7.65866e-06
3.88002e-06
1.90727e-06
9.10348e-07
4.22388e-07
1.90767e-07
8.39897e-08
0.1263
0.00128143
0.000853285
0.000550947
0.00034415
0.000211199
0.000127452
7.50355e-05
4.29037e-05
2.38603e-05
1.29101e-05
6.79073e-06
3.47054e-06
1.72337e-06
8.32052e-07
3.90964e-07
1.78995e-07
7.99541e-08
3.48942e-08
0.00123334
0.000822697
0.000529348
0.000330412
0.000203759
0.00012351
7.28399e-05
4.1721e-05
2.32727e-05
1.26393e-05
6.67608e-06
3.42875e-06
1.71296e-06
8.33161e-07
3.94951e-07
1.8269e-07
8.2567e-08
3.65091e-08
1.58151e-08
-51.8651
-99.4162
-193.455
-186.689
-11.702
2.27488
2.18156
1.60419
0.89539
0.535552
0.337019
0.200205
0.111877
0.000936281
0.000507059
0.000263233
0.000131849
6.37208e-05
2.97416e-05
-54.4045
-102.28
-202.273
-175.855
-5.43872
2.27044
2.17873
1.55943
0.870427
0.524286
0.330032
0.195276
0.108967
0.000912019
0.000493378
0.000255765
0.000127974
6.17978e-05
2.88205e-05
-57.4621
-112.487
-210.968
-157.259
2.40071
2.25452
2.16562
1.46449
0.818857
0.500944
0.315223
0.185219
0.10363
0.000864101
0.000466008
0.000241181
0.000120446
5.80619e-05
2.70356e-05
-65.2881
-127.407
-224.777
-120.549
2.36163
2.23676
2.15154
1.34037
0.75275
0.467145
0.292598
0.169977
0.0951457
0.000794531
0.000427106
0.000220446
0.000109755
5.2766e-05
2.45052e-05
-75.8034
-153.741
-225.868
-70.9354
2.32292
2.21578
2.13503
1.17087
0.671764
0.424353
0.26359
0.151114
0.00127579
0.000707267
0.000378168
0.000194448
9.64863e-05
4.6233e-05
2.13937e-05
-98.3503
-190.731
-195.817
-18.5044
2.28721
2.19317
1.71952
0.982673
0.58416
0.372705
0.227754
0.129007
0.0010948
0.00060615
0.000321782
0.000164583
8.12844e-05
3.87609e-05
1.78483e-05
-136.15
-225.179
-110.997
2.35765
2.24503
2.16055
1.39345
0.788503
0.492201
0.313974
0.186973
0.105732
0.000900233
0.000495097
0.000260694
0.000132525
6.50547e-05
3.08364e-05
1.41134e-05
-193.722
-193.797
-19.7426
2.29033
2.19649
1.79519
1.04565
0.620435
0.400188
0.250263
0.144791
0.00124379
0.00070209
0.000381718
0.000199306
0.000100535
4.89807e-05
2.30465e-05
1.04752e-05
-229.128
-67.6465
2.33285
2.22866
2.1479
1.309
0.751204
0.478897
0.308953
0.186055
0.106553
0.000920831
0.000515247
0.000276122
0.000142779
7.13494e-05
3.44382e-05
1.60492e-05
7.23067e-06
-96.2238
2.3528
2.24694
2.16374
1.49091
0.859331
0.538792
0.353489
0.219973
0.127551
0.00111419
0.000637023
0.00034967
0.00018482
9.45032e-05
4.66982e-05
2.22819e-05
1.02711e-05
4.583e-06
2.36265
2.24925
2.16592
1.56018
0.911263
0.56942
0.377471
0.239815
0.141395
0.00124449
0.000722254
0.000404729
0.000217858
0.000113508
5.72301e-05
2.78792e-05
1.31183e-05
5.97235e-06
2.63595e-06
2.23433
2.16167
1.48567
0.875608
0.557047
0.372771
0.23897
0.142527
0.00126866
0.00074544
0.000423981
0.000231594
0.000122617
6.28711e-05
3.11649e-05
1.49272e-05
6.91793e-06
3.10794e-06
1.35601e-06
2.13635
1.28872
0.771558
0.507304
0.341127
0.217706
0.130402
0.0011765
0.000697779
0.000399782
0.000220638
0.000118113
6.13221e-05
3.08149e-05
1.4977e-05
7.04789e-06
3.2164e-06
1.42591e-06
6.15239e-07
1.04314
0.654412
0.442706
0.295521
0.185462
0.111925
0.0010195
0.00060565
0.000346765
0.000192283
0.000103591
5.41502e-05
2.74322e-05
1.34624e-05
6.40678e-06
2.96086e-06
1.33078e-06
5.82685e-07
2.4899e-07
0.622959
0.428407
0.28458
0.176569
0.107041
0.000985895
0.000587666
0.000336418
0.00018699
0.00010113
5.30611e-05
2.6987e-05
1.33099e-05
6.37426e-06
2.9687e-06
1.34676e-06
5.96152e-07
2.57947e-07
1.09279e-07
-1.37932
-5.85006
-13.3953
-22.9054
-32.0799
-48.5876
-93.2718
-192.492
-184.183
2.39083
2.22027
1.79561
0.947765
0.497843
0.273698
0.141361
0.00105534
0.000504596
0.000232324
-1.38506
-6.08801
-13.8026
-23.3923
-32.7506
-50.1596
-97.2266
-198.054
-172.007
2.37896
2.21022
1.75667
0.922048
0.485887
0.267022
0.137535
0.00102534
0.000489683
0.000225187
-2.08633
-7.00993
-15.3585
-24.0968
-34.1009
-53.7483
-106.217
-208.707
-147.674
2.34677
2.20391
1.66898
0.865182
0.45965
0.252092
0.129412
0.000964119
0.000459636
0.000211083
-2.92299
-8.54385
-16.4541
-25.8892
-36.4143
-59.1752
-119.481
-223.288
-107.141
2.31947
2.18743
1.52548
0.783242
0.422867
0.231443
0.118374
0.000878494
0.000417315
0.000191074
-3.87895
-10.1278
-19.5677
-27.7888
-40.0613
-68.9175
-141.502
-228.941
-58.5478
2.27668
2.16955
1.34906
0.689372
0.377673
0.204926
0.104422
0.000771345
0.000365129
0.000166533
-6.06998
-12.7675
-22.2388
-31.1461
-46.1642
-85.1792
-175.223
-209.982
-8.87286
2.24275
2.14216
1.12784
0.585758
0.326024
0.174403
0.0885054
0.000648825
0.000305431
0.000138516
-9.01555
-16.9279
-25.9704
-35.9875
-57.5457
-114.848
-219.74
-130.437
2.33604
2.20227
1.6808
0.887185
0.478396
0.268361
0.140682
0.00106536
0.000517994
0.000242396
0.000109139
-12.9863
-22.1991
-30.6863
-44.754
-81.1563
-163.58
-218.421
-25.3065
2.26146
2.1561
1.28336
0.667896
0.374773
0.207511
0.107012
0.000806254
0.000388758
0.000180565
8.06335e-05
-19.8929
-27.4727
-38.3904
-62.947
-126.759
-230.893
-105.41
2.32245
2.19966
1.67679
0.894684
0.488107
0.278786
0.149494
0.00115195
0.000571104
0.000272574
0.000125224
5.53521e-05
-26.0246
-35.6721
-55.6867
-108.183
-205.675
-164.629
2.37995
2.22472
2.13889
1.1124
0.593743
0.341555
0.190501
0.0996478
0.000760142
0.000372365
0.00017557
7.95663e-05
3.47938e-05
-35.5053
-54.967
-102.027
-198.22
-190.131
1.58413
2.24242
2.1529
1.25644
0.668872
0.38545
0.2209
0.117816
0.000915814
0.000458484
0.000221073
0.000102487
4.57908e-05
1.97842e-05
-58.4338
-111.98
-206.291
-172.831
2.40519
2.24009
2.15255
1.26814
0.683016
0.3973
0.231505
0.125347
0.000990866
0.000505216
0.000248076
0.000117234
5.33758e-05
2.34987e-05
1.0024e-05
-135.665
-231.604
-118.024
2.35035
2.21964
2.13818
1.1426
0.629087
0.373007
0.218376
0.119482
0.000954511
0.000492731
0.00024535
0.000117717
5.44563e-05
2.43687e-05
1.05688e-05
4.45322e-06
-217.398
-44.4671
2.29389
2.18913
1.67158
0.9445
0.540388
0.325936
0.189042
0.103815
0.000834697
0.000433455
0.000217494
0.00010529
4.9252e-05
2.23184e-05
9.81459e-06
4.19768e-06
1.75013e-06
-20.0128
2.28201
2.18948
1.58664
0.884948
0.51894
0.316989
0.182936
0.100477
0.000813209
0.000424199
0.000213516
0.000103775
4.87979e-05
2.22572e-05
9.86648e-06
4.26137e-06
1.79741e-06
7.41978e-07
4.92795
4.38753
3.68963
2.80216
1.52261
-0.664889
-5.67455
-13.7915
-25.9564
-42.7649
-78.8658
-169.837
-202.315
2.38375
2.17982
1.24151
0.57058
0.266918
0.120484
4.98642
4.42967
3.72378
2.84072
1.59197
-1.37604
-5.81344
-14.0694
-27.2
-42.8231
-82.3757
-173.7
-201.19
2.3724
2.17743
1.2093
0.555345
0.25951
0.116859
4.78555
4.20491
3.47055
2.51801
1.06307
-1.52056
-6.28419
-15.9221
-27.9691
-45.8645
-87.577
-187.315
-177.526
2.3367
2.16325
1.12316
0.518635
0.24317
0.109806
4.97887
4.38237
3.68784
2.16203
0.649039
-2.2039
-7.45724
-17.9057
-30.4319
-48.9117
-99.9204
-203.383
-139.855
2.29521
2.14786
1.01655
0.471001
0.220411
0.0991308
4.56132
3.90823
3.09959
1.9993
0.18977
-3.15703
-9.20449
-20.5762
-33.0814
-56.0906
-115.48
-228.956
-87.5257
2.25506
1.81204
0.880003
0.412131
0.192394
0.0864729
4.54544
3.83131
2.97073
1.82749
-0.877865
-4.83418
-12.2064
-23.6149
-38.4208
-66.2353
-142.877
-233.874
-26.03
2.21857
1.55962
0.733726
0.346436
0.160205
0.00107313
4.28779
3.48447
2.49919
1.06123
-2.28462
-7.35244
-16.5324
-28.4422
-46.2696
-88.0386
-182.515
-186.83
2.35911
2.17714
1.24564
0.57907
0.275696
0.126435
0.00084114
3.77053
2.8849
1.65211
-0.427652
-4.25866
-11.2258
-22.1203
-35.993
-60.1033
-123.944
-231.759
-71.2436
2.25061
1.84042
0.913081
0.432191
0.20601
0.0944468
0.000617834
3.32313
2.20734
0.481051
-2.55793
-8.04595
-17.409
-30.1715
-46.9391
-88.5162
-186.276
-191.172
2.36566
2.1799
1.33057
0.62923
0.305259
0.14348
0.000975788
0.000421064
2.4676
0.898517
-1.76729
-6.55817
-14.9834
-26.3701
-40.0205
-71.5085
-148.623
-232.377
-28.651
2.22355
1.7076
0.843452
0.408258
0.198579
0.0925236
0.00061486
0.000262106
0.942576
-1.65639
-6.25675
-14.1178
-25.2542
-38.1979
-64.1392
-131.303
-232.066
-72.8032
2.26318
2.14341
1.02392
0.494506
0.245708
0.116722
0.00080016
0.000348871
0.000146966
-1.82508
-6.75924
-15.0203
-26.0306
-39.0504
-65.3559
-131.892
-231.908
-82.7017
2.27027
2.1546
1.10312
0.538134
0.271581
0.131585
0.000921079
0.000409855
0.000176124
7.31201e-05
-8.92167
-18.3178
-28.5109
-43.1714
-75.1099
-150.224
-235.471
-50.2003
2.24789
2.14259
1.04136
0.516984
0.26502
0.130284
0.000926476
0.000419217
0.000183222
7.73847e-05
3.16945e-05
-22.1803
-31.9608
-49.5392
-92.9712
-186.01
-209.541
1.60321
2.21768
1.69843
0.883669
0.449607
0.232583
0.115037
0.000824795
0.000377361
0.000167048
7.15481e-05
2.97532e-05
1.20495e-05
-31.9301
-48.9153
-95.0939
-194.318
-182.853
2.40012
2.21667
1.64574
0.845067
0.436427
0.227999
0.112943
0.000812688
0.000373528
0.000166235
7.16594e-05
3.00463e-05
1.22941e-05
4.92267e-06
6.26364
5.9378
5.93279
5.88867
5.2962
5.12129
4.25764
3.09445
2.15875
-0.230985
-4.7378
-13.802
-29.945
-56.6255
-127.531
-238.952
-24.0777
2.17539
0.982666
6.02809
6.04964
6.04957
5.55719
5.45998
4.71454
4.35246
3.1263
2.1789
-0.249429
-4.79588
-13.9083
-31.0774
-58.7082
-130.166
-238.016
-16.479
2.17247
0.952945
6.18835
6.22593
5.82091
5.7833
5.16315
4.9295
3.94653
3.34485
1.74791
-0.773526
-5.81046
-14.8943
-33.0485
-63.1399
-139.655
-230.461
2.43941
2.1566
0.88907
6.11901
6.14429
5.70911
5.62267
5.46768
4.65318
4.24806
3.02033
1.35502
-1.51663
-6.30514
-17.2638
-36.1945
-69.7729
-153.842
-219.499
2.37307
2.14668
0.79647
6.17607
6.18718
5.73941
5.66764
4.98678
4.69055
3.60406
2.88162
1.00351
-2.25307
-7.79879
-20.2258
-40.6444
-81.0892
-175.983
-181.552
2.30373
1.63491
0.687873
6.03092
5.98245
5.9173
5.32644
5.13762
4.22635
3.67031
2.15216
0.654626
-3.16934
-10.4532
-24.7448
-47.0185
-98.5354
-208.468
-119.31
2.23659
1.35541
0.562763
6.02747
5.94275
5.83489
5.1818
4.93005
3.92254
3.25976
1.54577
-0.392472
-5.25946
-14.6137
-31.2469
-57.881
-127.291
-239.146
-29.6511
2.17951
1.04749
0.434043
5.87323
5.73692
5.53311
5.27399
4.34074
3.79595
2.32026
0.958264
-2.50557
-9.13138
-20.873
-40.6558
-79.3421
-172.112
-197.139
2.32187
1.75632
0.759177
0.314604
5.85396
5.65844
5.4158
4.53642
4.00009
3.24572
1.49731
-0.518252
-5.44712
-14.8319
-30.2632
-55.7719
-119.642
-230.906
-59.023
2.20216
1.21543
0.512617
0.211291
5.68417
5.39729
5.05133
4.00703
3.28482
2.26366
-0.123636
-3.47336
-11.1185
-24.1087
-44.82
-88.7134
-188.222
-175.846
2.29763
1.7096
0.750014
0.316184
0.129432
5.35246
4.9234
4.36446
3.66852
2.051
0.430029
-2.61868
-9.43991
-20.959
-39.688
-74.7211
-157.682
-224.245
2.4062
2.16493
0.976277
0.418001
0.174964
0.00107522
4.77222
4.13643
3.29501
2.162
0.408819
-2.70723
-9.47821
-20.7652
-39.2114
-70.2394
-149.986
-230.354
-7.48439
2.17673
1.1219
0.487057
0.208054
0.0869811
0.000523149
3.85957
2.93217
1.65477
-0.37298
-4.09457
-10.9216
-23.2035
-42.3833
-77.6436
-159.282
-228.102
2.43616
2.17381
1.11289
0.491538
0.213745
0.0909442
0.000556731
0.000220183
2.69594
1.22333
-1.19055
-5.66235
-13.9064
-27.5471
-46.7843
-92.4053
-188.097
-187.745
2.34697
2.15257
0.966014
0.433948
0.191298
0.00123824
0.000512862
0.000206048
8.05762e-05
0.780086
-1.06501
-5.73695
-14.5306
-27.7926
-45.9855
-90.8244
-191.548
-174.881
2.33244
2.15368
0.951702
0.428577
0.190124
0.00123566
0.000514046
0.000207822
8.19621e-05
3.16505e-05
5.92196
6.22104
6.22264
6.1859
6.09081
5.929
5.67527
5.31236
4.79206
4.02294
2.81544
0.834878
-2.73459
-11.4625
-30.7148
-71.1916
-161.188
-197.766
6.00579
6.0211
6.30608
6.24799
6.14023
5.95934
5.7044
5.33378
4.81295
4.0536
2.88517
0.994671
-3.34048
-11.4023
-32.3126
-72.1709
-167.052
-188.422
5.90007
6.18865
6.15904
6.05855
6.28488
6.08115
5.81364
5.4571
4.9978
3.70207
2.51598
0.45218
-3.48485
-13.033
-34.0855
-78.5078
-175.28
-170.497
6.12193
6.13642
6.084
6.32819
6.17586
5.97112
5.69125
5.30499
4.76016
4.01034
2.16387
0.012688
-4.3555
-14.943
-38.4473
-86.8004
-193.188
-130.57
5.95046
6.22506
6.16804
6.03759
6.24437
6.00417
5.69425
5.28731
4.74088
3.30238
1.9174
-0.549832
-5.6223
-17.7184
-43.3186
-101.816
-214.645
-76.5583
6.14949
6.10894
6.35714
6.23243
6.05679
5.80291
5.4642
4.98258
4.29961
3.27488
1.65454
-1.12723
-7.99983
-21.8248
-52.756
-122.369
-239.223
-11.3761
6.22979
6.17602
6.05531
6.25476
6.01813
5.71688
5.3217
4.76697
3.97699
2.77544
0.854116
-2.67736
-11.3672
-30.0452
-66.3635
-154.583
-212.044
2.32008
6.21878
6.09774
6.28972
6.06149
5.73849
5.80817
5.29655
4.63413
3.70159
2.32018
-0.741618
-5.71992
-16.6361
-41.0434
-93.6561
-199.841
-115.234
2.2086
6.34818
6.19852
5.97293
6.09765
5.739
5.29995
4.71627
3.89502
2.68722
0.777991
-2.6706
-10.1119
-26.6515
-58.5614
-136.625
-234.121
2.4201
1.65798
6.09227
6.22135
5.9005
5.95903
5.4981
4.92541
4.09475
3.54194
1.87568
-0.712353
-6.80885
-18.4056
-43.7892
-95.5401
-206.128
-116
2.21167
0.987764
6.06052
6.12462
5.68833
5.66585
5.04937
4.22424
3.72275
2.1558
-0.248809
-4.8332
-14.4837
-35.4586
-74.3073
-167.465
-206.866
2.30911
1.37423
0.522443
5.92657
5.87313
5.77998
5.1061
4.24072
3.72661
2.17696
-0.174632
-4.53052
-13.5529
-31.5942
-67.458
-149.782
-233.621
2.39446
1.66092
0.647422
0.243118
5.77709
5.58632
4.76686
4.30403
3.60884
1.89829
-0.727615
-4.82238
-14.3544
-34.2427
-69.9174
-152.401
-232.595
2.40134
1.71487
0.681669
0.260783
0.0985464
5.23085
4.86541
3.75551
2.91627
1.59117
-1.43724
-6.20763
-17.221
-39.5858
-79.8226
-172.508
-204.778
2.32722
1.5266
0.614603
0.239132
0.0919945
0.00051644
4.42516
3.8791
2.4644
1.20393
-1.1142
-5.89313
-17.002
-36.7229
-75.4559
-168.811
-203.287
2.32729
1.54295
0.620662
0.241647
0.0932837
0.000526744
0.000194762
5.29705
5.58216
5.65582
5.89366
6.09061
6.26064
6.40848
6.14198
6.19817
5.71999
5.62024
4.83754
3.71503
2.6285
-0.416915
-6.72424
-22.0915
-61.0923
5.19415
5.46302
5.7144
5.94477
6.14702
6.33951
6.14357
6.22932
6.2741
5.81916
5.21521
4.97113
3.8602
2.08996
-0.367893
-6.96046
-22.9433
-63.5908
5.28595
5.55956
5.81646
6.07078
6.02391
6.19209
6.33872
6.04037
6.0538
6.03251
5.43372
4.60958
4.04793
2.275
-0.892418
-7.75129
-24.9281
-68.2917
5.29326
5.55884
5.80806
6.03423
6.25881
6.12871
6.25416
6.34201
5.94015
5.90797
5.29315
4.44917
3.8248
1.92058
-1.57889
-9.49529
-28.4155
-77.7513
5.38619
5.64881
5.8927
6.13266
6.05845
6.20826
6.3354
6.00256
5.99705
5.9316
5.27139
4.35857
3.65434
1.55303
-2.32581
-11.1314
-34.5052
-91.0162
5.41178
5.65667
5.87792
6.06874
6.24081
6.40015
6.15119
6.22299
5.76043
5.66625
4.90089
4.47164
3.01719
0.517129
-3.5064
-14.2134
-41.9715
-111.42
5.53738
5.77009
5.97645
6.145
6.29063
6.42393
6.13719
6.18467
5.67589
5.54184
4.68983
4.1237
2.35407
0.025047
-5.98641
-19.8581
-55.0947
-139.885
5.62354
5.8313
6.0064
6.14466
6.23461
6.29079
6.32624
5.87689
5.79783
5.07634
4.7078
3.33813
1.88102
-1.86457
-10.0574
-29.3448
-78.0477
-180.847
5.84067
6.01886
6.16617
6.26825
6.34035
6.391
5.96516
5.86949
5.69037
4.843
4.30561
2.63475
0.572061
-4.55166
-16.0609
-46.1179
-116.238
-231.935
5.8463
6.20876
6.29139
6.33922
6.35523
6.34522
5.8339
5.64948
5.35387
4.32172
3.53546
1.31113
-1.86215
-10.2332
-29.0345
-75.4369
-175.995
-169.665
6.0787
6.11374
6.42598
6.38941
6.31995
6.22731
5.57532
5.25874
4.73151
3.95532
1.95297
-0.650957
-7.22231
-20.7175
-55.6982
-138.194
-232.216
2.37993
6.34834
6.31129
6.21963
6.05564
6.30042
5.5773
5.22636
4.6755
3.80729
2.41054
-0.0727168
-5.88415
-17.5184
-48.4552
-117.055
-230.892
-30.1806
1.7029
6.35891
6.1577
6.3222
6.02297
5.65939
5.21196
4.5892
3.64678
2.1575
-0.500512
-5.74394
-18.4494
-48.0958
-115.049
-228.877
-47.0596
1.84062
0.638735
6.19596
5.8319
5.86882
5.33077
5.24479
4.47661
3.42843
1.80839
-1.06862
-7.12481
-20.6975
-52.9959
-126.658
-239.23
-16.9471
1.68366
0.595079
0.206981
5.69269
5.1678
5.06361
4.90513
4.07743
2.97515
2.01086
-0.62173
-5.94413
-18.1213
-47.3587
-116.562
-238.411
-26.9054
1.74084
0.614291
0.213822
0.00112482
4.66288
4.93893
5.35072
5.58453
5.76693
6.15396
6.25376
6.29437
6.26258
6.13959
5.90859
5.54143
4.97791
4.1084
2.59996
-0.451436
-8.53416
4.59126
4.99038
5.2407
5.64439
5.83594
5.96635
6.32555
6.35781
6.32635
6.20605
5.97401
5.61345
5.06963
4.25563
2.13995
-1.05528
-8.68921
4.6757
4.94215
5.34486
5.56297
5.97011
6.12633
6.22731
6.25556
6.20011
6.05833
5.81268
5.42764
4.85698
3.93409
2.28738
-1.15999
-9.22139
4.69744
5.10057
5.35116
5.56842
5.96428
6.10772
6.1891
6.17379
6.44919
6.28745
6.04878
5.71735
4.63483
3.72004
1.93683
-1.8787
-10.8867
4.78885
5.04537
5.44316
5.64592
6.04461
6.18048
6.25821
6.25995
6.17339
5.99691
5.71012
5.26965
4.61293
3.54269
1.54526
-2.80478
-13.4762
4.82976
5.22248
5.44161
5.83718
5.99409
6.08513
6.42056
6.39644
6.29684
6.10101
5.78042
5.30342
4.56694
3.34887
1.13267
-4.68108
-18.0891
4.96705
5.35304
5.55665
5.94431
6.08602
6.16835
6.15811
6.43481
6.2803
6.03616
5.66259
5.11393
4.25904
2.82143
0.078563
-7.11996
-24.9219
5.08724
5.4633
5.64313
5.99665
6.07393
6.39343
6.37676
6.28197
6.1024
5.81246
5.37681
4.72205
3.69749
1.86778
-1.99935
-11.1439
-35.9273
5.34929
5.5313
5.87624
5.96748
6.27155
6.23338
6.48458
6.3193
6.07302
5.71185
5.1829
4.3885
3.09969
0.648164
-4.81726
-18.7424
-55.9688
5.45805
5.77509
6.09705
6.13278
6.41815
6.33855
6.14811
6.28737
5.91983
5.43741
4.74668
3.69673
1.88665
-1.8044
-10.3611
-33.3801
-97.2709
5.7871
6.07805
6.0865
6.33429
6.20888
6.38154
6.06729
6.10764
5.58362
4.85104
4.39414
2.77938
-0.15703
-6.58315
-22.9213
-66.1754
-166.235
5.99566
6.19406
6.36747
6.52328
6.28265
6.3535
5.8961
5.8195
5.09404
4.06954
3.1413
0.466255
-5.01187
-18.0825
-51.8984
-139.744
-236.409
6.27004
6.3674
6.43204
6.47214
6.041
5.93979
5.76153
4.91037
4.39726
2.73355
0.635784
-4.92111
-17.9658
-49.735
-133.07
-235.902
2.39587
6.24383
6.18971
6.08067
5.9116
5.67954
5.34772
4.8781
4.23682
2.45183
0.104766
-5.09183
-18.781
-54.141
-140.478
-236.384
2.36278
1.17201
5.77849
5.53005
5.69037
5.35556
4.97876
4.48199
3.78098
2.65763
0.558983
-3.96345
-15.0637
-46.4017
-126.43
-243.938
2.40283
1.24804
0.399868
3.73491
4.10429
4.47692
4.84566
5.20136
5.53407
5.83234
6.10393
6.34772
6.19694
6.27389
6.29229
5.72759
5.51305
4.48921
3.59713
3.76664
4.13771
4.51246
4.88422
5.23956
5.5792
5.89137
6.18127
6.12968
6.28447
6.38632
5.96284
5.83717
5.58879
4.5372
3.61662
3.74818
4.20976
4.59278
4.98118
5.19619
5.53127
5.83185
6.08355
6.29556
6.46953
6.18592
6.20489
5.60822
5.31229
4.79306
3.13793
3.86256
4.23388
4.61027
4.98708
5.35789
5.7189
5.81984
6.06619
6.25778
6.40733
6.09758
6.0576
5.9401
5.13019
4.61228
2.89872
3.86301
4.32702
4.70642
5.08969
5.28967
5.61352
5.89889
6.13074
6.31778
6.46149
6.12706
6.07678
5.92305
5.06672
4.49703
2.62428
4.01867
4.38526
4.75202
5.10587
5.4497
5.76712
6.05199
6.31048
6.19353
6.29552
6.33908
5.81963
5.59572
5.21613
3.92225
2.52594
4.1564
4.52057
4.8824
5.23403
5.56855
5.87876
6.16386
6.10726
6.24326
6.30868
6.31057
5.73563
5.4619
5.00796
3.55924
1.84572
4.31185
4.66744
5.01489
5.34572
5.65192
5.91817
6.14941
6.33562
6.47514
6.14014
6.06062
5.86225
5.54861
4.4077
3.36183
0.333294
4.47865
4.80671
5.27656
5.59132
5.8795
6.13529
6.35875
6.19779
6.24864
6.20263
6.05238
5.81275
4.84083
4.06633
2.55403
-1.62106
4.80444
5.12248
5.42714
5.70027
5.93542
6.1223
6.24616
6.29453
6.25236
6.11607
5.87402
5.52603
4.37099
3.26453
0.998596
-5.35566
5.08683
5.35107
5.78059
6.00096
6.17672
6.29015
6.33371
6.2929
6.15538
5.90189
5.50358
4.90668
3.99459
1.55922
-2.56406
-12.9169
5.4749
5.67186
6.04567
6.16167
6.20901
6.50883
6.42379
6.25747
5.987
5.57604
4.97012
4.02525
2.35171
-1.06107
-9.0482
-32.9253
5.82291
6.13251
6.15875
6.41767
6.30433
6.49816
6.23811
5.88635
5.36116
5.18256
4.13725
2.43343
-0.960557
-8.82012
-30.4377
-89.2081
5.97322
6.12631
6.24696
6.36025
6.02733
6.01589
5.97334
5.35297
4.54261
4.01164
2.19182
-1.35416
-8.67771
-30.8092
-92.9327
-212.032
5.62182
5.94936
5.90938
5.88107
5.34531
5.1913
4.92395
4.53398
3.97627
2.27608
-0.0433212
-6.76442
-24.2643
-78.0874
-195.504
-107.453
3.00981
3.41967
3.85553
4.20181
4.65783
4.96722
5.40916
5.62827
6.01894
6.09269
6.39329
6.27351
6.00753
6.0631
5.49136
4.63854
3.03649
3.45302
3.79887
4.24323
4.57478
5.00943
5.45293
5.67689
6.08046
6.17625
6.14954
6.38117
6.12092
5.69419
5.60782
4.75725
3.04068
3.44313
3.87509
4.21932
4.65909
5.11358
5.38499
5.81363
5.97943
6.04708
6.32715
6.16139
6.30241
5.88436
5.24635
4.9328
3.13401
3.47172
3.89934
4.34826
4.67576
5.12716
5.39072
5.80632
5.94132
6.2769
6.2255
6.44264
6.16126
5.7069
5.5984
4.70623
3.15106
3.55616
3.98961
4.32839
4.76478
5.21353
5.46777
5.87996
6.00547
6.34212
6.30169
6.11267
6.22597
5.76148
5.07401
4.66742
3.28202
3.62396
4.04533
4.48861
4.80256
5.2257
5.65308
5.83521
6.2105
6.25004
6.15944
6.3306
5.94272
5.90723
5.19751
4.11881
3.42241
3.76232
4.18494
4.62872
4.93118
5.36434
5.58322
5.94832
6.29731
6.30065
6.16786
6.30799
5.87167
5.79514
5.0106
3.79876
3.58041
3.91317
4.32862
4.75803
5.19586
5.44432
5.84751
5.96711
6.28519
6.21223
6.3956
6.05556
6.0604
5.42411
4.49294
3.67828
3.76814
4.18193
4.60863
4.89346
5.30053
5.70445
5.8557
6.19297
6.17225
6.37726
6.10785
6.13579
5.54975
5.30888
4.1566
2.9508
4.01905
4.41557
4.81466
5.21197
5.60589
5.75998
6.07644
6.36197
6.25659
6.40808
6.04445
6.00637
5.29391
4.90325
3.43262
1.56137
4.36091
4.73498
5.09455
5.44296
5.76624
6.05908
6.32335
6.2074
6.32041
6.36718
5.85757
5.65535
5.29004
4.01097
2.59191
-1.54449
4.823
5.15968
5.47598
5.76024
6.0023
6.19079
6.31936
6.37669
6.35674
6.27806
5.5848
5.20326
4.55067
2.66012
-0.112513
-7.03877
5.34867
5.59811
5.80203
6.20753
6.33152
6.39227
6.38123
6.28165
6.07391
5.74505
5.26683
4.51784
3.2654
0.0198091
-6.41403
-24.8503
5.60716
5.91729
5.94994
6.212
6.10548
6.30389
6.05563
5.69723
5.73322
5.11898
4.29042
2.91913
0.236502
-6.19872
-24.8873
-77.3733
5.64886
5.52201
5.64523
5.7209
5.76368
5.79021
5.29993
5.25393
4.52398
4.23191
2.88305
1.24685
-3.90871
-18.6536
-61.2675
-172.596
2.43912
2.85671
3.23338
3.70674
4.10677
4.49606
4.86206
5.35425
5.64891
5.87719
6.0097
6.35775
6.30387
6.13597
5.82957
5.33082
2.46402
2.88587
3.26702
3.65275
4.14408
4.53619
4.90396
5.2333
5.70683
5.93781
6.08273
6.10973
6.38954
6.20241
5.87802
5.38067
2.51882
2.88352
3.26331
3.72688
4.11736
4.49757
4.99338
5.32774
5.60171
6.05703
6.21335
6.27308
6.20297
5.96452
6.05344
5.50408
2.54732
2.91
3.35973
3.74959
4.13915
4.63342
4.99881
5.31957
5.80129
6.02737
6.17354
6.20914
6.09308
6.27086
5.88362
5.34344
2.61969
2.98513
3.4397
3.83097
4.2145
4.71727
5.08334
5.40756
5.66553
6.1086
6.24114
6.27158
6.16388
5.88346
5.92827
5.3174
2.68634
3.12004
3.50375
3.88657
4.37876
4.75552
5.09806
5.59058
5.85796
6.05335
6.1531
6.12023
6.34747
6.07031
5.65037
5.01298
2.81729
3.18436
3.6416
4.02407
4.52034
4.89598
5.23723
5.52357
5.96901
6.13317
6.19584
6.12388
6.32427
6.00443
5.53405
4.82132
2.97391
3.34488
3.7979
4.17148
4.66032
5.01433
5.32254
5.78585
5.98499
6.08508
6.41503
6.32296
6.09904
5.69194
5.62009
4.74684
3.16624
3.60896
3.97624
4.44991
4.79777
5.28003
5.5729
5.79299
6.19992
6.26485
6.19821
6.41121
6.11441
5.66146
4.9433
4.45161
3.42396
3.85987
4.31738
4.65822
5.12189
5.40387
5.84442
6.02186
6.09749
6.39963
6.27429
5.99138
6.02594
5.42409
4.52506
3.71028
3.77884
4.20653
4.64831
4.94431
5.36197
5.77338
5.92535
6.26787
6.24066
6.47031
6.23472
5.82863
5.73663
4.89945
4.29563
2.24947
4.29007
4.70536
4.97055
5.35079
5.70856
6.047
6.07208
6.28942
6.45938
6.15683
6.18462
5.57959
5.3132
4.15115
2.93416
-0.622572
4.78682
5.12525
5.44478
5.7318
5.97626
6.17088
6.30609
6.37025
6.358
6.28994
5.61239
5.25465
4.6373
2.78938
0.0934686
-6.72822
5.2054
5.60387
5.78232
5.90277
6.25342
6.26957
6.219
6.08608
5.85094
5.51143
5.02731
4.27193
2.93859
0.241909
-6.4542
-26.3484
5.22123
5.49448
5.46218
5.66705
5.85605
5.61655
5.74703
5.33749
5.37302
4.80874
4.08192
2.87371
1.29638
-3.96511
-19.6608
-67.0544
2.0369
2.44584
2.8365
3.24367
3.66231
4.08323
4.49298
4.87861
5.39719
5.71929
5.97937
6.15921
6.24382
6.21551
6.05607
2.05192
2.41876
2.85971
3.27052
3.69195
4.11617
4.53251
4.92711
5.28164
5.57981
6.05223
6.2291
6.31382
6.28376
6.11744
2.10222
2.46976
2.85671
3.2581
3.67242
4.18621
4.60874
5.01406
5.38665
5.70844
5.96259
6.13142
6.19445
6.13393
5.92804
2.13058
2.4969
2.8814
3.35835
3.78109
4.20628
4.62508
5.02509
5.39092
5.70402
5.94041
6.07029
6.42205
6.33914
6.1365
2.19566
2.56654
2.95491
3.35569
3.85952
4.2864
4.70588
5.10449
5.46526
5.76914
5.99911
6.129
6.12456
6.38349
6.13765
2.25596
2.63162
3.08362
3.49693
3.91717
4.33666
4.74289
5.11829
5.44554
5.93225
6.14662
6.27391
6.29065
6.18233
5.93595
2.3816
2.75647
3.15166
3.63393
4.05567
4.47456
4.87761
5.24699
5.56075
5.79964
6.22847
6.31698
6.30052
6.1609
5.87345
2.52825
2.90636
3.37623
3.79054
4.20568
4.6113
4.9919
5.32997
5.81831
6.05212
6.20049
6.25234
6.18799
5.97606
5.55888
2.71838
3.16885
3.57031
3.9733
4.36624
4.88394
5.25301
5.57657
5.8315
5.98883
6.36505
6.34594
6.2203
5.9601
5.52157
2.97927
3.43179
3.8217
4.20914
4.70078
5.05767
5.36652
5.83781
6.04616
6.16088
6.14949
6.39418
6.1581
5.79087
5.21769
3.3389
3.79066
4.15858
4.63766
4.98005
5.28044
5.71801
5.89451
6.27314
6.29409
6.18156
6.35568
5.98885
5.46234
4.62826
3.7768
4.20643
4.64999
4.94695
5.36605
5.77961
5.93321
6.27511
6.24751
6.47762
6.24461
5.83703
5.75703
4.91447
4.30691
4.32231
4.70066
5.06445
5.41701
5.74484
6.04298
6.31285
6.2024
6.32282
6.38209
5.89777
5.76161
4.86575
4.18503
2.79821
4.82947
5.0977
5.53089
5.75562
5.93857
6.0729
6.13291
6.11005
5.99919
5.79095
5.47091
4.98709
4.22588
2.83703
-1.03594
4.97517
5.0839
5.38665
5.6845
5.67391
5.57086
5.78521
5.50314
5.62768
5.21134
4.70809
4.00505
2.81199
0.352369
-5.86373
1.77322
2.13357
2.51895
2.92686
3.35287
3.79007
4.2291
4.65919
5.06775
5.4417
5.76542
6.02207
6.19358
6.25728
6.19549
1.78415
2.14935
2.53912
2.95183
3.38344
3.73382
4.26581
4.70052
5.11586
5.498
5.834
6.11936
6.00788
6.0377
6.34219
1.78748
2.14796
2.53344
2.94084
3.36578
3.80182
4.23999
4.66982
5.07938
5.45274
5.77288
6.022
6.18152
6.22884
6.1451
1.8133
2.17985
2.56504
2.97062
3.47054
3.82823
4.26033
4.82266
5.09522
5.46678
5.78019
6.01456
6.15075
6.17583
6.07522
1.87487
2.24034
2.62966
3.03929
3.46455
3.90478
4.34049
4.76626
5.16887
5.52998
5.8312
6.05314
6.1761
6.18228
6.06126
1.97594
2.35124
2.74892
3.16654
3.59944
4.0406
4.48032
4.90623
5.30345
5.65511
5.94537
6.15637
6.26981
6.26874
6.13734
2.04609
2.42218
2.87351
3.29654
3.73268
4.17476
4.61228
5.03208
5.41865
5.75479
6.02263
6.20692
6.29033
6.25585
6.08625
2.19208
2.62138
3.02939
3.4533
3.8877
4.32386
4.75011
5.15184
5.51237
5.81597
6.04735
6.18989
6.22585
6.13708
5.90272
2.42794
2.81899
3.22666
3.64653
4.0708
4.48904
4.88909
5.25846
5.55985
6.03147
6.20814
6.29705
6.27917
6.13446
5.83871
2.68732
3.07998
3.48401
3.89189
4.29672
4.81332
5.19166
5.52706
5.79883
5.97358
6.36082
6.35993
6.25494
6.02204
5.62635
2.98571
3.43996
3.83162
4.21488
4.71381
5.07244
5.38216
5.85344
6.06261
6.17991
6.16637
6.41772
6.17598
5.80735
5.24803
3.42969
3.87216
4.22759
4.67776
5.14636
5.43931
5.66359
6.05772
6.12488
6.4231
6.29813
6.0111
6.04863
5.44438
4.54212
3.98479
4.38786
4.79325
5.19623
5.59679
5.75709
6.07827
6.36675
6.26385
6.42072
6.06504
6.04203
5.35186
4.98343
3.53969
4.55712
4.88436
5.1889
5.46744
5.71107
5.90733
6.04578
6.11199
6.08836
5.97396
5.77262
5.49584
4.46445
3.57924
1.70686
4.64128
4.99957
5.1334
5.47684
5.51803
5.82827
5.77758
5.6496
5.39808
5.54753
5.12437
4.59322
3.80817
2.36985
-0.961972
1.52988
1.87647
2.25016
2.64882
3.069
3.50003
3.94517
4.38927
4.82001
5.22353
5.58463
5.88713
6.11499
6.25357
1.54189
1.88649
2.2633
2.66538
3.08914
3.52908
3.97739
4.42453
4.85926
5.26872
5.63949
5.9601
6.22735
6.07163
1.57596
1.9304
2.31228
2.72017
3.15163
3.60317
3.96649
4.40857
4.83708
5.23938
5.59451
5.89298
6.11082
6.23027
1.59915
1.95493
2.33748
2.74446
3.17254
3.61711
4.0715
4.5272
4.97631
5.40963
5.59247
5.88966
6.09825
6.1944
1.65796
2.01806
2.40491
2.81605
3.24805
3.69604
4.15457
4.61784
4.91922
5.31522
5.66173
5.94033
6.12483
6.20894
1.72
2.08201
2.47009
2.87628
3.3067
3.74971
4.1969
4.63792
5.05992
5.44678
5.78148
6.04608
6.22266
6.29724
1.82531
2.19448
2.5889
3.00532
3.43903
3.88323
4.32887
4.76445
5.17628
5.54858
5.86387
6.10451
6.25323
6.29603
1.96139
2.33675
2.73543
3.15401
3.58747
4.02861
4.46726
4.89031
5.28299
5.6291
5.91149
6.11244
6.21429
6.2003
2.14341
2.5274
2.92557
3.41375
3.85334
4.29604
4.73104
5.14421
5.51891
5.83666
6.08125
6.2385
6.29144
6.22262
2.39013
2.83555
3.24665
3.66909
4.09562
4.51588
4.91731
5.28506
5.59918
5.83509
6.26027
6.33622
6.30662
6.1544
2.74016
3.12209
3.59834
4.00684
4.40688
4.784
5.29877
5.62583
5.89553
6.08312
6.16235
6.09989
6.31306
6.01655
3.18223
3.63302
4.01072
4.37884
4.85206
5.17069
5.63704
5.86667
6.00466
6.35501
6.31059
6.11344
6.22572
5.76175
3.74668
4.17235
4.4885
4.90335
5.3257
5.54028
5.89571
6.22991
6.2056
6.42088
6.15727
6.21626
5.691
4.93368
4.24517
4.57721
5.0533
5.37587
5.67947
5.96219
5.91358
6.05802
6.11377
6.0831
5.967
5.78783
4.92048
4.31676
4.38338
4.75537
4.93451
5.29552
5.38616
5.73162
5.75541
5.71766
5.60401
5.39974
5.10249
4.68937
4.08689
3.04484
1.3791
1.72006
2.09026
2.48831
2.91199
3.35771
3.82157
4.18312
4.62048
5.04154
5.42662
5.76006
6.02363
6.20335
1.39665
1.74089
2.11506
2.51759
2.88358
3.31725
3.75848
4.20933
4.65381
5.07965
5.47186
5.8143
6.09526
6.31457
1.40661
1.74692
2.1119
2.50924
2.93078
3.37192
3.82633
4.28616
4.74322
5.191
5.41495
5.74366
6.00393
6.17263
1.46061
1.81216
2.14851
2.54464
2.95904
3.39704
3.84716
4.30109
4.74866
5.17938
5.58303
5.9499
5.97112
6.12972
1.51692
1.83485
2.20963
2.60615
3.0307
3.47333
3.9272
4.38362
4.83266
5.26351
5.66918
5.7842
6.02811
6.16273
1.56892
1.92716
2.31433
2.72888
3.16775
3.542
3.9899
4.43022
4.86228
5.2674
5.6302
5.93166
6.15156
6.27463
1.6751
2.04237
2.43815
2.80061
3.22965
3.67324
4.11717
4.56143
4.98819
5.38299
5.72787
6.00471
6.19608
6.28746
1.80568
2.1791
2.57926
3.00306
3.44719
3.90723
4.25998
4.69367
5.1024
5.47128
5.78392
6.0172
6.1655
6.20681
1.9849
2.3638
2.76616
3.18804
3.62449
4.06832
4.50883
4.93272
5.32644
5.67396
5.95792
6.16037
6.26354
6.25003
2.22619
2.61021
3.01438
3.4332
3.85886
4.28643
4.68959
5.22556
5.58746
5.89511
6.12701
6.26598
6.29869
6.20899
2.56636
2.95364
3.35319
3.75776
4.27241
4.68339
5.07147
5.42201
5.71867
5.93966
6.05587
6.39616
6.30467
6.09802
3.00375
3.37684
3.84619
4.23256
4.60066
5.09662
5.41794
5.67375
6.11037
6.23379
6.25007
6.11544
6.28086
5.89597
3.49747
3.90919
4.34213
4.78997
5.08248
5.51381
5.70765
6.0758
6.10576
6.36167
6.1576
6.25312
5.76
5.63741
4.096
4.45427
4.80566
5.1453
5.46455
5.75472
6.00998
6.23014
6.0355
6.07412
6.02527
5.90811
5.13145
4.66554
4.29399
4.52282
4.91519
5.08933
5.47429
5.59473
5.66151
5.67027
5.60986
5.4653
5.22751
4.88145
4.38157
3.57139
1.27829
1.61612
1.98455
2.33321
2.73886
3.17119
3.61955
4.07779
4.53785
4.99073
5.42696
5.6052
5.89212
6.09222
1.29932
1.60419
1.96423
2.34841
2.76365
3.20089
3.65524
4.12105
4.59195
4.90039
5.29818
5.65242
5.94059
6.14842
1.29834
1.63541
2.00259
2.39956
2.82416
3.20002
3.64736
4.09642
4.5478
4.98521
5.39595
5.76675
6.09032
6.0309
1.3292
1.66204
2.02932
2.42514
2.84784
3.29458
3.76043
4.12717
4.5685
4.99563
5.39026
5.73927
6.02988
6.24909
1.3762
1.71963
2.09249
2.49363
2.92143
3.3728
3.74932
4.19732
4.64338
5.07006
5.46485
5.81293
6.10008
6.32227
1.46874
1.78585
2.15917
2.55453
2.97864
3.42209
3.87881
4.34121
4.80109
5.25031
5.46672
5.78544
6.02819
6.17592
1.53974
1.88812
2.27024
2.67773
3.10712
3.55388
4.01235
4.47572
4.9368
5.20348
5.57098
5.86564
6.08309
6.20297
1.66593
2.02729
2.41081
2.82292
3.25446
3.70023
4.1525
4.6009
5.03365
5.43725
5.79551
6.0936
6.32813
6.11297
1.87507
2.20752
2.59918
3.01197
3.52084
3.88373
4.32319
4.75061
5.15244
5.5133
5.81612
6.04317
6.17761
6.19703
2.10518
2.48833
2.89343
3.31608
3.75041
4.18781
4.61683
5.02443
5.39856
5.72353
5.98141
6.15393
6.2235
6.17288
2.38926
2.82415
3.22957
3.6454
4.06386
4.47322
4.86129
5.37943
5.7057
5.97271
6.15874
6.24664
6.22288
6.0669
2.80698
3.24675
3.63044
4.11833
4.51015
4.87907
5.20917
5.67703
5.90277
6.03496
6.39072
6.34276
6.17513
5.86294
3.36137
3.78518
4.2301
4.56194
5.01592
5.29013
5.71055
5.86071
6.20047
6.16382
6.38016
6.09884
6.15752
5.60482
3.88118
4.2357
4.7253
5.09776
5.26828
5.57048
5.82347
6.01913
6.16736
6.27465
5.87467
5.79212
5.62357
4.72217
4.07686
4.46791
4.6931
5.09868
5.27567
5.39172
5.75646
5.7803
5.74169
5.63273
5.44394
5.1563
4.75275
4.19162
1.20764
1.53983
1.86364
2.24042
2.64909
3.08036
3.53044
3.99508
4.46909
4.79292
5.20498
5.5779
5.88601
6.11474
1.19921
1.51984
1.87633
2.26199
2.67467
3.11194
3.57074
3.94319
4.39732
4.83508
5.25089
5.62334
5.93557
6.1763
1.22629
1.55815
1.92127
2.31487
2.67962
3.10635
3.55553
4.0137
4.472
4.92191
5.35694
5.54448
5.84671
6.07443
1.25049
1.58361
1.9469
2.34038
2.76287
3.13999
3.58826
4.03891
4.49142
4.92913
5.34125
5.71813
6.05397
6.01695
1.30259
1.64088
2.00964
2.40843
2.77553
3.21066
3.65624
4.11377
4.5677
5.00655
5.42
5.8024
5.86792
6.0772
1.36144
1.7015
2.06645
2.46388
2.88593
3.32929
3.79008
4.26348
4.60414
5.02921
5.42457
5.76554
6.0353
6.21665
1.45624
1.8008
2.17877
2.58301
3.01085
3.45925
3.92493
4.28355
4.72817
5.14519
5.52877
5.85196
6.09682
6.24869
1.58157
1.93255
2.31715
2.72638
3.15634
3.60198
4.05688
4.51287
4.96046
5.39199
5.57373
5.87012
6.08061
6.18642
1.78225
2.11171
2.50028
2.91188
3.34125
3.78229
4.22662
4.66393
5.07586
5.45748
5.78597
6.04129
6.205
6.25955
2.00837
2.38695
2.78876
3.20988
3.64463
4.08532
4.52201
4.94238
5.33241
5.67748
5.96015
6.16163
6.2635
6.24849
2.28495
2.72019
3.12436
3.54078
3.96211
4.37807
4.77454
5.13733
5.64611
5.9312
6.14555
6.26737
6.28104
6.16723
2.70378
3.14187
3.52912
3.92036
4.40984
4.78577
5.12238
5.60691
5.8597
6.0335
6.09894
6.40608
6.27217
6.00552
3.25218
3.67835
4.025
4.46246
4.91713
5.20277
5.63181
5.80511
6.16406
6.16625
6.42383
6.22297
5.8594
5.84191
3.77018
4.13232
4.62855
4.85401
5.1972
5.50984
5.77542
5.99736
6.1683
6.30674
5.96682
5.96265
5.32621
5.02357
3.97687
4.37294
4.61385
5.03102
5.23344
5.38603
5.45976
5.80497
5.77872
5.69103
5.52897
5.29339
4.99854
3.92321
1.14606
1.47187
1.82892
2.17087
2.57305
2.99296
3.43618
3.89238
4.35552
4.8177
5.26846
5.48095
5.79648
6.03283
1.16599
1.49382
1.81381
2.18634
2.59171
3.02101
3.4703
3.93502
4.40928
4.73624
5.14914
5.52518
5.84249
6.08752
1.1657
1.4912
1.84718
2.23368
2.64935
3.02347
3.46716
3.91569
4.37022
4.81483
5.2378
5.6289
5.9813
5.97521
1.19817
1.51828
1.87396
2.25912
2.67282
3.11284
3.5749
3.9486
4.39977
4.83044
5.23928
5.60833
5.92615
6.18294
1.24458
1.5712
1.93273
2.32362
2.74267
3.18754
3.56695
4.02109
4.46662
4.90296
5.31212
5.68015
5.9965
6.25714
1.323
1.66589
1.9975
2.3876
2.79776
3.23409
3.68638
4.14841
4.6133
5.07361
5.32193
5.66753
5.94432
6.13257
1.41912
1.77045
2.10734
2.49888
2.91948
3.35908
3.81256
4.27361
4.73469
5.18878
5.41874
5.7495
6.00678
6.17062
1.53643
1.89558
2.28389
2.64275
3.06597
3.50038
3.94944
4.39961
4.84066
5.2596
5.64243
5.9734
6.24813
6.09691
1.69502
2.05948
2.45121
2.86702
3.30308
3.75416
4.21443
4.67729
4.97159
5.35946
5.69288
5.95563
6.1313
6.20319
1.92313
2.29366
2.68829
3.10307
3.53236
3.96887
4.40405
4.82694
5.22351
5.57663
5.86855
6.08092
6.19529
6.19324
2.25004
2.62723
3.02267
3.43032
3.84122
4.36478
4.77872
5.16975
5.52229
5.81983
6.04639
6.18327
6.20856
6.0938
2.66742
3.04026
3.42562
3.8976
4.28642
4.65928
5.15173
5.46725
5.71695
6.15494
6.27271
6.28987
6.17802
5.89124
3.14657
3.55874
3.99794
4.3382
4.77533
5.22503
5.47635
5.89147
6.01336
6.35032
6.2994
6.10527
6.21802
5.74852
3.73099
4.10432
4.47898
4.8492
5.20633
5.54461
5.86673
5.87226
6.06764
6.22156
5.90123
5.86637
5.75535
4.96672
3.96568
4.23014
4.64644
4.8852
5.0805
5.48432
5.61354
5.68507
5.69339
5.6295
5.4862
5.24674
4.89815
4.39998
1.12251
1.44563
1.76197
2.13012
2.53115
2.95645
3.40237
3.86467
4.33832
4.67099
5.09392
5.47038
5.7947
6.04536
1.11374
1.43055
1.77338
2.15076
2.55545
2.9849
3.43594
3.9046
4.26532
4.70605
5.12812
5.51236
5.84516
6.11046
1.13963
1.46294
1.81726
2.20173
2.56046
2.98497
3.42335
3.87878
4.33721
4.7878
5.22069
5.62991
5.75101
5.99935
1.16384
1.48772
1.84192
2.22612
2.63938
3.07907
3.45794
3.90553
4.35857
4.80102
5.2219
5.61014
5.96126
5.95699
1.21126
1.5405
1.90014
2.28986
2.70808
3.08267
3.52814
3.97753
4.43207
4.87558
5.29419
5.67637
6.01802
5.99665
1.29571
1.60094
1.95585
2.34468
2.7593
3.19599
3.64978
4.1153
4.58725
4.89842
5.29905
5.65417
5.94337
6.15172
1.36014
1.69877
2.06238
2.45828
2.87823
3.31833
3.77371
4.23871
4.70808
5.00615
5.39643
5.73716
6.00742
6.18887
1.50771
1.82451
2.19821
2.59337
3.01619
3.45666
3.90853
4.36292
4.80875
5.23369
5.62511
5.97644
5.9773
6.12733
1.66249
2.02342
2.41165
2.82508
3.26089
3.7154
4.07517
4.51529
4.93751
5.32627
5.66559
5.93302
6.12221
6.20633
1.88613
2.25334
2.64493
3.05748
3.48614
3.92365
4.36064
4.78597
5.18592
5.54443
5.84401
6.06679
6.19457
6.20952
2.20399
2.58032
2.9749
3.38323
3.79734
4.2113
4.7375
5.13373
5.49513
5.80257
6.03641
6.18364
6.22675
6.14538
2.61959
2.991
3.37034
3.84693
4.23844
4.61062
5.11398
5.44329
5.71597
5.90097
6.29442
6.31702
6.22422
5.99117
3.0962
3.50694
3.94559
4.28841
4.72844
5.18359
5.44726
5.87505
6.027
6.06955
6.34203
6.14455
6.26178
5.8153
3.67919
4.05374
4.43133
4.80621
5.17282
5.52937
5.62194
5.87307
6.07712
6.2424
5.93516
5.91045
5.81612
5.06206
3.91756
4.18538
4.6048
4.85533
5.07256
5.23055
5.62414
5.69287
5.70761
5.65673
5.5319
5.32174
5.01164
4.59721
1.08629
1.40244
1.74878
2.12542
2.5311
2.96429
3.34185
3.78818
4.24399
4.69252
5.12142
5.52049
5.88494
5.90869
1.10195
1.42117
1.77133
2.15159
2.50722
2.92311
3.36442
3.81877
4.27762
4.73002
5.16589
5.57897
5.71012
5.96563
1.11182
1.42814
1.7704
2.14714
2.5511
2.97948
3.42878
3.89473
4.25227
4.69496
5.11073
5.49602
5.82774
6.08474
1.15951
1.48566
1.80435
2.1804
2.57888
3.00605
3.452
3.91099
4.3767
4.84247
5.11987
5.49318
5.81238
6.05316
1.2085
1.50643
1.85835
2.23506
2.64378
3.07576
3.52602
3.98908
4.45952
4.77854
5.19132
5.55483
5.8659
6.10061
1.2547
1.58737
1.9503
2.3431
2.76388
3.13823
3.57847
4.03268
4.48566
4.92596
5.33878
5.7121
6.04159
5.9989
1.34719
1.68791
2.05882
2.45866
2.82423
3.25772
3.70066
4.15521
4.60492
5.03738
5.43824
5.79557
6.10537
6.02686
1.46399
1.81154
2.18738
2.58994
3.01665
3.46369
3.92684
4.28032
4.71659
5.12218
5.49425
5.81213
6.05724
6.2084
1.62356
1.97347
2.35462
2.7597
3.18513
3.62566
4.07375
4.51856
4.94665
5.3432
5.69194
5.9753
6.17518
6.27364
1.83799
2.24395
2.639
3.05465
3.4869
3.92901
4.37185
4.80378
5.21068
5.57636
5.88325
6.11569
6.25585
6.28604
2.14657
2.51331
2.96661
3.38086
3.80408
4.22801
4.64092
5.02829
5.37103
5.6516
6.11086
6.25873
6.30936
6.24528
2.55268
2.98253
3.36746
3.7545
4.24979
4.63957
5.00165
5.32072
5.78859
5.99977
6.11645
6.11296
6.37195
6.14826
3.08562
3.50799
3.85308
4.29663
4.75548
5.06019
5.50567
5.71655
6.11112
6.18493
6.12684
6.32587
5.99527
6.02503
3.59918
3.96703
4.33666
4.70081
5.05281
5.38428
5.68043
5.94255
6.17381
5.99553
6.08262
6.10447
5.53632
5.35682
3.81514
4.21206
4.46751
4.89143
5.11679
5.29741
5.40675
5.77648
5.79593
5.7732
5.71884
5.08921
4.82505
4.36203
1.07532
1.38234
1.72465
2.09585
2.49491
2.92025
3.36916
3.83719
4.20119
4.64209
5.0639
5.44685
5.7772
6.04177
1.08262
1.39826
1.74386
2.11928
2.52369
2.95497
3.33135
3.78136
4.22921
4.67398
5.0983
5.49004
5.83617
6.13008
1.11699
1.43827
1.75343
2.1254
2.51997
2.94332
3.38533
3.83987
4.29956
4.75607
5.20343
5.42303
5.75151
6.00541
1.13635
1.45875
1.81242
2.19665
2.55523
2.97837
3.41365
3.86433
4.31733
4.76433
5.19685
5.60783
5.73072
5.98042
1.18407
1.51128
1.8694
2.25812
2.61882
3.04039
3.48479
3.93912
4.39478
4.84213
5.27073
5.67453
5.78294
6.01708
1.23511
1.56363
1.92163
2.30841
2.72241
3.16129
3.62118
3.99122
4.44133
4.87034
5.27441
5.63337
5.93228
6.15396
1.32828
1.66485
2.03005
2.42298
2.84207
3.28452
3.74703
4.11263
4.55999
4.98204
5.3754
5.71943
5.99643
6.19099
1.44714
1.79148
2.16317
2.56045
2.98051
3.41923
3.87091
4.32719
4.7768
5.20932
5.61763
5.74194
5.99259
6.1346
1.60918
1.96118
2.33943
2.74105
3.16203
3.59706
4.03888
4.47718
4.89959
5.28632
5.63279
5.9158
6.11461
6.21041
1.85873
2.22468
2.61481
3.02618
3.4539
3.89098
4.32809
4.7535
5.15372
5.51479
5.82008
6.05174
6.19159
6.22127
2.12407
2.54022
2.93543
3.34574
3.76543
4.18463
4.58918
4.96554
5.47862
5.78343
6.02152
6.17845
6.23584
6.17501
2.52425
2.94381
3.32392
3.8021
4.20073
4.58544
4.94267
5.42867
5.7017
5.89224
6.28865
6.3243
6.2518
6.05443
3.04163
3.45624
3.89537
4.23882
4.69448
5.00313
5.43926
5.6514
6.02715
6.07247
6.34581
6.16175
6.29076
5.86829
3.62344
3.9966
4.37398
4.75024
5.11998
5.48142
5.58772
5.84927
6.06182
6.23423
5.94058
5.93076
5.85274
5.12235
3.86162
4.12987
4.54498
4.79193
4.99919
5.41188
5.56685
5.66439
5.69986
5.66502
5.55336
5.35352
5.04308
4.58591
1.09135
1.37991
1.71539
2.0849
2.48127
2.90258
3.34618
3.8084
4.2837
4.62187
5.04642
5.42247
5.7456
5.99468
1.07506
1.38904
1.73293
2.10602
2.5073
2.93523
3.38684
3.76185
4.21431
4.6523
5.07291
5.45663
5.78851
6.05168
1.10708
1.42737
1.77811
2.11507
2.51263
2.929
3.36894
3.82043
4.27509
4.72397
5.15865
5.57355
5.70717
5.96107
1.12779
1.44765
1.79844
2.18047
2.59213
2.96419
3.40397
3.8475
4.29645
4.73568
5.15457
5.5422
5.88869
6.18524
1.17403
1.49881
1.8544
2.24059
2.65636
3.02963
3.46688
3.91856
4.37032
4.81207
5.23171
5.61942
5.97115
5.96769
1.23285
1.55914
1.91015
2.29409
2.70427
3.13776
3.59054
4.05722
4.53166
4.84777
5.24965
5.60717
5.90003
6.11285
1.3203
1.65586
2.01944
2.40973
2.82487
3.26239
3.71869
4.18967
4.53305
4.96373
5.35222
5.69406
5.96713
6.15137
1.44512
1.78384
2.1547
2.55041
2.96799
3.40343
3.85123
4.30323
4.74884
5.17555
5.57273
5.93459
5.95374
6.11445
1.63926
1.95823
2.33395
2.7331
3.15081
3.66864
4.02679
4.46436
4.88561
5.27636
5.62115
5.90347
6.09916
6.19752
1.84934
2.21515
2.60524
3.0161
3.44262
3.87822
4.31378
4.73774
5.13785
5.49946
5.80557
6.0382
6.1788
6.20895
2.15668
2.53111
2.92472
3.33355
3.75041
4.16455
4.56582
5.08833
5.44649
5.75682
5.99993
6.16009
6.21861
6.15308
2.56109
2.93038
3.30848
3.7835
4.17701
4.55268
5.05684
5.39031
5.6702
5.86427
6.25916
6.295
6.22387
6.01701
3.02673
3.43445
3.87064
4.21562
4.65603
5.11235
5.38302
5.81673
5.98064
6.04053
6.30734
6.12835
6.25781
5.83803
3.59597
3.96668
4.34055
4.7113
5.07222
5.42124
5.75965
5.79753
6.00942
6.15933
6.26465
5.85325
5.79623
5.06805
3.83172
4.1034
4.50561
4.7398
5.15575
5.35738
5.51756
5.62724
5.66973
5.63467
5.51638
5.30815
4.98893
4.51795
)
;

boundaryField
{
    walls
    {
        type            zeroGradient;
    }
    procBoundary3to0
    {
        type            processor;
        value           nonuniform List<scalar> 
555
(
2.9718e-13
2.90518e-13
2.77369e-13
2.57385e-13
2.3185e-13
2.01562e-13
1.68602e-13
1.3415e-13
1.01087e-13
7.15616e-14
4.7102e-14
2.91303e-14
1.66056e-14
9.31977e-15
5.71154e-15
1.97719e-12
1.93278e-12
1.84507e-12
1.71466e-12
1.5458e-12
1.34485e-12
1.12398e-12
8.96423e-13
6.78125e-13
4.83593e-13
3.22541e-13
2.00243e-13
1.15901e-13
6.47268e-14
4.11693e-14
1.48342e-11
1.45051e-11
1.38505e-11
1.28796e-11
1.16186e-11
1.01211e-11
8.46894e-12
6.76794e-12
5.13276e-12
3.66934e-12
2.45545e-12
1.52897e-12
8.86986e-13
4.96395e-13
3.15186e-13
1.11491e-10
1.09043e-10
1.04163e-10
9.69172e-11
8.75003e-11
7.63049e-11
6.39425e-11
5.11962e-11
3.89183e-11
2.78983e-11
1.87251e-11
1.16927e-11
6.79358e-12
3.79896e-12
2.4066e-12
8.37288e-10
8.19111e-10
7.82794e-10
7.28788e-10
6.58522e-10
5.74918e-10
4.82527e-10
3.87122e-10
2.95019e-10
2.1211e-10
1.42832e-10
8.94712e-11
5.21041e-11
2.91527e-11
1.84382e-11
6.28117e-09
6.14638e-09
5.87657e-09
5.47462e-09
4.95099e-09
4.32757e-09
3.6381e-09
2.92505e-09
2.23504e-09
1.61202e-09
1.08947e-09
6.84995e-10
4.00146e-10
2.24213e-10
1.41744e-10
4.70555e-08
4.60574e-08
4.40559e-08
4.10696e-08
3.71737e-08
3.25334e-08
2.73978e-08
2.20783e-08
1.69175e-08
1.2243e-08
8.30713e-09
5.24533e-09
3.07602e-09
1.72796e-09
1.09306e-09
3.5195e-07
3.44559e-07
3.29728e-07
3.07577e-07
2.78638e-07
2.44171e-07
2.06001e-07
1.6641e-07
1.279e-07
9.28959e-08
6.3302e-08
4.01605e-08
2.36618e-08
1.33408e-08
8.45347e-09
2.62848e-06
2.57359e-06
2.4636e-06
2.29933e-06
2.08447e-06
1.82879e-06
1.54556e-06
1.2517e-06
9.65323e-07
7.04018e-07
4.82004e-07
3.07366e-07
1.82064e-07
1.03145e-07
6.55419e-08
1.96247e-05
1.92145e-05
1.8396e-05
1.71737e-05
1.55743e-05
1.36722e-05
1.15659e-05
9.38624e-06
7.26513e-06
5.32512e-06
3.66704e-06
2.35155e-06
1.40068e-06
7.98153e-07
5.0919e-07
0.000146839
0.000143769
0.000137676
0.000128559
0.000116609
0.000102329
8.64809e-05
7.0162e-05
5.44169e-05
4.01014e-05
2.78536e-05
1.79947e-05
1.07747e-05
6.17566e-06
3.96044e-06
0.0010997
0.00107734
0.00103368
0.000967345
0.000879644
0.000772519
0.000651571
0.000526165
0.000405917
0.000298956
0.000210308
0.0001378
8.30257e-05
4.77195e-05
3.07768e-05
0.539325
0.529604
0.510322
0.481442
0.442727
0.393062
0.334178
0.269818
0.204949
0.146908
0.103436
0.00105193
0.000644267
0.0003685
0.00023768
2.33468
2.32972
2.32008
2.30023
2.27009
2.24335
2.20587
2.15959
1.78165
1.20362
0.770819
0.523798
0.33692
0.192261
0.120084
-34.8936
-35.1403
-36.2286
-39.1001
-44.3187
-51.8787
-68.3027
-102.1
-163.233
-230.112
-96.5598
2.33759
2.21214
1.70194
0.960602
1.28513
0.681379
0.756053
0.282936
-0.144504
-1.50091
-3.24786
-6.36596
-10.8081
-18.4311
-26.0102
-38.0801
-71.5665
-176.875
-197.8
5.34605
5.41791
5.23106
5.48432
5.07353
5.12078
4.97459
4.51466
4.22052
3.58113
2.56381
0.433142
-3.13616
-11.8648
-23.1957
6.17323
5.86422
5.97204
5.93092
6.13773
5.857
6.09477
5.82317
6.15128
5.93073
6.04452
5.88004
6.07691
5.96883
5.93839
5.98301
5.99109
6.14853
5.89586
6.28328
5.67426
6.33453
5.25916
6.3392
4.57516
5.92763
3.78314
5.53359
2.31097
4.89248
5.86422
5.93092
5.857
5.82317
5.93073
5.88004
5.96883
5.98301
6.14853
6.28328
6.33453
6.3392
5.92763
5.53359
4.89248
4.86566
4.26864
4.91963
4.30985
5.00205
4.28615
5.01569
4.30881
5.11114
4.40119
5.15573
4.56337
5.2865
4.58787
5.39852
4.84729
5.6399
4.98704
5.70718
5.29027
5.98217
5.49782
6.06252
5.77738
6.16081
6.13694
6.08553
6.255
5.71187
5.94341
4.26864
4.30985
4.28615
4.30881
4.40119
4.56337
4.58787
4.84729
4.98704
5.29027
5.49782
5.77738
6.13694
6.255
5.94341
3.37492
3.40435
3.39576
3.42482
3.51129
3.65148
3.7116
3.95005
4.1398
4.3648
4.79034
5.09006
5.51767
5.78743
5.61272
2.6307
2.64722
2.7086
2.7374
2.81754
2.88195
3.01722
3.17405
3.36954
3.63513
3.98614
4.47718
4.9237
5.29009
5.2159
2.09945
2.12166
2.12401
2.15802
2.22044
2.33556
2.41431
2.61484
2.8112
3.0756
3.4432
3.88618
4.43918
4.82683
4.95175
1.69463
1.71335
1.75611
1.78554
1.84512
1.90601
2.02512
2.16706
2.35401
2.61479
2.97812
3.43959
3.94322
4.52953
4.64216
1.43923
1.41783
1.45387
1.47779
1.5353
1.59515
1.69857
1.83298
2.01436
2.26323
2.61914
3.07736
3.59498
4.1149
4.30097
1.2116
1.22036
1.25025
1.27169
1.32585
1.38542
1.48304
1.61167
1.78747
2.02801
2.37144
2.8217
3.33902
3.90251
4.15263
1.06757
1.08226
1.11871
1.13871
1.19074
1.24023
1.33783
1.46048
1.63212
1.86538
2.15605
2.58316
3.16155
3.64678
3.90996
0.971784
0.990491
0.99132
1.02215
1.06748
1.14455
1.24013
1.35925
1.52513
1.74679
2.02659
2.45098
2.96436
3.5245
3.81326
0.906378
0.924204
0.92505
0.95243
0.994841
1.07338
1.13773
1.28004
1.43805
1.65537
1.93134
2.34904
2.85569
3.41014
3.70491
0.851707
0.868644
0.875587
0.922983
0.944079
1.01104
1.0986
1.20835
1.35929
1.57923
1.89372
2.25991
2.80637
3.36454
3.57862
0.829711
0.846539
0.846826
0.876052
0.912239
0.986857
1.07358
1.183
1.32998
1.5452
1.815
2.21511
2.75748
3.31279
3.53231
0.800306
0.813069
0.844947
0.863401
0.908549
0.952046
1.03649
1.14538
1.29628
1.50256
1.80164
2.20406
2.68945
3.23897
3.53716
0.811819
0.796977
0.82569
0.844563
0.887427
0.941986
1.02085
1.13628
1.28559
1.51869
1.77625
2.17493
2.70977
3.18527
3.47877
0.801949
0.796527
0.81759
0.838065
0.879296
0.956546
1.01945
1.1306
1.30685
1.50951
1.76598
2.16024
2.68946
3.23371
3.4505
)
;
    }
    procBoundary3to4
    {
        type            processor;
        value           nonuniform List<scalar> 
300
(
2.28083
2.27002
2.24992
2.21393
2.17969
1.7679
1.34005
0.947447
0.621365
0.367049
0.192357
0.090213
0.000543432
0.000189355
7.08745e-05
-152.931
-157.064
-166.54
-181.126
-202.877
-230.697
-231.326
-145.073
-10.5465
2.22611
1.30513
0.578812
0.217813
0.00108414
0.000390241
-29.1604
0.923737
-29.6014
0.876136
-32.719
0.946999
-36.7368
0.503174
-43.5694
-0.170378
-54.1299
-1.64585
-74.8423
-3.27897
-105.82
-5.53775
-149.836
-10.4163
-215.515
-21.1749
-184.771
-41.5027
2.33429
-98.9034
1.22794
-208.227
0.37682
-72.4337
0.129311
2.16255
0.923737
0.876136
0.946999
0.503174
-0.170378
-1.64585
-3.27897
-5.53775
-10.4163
-21.1749
-41.5027
-98.9034
-208.227
-72.4337
2.16255
3.93139
3.41637
3.5794
3.3071
3.07386
2.95553
2.35977
1.09451
-0.638727
-4.14595
-10.3704
-28.8537
-77.402
-194.471
-154.703
4.49568
5.74217
4.59617
5.79739
4.70613
5.51422
4.52976
5.781
4.42364
5.75077
3.95064
5.52032
3.61354
5.39697
3.3758
5.4598
2.62495
4.80857
1.09396
4.2624
-2.11344
3.94391
-8.12547
2.25604
-28.3145
-1.11004
-86.9288
-9.37594
-184.959
-25.7045
5.74217
5.79739
5.51422
5.781
5.75077
5.52032
5.39697
5.4598
4.80857
4.2624
3.94391
2.25604
-1.11004
-9.37594
-25.7045
6.00043
6.29202
6.17189
6.09506
5.91874
6.22975
5.8313
6.17362
5.79496
6.17165
5.85548
6.26388
5.75805
6.2274
5.49086
6.05404
5.34901
6.01266
4.99695
5.85459
4.35222
5.57637
3.74534
5.10717
1.7311
4.42488
-2.93534
3.11094
-11.2639
0.875939
6.29202
6.09506
6.22975
6.17362
6.17165
6.26388
6.2274
6.05404
6.01266
5.85459
5.57637
5.10717
4.42488
3.11094
0.875939
6.29229
6.06969
6.23031
6.1716
6.18741
6.29545
6.27328
6.12071
6.10147
5.97703
5.74309
5.3492
4.73594
3.79314
2.01814
6.18833
6.26048
6.12776
6.39235
6.07993
6.21699
6.20744
6.08649
6.09089
5.98307
5.74367
5.32815
4.79843
4.10854
2.45337
6.25763
6.34858
6.19874
6.1349
6.17286
6.30099
6.29926
6.17563
6.18704
6.09812
5.90195
5.55919
5.12483
4.46418
2.96981
6.17279
6.24995
6.11643
6.36941
6.07816
6.219
6.22373
6.1203
6.14431
6.06178
5.79173
5.92901
5.04946
4.5191
3.58589
6.20621
6.30788
6.15069
6.10359
6.12578
6.25792
6.26282
6.14471
6.16809
6.0942
5.91393
5.55838
5.15404
4.67019
3.25277
6.0771
6.13024
6.25433
6.19597
6.23618
6.11377
6.11197
6.24406
6.25586
6.18904
6.04571
5.79117
5.42485
4.35965
3.58533
6.22791
6.01844
6.16354
6.12028
6.14894
6.28445
6.28999
6.16555
6.18654
6.12377
5.97492
5.69299
5.2411
4.75701
3.9062
6.15562
6.23663
6.12108
6.06543
6.11022
6.22857
6.23096
6.14428
6.17492
6.11069
5.93191
5.61306
5.20374
4.62697
3.76408
)
;
    }
    procBoundary3to5
    {
        type            processor;
        value           nonuniform List<scalar> 
285
(
9.10383e-17
9.10383e-17
-1.30451e-17
9.10383e-17
-1.17129e-16
5.63438e-17
-1.30451e-17
-1.30451e-17
5.63438e-17
2.16493e-17
-1.30451e-17
-4.77396e-17
-4.77396e-17
-1.30451e-17
9.10383e-17
-1.30451e-17
-1.30451e-17
-1.30451e-17
-4.77396e-17
-1.30451e-17
-1.30451e-17
9.10383e-17
1.25733e-16
-1.30451e-17
-8.24341e-17
-1.30451e-17
-4.77396e-17
-1.30451e-17
-1.30451e-17
9.10383e-17
6.80844e-16
6.11455e-16
1.95122e-16
2.29816e-16
3.68594e-16
2.16493e-17
9.10383e-17
5.63438e-17
9.10383e-17
9.10383e-17
5.63438e-17
-1.30451e-17
1.95122e-16
-8.24341e-17
9.10383e-17
4.7401e-15
4.21968e-15
4.21968e-15
3.97682e-15
3.38701e-15
2.76251e-15
2.34618e-15
1.51351e-15
1.30534e-15
6.4615e-16
2.29816e-16
5.63438e-17
1.25733e-16
-1.30451e-17
-1.30451e-17
3.60345e-14
3.53753e-14
3.36059e-14
3.00324e-14
2.63201e-14
2.23649e-14
1.77505e-14
1.34137e-14
9.63202e-15
6.23196e-15
3.73396e-15
2.13801e-15
9.584e-16
2.29816e-16
5.63438e-17
2.80041e-13
2.72339e-13
2.569e-13
2.34452e-13
2.05933e-13
1.73737e-13
1.39459e-13
1.05389e-13
7.4927e-14
4.90449e-14
2.9963e-14
1.71607e-14
9.07691e-15
4.1156e-15
2.34618e-15
2.17266e-12
2.11222e-12
1.992e-12
1.81787e-12
1.59732e-12
1.34481e-12
1.0768e-12
8.1437e-13
5.77234e-13
3.79649e-13
2.29699e-13
1.2735e-13
6.4935e-14
3.03446e-14
1.68138e-14
1.68758e-11
1.64019e-11
1.54664e-11
1.41071e-11
1.23906e-11
1.04214e-11
8.33773e-12
6.2954e-12
4.44865e-12
2.9163e-12
1.75754e-12
9.66193e-13
4.83246e-13
2.25466e-13
1.18746e-13
1.31266e-10
1.27558e-10
1.20243e-10
1.09621e-10
9.6229e-11
8.0878e-11
6.46374e-11
4.87325e-11
3.43558e-11
2.24435e-11
1.34608e-11
7.34654e-12
3.63357e-12
1.67007e-12
8.61277e-13
1.02242e-09
1.02242e-09
9.93302e-10
9.93302e-10
9.35914e-10
9.35914e-10
8.52738e-10
8.52738e-10
7.48077e-10
7.48077e-10
6.28229e-10
6.28229e-10
5.01501e-10
5.01501e-10
3.77465e-10
3.77465e-10
2.65437e-10
2.65437e-10
1.72764e-10
1.72764e-10
1.03075e-10
1.03075e-10
5.58275e-11
5.58275e-11
2.72993e-11
2.72993e-11
1.23323e-11
1.23323e-11
6.22018e-12
6.22018e-12
3.77855e-09
3.66779e-09
3.4501e-09
3.13588e-09
2.74247e-09
2.29392e-09
1.82188e-09
1.36246e-09
9.50324e-10
6.12331e-10
3.60863e-10
1.92535e-10
9.24174e-11
4.07743e-11
2.00105e-11
2.92066e-08
2.83362e-08
2.66313e-08
2.41807e-08
2.11248e-08
1.76464e-08
1.39893e-08
1.0434e-08
7.25123e-09
4.64869e-09
2.72075e-09
1.43765e-09
6.80516e-10
2.9417e-10
1.40654e-10
2.25656e-07
2.18788e-07
2.0541e-07
1.86277e-07
1.62542e-07
1.35572e-07
1.07242e-07
7.97378e-08
5.51833e-08
3.51759e-08
2.04287e-08
1.06794e-08
4.97834e-09
2.1049e-09
9.78525e-10
1.74147e-06
1.68723e-06
1.58225e-06
1.43285e-06
1.24857e-06
1.03945e-06
8.20087e-07
6.07511e-07
4.18408e-07
2.64967e-07
1.52529e-07
7.87811e-08
3.61058e-08
1.4901e-08
6.71999e-09
1.341e-05
1.29842e-05
1.21629e-05
1.09977e-05
9.56727e-06
7.94513e-06
6.24786e-06
4.6085e-06
3.15628e-06
1.98356e-06
1.13015e-06
5.75738e-07
2.58873e-07
1.04024e-07
4.53993e-08
0.000102896
9.96073e-05
9.32133e-05
8.41436e-05
7.30431e-05
6.04437e-05
4.7331e-05
3.47389e-05
2.3639e-05
1.47221e-05
8.28542e-06
4.15385e-06
1.82758e-06
7.12914e-07
3.00344e-07
0.000786365
0.000761192
0.000711938
0.000640961
0.000554558
0.0004564
0.000355338
0.000259369
0.000175186
0.000107947
5.98367e-05
2.9435e-05
1.26299e-05
4.76577e-06
1.93342e-06
0.401149
0.387998
0.362355
0.324346
0.279025
0.227412
0.17501
0.126822
0.0012792
0.000777329
0.000422644
0.000203265
8.46883e-05
3.07825e-05
1.20012e-05
)
;
    }
}


// ************************************************************************* //
