/*--------------------------------*- C++ -*----------------------------------*\
| =========                 |                                                 |
| \\      /  F ield         | OpenFOAM: The Open Source CFD Toolbox           |
|  \\    /   O peration     | Version:  2312                                  |
|   \\  /    A nd           | Website:  www.openfoam.com                      |
|    \\/     M anipulation  |                                                 |
\*---------------------------------------------------------------------------*/
FoamFile
{
    version     2.0;
    format      ascii;
    arch        "LSB;label=32;scalar=64";
    class       pointVectorField;
    location    "0.6";
    object      pointD;
}
// * * * * * * * * * * * * * * * * * * * * * * * * * * * * * * * * * * * * * //

dimensions      [0 1 0 0 0 0 0];

internalField   nonuniform List<vector> 
2164
(
(0 0 0)
(0 0 0)
(0 0 0)
(0 0 0)
(0 0 0)
(0 0 0)
(0 0 0)
(0 0 0)
(0 0 0)
(0 0 0)
(0 0 0)
(0 0 0)
(0 0 0)
(0 0 0)
(0 0 0)
(0 0 0)
(0 0 0)
(0 0 0)
(0 0 0)
(0 0 0)
(0 0 0)
(0 0 0)
(0 0 0)
(0 0 0)
(0 0 0)
(0 0 0)
(0 0 0)
(0 0 0)
(0 0 0)
(0 0 0)
(0 0 0)
(0 0 0)
(0 0 0)
(0 0 0)
(0 0 0)
(0 0 0)
(0.00087066 -0.000246557 8.94179e-05)
(0.000730374 -0.000365426 -0.000164792)
(0.00058695 -0.000452823 -0.000318778)
(0.000466546 -0.000476421 -0.000387285)
(0.000379074 -0.000454015 -0.000399039)
(0.000326142 -0.000408578 -0.000374821)
(0.000302802 -0.000351103 -0.000329247)
(0.000296804 -0.000282673 -0.000273466)
(0.00029076 -0.000201117 -0.000214695)
(0.000265763 -0.000104799 -0.000154912)
(0.000204376 6.64866e-06 -8.99586e-05)
(9.25033e-05 0.000131689 -9.52134e-06)
(-7.85652e-05 0.000262683 0.000100683)
(-0.000306637 0.000377128 0.000250774)
(-0.000567465 0.000433375 0.000427364)
(-0.000806475 0.0003924 0.000567525)
(-0.000952639 0.000275641 0.00056563)
(-0.000964481 0.000197681 0.000377876)
(-0.00087066 0.000246557 8.94179e-05)
(-0.000730374 0.000365426 -0.000164792)
(-0.00058695 0.000452823 -0.000318778)
(-0.000466546 0.000476421 -0.000387285)
(-0.000379074 0.000454015 -0.000399039)
(-0.000326142 0.000408578 -0.000374821)
(-0.000302802 0.000351103 -0.000329247)
(-0.000296804 0.000282673 -0.000273466)
(-0.00029076 0.000201117 -0.000214695)
(-0.000265763 0.000104799 -0.000154912)
(-0.000204376 -6.64865e-06 -8.99586e-05)
(-9.25033e-05 -0.000131689 -9.52134e-06)
(7.85652e-05 -0.000262683 0.000100683)
(0.000306637 -0.000377128 0.000250774)
(0.000567465 -0.000433375 0.000427364)
(0.000806475 -0.0003924 0.000567525)
(0.000952639 -0.000275641 0.00056563)
(0.000964481 -0.000197681 0.000377876)
(0.000802977 -0.000364935 0.000113873)
(0.000755372 -0.000424745 -4.06457e-05)
(0.000686493 -0.0004369 -0.000151239)
(0.000607088 -0.00039903 -0.000222549)
(0.00052673 -0.000334318 -0.000262321)
(0.000454629 -0.000262948 -0.000274977)
(0.000394908 -0.000192836 -0.00026494)
(0.000343898 -0.000123518 -0.000237421)
(0.000291824 -5.23516e-05 -0.000196824)
(0.000226587 2.19829e-05 -0.000145293)
(0.000137518 9.88636e-05 -8.22393e-05)
(1.80684e-05 0.000176292 -4.76535e-06)
(-0.000132665 0.000250271 9.06617e-05)
(-0.000308429 0.00031175 0.000203663)
(-0.000492884 0.00034508 0.000320348)
(-0.000658029 0.000338208 0.000402108)
(-0.000771096 0.000309482 0.000394055)
(-0.000815243 0.000310561 0.000281254)
(-0.000802977 0.000364935 0.000113873)
(-0.000755372 0.000424745 -4.06457e-05)
(-0.000686493 0.0004369 -0.000151239)
(-0.000607088 0.00039903 -0.000222549)
(-0.00052673 0.000334318 -0.000262321)
(-0.000454629 0.000262948 -0.000274977)
(-0.000394908 0.000192836 -0.00026494)
(-0.000343898 0.000123518 -0.000237421)
(-0.000291824 5.23517e-05 -0.000196824)
(-0.000226587 -2.19829e-05 -0.000145293)
(-0.000137518 -9.88636e-05 -8.22393e-05)
(-1.80684e-05 -0.000176292 -4.76535e-06)
(0.000132665 -0.000250271 9.06617e-05)
(0.000308429 -0.00031175 0.000203663)
(0.000492884 -0.00034508 0.000320348)
(0.000658029 -0.000338208 0.000402108)
(0.000771096 -0.000309482 0.000394055)
(0.000815243 -0.000310561 0.000281254)
(0 0 0)
(0 0 0)
(0 0 0)
(0 0 0)
(0 0 0)
(0 0 0)
(0 0 0)
(0 0 0)
(0 0 0)
(0 0 0)
(0 0 0)
(0 0 0)
(0 0 0)
(0 0 0)
(0 0 0)
(0 0 0)
(0 0 0)
(0 0 0)
(0 0 0)
(0 0 0)
(0 0 0)
(0 0 0)
(0 0 0)
(0 0 0)
(0 0 0)
(0 0 0)
(0 0 0)
(0 0 0)
(0 0 0)
(0 0 0)
(0 0 0)
(0 0 0)
(0 0 0)
(0 0 0)
(0 0 0)
(0 0 0)
(0.000699371 -0.000471848 0.000123359)
(0.000739402 -0.00048413 5.88217e-05)
(0.000747166 -0.000431528 -1.11843e-05)
(0.000716819 -0.000338117 -8.43768e-05)
(0.000654952 -0.000232173 -0.000149552)
(0.00057495 -0.000132119 -0.000195649)
(0.000487631 -4.47923e-05 -0.000217108)
(0.00039713 2.9578e-05 -0.000213225)
(0.000301863 9.23232e-05 -0.000185688)
(0.000197893 0.000143664 -0.000137087)
(8.26478e-05 0.000182458 -7.08926e-05)
(-4.23238e-05 0.000207846 7.80354e-06)
(-0.000170754 0.000221602 9.15775e-05)
(-0.00029369 0.000229584 0.000170238)
(-0.000402986 0.000241368 0.000230364)
(-0.00049462 0.000268916 0.000256325)
(-0.000570854 0.000325488 0.000238551)
(-0.000639321 0.000405067 0.000186578)
(-0.000699371 0.000471848 0.000123359)
(-0.000739402 0.00048413 5.88217e-05)
(-0.000747166 0.000431528 -1.11843e-05)
(-0.000716819 0.000338117 -8.43768e-05)
(-0.000654952 0.000232173 -0.000149552)
(-0.00057495 0.000132119 -0.000195649)
(-0.000487631 4.47923e-05 -0.000217108)
(-0.00039713 -2.95779e-05 -0.000213225)
(-0.000301863 -9.23232e-05 -0.000185688)
(-0.000197893 -0.000143664 -0.000137087)
(-8.26478e-05 -0.000182458 -7.08926e-05)
(4.23238e-05 -0.000207846 7.80353e-06)
(0.000170754 -0.000221602 9.15775e-05)
(0.00029369 -0.000229584 0.000170238)
(0.000402986 -0.000241368 0.000230364)
(0.00049462 -0.000268916 0.000256325)
(0.000570854 -0.000325488 0.000238551)
(0.000639321 -0.000405067 0.000186578)
(0 0 0)
(0 0 0)
(0 0 0)
(0 0 0)
(0 0 0)
(0 0 0)
(0 0 0)
(0 0 0)
(0 0 0)
(0 0 0)
(0 0 0)
(0 0 0)
(0 0 0)
(0 0 0)
(0 0 0)
(0 0 0)
(0 0 0)
(0 0 0)
(0 0 0)
(0 0 0)
(0 0 0)
(0 0 0)
(0 0 0)
(0 0 0)
(0 0 0)
(0 0 0)
(0 0 0)
(0 0 0)
(0 0 0)
(0 0 0)
(0 0 0)
(0 0 0)
(0 0 0)
(0 0 0)
(0 0 0)
(0 0 0)
(0.00056274 -0.000536276 0.000116155)
(0.000675277 -0.000522825 0.000122688)
(0.000754678 -0.000428692 9.09602e-05)
(0.00077928 -0.000294523 2.29861e-05)
(0.000748818 -0.000153459 -5.79416e-05)
(0.000675578 -2.46748e-05 -0.000128341)
(0.000573529 8.30405e-05 -0.000173318)
(0.000453238 0.000166051 -0.000186245)
(0.000321681 0.000222444 -0.000166169)
(0.000184375 0.000250647 -0.000116459)
(4.80032e-05 0.000249912 -4.50649e-05)
(-7.7898e-05 0.000222843 3.49157e-05)
(-0.000181873 0.000179552 0.000106293)
(-0.000255156 0.000141017 0.000152008)
(-0.000298447 0.000136968 0.000162252)
(-0.000326763 0.000193924 0.000142143)
(-0.000368492 0.000315006 0.000114634)
(-0.000449661 0.000453759 0.000104105)
(-0.00056274 0.000536276 0.000116155)
(-0.000675277 0.000522825 0.000122688)
(-0.000754678 0.000428692 9.09602e-05)
(-0.00077928 0.000294523 2.29861e-05)
(-0.000748818 0.000153459 -5.79416e-05)
(-0.000675578 2.46748e-05 -0.000128341)
(-0.000573529 -8.30405e-05 -0.000173318)
(-0.000453238 -0.000166051 -0.000186245)
(-0.000321681 -0.000222444 -0.000166169)
(-0.000184375 -0.000250647 -0.000116459)
(-4.80032e-05 -0.000249912 -4.50649e-05)
(7.7898e-05 -0.000222843 3.49157e-05)
(0.000181873 -0.000179552 0.000106293)
(0.000255156 -0.000141017 0.000152008)
(0.000298447 -0.000136968 0.000162252)
(0.000326763 -0.000193924 0.000142143)
(0.000368492 -0.000315006 0.000114634)
(0.000449661 -0.000453759 0.000104105)
(0 0 0)
(0 0 0)
(0 0 0)
(0 0 0)
(0 0 0)
(0 0 0)
(0 0 0)
(0 0 0)
(0 0 0)
(0 0 0)
(0 0 0)
(0 0 0)
(0 0 0)
(0 0 0)
(0 0 0)
(0 0 0)
(0 0 0)
(0 0 0)
(0 0 0)
(0 0 0)
(0 0 0)
(0 0 0)
(0 0 0)
(0 0 0)
(0 0 0)
(0 0 0)
(0 0 0)
(0 0 0)
(0 0 0)
(0 0 0)
(0 0 0)
(0 0 0)
(0 0 0)
(0 0 0)
(0 0 0)
(0 0 0)
(0.00162834 -0.00074668 0.000294941)
(0.00143569 -0.000882831 -0.00023282)
(0.0012097 -0.000933796 -0.000600477)
(0.00100024 -0.000888662 -0.000809344)
(0.000827587 -0.000787057 -0.000895034)
(0.00070097 -0.000667523 -0.000892977)
(0.000619663 -0.000545609 -0.000833212)
(0.000569344 -0.000419455 -0.000739355)
(0.000524123 -0.000281507 -0.000626234)
(0.000452789 -0.000125696 -0.000497468)
(0.000325571 5.05788e-05 -0.00034435)
(0.000119574 0.000246151 -0.000147401)
(-0.000176847 0.000452193 0.000116664)
(-0.00055735 0.000641797 0.000457771)
(-0.000984958 0.000763541 0.000840653)
(-0.0013824 0.000768156 0.0011473)
(-0.00164867 0.000683927 0.00118727)
(-0.0017217 0.000647404 0.000854518)
(-0.00162834 0.00074668 0.000294941)
(-0.00143569 0.000882831 -0.00023282)
(-0.0012097 0.000933796 -0.000600477)
(-0.00100024 0.000888662 -0.000809344)
(-0.000827587 0.000787057 -0.000895034)
(-0.00070097 0.000667523 -0.000892977)
(-0.000619663 0.000545609 -0.000833212)
(-0.000569344 0.000419455 -0.000739355)
(-0.000524123 0.000281507 -0.000626234)
(-0.000452789 0.000125696 -0.000497468)
(-0.000325571 -5.05788e-05 -0.00034435)
(-0.000119574 -0.000246151 -0.000147401)
(0.000176847 -0.000452193 0.000116664)
(0.00055735 -0.000641797 0.000457771)
(0.000984958 -0.000763541 0.000840653)
(0.0013824 -0.000768156 0.0011473)
(0.00164867 -0.000683927 0.00118727)
(0.0017217 -0.000647404 0.000854518)
(0.00151614 -0.000838899 0.000360883)
(0.00144957 -0.000909758 8.57785e-06)
(0.00133391 -0.000886417 -0.000270594)
(0.0011917 -0.000782274 -0.000465032)
(0.0010414 -0.000638465 -0.000581452)
(0.000900062 -0.000488682 -0.000629886)
(0.000776082 -0.00034614 -0.000622744)
(0.000664814 -0.000210327 -0.000572543)
(0.000550983 -7.67737e-05 -0.000488446)
(0.000414756 5.71773e-05 -0.000374022)
(0.000238467 0.000191135 -0.000227019)
(1.19725e-05 0.000322871 -4.14627e-05)
(-0.000264351 0.000448497 0.000187253)
(-0.000577893 0.000558909 0.000452523)
(-0.00090127 0.000637196 0.000720635)
(-0.00119218 0.000670842 0.000914783)
(-0.00140324 0.000683801 0.000927358)
(-0.0015084 0.000736465 0.000712931)
(-0.00151614 0.000838899 0.000360883)
(-0.00144957 0.000909758 8.57785e-06)
(-0.00133391 0.000886417 -0.000270594)
(-0.0011917 0.000782274 -0.000465032)
(-0.0010414 0.000638465 -0.000581452)
(-0.000900062 0.000488682 -0.000629886)
(-0.000776082 0.00034614 -0.000622744)
(-0.000664814 0.000210327 -0.000572543)
(-0.000550983 7.67738e-05 -0.000488446)
(-0.000414756 -5.71773e-05 -0.000374022)
(-0.000238467 -0.000191135 -0.000227019)
(-1.19725e-05 -0.000322871 -4.14627e-05)
(0.000264351 -0.000448497 0.000187253)
(0.000577893 -0.000558909 0.000452523)
(0.00090127 -0.000637196 0.000720635)
(0.00119218 -0.000670842 0.000914783)
(0.00140324 -0.000683801 0.000927358)
(0.0015084 -0.000736465 0.000712931)
(0.00134072 -0.000931357 0.000400076)
(0.00140425 -0.000950164 0.00021901)
(0.00140649 -0.000862047 2.97175e-05)
(0.00134253 -0.000703001 -0.000148049)
(0.00122752 -0.000516702 -0.000292663)
(0.00108367 -0.000333191 -0.000388652)
(0.000926516 -0.000165219 -0.000430541)
(0.00076059 -1.56865e-05 -0.000419539)
(0.00058192 0.000115137 -0.000359151)
(0.000383446 0.000225835 -0.000253155)
(0.000160944 0.000313565 -0.000106327)
(-8.23352e-05 0.00037665 7.30261e-05)
(-0.000334302 0.000418507 0.000270097)
(-0.000577183 0.000450183 0.000461742)
(-0.000793718 0.000489297 0.000616594)
(-0.00097363 0.000555233 0.000698126)
(-0.00111708 0.000666443 0.000676039)
(-0.00123807 0.000813884 0.000561338)
(-0.00134072 0.000931357 0.000400076)
(-0.00140425 0.000950164 0.00021901)
(-0.00140649 0.000862047 2.97175e-05)
(-0.00134253 0.000703001 -0.000148049)
(-0.00122752 0.000516702 -0.000292663)
(-0.00108367 0.000333191 -0.000388652)
(-0.000926516 0.000165219 -0.000430541)
(-0.00076059 1.56865e-05 -0.000419539)
(-0.00058192 -0.000115137 -0.000359151)
(-0.000383446 -0.000225835 -0.000253155)
(-0.000160944 -0.000313565 -0.000106327)
(8.23352e-05 -0.00037665 7.30261e-05)
(0.000334302 -0.000418507 0.000270097)
(0.000577183 -0.000450183 0.000461742)
(0.000793718 -0.000489297 0.000616594)
(0.00097363 -0.000555233 0.000698126)
(0.00111708 -0.000666443 0.000676039)
(0.00123807 -0.000813884 0.000561338)
(0.0011147 -0.000981531 0.000404675)
(0.00129297 -0.000974474 0.000374256)
(0.00140765 -0.000845348 0.000277269)
(0.00142854 -0.000645821 0.000128562)
(0.00136275 -0.000423185 -3.02129e-05)
(0.00123208 -0.000206826 -0.00016131)
(0.00105623 -1.19475e-05 -0.00024182)
(0.000847878 0.000152931 -0.000261534)
(0.000614715 0.00028142 -0.000218477)
(0.000363421 0.000367812 -0.000117169)
(0.000103896 0.000408075 3.0097e-05)
(-0.000147805 0.000403701 0.000200985)
(-0.000370356 0.000368282 0.000363292)
(-0.000544311 0.000333229 0.000481595)
(-0.00066364 0.000343914 0.000531283)
(-0.000743768 0.000438133 0.000513275)
(-0.000819541 0.000623601 0.00045808)
(-0.00093906 0.000843216 0.000415528)
(-0.0011147 0.000981531 0.000404675)
(-0.00129297 0.000974474 0.000374256)
(-0.00140765 0.000845348 0.000277269)
(-0.00142854 0.000645821 0.000128562)
(-0.00136275 0.000423185 -3.02129e-05)
(-0.00123208 0.000206826 -0.00016131)
(-0.00105623 1.19476e-05 -0.00024182)
(-0.000847878 -0.000152931 -0.000261534)
(-0.000614715 -0.00028142 -0.000218477)
(-0.000363421 -0.000367812 -0.000117169)
(-0.000103896 -0.000408075 3.0097e-05)
(0.000147805 -0.000403701 0.000200985)
(0.000370356 -0.000368282 0.000363292)
(0.000544311 -0.000333229 0.000481594)
(0.00066364 -0.000343914 0.000531283)
(0.000743768 -0.000438133 0.000513275)
(0.000819541 -0.000623601 0.00045808)
(0.00093906 -0.000843216 0.000415528)
(0.00223059 -0.00145813 0.000672711)
(0.00201119 -0.00151358 -0.000137282)
(0.00172983 -0.00147138 -0.000771062)
(0.00145397 -0.00134134 -0.0011829)
(0.00121561 -0.001163 -0.00139748)
(0.00102803 -0.000973929 -0.00146325)
(0.000891393 -0.000789195 -0.00142598)
(0.000790777 -0.000605376 -0.00131984)
(0.000696946 -0.000411995 -0.00116458)
(0.00057263 -0.000199911 -0.000963497)
(0.000381505 3.52996e-05 -0.00070315)
(9.66967e-05 0.000292844 -0.000357671)
(-0.000292755 0.000564191 9.80734e-05)
(-0.000775394 0.000825561 0.000662326)
(-0.00130762 0.00103582 0.0012689)
(-0.00180723 0.00116452 0.00175448)
(-0.00216411 0.00124912 0.00187502)
(-0.0023028 0.00134938 0.0014601)
(-0.00223059 0.00145813 0.000672711)
(-0.00201119 0.00151358 -0.000137282)
(-0.00172983 0.00147138 -0.000771062)
(-0.00145397 0.00134134 -0.0011829)
(-0.00121561 0.001163 -0.00139748)
(-0.00102803 0.000973929 -0.00146325)
(-0.000891393 0.000789195 -0.00142598)
(-0.000790777 0.000605376 -0.00131984)
(-0.000696946 0.000411995 -0.00116458)
(-0.00057263 0.000199911 -0.000963497)
(-0.000381505 -3.52996e-05 -0.00070315)
(-9.66967e-05 -0.000292844 -0.000357671)
(0.000292755 -0.000564191 9.80734e-05)
(0.000775394 -0.000825561 0.000662326)
(0.00130762 -0.00103582 0.0012689)
(0.00180723 -0.00116452 0.00175448)
(0.00216411 -0.00124912 0.00187502)
(0.0023028 -0.00134938 0.0014601)
(0.00208911 -0.0013991 0.000755834)
(0.00200902 -0.00142762 0.000184035)
(0.0018547 -0.00134616 -0.000304066)
(0.00166247 -0.0011803 -0.000661373)
(0.00145959 -0.000972269 -0.000886235)
(0.00126582 -0.000757121 -0.000995721)
(0.00108937 -0.000550012 -0.00101166)
(0.0009244 -0.000351769 -0.000953174)
(0.000753292 -0.000158137 -0.000832561)
(0.000552776 3.39631e-05 -0.00065334)
(0.000301871 0.000224446 -0.000411029)
(-1.10165e-05 0.000411087 -9.77885e-05)
(-0.000383726 0.000590404 0.000287877)
(-0.00079844 0.00075572 0.000725954)
(-0.00122067 0.00089702 0.00115762)
(-0.00160216 0.00101358 0.00147629)
(-0.00189181 0.00113383 0.00154494)
(-0.00205643 0.00127833 0.00127583)
(-0.00208911 0.0013991 0.000755834)
(-0.00200902 0.00142762 0.000184035)
(-0.0018547 0.00134616 -0.000304066)
(-0.00166247 0.0011803 -0.000661373)
(-0.00145959 0.000972269 -0.000886235)
(-0.00126582 0.000757121 -0.000995721)
(-0.00108937 0.000550012 -0.00101166)
(-0.0009244 0.000351769 -0.000953174)
(-0.000753292 0.000158137 -0.000832561)
(-0.000552776 -3.39631e-05 -0.00065334)
(-0.000301871 -0.000224446 -0.000411029)
(1.10165e-05 -0.000411087 -9.77885e-05)
(0.000383726 -0.000590404 0.000287877)
(0.00079844 -0.00075572 0.000725954)
(0.00122067 -0.00089702 0.00115762)
(0.00160216 -0.00101358 0.00147629)
(0.00189181 -0.00113383 0.00154494)
(0.00205643 -0.00127833 0.00127583)
(0.00187757 -0.00135185 0.000803996)
(0.00193998 -0.00136635 0.000473531)
(0.0019209 -0.00125456 0.000137715)
(0.00182354 -0.00105609 -0.000160041)
(0.00166881 -0.000817559 -0.000391502)
(0.00148066 -0.000573045 -0.000541475)
(0.00127388 -0.00033943 -0.000607101)
(0.00105145 -0.000123395 -0.000592033)
(0.000807973 7.17854e-05 -0.000501088)
(0.000535314 0.000242703 -0.000338307)
(0.000228821 0.00038544 -0.00010877)
(-0.000107515 0.000498028 0.000176538)
(-0.000458958 0.000584556 0.000494622)
(-0.000802669 0.00065832 0.000806997)
(-0.00111442 0.000740846 0.00106318)
(-0.00137707 0.000855123 0.00121217)
(-0.00158707 0.00101693 0.00121605)
(-0.00175327 0.00121014 0.00106973)
(-0.00187757 0.00135185 0.000803996)
(-0.00193998 0.00136635 0.000473531)
(-0.0019209 0.00125456 0.000137715)
(-0.00182354 0.00105609 -0.000160041)
(-0.00166881 0.000817559 -0.000391502)
(-0.00148066 0.000573045 -0.000541475)
(-0.00127388 0.00033943 -0.000607101)
(-0.00105145 0.000123395 -0.000592033)
(-0.000807973 -7.17854e-05 -0.000501088)
(-0.000535314 -0.000242703 -0.000338307)
(-0.000228821 -0.00038544 -0.00010877)
(0.000107515 -0.000498028 0.000176538)
(0.000458958 -0.000584556 0.000494622)
(0.000802669 -0.00065832 0.000806997)
(0.00111442 -0.000740846 0.00106318)
(0.00137707 -0.000855123 0.00121217)
(0.00158707 -0.00101693 0.00121605)
(0.00175327 -0.00121014 0.00106973)
(0.00161107 -0.00129601 0.000803158)
(0.00179793 -0.00130878 0.000696808)
(0.00190807 -0.00118077 0.000517648)
(0.00191155 -0.000958999 0.000292409)
(0.00181764 -0.000694176 6.88903e-05)
(0.00164925 -0.000421422 -0.000108877)
(0.00142554 -0.00016148 -0.000213819)
(0.00115799 7.179e-05 -0.000233858)
(0.000853821 0.000267033 -0.000166516)
(0.000520544 0.000414692 -1.70035e-05)
(0.000169866 0.000508541 0.000199556)
(-0.000179699 0.00054948 0.000453948)
(-0.000503385 0.000552087 0.00070146)
(-0.000776897 0.000550283 0.000890377)
(-0.000988179 0.000591354 0.000983467)
(-0.00114575 0.000710118 0.000980603)
(-0.00127636 0.000907042 0.0009206)
(-0.00142231 0.00113626 0.000860039)
(-0.00161107 0.00129601 0.000803158)
(-0.00179793 0.00130878 0.000696808)
(-0.00190807 0.00118077 0.000517648)
(-0.00191155 0.000958999 0.000292409)
(-0.00181764 0.000694176 6.88903e-05)
(-0.00164925 0.000421422 -0.000108877)
(-0.00142554 0.00016148 -0.000213819)
(-0.00115799 -7.17899e-05 -0.000233858)
(-0.000853821 -0.000267033 -0.000166516)
(-0.000520544 -0.000414692 -1.70035e-05)
(-0.000169866 -0.000508541 0.000199556)
(0.000179699 -0.00054948 0.000453948)
(0.000503385 -0.000552087 0.00070146)
(0.000776897 -0.000550283 0.000890377)
(0.000988179 -0.000591354 0.000983467)
(0.00114575 -0.000710118 0.000980603)
(0.00127636 -0.000907042 0.0009206)
(0.00142231 -0.00113626 0.000860039)
(0.00264492 -0.00213716 0.00112659)
(0.00242696 -0.0021367 0.000123081)
(0.00211654 -0.00202947 -0.000750415)
(0.00179955 -0.0018413 -0.00136972)
(0.00152098 -0.00160807 -0.0017323)
(0.00129361 -0.00136231 -0.00189225)
(0.0011136 -0.00111909 -0.00190631)
(0.000964778 -0.000876853 -0.0018148)
(0.000818444 -0.000626079 -0.00163903)
(0.000637883 -0.000357328 -0.00138116)
(0.000387169 -6.5438e-05 -0.00102563)
(4.06049e-05 0.000249416 -0.000546111)
(-0.000409863 0.00058028 7.64343e-05)
(-0.000948238 0.000910258 0.000820847)
(-0.00152784 0.00121679 0.00158796)
(-0.00206952 0.00149385 0.00218627)
(-0.00247597 0.00176456 0.00237353)
(-0.00267525 0.00200551 0.00198466)
(-0.00264492 0.00213716 0.00112659)
(-0.00242696 0.0021367 0.000123081)
(-0.00211654 0.00202947 -0.000750414)
(-0.00179955 0.0018413 -0.00136972)
(-0.00152098 0.00160807 -0.0017323)
(-0.00129361 0.00136231 -0.00189225)
(-0.0011136 0.00111909 -0.00190631)
(-0.000964778 0.000876853 -0.0018148)
(-0.000818444 0.000626079 -0.00163903)
(-0.000637883 0.000357328 -0.00138116)
(-0.000387169 6.5438e-05 -0.00102563)
(-4.06049e-05 -0.000249416 -0.000546111)
(0.000409863 -0.00058028 7.64343e-05)
(0.000948238 -0.000910258 0.000820847)
(0.00152784 -0.00121679 0.00158796)
(0.00206952 -0.00149385 0.00218627)
(0.00247597 -0.00176456 0.00237353)
(0.00267525 -0.00200551 0.00198466)
(0.00248722 -0.00190671 0.00116378)
(0.00239902 -0.00190944 0.000448591)
(0.00221676 -0.00179393 -0.000214488)
(0.00199051 -0.00159288 -0.000726468)
(0.00175532 -0.00134553 -0.00106473)
(0.00152925 -0.00108422 -0.00124762)
(0.0013166 -0.000825279 -0.00130287)
(0.00110972 -0.000572169 -0.00125324)
(0.000890925 -0.000322615 -0.00111219)
(0.00063743 -7.42505e-05 -0.000882923)
(0.000328674 0.000172948 -0.000560552)
(-4.64484e-05 0.000417096 -0.000138735)
(-0.000484559 0.000655315 0.000377151)
(-0.000965063 0.000883823 0.00095132)
(-0.00144984 0.00110105 0.00150159)
(-0.00188827 0.00131682 0.00190181)
(-0.00222936 0.00154902 0.00201307)
(-0.00243525 0.0017719 0.00174804)
(-0.00248722 0.00190671 0.00116378)
(-0.00239902 0.00190944 0.000448591)
(-0.00221676 0.00179393 -0.000214488)
(-0.00199051 0.00159288 -0.000726468)
(-0.00175532 0.00134553 -0.00106473)
(-0.00152925 0.00108422 -0.00124762)
(-0.0013166 0.000825279 -0.00130287)
(-0.00110972 0.000572169 -0.00125324)
(-0.000890925 0.000322615 -0.00111219)
(-0.00063743 7.42505e-05 -0.000882923)
(-0.000328674 -0.000172948 -0.000560552)
(4.64484e-05 -0.000417096 -0.000138735)
(0.000484559 -0.000655315 0.000377151)
(0.000965063 -0.000883823 0.00095132)
(0.00144984 -0.00110105 0.00150159)
(0.00188827 -0.00131682 0.00190181)
(0.00222936 -0.00154902 0.00201307)
(0.00243525 -0.0017719 0.00174804)
(0.00228537 -0.00170042 0.00117028)
(0.00231823 -0.00171177 0.000745197)
(0.00226549 -0.00159331 0.000299845)
(0.0021375 -0.00138079 -9.86604e-05)
(0.00195554 -0.0011175 -0.000408531)
(0.00174023 -0.000837051 -0.000611176)
(0.00150272 -0.000558475 -0.000704188)
(0.00124369 -0.00029144 -0.000692303)
(0.00095693 -4.18445e-05 -0.000581128)
(0.000634423 0.000185346 -0.000375359)
(0.000271603 0.000385822 -8.12798e-05)
(-0.000128101 0.00055768 0.000286747)
(-0.000550645 0.000704659 0.000698073)
(-0.000972254 0.000839057 0.00110163)
(-0.00136475 0.000981042 0.00143262)
(-0.00170377 0.00115135 0.0016298)
(-0.00197498 0.00135538 0.0016533)
(-0.00216991 0.00156193 0.00149312)
(-0.00228537 0.00170042 0.00117028)
(-0.00231823 0.00171177 0.000745197)
(-0.00226549 0.00159331 0.000299845)
(-0.0021375 0.00138079 -9.86604e-05)
(-0.00195554 0.0011175 -0.000408531)
(-0.00174023 0.000837051 -0.000611176)
(-0.00150272 0.000558475 -0.000704188)
(-0.00124369 0.00029144 -0.000692303)
(-0.00095693 4.18445e-05 -0.000581128)
(-0.000634423 -0.000185346 -0.000375359)
(-0.000271603 -0.000385822 -8.12798e-05)
(0.000128101 -0.00055768 0.000286746)
(0.000550645 -0.000704659 0.000698073)
(0.000972254 -0.000839057 0.00110163)
(0.00136475 -0.000981042 0.00143262)
(0.00170377 -0.00115135 0.0016298)
(0.00197498 -0.00135538 0.0016533)
(0.00216991 -0.00156193 0.00149312)
(0.00204704 -0.00151939 0.001141)
(0.00217912 -0.00153556 0.000982964)
(0.00224529 -0.00141781 0.000752765)
(0.00221749 -0.00119772 0.00047722)
(0.00209813 -0.000920034 0.000208893)
(0.00190479 -0.000620444 -1.74553e-06)
(0.0016531 -0.000322185 -0.000123208)
(0.00135201 -4.20159e-05 -0.00014184)
(0.00100732 0.000205829 -5.53862e-05)
(0.000626067 0.000409679 0.000129529)
(0.000219448 0.000562385 0.000395061)
(-0.00019561 0.000664384 0.000706972)
(-0.000596481 0.0007287 0.00101236)
(-0.000959119 0.000784792 0.00124969)
(-0.00126708 0.000871197 0.00137481)
(-0.00151811 0.00101238 0.00138618)
(-0.00172158 0.0011977 0.00132516)
(-0.00189164 0.0013866 0.00124246)
(-0.00204704 0.00151939 0.001141)
(-0.00217912 0.00153556 0.000982965)
(-0.00224529 0.00141781 0.000752765)
(-0.00221749 0.00119772 0.00047722)
(-0.00209813 0.000920034 0.000208893)
(-0.00190479 0.000620444 -1.74553e-06)
(-0.0016531 0.000322185 -0.000123208)
(-0.00135201 4.20159e-05 -0.00014184)
(-0.00100732 -0.000205829 -5.53862e-05)
(-0.000626067 -0.000409679 0.000129529)
(-0.000219448 -0.000562385 0.000395061)
(0.00019561 -0.000664384 0.000706972)
(0.000596481 -0.0007287 0.00101236)
(0.000959119 -0.000784792 0.00124969)
(0.00126708 -0.000871197 0.00137481)
(0.00151811 -0.00101238 0.00138618)
(0.00172158 -0.0011977 0.00132516)
(0.00189164 -0.0013866 0.00124246)
(0.00286112 -0.00260568 0.001502)
(0.00267002 -0.0026388 0.000448207)
(0.00235848 -0.00253747 -0.000565188)
(0.0020247 -0.00234143 -0.00134364)
(0.0017268 -0.00208767 -0.00184094)
(0.00147802 -0.00180718 -0.00209957)
(0.0012691 -0.00151794 -0.00217757)
(0.00108138 -0.00122355 -0.00211695)
(0.000888196 -0.000918628 -0.0019392)
(0.000657457 -0.000595763 -0.00164677)
(0.00035839 -0.000249821 -0.00122626)
(-3.02939e-05 0.000120403 -0.000656768)
(-0.000513199 0.000510677 6.98282e-05)
(-0.00107143 0.000910471 0.000913429)
(-0.00165766 0.00130897 0.00175219)
(-0.00219901 0.00170404 0.00238785)
(-0.00261628 0.00208756 0.0026113)
(-0.00284863 0.00241212 0.00230036)
(-0.00286112 0.00260568 0.001502)
(-0.00267002 0.0026388 0.000448207)
(-0.00235848 0.00253747 -0.000565188)
(-0.0020247 0.00234143 -0.00134364)
(-0.0017268 0.00208767 -0.00184094)
(-0.00147802 0.00180718 -0.00209957)
(-0.0012691 0.00151794 -0.00217757)
(-0.00108138 0.00122355 -0.00211695)
(-0.000888196 0.000918628 -0.0019392)
(-0.000657457 0.000595763 -0.00164677)
(-0.00035839 0.000249821 -0.00122626)
(3.02938e-05 -0.000120402 -0.000656768)
(0.000513199 -0.000510677 6.98282e-05)
(0.00107143 -0.000910471 0.000913429)
(0.00165766 -0.00130897 0.00175219)
(0.00219901 -0.00170404 0.00238785)
(0.00261628 -0.00208756 0.0026113)
(0.00284863 -0.00241212 0.00230036)
(0.00269956 -0.00225967 0.00147662)
(0.00261308 -0.00228485 0.000726061)
(0.0024194 -0.0021822 -3.0719e-05)
(0.0021765 -0.00198438 -0.000652752)
(0.00192592 -0.00172794 -0.00108689)
(0.001684 -0.00144348 -0.00134096)
(0.00145037 -0.0011496 -0.00144157)
(0.00121516 -0.000853648 -0.00141183)
(0.000961659 -0.000556608 -0.00126544)
(0.000669922 -0.000257767 -0.0010065)
(0.000322366 4.28647e-05 -0.000632546)
(-9.02506e-05 0.000344241 -0.000142124)
(-0.000563823 0.000644461 0.00045092)
(-0.00107694 0.000941488 0.00109795)
(-0.00159012 0.00123687 0.00170273)
(-0.00205207 0.00153754 0.00213351)
(-0.00241291 0.00183855 0.00226532)
(-0.00263544 0.0020992 0.00203508)
(-0.00269956 0.00225967 0.00147662)
(-0.00261308 0.00228485 0.000726061)
(-0.0024194 0.0021822 -3.07189e-05)
(-0.0021765 0.00198438 -0.000652752)
(-0.00192592 0.00172794 -0.00108689)
(-0.001684 0.00144348 -0.00134096)
(-0.00145037 0.0011496 -0.00144157)
(-0.00121516 0.000853648 -0.00141183)
(-0.000961659 0.000556608 -0.00126544)
(-0.000669922 0.000257767 -0.0010065)
(-0.000322366 -4.28646e-05 -0.000632546)
(9.02505e-05 -0.000344241 -0.000142124)
(0.000563823 -0.000644461 0.00045092)
(0.00107694 -0.000941488 0.00109795)
(0.00159012 -0.00123687 0.00170273)
(0.00205207 -0.00153754 0.00213351)
(0.00241291 -0.00183855 0.00226532)
(0.00263544 -0.0020992 0.00203508)
(0.00252444 -0.00194575 0.00142996)
(0.00252706 -0.00196113 0.000979238)
(0.00244471 -0.00185766 0.000483565)
(0.00229432 -0.00165742 2.34754e-05)
(0.00209648 -0.00139556 -0.000343629)
(0.00186747 -0.0011032 -0.000590223)
(0.00161436 -0.000800658 -0.000710239)
(0.0013357 -0.000500017 -0.000707413)
(0.00102506 -0.000209298 -0.000587701)
(0.000675207 6.54487e-05 -0.000357215)
(0.000282083 0.000319918 -2.48982e-05)
(-0.000151807 0.000552423 0.000390631)
(-0.000614479 0.000765599 0.000852573)
(-0.00108326 0.000968206 0.00130271)
(-0.0015276 0.00117424 0.00167034)
(-0.00191579 0.00139498 0.0018908)
(-0.00222104 0.00162256 0.0019229)
(-0.00242513 0.00182114 0.00176088)
(-0.00252444 0.00194575 0.00142996)
(-0.00252706 0.00196113 0.000979238)
(-0.00244471 0.00185766 0.000483565)
(-0.00229432 0.00165742 2.34754e-05)
(-0.00209648 0.00139556 -0.000343629)
(-0.00186747 0.0011032 -0.000590223)
(-0.00161436 0.000800658 -0.000710239)
(-0.0013357 0.000500017 -0.000707413)
(-0.00102506 0.000209298 -0.000587701)
(-0.000675207 -6.54487e-05 -0.000357215)
(-0.000282083 -0.000319918 -2.48982e-05)
(0.000151807 -0.000552423 0.000390631)
(0.000614479 -0.000765599 0.000852573)
(0.00108326 -0.000968206 0.00130271)
(0.0015276 -0.00117424 0.00167034)
(0.00191579 -0.00139498 0.0018908)
(0.00222104 -0.00162256 0.0019229)
(0.00242513 -0.00182114 0.00176088)
(0.00233716 -0.00167206 0.00136904)
(0.00240834 -0.00167056 0.0011901)
(0.00242211 -0.00156326 0.000943835)
(0.00236021 -0.00136008 0.00064928)
(0.00221953 -0.00109195 0.000359556)
(0.00201089 -0.000790117 0.000130676)
(0.0017458 -0.000477628 -7.57181e-07)
(0.00143078 -0.000172066 -1.88482e-05)
(0.00107011 0.000111443 7.84096e-05)
(0.000669577 0.000360742 0.000282647)
(0.000238386 0.000568612 0.000573334)
(-0.000209983 0.000734747 0.000912694)
(-0.000657107 0.000868507 0.00124382)
(-0.00108108 0.000990421 0.00150275)
(-0.00146148 0.00112481 0.00164545)
(-0.00178337 0.00128229 0.00166926)
(-0.00203648 0.00144752 0.00160735)
(-0.00221742 0.0015878 0.00150149)
(-0.00233716 0.00167206 0.00136904)
(-0.00240834 0.00167056 0.0011901)
(-0.00242211 0.00156326 0.000943835)
(-0.00236021 0.00136008 0.00064928)
(-0.00221953 0.00109195 0.000359556)
(-0.00201089 0.000790117 0.000130676)
(-0.0017458 0.000477628 -7.57174e-07)
(-0.00143078 0.000172066 -1.88482e-05)
(-0.00107011 -0.000111443 7.84096e-05)
(-0.000669577 -0.000360742 0.000282647)
(-0.000238386 -0.000568612 0.000573334)
(0.000209983 -0.000734747 0.000912694)
(0.000657107 -0.000868507 0.00124382)
(0.00108108 -0.000990421 0.00150275)
(0.00146148 -0.00112481 0.00164545)
(0.00178337 -0.00128229 0.00166926)
(0.00203648 -0.00144752 0.00160735)
(0.00221742 -0.0015878 0.00150149)
(0.00287913 -0.00287888 0.00169237)
(0.00272572 -0.00298268 0.000710464)
(0.00244352 -0.00293921 -0.000310602)
(0.00212081 -0.00278041 -0.00116083)
(0.00182205 -0.00254098 -0.00175036)
(0.00156544 -0.00225209 -0.00209138)
(0.00134016 -0.00193614 -0.00223016)
(0.00112582 -0.00160347 -0.00220533)
(0.000898215 -0.00125469 -0.00203803)
(0.000631264 -0.000885871 -0.00173315)
(0.000301172 -0.000492564 -0.00128309)
(-0.000107737 -7.22877e-05 -0.000676397)
(-0.000596577 0.000372944 8.22851e-05)
(-0.00114468 0.000835778 0.000939786)
(-0.00170602 0.00130782 0.0017703)
(-0.00221683 0.0017809 0.00239284)
(-0.00261311 0.00223336 0.00263196)
(-0.00284398 0.00261838 0.00238866)
(-0.00287913 0.00287888 0.00169237)
(-0.00272572 0.00298268 0.000710464)
(-0.00244352 0.00293921 -0.000310602)
(-0.00212081 0.00278041 -0.00116083)
(-0.00182205 0.00254098 -0.00175036)
(-0.00156544 0.00225209 -0.00209138)
(-0.00134016 0.00193614 -0.00223016)
(-0.00112582 0.00160347 -0.00220533)
(-0.000898215 0.00125469 -0.00203803)
(-0.000631264 0.000885871 -0.00173315)
(-0.000301172 0.000492564 -0.00128309)
(0.000107737 7.22877e-05 -0.000676397)
(0.000596577 -0.000372944 8.22851e-05)
(0.00114468 -0.000835778 0.000939786)
(0.00170602 -0.00130782 0.0017703)
(0.00221683 -0.0017809 0.00239284)
(0.00261311 -0.00223336 0.00263196)
(0.00284398 -0.00261838 0.00238866)
(0.00273112 -0.00247051 0.00164597)
(0.00265448 -0.00253934 0.000939165)
(0.00246928 -0.00248103 0.000181058)
(0.00222931 -0.00231769 -0.000483908)
(0.00197793 -0.00207951 -0.000977332)
(0.00173227 -0.00179504 -0.00128632)
(0.00148982 -0.00148524 -0.0014279)
(0.00123928 -0.00116185 -0.00142186)
(0.000965414 -0.000829817 -0.0012816)
(0.000651985 -0.00049069 -0.00101335)
(0.000285452 -0.000144867 -0.000619384)
(-0.000140757 0.000207268 -0.000105243)
(-0.000621566 0.000564206 0.000506894)
(-0.0011353 0.000923283 0.00116133)
(-0.00164259 0.00128307 0.00176153)
(-0.00209433 0.00164175 0.00218756)
(-0.00244546 0.00198448 0.00233353)
(-0.0026634 0.00227552 0.0021454)
(-0.00273112 0.00247051 0.00164597)
(-0.00265448 0.00253934 0.000939165)
(-0.00246928 0.00248103 0.000181058)
(-0.00222931 0.00231769 -0.000483908)
(-0.00197793 0.00207951 -0.000977332)
(-0.00173227 0.00179504 -0.00128632)
(-0.00148982 0.00148524 -0.0014279)
(-0.00123928 0.00116185 -0.00142186)
(-0.000965414 0.000829817 -0.0012816)
(-0.000651985 0.00049069 -0.00101335)
(-0.000285452 0.000144867 -0.000619384)
(0.000140757 -0.000207268 -0.000105243)
(0.000621566 -0.000564206 0.000506894)
(0.0011353 -0.000923283 0.00116133)
(0.00164259 -0.00128307 0.00176153)
(0.00209433 -0.00164175 0.00218756)
(0.00244546 -0.00198448 0.00233353)
(0.0026634 -0.00227552 0.0021454)
(0.00259035 -0.00209605 0.00158393)
(0.00257605 -0.00212456 0.0011475)
(0.00247762 -0.0020481 0.000653093)
(0.00231655 -0.00187757 0.000176825)
(0.00211315 -0.00163721 -0.000217327)
(0.00188079 -0.00135298 -0.00049175)
(0.00162367 -0.00104507 -0.000633259)
(0.00133889 -0.000727446 -0.000642366)
(0.00102031 -0.000409932 -0.000524677)
(0.000661844 -9.94943e-05 -0.000288123)
(0.00026031 0.000199499 5.48283e-05)
(-0.000182146 0.000485156 0.000480987)
(-0.000654982 0.000758088 0.000949521)
(-0.00113651 0.00102167 0.00140109)
(-0.00159478 0.00128088 0.00176825)
(-0.00199378 0.00153628 0.00199253)
(-0.00230249 0.00177524 0.0020378)
(-0.00250245 0.00197166 0.00189546)
(-0.00259035 0.00209605 0.00158393)
(-0.00257605 0.00212456 0.0011475)
(-0.00247762 0.0020481 0.000653093)
(-0.00231655 0.00187757 0.000176825)
(-0.00211315 0.00163721 -0.000217327)
(-0.00188079 0.00135298 -0.00049175)
(-0.00162367 0.00104507 -0.000633259)
(-0.00133889 0.000727446 -0.000642366)
(-0.00102031 0.000409932 -0.000524677)
(-0.000661844 9.94943e-05 -0.000288123)
(-0.00026031 -0.000199499 5.48282e-05)
(0.000182146 -0.000485156 0.000480987)
(0.000654982 -0.000758088 0.000949521)
(0.00113651 -0.00102167 0.00140109)
(0.00159478 -0.00128088 0.00176825)
(0.00199378 -0.00153628 0.00199253)
(0.00230249 -0.00177524 0.0020378)
(0.00250245 -0.00197166 0.00189546)
(0.00245404 -0.00176454 0.00151411)
(0.00248662 -0.00174677 0.00132582)
(0.00245996 -0.00164729 0.00108069)
(0.0023696 -0.00146656 0.000791414)
(0.0022135 -0.00122138 0.000503153)
(0.00199784 -0.000934406 0.000271509)
(0.00173033 -0.000625733 0.000136791)
(0.00141551 -0.000312233 0.000117563)
(0.00105637 -8.71367e-06 0.000216219)
(0.000657301 0.000273044 0.000423062)
(0.000225324 0.00052588 0.000715325)
(-0.000229216 0.000748057 0.00105313)
(-0.000691253 0.00094391 0.00137949)
(-0.00114044 0.00112349 0.0016343)
(-0.00155314 0.00129668 0.00177916)
(-0.00190506 0.00146292 0.00181246)
(-0.00217537 0.001608 0.0017611)
(-0.00235555 0.00171347 0.00165678)
(-0.00245404 0.00176454 0.00151411)
(-0.00248662 0.00174677 0.00132582)
(-0.00245996 0.00164729 0.00108069)
(-0.0023696 0.00146656 0.000791414)
(-0.0022135 0.00122138 0.000503153)
(-0.00199784 0.000934406 0.000271509)
(-0.00173033 0.000625733 0.000136791)
(-0.00141551 0.000312233 0.000117563)
(-0.00105637 8.71369e-06 0.000216219)
(-0.000657301 -0.000273044 0.000423062)
(-0.000225324 -0.00052588 0.000715325)
(0.000229216 -0.000748057 0.00105313)
(0.000691253 -0.00094391 0.00137949)
(0.00114044 -0.00112349 0.0016343)
(0.00155314 -0.00129668 0.00177916)
(0.00190506 -0.00146292 0.00181246)
(0.00217537 -0.001608 0.0017611)
(0.00235555 -0.00171347 0.00165678)
(0.00273197 -0.00299814 0.00171081)
(0.00261271 -0.00317808 0.00085933)
(0.00237534 -0.00321158 -7.40705e-05)
(0.00208661 -0.00311481 -0.000906253)
(0.00180434 -0.00291496 -0.00152866)
(0.00155117 -0.00264184 -0.00192016)
(0.00131981 -0.00232088 -0.00210524)
(0.00109119 -0.00196829 -0.00211353)
(0.000844222 -0.00159071 -0.00196458)
(0.000558623 -0.00118823 -0.00166645)
(0.000217259 -0.000757975 -0.0012188)
(-0.000190059 -0.000297538 -0.000620714)
(-0.000660769 0.000191498 0.000111542)
(-0.00117274 0.000702256 0.000918425)
(-0.00168306 0.00122518 0.00168295)
(-0.00213781 0.0017475 0.00225074)
(-0.00248674 0.00224489 0.00247948)
(-0.0026918 0.00267685 0.00229203)
(-0.00273197 0.00299814 0.00171081)
(-0.00261271 0.00317808 0.00085933)
(-0.00237534 0.00321158 -7.40705e-05)
(-0.00208661 0.00311481 -0.000906253)
(-0.00180434 0.00291496 -0.00152866)
(-0.00155117 0.00264184 -0.00192016)
(-0.00131981 0.00232088 -0.00210524)
(-0.00109119 0.00196829 -0.00211353)
(-0.000844222 0.00159071 -0.00196458)
(-0.000558623 0.00118823 -0.00166645)
(-0.000217259 0.000757975 -0.0012188)
(0.000190059 0.000297538 -0.000620714)
(0.000660769 -0.000191498 0.000111542)
(0.00117274 -0.000702256 0.000918425)
(0.00168306 -0.00122518 0.00168295)
(0.00213781 -0.0017475 0.00225074)
(0.00248674 -0.00224489 0.00247948)
(0.0026918 -0.00267685 0.00229203)
(0.00260636 -0.00256364 0.00167968)
(0.00254344 -0.00268314 0.00106008)
(0.00238074 -0.00268156 0.000365676)
(0.00216075 -0.00256936 -0.000278312)
(0.00192197 -0.00236822 -0.000785585)
(0.00168246 -0.00210313 -0.00112342)
(0.0014409 -0.00179593 -0.00129397)
(0.00118662 -0.00146184 -0.00131018)
(0.000906482 -0.00110954 -0.001184)
(0.000587955 -0.000743055 -0.000924075)
(0.000221507 -0.000363752 -0.00053798)
(-0.000196426 2.75833e-05 -3.83175e-05)
(-0.000659022 0.000428533 0.000546374)
(-0.00114426 0.00083441 0.00115928)
(-0.00161507 0.00123981 0.00171298)
(-0.0020281 0.00163731 0.00210574)
(-0.00234572 0.00201063 0.00225042)
(-0.00254237 0.00233082 0.00210279)
(-0.00260636 0.00256364 0.00167968)
(-0.00254344 0.00268314 0.00106008)
(-0.00238074 0.00268156 0.000365676)
(-0.00216075 0.00256936 -0.000278312)
(-0.00192197 0.00236822 -0.000785585)
(-0.00168246 0.00210313 -0.00112342)
(-0.0014409 0.00179593 -0.00129397)
(-0.00118662 0.00146184 -0.00131018)
(-0.000906482 0.00110954 -0.001184)
(-0.000587955 0.000743055 -0.000924075)
(-0.000221507 0.000363752 -0.00053798)
(0.000196426 -2.75833e-05 -3.83175e-05)
(0.000659022 -0.000428533 0.000546374)
(0.00114426 -0.00083441 0.00115928)
(0.00161507 -0.00123981 0.00171298)
(0.0020281 -0.00163731 0.00210574)
(0.00234572 -0.00201063 0.00225042)
(0.00254237 -0.00233082 0.00210279)
(0.00250419 -0.00216284 0.00163309)
(0.00248473 -0.00221431 0.00124128)
(0.00238521 -0.00217184 0.000785151)
(0.00222652 -0.00203975 0.000331069)
(0.00202772 -0.00183309 -5.87551e-05)
(0.00180081 -0.00157152 -0.000340764)
(0.00154891 -0.00127348 -0.00049428)
(0.00126891 -0.000953811 -0.00051513)
(0.000955429 -0.000623646 -0.000407642)
(0.000603791 -0.000290798 -0.000181244)
(0.000212008 3.98587e-05 0.000148231)
(-0.000217242 0.000365367 0.00055397)
(-0.000673474 0.000683474 0.000994073)
(-0.00113556 0.000992188 0.00141348)
(-0.00157272 0.00128928 0.00175404)
(-0.00195073 0.0015695 0.00196681)
(-0.00224071 0.00182112 0.00202042)
(-0.00242603 0.00202587 0.00190484)
(-0.00250419 0.00216284 0.00163309)
(-0.00248473 0.00221431 0.00124128)
(-0.00238521 0.00217184 0.000785151)
(-0.00222652 0.00203975 0.000331069)
(-0.00202772 0.00183309 -5.8755e-05)
(-0.00180081 0.00157152 -0.000340764)
(-0.00154891 0.00127348 -0.00049428)
(-0.00126891 0.000953811 -0.00051513)
(-0.000955429 0.000623646 -0.000407642)
(-0.000603791 0.000290798 -0.000181244)
(-0.000212008 -3.98587e-05 0.000148231)
(0.000217242 -0.000365367 0.00055397)
(0.000673474 -0.000683474 0.000994073)
(0.00113556 -0.000992188 0.00141348)
(0.00157272 -0.00128928 0.00175404)
(0.00195073 -0.0015695 0.00196681)
(0.00224071 -0.00182112 0.00202042)
(0.00242603 -0.00202587 0.00190484)
(0.00241981 -0.00180344 0.00157612)
(0.00243155 -0.00178159 0.00139632)
(0.00238175 -0.00169325 0.00116647)
(0.00227435 -0.00153714 0.000898572)
(0.00211103 -0.00132109 0.000629668)
(0.00189629 -0.00105902 0.000409549)
(0.00163528 -0.000766366 0.000278567)
(0.0013311 -0.000458119 0.000257321)
(0.000985889 -0.00014804 0.000349144)
(0.000602961 0.000152755 0.000543785)
(0.00018779 0.000436842 0.000817168)
(-0.00025106 0.000700331 0.00112925)
(-0.000700188 0.000942226 0.00142691)
(-0.00114036 0.00116354 0.00165876)
(-0.00154762 0.00136402 0.00179499)
(-0.00189575 0.00153788 0.0018354)
(-0.0021618 0.00167481 0.0017997)
(-0.00233476 0.00176556 0.00170978)
(-0.00241981 0.00180344 0.00157612)
(-0.00243155 0.00178159 0.00139632)
(-0.00238175 0.00169325 0.00116647)
(-0.00227435 0.00153714 0.000898572)
(-0.00211103 0.00132109 0.000629668)
(-0.00189629 0.00105902 0.000409549)
(-0.00163528 0.000766366 0.000278567)
(-0.0013311 0.000458119 0.000257321)
(-0.000985889 0.00014804 0.000349144)
(-0.000602961 -0.000152755 0.000543785)
(-0.00018779 -0.000436842 0.000817168)
(0.00025106 -0.000700331 0.00112925)
(0.000700188 -0.000942226 0.00142691)
(0.00114036 -0.00116354 0.00165876)
(0.00154762 -0.00136402 0.00179499)
(0.00189575 -0.00153788 0.0018354)
(0.0021618 -0.00167481 0.0017997)
(0.00233476 -0.00176556 0.00170978)
(0.00246045 -0.00300274 0.00158823)
(0.00236748 -0.00324679 0.000888713)
(0.00217719 -0.00335194 9.44072e-05)
(0.00193444 -0.00332151 -0.000652406)
(0.00168238 -0.00317329 -0.00124867)
(0.00144311 -0.00293306 -0.00165137)
(0.00121486 -0.00262642 -0.00186149)
(0.000983193 -0.00227274 -0.00189558)
(0.000731286 -0.00188309 -0.00176925)
(0.000444049 -0.00146138 -0.00149272)
(0.000109917 -0.00100726 -0.0010721)
(-0.000276273 -0.000520077 -0.000515923)
(-0.000707986 -2.62037e-06 0.000150097)
(-0.00116199 0.000537802 0.000864628)
(-0.00160012 0.00109079 0.00152497)
(-0.00197952 0.00164183 0.00200681)
(-0.00226379 0.00216738 0.00220209)
(-0.00242796 0.00263334 0.00205613)
(-0.00246045 0.00300274 0.00158823)
(-0.00236748 0.00324679 0.000888713)
(-0.00217719 0.00335194 9.44072e-05)
(-0.00193444 0.00332151 -0.000652406)
(-0.00168238 0.00317329 -0.00124867)
(-0.00144311 0.00293306 -0.00165137)
(-0.00121486 0.00262642 -0.00186149)
(-0.000983193 0.00227274 -0.00189558)
(-0.000731286 0.00188309 -0.00176925)
(-0.000444049 0.00146138 -0.00149272)
(-0.000109917 0.00100726 -0.0010721)
(0.000276272 0.000520077 -0.000515923)
(0.000707986 2.62041e-06 0.000150097)
(0.00116199 -0.000537802 0.000864628)
(0.00160012 -0.00109079 0.00152497)
(0.00197952 -0.00164183 0.00200681)
(0.00226379 -0.00216738 0.00220209)
(0.00242796 -0.00263334 0.00205613)
(0.0023616 -0.00256425 0.00159863)
(0.00231185 -0.00273086 0.0010849)
(0.00217732 -0.00278434 0.000490937)
(0.00198779 -0.00272664 -8.48143e-05)
(0.00177247 -0.00257144 -0.000562925)
(0.00154807 -0.002339 -0.000899664)
(0.00131588 -0.00205 -0.00108275)
(0.00106805 -0.00172118 -0.00111614)
(0.000794375 -0.00136377 -0.0010088)
(0.00048583 -0.000983993 -0.000770759)
(0.000136437 -0.000584876 -0.00041389)
(-0.000254246 -0.00016879 4.36868e-05)
(-0.000677148 0.000260119 0.000569706)
(-0.00111034 0.00069543 0.00111009)
(-0.00152117 0.00112962 0.00159002)
(-0.0018747 0.00155307 0.00192777)
(-0.00214259 0.00194996 0.002056)
(-0.0023071 0.00229627 0.00194185)
(-0.0023616 0.00256425 0.00159863)
(-0.00231185 0.00273086 0.0010849)
(-0.00217732 0.00278434 0.000490937)
(-0.00198779 0.00272664 -8.48143e-05)
(-0.00177247 0.00257144 -0.000562925)
(-0.00154807 0.002339 -0.000899664)
(-0.00131588 0.00205 -0.00108275)
(-0.00106805 0.00172118 -0.00111614)
(-0.000794375 0.00136377 -0.0010088)
(-0.00048583 0.000983993 -0.000770759)
(-0.000136437 0.000584876 -0.00041389)
(0.000254246 0.00016879 4.36868e-05)
(0.000677148 -0.000260119 0.000569706)
(0.00111034 -0.00069543 0.00111009)
(0.00152117 -0.00112962 0.00159002)
(0.0018747 -0.00155307 0.00192777)
(0.00214259 -0.00194996 0.002056)
(0.0023071 -0.00229627 0.00194185)
(0.00229906 -0.00215855 0.00158988)
(0.0022807 -0.00223834 0.00125914)
(0.00219011 -0.00223256 0.000864836)
(0.00204441 -0.0021416 0.00046115)
(0.00185955 -0.00197421 0.000102957)
(0.00164615 -0.00174448 -0.000165901)
(0.00140753 -0.00146804 -0.000319739)
(0.00114154 -0.00115928 -0.00034958)
(0.000844206 -0.000829853 -0.000257658)
(0.000512451 -0.000488232 -5.39586e-05)
(0.00014574 -0.000140286 0.000243482)
(-0.000251996 0.000209245 0.000606299)
(-0.000669658 0.000555293 0.000994711)
(-0.00108725 0.000892268 0.00136118)
(-0.00147771 0.0012143 0.00165841)
(-0.00181247 0.00151412 0.00184731)
(-0.00206799 0.00178123 0.00190209)
(-0.00223081 0.00200142 0.00181334)
(-0.00229906 0.00215855 0.00158988)
(-0.0022807 0.00223834 0.00125914)
(-0.00219011 0.00223256 0.000864836)
(-0.00204441 0.0021416 0.00046115)
(-0.00185955 0.00197421 0.000102957)
(-0.00164615 0.00174448 -0.000165901)
(-0.00140753 0.00146804 -0.000319739)
(-0.00114154 0.00115928 -0.00034958)
(-0.000844206 0.000829853 -0.000257658)
(-0.000512451 0.000488232 -5.39586e-05)
(-0.00014574 0.000140286 0.000243482)
(0.000251996 -0.000209245 0.000606299)
(0.000669658 -0.000555293 0.000994711)
(0.00108725 -0.000892268 0.00136118)
(0.00147771 -0.0012143 0.00165841)
(0.00181247 -0.00151412 0.00184731)
(0.00206799 -0.00178123 0.00190209)
(0.00223081 -0.00200142 0.00181334)
(0.00226555 -0.00179192 0.00156316)
(0.00226776 -0.00177912 0.001405)
(0.00220899 -0.00170872 0.00120226)
(0.00209673 -0.00157966 0.000967397)
(0.00193549 -0.00139529 0.000730819)
(0.00172961 -0.00116338 0.000534032)
(0.00148296 -0.000894782 0.00041375)
(0.00119791 -0.000601893 0.000390957)
(0.000876275 -0.000296913 0.000470004)
(0.000520833 9.72062e-06 0.000640827)
(0.000136394 0.000309998 0.0008795)
(-0.000269109 0.00059765 0.00114839)
(-0.00068321 0.000867361 0.00140186)
(-0.00108847 0.00111435 0.00159973)
(-0.00146342 0.00133324 0.0017207)
(-0.00178452 0.00151685 0.001765)
(-0.00203068 0.00165766 0.00174571)
(-0.00219034 0.00175039 0.00167641)
(-0.00226555 0.00179192 0.00156316)
(-0.00226776 0.00177912 0.001405)
(-0.00220899 0.00170872 0.00120226)
(-0.00209673 0.00157966 0.000967397)
(-0.00193549 0.00139529 0.000730819)
(-0.00172961 0.00116338 0.000534032)
(-0.00148296 0.000894782 0.00041375)
(-0.00119791 0.000601893 0.000390957)
(-0.000876275 0.000296913 0.000470004)
(-0.000520833 -9.7206e-06 0.000640827)
(-0.000136394 -0.000309998 0.0008795)
(0.000269109 -0.00059765 0.00114839)
(0.00068321 -0.000867361 0.00140186)
(0.00108847 -0.00111435 0.00159973)
(0.00146342 -0.00133324 0.0017207)
(0.00178452 -0.00151685 0.001765)
(0.00203068 -0.00165766 0.00174571)
(0.00219034 -0.00175039 0.00167641)
(0.00210632 -0.00291662 0.00135685)
(0.00203132 -0.00320324 0.000810322)
(0.00188279 -0.00336151 0.00017544)
(0.00168785 -0.00338753 -0.000445736)
(0.00147371 -0.00329125 -0.00096892)
(0.00125739 -0.00309265 -0.00134431)
(0.00104114 -0.00281445 -0.0015553)
(0.000816658 -0.00247601 -0.0016046)
(0.000572402 -0.00209049 -0.00150166)
(0.000298083 -0.00166479 -0.00125679)
(-1.30657e-05 -0.00120176 -0.000880745)
(-0.000361423 -0.000703697 -0.000389854)
(-0.000736752 -0.000175314 0.000183201)
(-0.00111609 0.000375647 0.000778915)
(-0.00146797 0.000938792 0.00131215)
(-0.00176137 0.00149949 0.00168979)
(-0.00197296 0.00203581 0.00183713)
(-0.0020892 0.00251861 0.0017204)
(-0.00210632 0.00291662 0.00135685)
(-0.00203132 0.00320324 0.000810322)
(-0.00188279 0.00336151 0.00017544)
(-0.00168785 0.00338753 -0.000445736)
(-0.00147371 0.00329125 -0.00096892)
(-0.00125739 0.00309265 -0.00134431)
(-0.00104114 0.00281445 -0.0015553)
(-0.000816658 0.00247601 -0.0016046)
(-0.000572402 0.00209049 -0.00150166)
(-0.000298083 0.00166479 -0.00125679)
(1.30656e-05 0.00120176 -0.000880745)
(0.000361422 0.000703697 -0.000389854)
(0.000736752 0.000175314 0.000183201)
(0.00111609 -0.000375647 0.000778915)
(0.00146797 -0.000938791 0.00131215)
(0.00176137 -0.00149949 0.00168979)
(0.00197296 -0.00203581 0.00183713)
(0.0020892 -0.00251861 0.0017204)
(0.00203515 -0.00248878 0.00142686)
(0.00199545 -0.00269118 0.00102213)
(0.00188838 -0.00278916 0.000544186)
(0.00173271 -0.00277996 6.50993e-05)
(0.00154759 -0.0026713 -0.000350482)
(0.00134592 -0.0024784 -0.0006579)
(0.00113096 -0.00221898 -0.000835485)
(0.000898701 -0.00190908 -0.000878505)
(0.000642563 -0.00156081 -0.000791625)
(0.000356873 -0.00118203 -0.000584636)
(3.88866e-05 -0.000777798 -0.000271912)
(-0.000308787 -0.000352671 0.000125014)
(-0.000675142 8.74741e-05 0.000572586)
(-0.00103964 0.00053539 0.00102194)
(-0.00137582 0.000982955 0.00141226)
(-0.0016582 0.00141988 0.00168195)
(-0.00186788 0.00183094 0.00178321)
(-0.00199439 0.00219511 0.0016945)
(-0.00203515 0.00248878 0.00142686)
(-0.00199545 0.00269118 0.00102213)
(-0.00188838 0.00278916 0.000544186)
(-0.00173271 0.00277996 6.50994e-05)
(-0.00154759 0.0026713 -0.000350482)
(-0.00134592 0.0024784 -0.0006579)
(-0.00113096 0.00221898 -0.000835485)
(-0.000898701 0.00190908 -0.000878505)
(-0.000642563 0.00156081 -0.000791625)
(-0.000356873 0.00118203 -0.000584636)
(-3.88867e-05 0.000777798 -0.000271912)
(0.000308787 0.000352671 0.000125014)
(0.000675142 -8.74741e-05 0.000572586)
(0.00103964 -0.00053539 0.00102194)
(0.00137582 -0.000982955 0.00141226)
(0.0016582 -0.00141988 0.00168195)
(0.00186788 -0.00183094 0.00178321)
(0.00199439 -0.00219511 0.0016945)
(0.00200993 -0.00209216 0.0014713)
(0.00199443 -0.00219958 0.00120706)
(0.00191718 -0.00222824 0.000886142)
(0.00179065 -0.00217648 0.000550226)
(0.0016267 -0.00204912 0.000243857)
(0.00143387 -0.00185595 6.20443e-06)
(0.00121579 -0.00160947 -0.000135967)
(0.00097198 -0.00132244 -0.000170261)
(0.000700377 -0.00100606 -9.64793e-05)
(0.000399669 -0.000669154 7.59463e-05)
(7.09401e-05 -0.000318749 0.000328673)
(-0.000280521 3.8617e-05 0.000634351)
(-0.000643375 0.000395956 0.000957879)
(-0.000999897 0.0007461 0.00126048)
(-0.00132829 0.00108195 0.0015053)
(-0.00160688 0.00139565 0.00166241)
(-0.00181843 0.00167716 0.00171194)
(-0.00195322 0.00191392 0.00164625)
(-0.00200993 0.00209216 0.0014713)
(-0.00199443 0.00219958 0.00120706)
(-0.00191718 0.00222824 0.000886142)
(-0.00179065 0.00217648 0.000550226)
(-0.0016267 0.00204912 0.000243857)
(-0.00143387 0.00185595 6.20445e-06)
(-0.00121579 0.00160947 -0.000135967)
(-0.00097198 0.00132244 -0.000170261)
(-0.000700377 0.00100606 -9.64793e-05)
(-0.000399669 0.000669154 7.59463e-05)
(-7.09402e-05 0.000318749 0.000328673)
(0.000280521 -3.8617e-05 0.000634351)
(0.000643375 -0.000395956 0.000957879)
(0.000999897 -0.0007461 0.00126048)
(0.00132829 -0.00108195 0.0015053)
(0.00160688 -0.00139565 0.00166241)
(0.00181843 -0.00167716 0.00171194)
(0.00195322 -0.00191392 0.00164625)
(0.00202314 -0.00173216 0.00148746)
(0.00202157 -0.0017376 0.00135759)
(0.00196299 -0.00169062 0.00118934)
(0.0018555 -0.0015905 0.000994916)
(0.00170476 -0.0014387 0.000798857)
(0.00151514 -0.00123953 0.000633792)
(0.00128996 -0.00100036 0.000530217)
(0.00103146 -0.000730856 0.000507375)
(0.000741586 -0.000441424 0.000570069)
(0.000423155 -0.000141751 0.000709192)
(8.08841e-05 0.000159573 0.00090283)
(-0.000277639 0.000454516 0.00111871)
(-0.000641211 0.000735273 0.00132107)
(-0.000995099 0.000994436 0.00148101)
(-0.00132163 0.00122478 0.00158394)
(-0.00160146 0.00141904 0.00162938)
(-0.00181697 0.00157085 0.00162449)
(-0.00195759 0.00167599 0.00157631)
(-0.00202314 0.00173216 0.00148746)
(-0.00202157 0.0017376 0.00135759)
(-0.00196299 0.00169062 0.00118934)
(-0.0018555 0.0015905 0.000994916)
(-0.00170476 0.0014387 0.000798857)
(-0.00151514 0.00123953 0.000633792)
(-0.00128996 0.00100036 0.000530217)
(-0.00103146 0.000730856 0.000507375)
(-0.000741586 0.000441424 0.000570069)
(-0.000423155 0.000141751 0.000709192)
(-8.08841e-05 -0.000159573 0.00090283)
(0.000277639 -0.000454516 0.00111871)
(0.000641211 -0.000735273 0.00132107)
(0.000995099 -0.000994436 0.00148101)
(0.00132163 -0.00122478 0.00158394)
(0.00160146 -0.00141904 0.00162938)
(0.00181697 -0.00157085 0.00162449)
(0.00195759 -0.00167599 0.00157631)
(0.00170604 -0.00274445 0.00104621)
(0.00164211 -0.00304698 0.000643504)
(0.00152716 -0.00323428 0.000169502)
(0.00137543 -0.00329961 -0.00030796)
(0.00120103 -0.00324764 -0.000727334)
(0.00101426 -0.00309218 -0.00104351)
(0.000818626 -0.00285091 -0.00123158)
(0.000611187 -0.00254049 -0.00128347)
(0.000385814 -0.0021739 -0.00120179)
(0.000136909 -0.0017601 -0.000995214)
(-0.000137725 -0.00130528 -0.000677445)
(-0.000434078 -0.000814988 -0.00027042)
(-0.000739601 -0.000295799 0.000189903)
(-0.00103394 0.000244287 0.000650514)
(-0.00129388 0.000795215 0.00104668)
(-0.00149975 0.00134291 0.00131538)
(-0.00163919 0.00186736 0.00141094)
(-0.0017074 0.0023434 0.00131627)
(-0.00170604 0.00274445 0.00104621)
(-0.00164211 0.00304698 0.000643504)
(-0.00152716 0.00323428 0.000169502)
(-0.00137543 0.00329961 -0.00030796)
(-0.00120103 0.00324764 -0.000727334)
(-0.00101426 0.00309218 -0.00104351)
(-0.000818626 0.00285091 -0.00123158)
(-0.000611187 0.00254049 -0.00128347)
(-0.000385814 0.0021739 -0.00120179)
(-0.000136909 0.0017601 -0.000995214)
(0.000137725 0.00130528 -0.000677445)
(0.000434078 0.000814988 -0.00027042)
(0.000739601 0.000295799 0.000189903)
(0.00103394 -0.000244287 0.000650514)
(0.00129388 -0.000795215 0.00104668)
(0.00149975 -0.00134291 0.00131538)
(0.00163919 -0.00186736 0.00141094)
(0.0017074 -0.0023434 0.00131627)
(0.00166168 -0.00234032 0.00118817)
(0.0016281 -0.00256176 0.000887065)
(0.00154434 -0.0026888 0.000526993)
(0.00142084 -0.00271683 0.000157225)
(0.00126827 -0.00264971 -0.000174639)
(0.00109488 -0.00249792 -0.000430292)
(0.000904409 -0.00227514 -0.00058528)
(0.000696158 -0.00199495 -0.000628955)
(0.00046727 -0.00166874 -0.000561528)
(0.000215346 -0.0013053 -0.000391211)
(-5.93189e-05 -0.000911604 -0.000133015)
(-0.000351526 -0.00049429 0.000190344)
(-0.00064957 -6.04453e-05 0.000546775)
(-0.000936038 0.00038245 0.000895046)
(-0.0011916 0.000826204 0.00118923)
(-0.00139979 0.00126034 0.0013867)
(-0.00154986 0.00167022 0.00145686)
(-0.00163708 0.00203704 0.00138763)
(-0.00166168 0.00234032 0.00118817)
(-0.0016281 0.00256176 0.000887065)
(-0.00154434 0.0026888 0.000526993)
(-0.00142084 0.00271683 0.000157225)
(-0.00126827 0.00264971 -0.000174639)
(-0.00109488 0.00249792 -0.000430292)
(-0.000904409 0.00227514 -0.00058528)
(-0.000696158 0.00199495 -0.000628955)
(-0.00046727 0.00166875 -0.000561528)
(-0.000215346 0.0013053 -0.000391211)
(5.93188e-05 0.000911604 -0.000133015)
(0.000351526 0.00049429 0.000190344)
(0.00064957 6.04454e-05 0.000546775)
(0.000936038 -0.00038245 0.000895046)
(0.0011916 -0.000826204 0.00118923)
(0.00139979 -0.00126034 0.0013867)
(0.00154986 -0.00167022 0.00145686)
(0.00163708 -0.00203704 0.00138763)
(0.00166947 -0.00196509 0.0012963)
(0.00165589 -0.00209366 0.00109692)
(0.00159239 -0.00215023 0.000851868)
(0.00148712 -0.00213234 0.000591333)
(0.00134794 -0.00204246 0.000348689)
(0.00118102 -0.00188727 0.000155308)
(0.000989852 -0.00167618 3.52181e-05)
(0.000775499 -0.00141958 1.78027e-06)
(0.000537918 -0.00112741 5.7191e-05)
(0.000277619 -0.000808378 0.000193584)
(-2.80685e-06 -0.000470331 0.000394324)
(-0.000297209 -0.000120974 0.000635488)
(-0.00059501 0.000231927 0.000888377)
(-0.000881775 0.000580855 0.00112309)
(-0.00114136 0.000918422 0.00131227)
(-0.00135872 0.00123642 0.00143404)
(-0.00152243 0.00152484 0.00147404)
(-0.00162626 0.00177186 0.00142673)
(-0.00166947 0.00196509 0.0012963)
(-0.00165589 0.00209366 0.00109692)
(-0.00159239 0.00215023 0.000851868)
(-0.00148712 0.00213234 0.000591333)
(-0.00134794 0.00204246 0.000348689)
(-0.00118102 0.00188727 0.000155308)
(-0.000989852 0.00167618 3.52181e-05)
(-0.000775499 0.00141958 1.78028e-06)
(-0.000537918 0.00112741 5.7191e-05)
(-0.000277619 0.000808378 0.000193584)
(2.80679e-06 0.000470331 0.000394324)
(0.000297209 0.000120974 0.000635488)
(0.00059501 -0.000231926 0.000888377)
(0.000881775 -0.000580855 0.00112309)
(0.00114136 -0.000918422 0.00131227)
(0.00135872 -0.00123642 0.00143404)
(0.00152243 -0.00152484 0.00147404)
(0.00162626 -0.00177186 0.00142673)
(0.00172258 -0.00162387 0.00136389)
(0.00171922 -0.00165102 0.0012636)
(0.0016657 -0.00162942 0.00113234)
(0.00156916 -0.00155854 0.000981119)
(0.00143515 -0.00143911 0.00082893)
(0.00126779 -0.00127379 0.000699841)
(0.00107013 -0.00106771 0.000616896)
(0.000844549 -0.00082823 0.000595701)
(0.000593381 -0.000563876 0.000640678)
(0.000319749 -0.000283373 0.000744394)
(2.83206e-05 4.65344e-06 0.000888974)
(-0.000274038 0.000291575 0.00104976)
(-0.000578002 0.00056892 0.00120149)
(-0.000871886 0.000828668 0.00132478)
(-0.00114187 0.0010632 0.00140946)
(-0.00137291 0.0012653 0.00145356)
(-0.00155125 0.00142878 0.00145936)
(-0.00166823 0.00154921 0.00142927)
(-0.00172258 0.00162387 0.00136389)
(-0.00171922 0.00165102 0.0012636)
(-0.0016657 0.00162942 0.00113234)
(-0.00156916 0.00155854 0.000981119)
(-0.00143515 0.00143911 0.00082893)
(-0.00126779 0.00127379 0.000699841)
(-0.00107013 0.00106771 0.000616896)
(-0.000844549 0.00082823 0.000595701)
(-0.000593381 0.000563876 0.000640678)
(-0.000319749 0.000283373 0.000744394)
(-2.83206e-05 -4.65342e-06 0.000888974)
(0.000274038 -0.000291575 0.00104976)
(0.000578002 -0.00056892 0.00120149)
(0.000871886 -0.000828668 0.00132478)
(0.00114187 -0.0010632 0.00140946)
(0.00137291 -0.0012653 0.00145356)
(0.00155125 -0.00142878 0.00145936)
(0.00166823 -0.00154921 0.00142927)
(0.00128809 -0.00247281 0.000686306)
(0.00123092 -0.00276257 0.000413321)
(0.00114164 -0.00295352 9.0463e-05)
(0.00102613 -0.00303867 -0.000241287)
(0.000889654 -0.00301928 -0.000541801)
(0.000736672 -0.00290352 -0.000776876)
(0.000569962 -0.0027032 -0.000922064)
(0.000389751 -0.00243063 -0.000964207)
(0.00019437 -0.00209723 -0.000900779)
(-1.73574e-05 -0.00171315 -0.000738314)
(-0.000243358 -0.00128735 -0.000491637)
(-0.000476406 -0.000827988 -0.000184584)
(-0.00070396 -0.000342892 0.000149282)
(-0.000910426 0.000159841 0.00046869)
(-0.00108117 0.00067054 0.000730534)
(-0.00120607 0.00117613 0.000897951)
(-0.00128094 0.00165912 0.000947491)
(-0.0013068 0.00209856 0.000873103)
(-0.00128809 0.00247281 0.000686306)
(-0.00123092 0.00276257 0.000413321)
(-0.00114164 0.00295352 9.0463e-05)
(-0.00102613 0.00303867 -0.000241287)
(-0.000889654 0.00301928 -0.000541801)
(-0.000736672 0.00290352 -0.000776876)
(-0.000569962 0.0027032 -0.000922064)
(-0.000389751 0.00243063 -0.000964207)
(-0.00019437 0.00209723 -0.000900779)
(1.73573e-05 0.00171315 -0.000738314)
(0.000243358 0.00128735 -0.000491637)
(0.000476406 0.000827988 -0.000184584)
(0.00070396 0.000342892 0.000149282)
(0.000910426 -0.000159841 0.00046869)
(0.00108117 -0.00067054 0.000730534)
(0.00120607 -0.00117613 0.000897951)
(0.00128094 -0.00165912 0.000947491)
(0.0013068 -0.00209856 0.000873103)
(0.00126982 -0.00210835 0.000907522)
(0.00123912 -0.00232848 0.000700539)
(0.00117366 -0.00246675 0.000451876)
(0.0010782 -0.00251832 0.000192457)
(0.000957535 -0.00248451 -4.61279e-05)
(0.000815937 -0.00237172 -0.00023556)
(0.000656427 -0.00218923 -0.000354322)
(0.000480294 -0.00194712 -0.000389991)
(0.000287642 -0.00165509 -0.000339769)
(7.90043e-05 -0.00132212 -0.000209723)
(-0.000142714 -0.000956552 -1.37927e-05)
(-0.000370773 -0.000566381 0.000226924)
(-0.000594474 -0.000159262 0.000485126)
(-0.000800855 0.000257302 0.000729641)
(-0.000977629 0.000675115 0.000929419)
(-0.0011158 0.00108383 0.00105827)
(-0.00121069 0.00146994 0.00109905)
(-0.00126146 0.00181713 0.00104643)
(-0.00126982 0.00210835 0.000907522)
(-0.00123912 0.00232848 0.000700539)
(-0.00117366 0.00246675 0.000451876)
(-0.0010782 0.00251832 0.000192457)
(-0.000957535 0.00248451 -4.61278e-05)
(-0.000815937 0.00237172 -0.00023556)
(-0.000656428 0.00218923 -0.000354322)
(-0.000480294 0.00194712 -0.000389991)
(-0.000287642 0.00165509 -0.000339769)
(-7.90044e-05 0.00132212 -0.000209723)
(0.000142714 0.000956552 -1.37928e-05)
(0.000370773 0.000566381 0.000226924)
(0.000594474 0.000159262 0.000485126)
(0.000800855 -0.000257302 0.000729641)
(0.000977629 -0.000675115 0.000929419)
(0.0011158 -0.00108383 0.00105827)
(0.00121069 -0.00146994 0.00109905)
(0.00126146 -0.00181713 0.00104643)
(0.00130558 -0.00176989 0.001085)
(0.00129222 -0.00190807 0.00094534)
(0.0012409 -0.00198258 0.000772843)
(0.00115637 -0.00199078 0.000587816)
(0.00104332 -0.00193371 0.000413066)
(0.00090577 -0.00181563 0.000271004)
(0.000746714 -0.0016431 0.000180251)
(0.000568164 -0.00142394 0.000152571)
(0.000371664 -0.0011663 0.000191049)
(0.000159221 -0.000878184 0.000289993)
(-6.5547e-05 -0.000567604 0.000436121)
(-0.000296476 -0.000242509 0.000610775)
(-0.000524726 8.93752e-05 0.000792565)
(-0.00073966 0.000420658 0.000960127)
(-0.000930402 0.000743841 0.00109446)
(-0.0010875 0.00105056 0.00118064)
(-0.0012042 0.00133105 0.00120905)
(-0.00127699 0.00157445 0.00117614)
(-0.00130558 0.00176989 0.001085)
(-0.00129222 0.00190807 0.00094534)
(-0.0012409 0.00198258 0.000772843)
(-0.00115637 0.00199078 0.000587816)
(-0.00104332 0.00193371 0.000413066)
(-0.000905771 0.00181563 0.000271004)
(-0.000746714 0.0016431 0.000180251)
(-0.000568164 0.00142394 0.000152571)
(-0.000371664 0.0011663 0.000191049)
(-0.000159221 0.000878184 0.000289993)
(6.55469e-05 0.000567604 0.000436121)
(0.000296476 0.000242509 0.000610775)
(0.000524726 -8.93752e-05 0.000792565)
(0.00073966 -0.000420658 0.000960127)
(0.000930402 -0.000743841 0.00109446)
(0.0010875 -0.00105056 0.00118064)
(0.0012042 -0.00133105 0.00120905)
(0.00127699 -0.00157445 0.00117614)
(0.00138994 -0.00146214 0.00120789)
(0.00138501 -0.00150837 0.00113563)
(0.00133872 -0.00150994 0.00104048)
(0.00125653 -0.0014663 0.000931497)
(0.00114317 -0.00137789 0.000822363)
(0.00100227 -0.00124667 0.000729443)
(0.000836698 -0.00107641 0.000668387)
(0.000648987 -0.00087266 0.000650211)
(0.000441842 -0.000642149 0.000678304)
(0.000218527 -0.000392261 0.000747451)
(-1.66925e-05 -0.000130806 0.000845205)
(-0.000258174 0.000134162 0.00095524)
(-0.000498711 0.000394655 0.00106155)
(-0.000729471 0.000642925 0.00115174)
(-0.000940111 0.000871474 0.00121829)
(-0.00111954 0.00107318 0.00125786)
(-0.0012578 0.00124181 0.00126949)
(-0.00134845 0.00137257 0.00125288)
(-0.00138994 0.00146214 0.00120789)
(-0.00138501 0.00150837 0.00113563)
(-0.00133872 0.00150994 0.00104048)
(-0.00125653 0.0014663 0.000931497)
(-0.00114317 0.00137789 0.000822363)
(-0.00100227 0.00124667 0.000729443)
(-0.000836698 0.00107641 0.000668387)
(-0.000648987 0.00087266 0.000650211)
(-0.000441842 0.000642149 0.000678304)
(-0.000218527 0.000392261 0.000747451)
(1.66925e-05 0.000130806 0.000845205)
(0.000258174 -0.000134162 0.00095524)
(0.000498711 -0.000394655 0.00106155)
(0.000729471 -0.000642925 0.00115174)
(0.000940111 -0.000871474 0.00121829)
(0.00111954 -0.00107318 0.00125786)
(0.0012578 -0.00124181 0.00126949)
(0.00134845 -0.00137257 0.00125288)
(0.000874793 -0.00207616 0.000314652)
(0.000823271 -0.00232491 0.000153896)
(0.000754199 -0.00249524 -3.53869e-05)
(0.000668884 -0.00258095 -0.000231775)
(0.000567871 -0.00258106 -0.000412917)
(0.000451923 -0.00249907 -0.000557583)
(0.000322283 -0.00234124 -0.000647963)
(0.000180084 -0.00211544 -0.000672091)
(2.63044e-05 -0.00183109 -0.000625846)
(-0.000136805 -0.0014987 -0.000513901)
(-0.000304033 -0.00112867 -0.000349434)
(-0.000466937 -0.00073014 -0.0001527)
(-0.000615216 -0.000311144 5.14061e-05)
(-0.000738985 0.000120515 0.000236831)
(-0.000831087 0.000555951 0.000380296)
(-0.000888452 0.000983927 0.000464619)
(-0.000912089 0.00139052 0.000480747)
(-0.000905877 0.00175992 0.000428256)
(-0.000874793 0.00207616 0.000314652)
(-0.000823271 0.00232491 0.000153896)
(-0.000754199 0.00249524 -3.53869e-05)
(-0.000668884 0.00258095 -0.000231775)
(-0.000567871 0.00258106 -0.000412917)
(-0.000451923 0.00249907 -0.000557583)
(-0.000322283 0.00234124 -0.000647963)
(-0.000180084 0.00211544 -0.000672091)
(-2.63045e-05 0.00183109 -0.000625846)
(0.000136805 0.0014987 -0.000513901)
(0.000304033 0.00112867 -0.000349434)
(0.000466937 0.00073014 -0.0001527)
(0.000615216 0.000311144 5.14061e-05)
(0.000738985 -0.000120515 0.000236831)
(0.000831087 -0.000555951 0.000380296)
(0.000888452 -0.000983927 0.000464619)
(0.000912089 -0.00139052 0.000480747)
(0.000905877 -0.00175992 0.000428256)
(0.000882616 -0.0017723 0.000616376)
(0.000853457 -0.0019687 0.000491745)
(0.000802396 -0.00209925 0.000342568)
(0.000730995 -0.00215951 0.000185872)
(0.000640731 -0.00214909 3.97696e-05)
(0.00053329 -0.00207094 -7.8219e-05)
(0.000410569 -0.00193022 -0.000153171)
(0.000274361 -0.0017335 -0.000174997)
(0.000126362 -0.00148842 -0.000140288)
(-3.09203e-05 -0.0012035 -5.31161e-05)
(-0.000192993 -0.00088747 7.55727e-05)
(-0.000353044 -0.000548527 0.000229552)
(-0.000502784 -0.00019417 0.000389557)
(-0.000634062 0.00016837 0.00053586)
(-0.000740513 0.00053124 0.000650818)
(-0.000818536 0.000885019 0.000720981)
(-0.000867305 0.00121833 0.000738546)
(-0.000887967 0.00151839 0.000702068)
(-0.000882616 0.0017723 0.000616376)
(-0.000853457 0.0019687 0.000491745)
(-0.000802396 0.00209925 0.000342568)
(-0.000730995 0.00215951 0.000185872)
(-0.000640731 0.00214909 3.97696e-05)
(-0.00053329 0.00207094 -7.8219e-05)
(-0.000410569 0.00193022 -0.000153171)
(-0.000274361 0.0017335 -0.000174997)
(-0.000126362 0.00148842 -0.000140288)
(3.09202e-05 0.0012035 -5.31161e-05)
(0.000192993 0.00088747 7.55727e-05)
(0.000353044 0.000548527 0.000229552)
(0.000502784 0.00019417 0.000389557)
(0.000634062 -0.00016837 0.00053586)
(0.000740513 -0.000531239 0.000650818)
(0.000818536 -0.000885019 0.000720981)
(0.000867305 -0.00121833 0.000738545)
(0.000887967 -0.00151839 0.000702068)
(0.000940871 -0.00149083 0.000862013)
(0.000926778 -0.00162281 0.000775578)
(0.000885987 -0.00170226 0.000669017)
(0.00082093 -0.00172662 0.000554423)
(0.000734155 -0.00169591 0.000445431)
(0.000628141 -0.00161246 0.000355781)
(0.000505275 -0.0014803 0.00029753)
(0.000367822 -0.00130472 0.000278969)
(0.000218049 -0.00109187 0.000302824)
(5.86641e-05 -0.000848622 0.000365598)
(-0.000106501 -0.000582319 0.000458391)
(-0.000272119 -0.000300348 0.00056879)
(-0.000431661 -9.83994e-06 0.000682957)
(-0.000578168 0.000282222 0.000787441)
(-0.000705198 0.000568635 0.000870551)
(-0.000807564 0.000841498 0.000923281)
(-0.000881809 0.00109214 0.000939988)
(-0.000926271 0.00131149 0.000918839)
(-0.000940871 0.00149083 0.000862013)
(-0.000926778 0.00162281 0.000775578)
(-0.000885987 0.00170226 0.000669017)
(-0.00082093 0.00172662 0.000554423)
(-0.000734155 0.00169591 0.000445431)
(-0.000628141 0.00161246 0.000355781)
(-0.000505275 0.0014803 0.00029753)
(-0.000367822 0.00130472 0.000278969)
(-0.000218049 0.00109187 0.000302824)
(-5.86641e-05 0.000848622 0.000365598)
(0.000106501 0.000582319 0.000458391)
(0.000272119 0.000300348 0.00056879)
(0.000431661 9.83998e-06 0.000682957)
(0.000578168 -0.000282222 0.000787441)
(0.000705198 -0.000568635 0.000870551)
(0.000807564 -0.000841498 0.000923281)
(0.000881809 -0.00109214 0.000939988)
(0.000926271 -0.00131149 0.000918838)
(0.00104554 -0.00123554 0.00103624)
(0.00103909 -0.00129234 0.000989827)
(0.00100107 -0.00131048 0.000928506)
(0.000935115 -0.00128933 0.000858725)
(0.000844761 -0.00122922 0.000789216)
(0.000733059 -0.00113168 0.000729846)
(0.00060271 -0.000999554 0.000689861)
(0.000456344 -0.000836889 0.000675867)
(0.000296704 -0.000648645 0.000690035)
(0.000126754 -0.000440492 0.000729492)
(-5.00795e-05 -0.000218767 0.000787228)
(-0.000229598 9.77564e-06 0.000854204)
(-0.000406584 0.000238169 0.000921437)
(-0.000574715 0.000459408 0.000981423)
(-0.000726745 0.000666548 0.00102865)
(-0.000855187 0.000852995 0.00105948)
(-0.000953511 0.00101291 0.00107168)
(-0.00101743 0.00114159 0.001064)
(-0.00104554 0.00123554 0.00103624)
(-0.00103909 0.00129234 0.000989827)
(-0.00100107 0.00131048 0.000928506)
(-0.000935115 0.00128933 0.000858725)
(-0.000844761 0.00122922 0.000789216)
(-0.000733059 0.00113168 0.000729846)
(-0.00060271 0.000999554 0.000689861)
(-0.000456345 0.000836889 0.000675867)
(-0.000296704 0.000648645 0.000690035)
(-0.000126754 0.000440492 0.000729492)
(5.00794e-05 0.000218767 0.000787228)
(0.000229598 -9.77561e-06 0.000854204)
(0.000406584 -0.000238169 0.000921437)
(0.000574715 -0.000459407 0.000981423)
(0.000726745 -0.000666548 0.00102865)
(0.000855187 -0.000852995 0.00105948)
(0.000953511 -0.00101291 0.00107168)
(0.00101743 -0.00114159 0.001064)
(0.000489922 -0.00152628 -1.18216e-05)
(0.000446491 -0.00170825 -8.2634e-05)
(0.000395875 -0.00183598 -0.000164053)
(0.000337824 -0.00190453 -0.000247712)
(0.000271433 -0.00191162 -0.000324595)
(0.000195918 -0.00185733 -0.000385574)
(0.00011103 -0.00174382 -0.000422241)
(1.71476e-05 -0.00157568 -0.000428238)
(-8.41879e-05 -0.00136056 -0.000401063)
(-0.000189274 -0.00110814 -0.000343536)
(-0.000291965 -0.000827977 -0.000263728)
(-0.000384862 -0.000528008 -0.000173199)
(-0.000461201 -0.000214827 -8.44995e-05)
(-0.00051631 0.000105218 -8.92742e-06)
(-0.000548341 0.000425151 4.49595e-05)
(-0.000558243 0.00073683 7.19659e-05)
(-0.000549107 0.00103095 7.02674e-05)
(-0.000525035 0.00129746 4.10783e-05)
(-0.000489922 0.00152628 -1.18215e-05)
(-0.000446491 0.00170825 -8.2634e-05)
(-0.000395875 0.00183598 -0.000164053)
(-0.000337824 0.00190453 -0.000247712)
(-0.000271433 0.00191162 -0.000324595)
(-0.000195918 0.00185733 -0.000385574)
(-0.00011103 0.00174382 -0.000422241)
(-1.71477e-05 0.00157568 -0.000428238)
(8.41878e-05 0.00136056 -0.000401063)
(0.000189274 0.00110814 -0.000343536)
(0.000291965 0.000827978 -0.000263728)
(0.000384862 0.000528008 -0.000173199)
(0.000461201 0.000214828 -8.44996e-05)
(0.00051631 -0.000105218 -8.92749e-06)
(0.000548341 -0.000425151 4.49594e-05)
(0.000558243 -0.00073683 7.19659e-05)
(0.000549107 -0.00103095 7.02673e-05)
(0.000525035 -0.00129746 4.10783e-05)
(0.000521709 -0.00130797 0.000362248)
(0.000495406 -0.00145739 0.000305377)
(0.000457414 -0.00156055 0.000238507)
(0.000408054 -0.00161381 0.000168799)
(0.000347555 -0.0016157 0.000103997)
(0.000276383 -0.00156663 5.18997e-05)
(0.00019535 -0.00146861 1.95534e-05)
(0.000105605 -0.00132537 1.21202e-05)
(8.8859e-06 -0.00114266 3.15279e-05)
(-9.18608e-05 -0.0009278 7.55476e-05)
(-0.000192143 -0.000688432 0.00013804)
(-0.000286496 -0.000431522 0.000210262)
(-0.000369646 -0.00016328 0.000282608)
(-0.000437556 0.000110304 0.00034613)
(-0.000487952 0.000382805 0.00039359)
(-0.000520362 0.000647026 0.000420056)
(-0.000535691 0.000894935 0.000423142)
(-0.000535573 0.00111802 0.000403023)
(-0.000521709 0.00130797 0.000362248)
(-0.000495406 0.00145739 0.000305377)
(-0.000457414 0.00156055 0.000238507)
(-0.000408054 0.00161381 0.000168799)
(-0.000347555 0.0016157 0.000103998)
(-0.000276383 0.00156663 5.18997e-05)
(-0.00019535 0.00146861 1.95535e-05)
(-0.000105606 0.00132537 1.21202e-05)
(-8.88599e-06 0.00114266 3.15279e-05)
(9.18607e-05 0.0009278 7.55476e-05)
(0.000192143 0.000688432 0.00013804)
(0.000286495 0.000431522 0.000210262)
(0.000369646 0.00016328 0.000282608)
(0.000437556 -0.000110304 0.00034613)
(0.000487952 -0.000382805 0.00039359)
(0.000520362 -0.000647026 0.000420056)
(0.000535691 -0.000894935 0.000423142)
(0.000535573 -0.00111802 0.000403023)
(0.000594121 -0.00110667 0.000663631)
(0.000579977 -0.00121306 0.000622762)
(0.000549256 -0.00128143 0.000572797)
(0.000503089 -0.00130963 0.000519286)
(0.000442827 -0.00129706 0.000468443)
(0.000370034 -0.00124452 0.000426581)
(0.000286465 -0.00115396 0.00039937)
(0.000193974 -0.00102841 0.000390855)
(9.45301e-05 -0.000872085 0.00040249)
(-9.50432e-06 -0.000690289 0.000432661)
(-0.000115016 -0.00048898 0.00047703)
(-0.000218153 -0.000274174 0.000529538)
(-0.000314773 -5.17028e-05 0.000583496)
(-0.000400991 0.000172654 0.000632486)
(-0.000473601 0.000392954 0.000671015)
(-0.000530261 0.000602931 0.000694948)
(-0.00056954 0.000796095 0.000701814)
(-0.000590817 0.000966003 0.000690968)
(-0.000594121 0.00110667 0.000663631)
(-0.000579977 0.00121306 0.000622762)
(-0.000549256 0.00128143 0.000572797)
(-0.000503089 0.00130963 0.000519286)
(-0.000442827 0.00129706 0.000468443)
(-0.000370034 0.00124452 0.000426581)
(-0.000286465 0.00115396 0.00039937)
(-0.000193974 0.00102841 0.000390855)
(-9.45302e-05 0.000872085 0.00040249)
(9.50427e-06 0.000690289 0.000432661)
(0.000115016 0.00048898 0.00047703)
(0.000218153 0.000274174 0.000529538)
(0.000314773 5.17029e-05 0.000583496)
(0.000400991 -0.000172654 0.000632486)
(0.000473601 -0.000392954 0.000671015)
(0.000530261 -0.000602931 0.000694948)
(0.00056954 -0.000796095 0.000701814)
(0.000590817 -0.000966003 0.000690968)
(0.000702959 -0.00092473 0.000872173)
(0.000695715 -0.000978024 0.000849455)
(0.000666951 -0.00100187 0.000819111)
(0.000618721 -0.000995674 0.000784547)
(0.000553345 -0.000959697 0.00075008)
(0.000473213 -0.000895053 0.000720381)
(0.000380749 -0.00080364 0.000699722)
(0.000278376 -0.000688003 0.000691137)
(0.000168399 -0.000551267 0.000695735)
(5.30055e-05 -0.000397264 0.000712471)
(-6.55086e-05 -0.000230544 0.000738563)
(-0.000184386 -5.62534e-05 0.000770255)
(-0.000300199 0.000120114 0.000803558)
(-0.000408868 0.000292914 0.000834746)
(-0.000505918 0.000456574 0.000860638)
(-0.000586948 0.00060584 0.000878724)
(-0.000648233 0.000736055 0.000887212)
(-0.000687251 0.00084335 0.000885075)
(-0.000702959 0.00092473 0.000872173)
(-0.000695715 0.000978024 0.000849455)
(-0.000666951 0.00100187 0.000819111)
(-0.000618721 0.000995674 0.000784547)
(-0.000553345 0.000959697 0.00075008)
(-0.000473213 0.000895053 0.000720381)
(-0.000380749 0.00080364 0.000699722)
(-0.000278376 0.000688003 0.000691137)
(-0.000168399 0.000551267 0.000695735)
(-5.30056e-05 0.000397264 0.000712471)
(6.55086e-05 0.000230544 0.000738563)
(0.000184386 5.62534e-05 0.000770255)
(0.000300199 -0.000120114 0.000803558)
(0.000408868 -0.000292914 0.000834746)
(0.000505918 -0.000456574 0.000860638)
(0.000586948 -0.00060584 0.000878724)
(0.000648233 -0.000736055 0.000887212)
(0.000687251 -0.00084335 0.000885075)
(0.000169658 -0.000812359 -0.000203111)
(0.00014 -0.000908223 -0.000213221)
(0.000109651 -0.000976723 -0.000223025)
(7.87206e-05 -0.00101484 -0.000231741)
(4.67941e-05 -0.00102023 -0.00023872)
(1.30253e-05 -0.000991452 -0.000243322)
(-2.36606e-05 -0.000928701 -0.000244846)
(-6.39477e-05 -0.000834727 -0.000242632)
(-0.000107233 -0.000714927 -0.000236366)
(-0.000151109 -0.000575996 -0.000226479)
(-0.000191696 -0.00042405 -0.000214337)
(-0.00022476 -0.000263564 -0.000201928)
(-0.000247033 -9.768e-05 -0.000191251)
(-0.000257036 7.07568e-05 -0.000183826)
(-0.000255117 0.000238371 -0.000180479)
(-0.000242972 0.000401058 -0.000181363)
(-0.000223027 0.000554183 -0.000186053)
(-0.00019785 0.00069288 -0.000193676)
(-0.000169658 0.000812359 -0.000203111)
(-0.00014 0.000908223 -0.000213221)
(-0.000109651 0.000976723 -0.000223025)
(-7.87206e-05 0.00101484 -0.000231741)
(-4.67941e-05 0.00102023 -0.00023872)
(-1.30254e-05 0.000991452 -0.000243322)
(2.36605e-05 0.000928701 -0.000244846)
(6.39476e-05 0.000834727 -0.000242632)
(0.000107233 0.000714927 -0.000236366)
(0.000151109 0.000575996 -0.000226479)
(0.000191696 0.00042405 -0.000214337)
(0.00022476 0.000263564 -0.000201928)
(0.000247033 9.76801e-05 -0.000191251)
(0.000257036 -7.07568e-05 -0.000183826)
(0.000255116 -0.000238371 -0.000180479)
(0.000242972 -0.000401058 -0.000181363)
(0.000223027 -0.000554183 -0.000186053)
(0.00019785 -0.00069288 -0.000193676)
(0.000214627 -0.000701362 0.000217231)
(0.00019546 -0.000782212 0.000208285)
(0.000172113 -0.000839317 0.000198917)
(0.000144899 -0.000870491 0.000190091)
(0.000114022 -0.000874208 0.000182705)
(7.95982e-05 -0.000849709 0.000177557)
(4.16644e-05 -0.000797361 0.000175307)
(4.13865e-07 -0.000719117 0.000176407)
(-4.33661e-05 -0.000618644 0.000180956)
(-8.79588e-05 -0.000500652 0.000188549)
(-0.000130788 -0.000369871 0.000198222)
(-0.000168955 -0.000230354 0.00020861)
(-0.0002 -8.54709e-05 0.000218257)
(-0.000222441 6.16544e-05 0.000225911)
(-0.000235892 0.000207649 0.000230662)
(-0.000240825 0.000348738 0.000232016)
(-0.000238196 0.000480818 0.000229923)
(-0.000229125 0.000599701 0.000224754)
(-0.000214627 0.000701362 0.000217231)
(-0.00019546 0.000782212 0.000208285)
(-0.000172113 0.000839317 0.000198917)
(-0.000144899 0.000870491 0.000190091)
(-0.000114022 0.000874208 0.000182705)
(-7.95983e-05 0.000849709 0.000177557)
(-4.16645e-05 0.000797361 0.000175307)
(-4.13933e-07 0.000719117 0.000176407)
(4.3366e-05 0.000618644 0.000180956)
(8.79587e-05 0.000500652 0.000188549)
(0.000130787 0.000369871 0.000198222)
(0.000168955 0.000230354 0.00020861)
(0.0002 8.54709e-05 0.000218257)
(0.000222441 -6.16544e-05 0.00022591)
(0.000235892 -0.000207649 0.000230662)
(0.000240825 -0.000348738 0.000232016)
(0.000238196 -0.000480818 0.000229923)
(0.000229125 -0.000599701 0.000224754)
(0.000279278 -0.000599564 0.000545736)
(0.000268108 -0.000659782 0.000539077)
(0.000249204 -0.000699899 0.00053128)
(0.000223127 -0.000718678 0.000523274)
(0.000190646 -0.000715515 0.000516019)
(0.00015268 -0.000690325 0.000510391)
(0.000110212 -0.000643591 0.000507072)
(6.42158e-05 -0.000576623 0.00050646)
(1.57162e-05 -0.00049172 0.000508638)
(-3.40545e-05 -0.000392042 0.000513371)
(-8.3515e-05 -0.000281183 0.000520085)
(-0.000130764 -0.000162726 0.000527947)
(-0.00017384 -4.00375e-05 0.000535988)
(-0.000211031 8.3632e-05 0.000543238)
(-0.000241084 0.000205008 0.000548836)
(-0.000263204 0.000320678 0.000552115)
(-0.00027699 0.000427189 0.000552679)
(-0.00028232 0.000521175 0.000550462)
(-0.000279278 0.000599564 0.000545736)
(-0.000268108 0.000659782 0.000539077)
(-0.000249204 0.000699899 0.00053128)
(-0.000223127 0.000718678 0.000523274)
(-0.000190646 0.000715515 0.000516019)
(-0.00015268 0.000690325 0.000510391)
(-0.000110212 0.000643591 0.000507072)
(-6.42158e-05 0.000576623 0.00050646)
(-1.57163e-05 0.00049172 0.000508638)
(3.40544e-05 0.000392042 0.000513371)
(8.35149e-05 0.000281183 0.000520085)
(0.000130764 0.000162726 0.000527947)
(0.00017384 4.00375e-05 0.000535988)
(0.000211031 -8.3632e-05 0.000543238)
(0.000241084 -0.000205008 0.000548836)
(0.000263204 -0.000320678 0.000552115)
(0.00027699 -0.000427189 0.000552679)
(0.00028232 -0.000521175 0.000550462)
(0.000362646 -0.000507716 0.000757067)
(0.000356925 -0.000540838 0.000753789)
(0.000339903 -0.000557666 0.000748762)
(0.000312462 -0.000557953 0.000742628)
(0.000275824 -0.000541904 0.000736217)
(0.000231472 -0.000510045 0.000730414)
(0.000181029 -0.000463133 0.000725977)
(0.000126095 -0.000402197 0.000723413)
(6.80898e-05 -0.000328662 0.000722949)
(8.20953e-06 -0.000244507 0.000724552)
(-5.24161e-05 -0.000152268 0.000727977)
(-0.00011246 -5.49426e-05 0.000732796)
(-0.000170244 4.424e-05 0.00073846)
(-0.000223786 0.000142003 0.000744354)
(-0.000270989 0.000235165 0.000749843)
(-0.000309877 0.000320761 0.000754324)
(-0.000338802 0.000396142 0.00075726)
(-0.000356592 0.000459053 0.000758244)
(-0.000362646 0.000507716 0.000757067)
(-0.000356925 0.000540838 0.000753789)
(-0.000339903 0.000557666 0.000748762)
(-0.000312462 0.000557953 0.000742628)
(-0.000275824 0.000541904 0.000736217)
(-0.000231472 0.000510045 0.000730414)
(-0.000181029 0.000463133 0.000725977)
(-0.000126095 0.000402197 0.000723413)
(-6.80899e-05 0.000328662 0.000722949)
(-8.20957e-06 0.000244507 0.000724552)
(5.24161e-05 0.000152268 0.000727977)
(0.00011246 5.49426e-05 0.000732796)
(0.000170244 -4.424e-05 0.00073846)
(0.000223786 -0.000142003 0.000744354)
(0.000270989 -0.000235165 0.000749843)
(0.000309877 -0.000320761 0.000754324)
(0.000338802 -0.000396142 0.00075726)
(0.000356591 -0.000459053 0.000758244)
(-3.41007e-11 1.14402e-11 -7.28997e-05)
(-2.68459e-11 6.90597e-12 0.000330888)
(-1.94857e-11 2.37726e-12 0.000616829)
(-1.25851e-11 -9.36262e-13 0.000783598)
)
;

boundaryField
{
    fixed
    {
        type            fixedValue;
        value           uniform (0 0 0);
    }
    inside
    {
        type            calculated;
    }
    outside
    {
        type            calculated;
    }
}


// ************************************************************************* //
