/*--------------------------------*- C++ -*----------------------------------*\
| =========                 |                                                 |
| \\      /  F ield         | OpenFOAM: The Open Source CFD Toolbox           |
|  \\    /   O peration     | Version:  2312                                  |
|   \\  /    A nd           | Website:  www.openfoam.com                      |
|    \\/     M anipulation  |                                                 |
\*---------------------------------------------------------------------------*/
FoamFile
{
    version     2.0;
    format      ascii;
    arch        "LSB;label=32;scalar=64";
    class       volScalarField;
    location    "0.7";
    object      sigmaEq;
}
// * * * * * * * * * * * * * * * * * * * * * * * * * * * * * * * * * * * * * //

dimensions      [1 -1 -2 0 0 0 0];

internalField   nonuniform List<scalar> 
1620
(
9061.49
9061.49
9061.49
9061.49
9061.49
9061.49
9061.49
9061.49
9061.49
9061.49
9061.49
9061.49
9061.49
9061.49
9061.49
9061.49
9061.49
9061.49
9061.49
9061.49
9061.49
9061.49
9061.49
9061.49
9061.49
9061.49
9061.49
9061.49
9061.49
9061.49
9061.49
9061.49
9061.49
9061.49
9061.49
9061.49
11472.6
11472.6
11472.6
11472.6
11472.6
11472.6
11472.6
11472.6
11472.6
11472.6
11472.6
11472.6
11472.6
11472.6
11472.6
11472.6
11472.6
11472.6
11472.6
11472.6
11472.6
11472.6
11472.6
11472.6
11472.6
11472.6
11472.6
11472.6
11472.6
11472.6
11472.6
11472.6
11472.6
11472.6
11472.6
11472.6
14998
14998
14998
14998
14998
14998
14998
14998
14998
14998
14998
14998
14998
14998
14998
14998
14998
14998
14998
14998
14998
14998
14998
14998
14998
14998
14998
14998
14998
14998
14998
14998
14998
14998
14998
14998
8681.57
8681.58
8681.58
8681.57
8681.57
8681.57
8681.58
8681.58
8681.57
8681.57
8681.58
8681.58
8681.57
8681.57
8681.57
8681.58
8681.58
8681.57
8681.57
8681.58
8681.58
8681.57
8681.57
8681.57
8681.58
8681.58
8681.57
8681.57
8681.58
8681.58
8681.57
8681.57
8681.57
8681.58
8681.58
8681.57
10584
10584
10584
10584
10584
10584
10584
10584
10584
10584
10584
10584
10584
10584
10584
10584
10584
10584
10584
10584
10584
10584
10584
10584
10584
10584
10584
10584
10584
10584
10584
10584
10584
10584
10584
10584
13722.6
13722.5
13722.6
13722.6
13722.6
13722.6
13722.6
13722.5
13722.6
13722.6
13722.5
13722.6
13722.6
13722.6
13722.6
13722.6
13722.5
13722.6
13722.6
13722.5
13722.6
13722.6
13722.6
13722.6
13722.6
13722.5
13722.6
13722.6
13722.5
13722.6
13722.6
13722.6
13722.6
13722.6
13722.5
13722.6
9479.94
9479.94
9479.94
9479.94
9479.94
9479.94
9479.94
9479.94
9479.94
9479.94
9479.94
9479.94
9479.94
9479.94
9479.94
9479.94
9479.94
9479.94
9479.94
9479.94
9479.94
9479.94
9479.94
9479.94
9479.94
9479.94
9479.94
9479.94
9479.94
9479.94
9479.94
9479.94
9479.94
9479.94
9479.94
9479.94
11477.4
11477.4
11477.4
11477.4
11477.4
11477.4
11477.4
11477.4
11477.4
11477.4
11477.4
11477.4
11477.4
11477.4
11477.4
11477.4
11477.4
11477.4
11477.4
11477.4
11477.4
11477.4
11477.4
11477.4
11477.4
11477.4
11477.4
11477.4
11477.4
11477.4
11477.4
11477.4
11477.4
11477.4
11477.4
11477.4
16161.4
16161.4
16161.4
16161.4
16161.4
16161.4
16161.4
16161.4
16161.4
16161.4
16161.4
16161.4
16161.4
16161.4
16161.4
16161.4
16161.4
16161.4
16161.4
16161.4
16161.4
16161.4
16161.4
16161.4
16161.4
16161.4
16161.4
16161.4
16161.4
16161.4
16161.4
16161.4
16161.4
16161.4
16161.4
16161.4
10031.3
10031.3
10031.3
10031.3
10031.3
10031.3
10031.3
10031.3
10031.3
10031.3
10031.3
10031.3
10031.3
10031.3
10031.3
10031.3
10031.3
10031.3
10031.3
10031.3
10031.3
10031.3
10031.3
10031.3
10031.3
10031.3
10031.3
10031.3
10031.3
10031.3
10031.3
10031.3
10031.3
10031.3
10031.3
10031.3
13233
13233
13233
13233
13233
13233
13233
13233
13233
13233
13233
13233
13233
13233
13233
13233
13233
13233
13233
13233
13233
13233
13233
13233
13233
13233
13233
13233
13233
13233
13233
13233
13233
13233
13233
13233
22186.9
22186.9
22186.9
22186.9
22186.9
22186.9
22186.9
22186.9
22186.9
22186.9
22186.9
22186.9
22186.9
22186.9
22186.9
22186.9
22186.9
22186.9
22186.9
22186.9
22186.9
22186.9
22186.9
22186.9
22186.9
22186.9
22186.9
22186.9
22186.9
22186.9
22186.9
22186.9
22186.9
22186.9
22186.9
22186.9
10692.9
10692.9
10692.9
10692.9
10692.9
10692.9
10692.9
10692.9
10692.9
10692.9
10692.9
10692.9
10692.9
10692.9
10692.9
10692.9
10692.9
10692.9
10692.9
10692.9
10692.9
10692.9
10692.9
10692.9
10692.9
10692.9
10692.9
10692.9
10692.9
10692.9
10692.9
10692.9
10692.9
10692.9
10692.9
10692.9
15639.3
15639.3
15639.3
15639.4
15639.4
15639.4
15639.3
15639.3
15639.3
15639.3
15639.3
15639.3
15639.4
15639.4
15639.4
15639.3
15639.3
15639.3
15639.3
15639.3
15639.3
15639.4
15639.4
15639.4
15639.3
15639.3
15639.3
15639.3
15639.3
15639.3
15639.4
15639.4
15639.4
15639.3
15639.3
15639.3
30104.9
30104.9
30104.9
30104.9
30104.9
30104.9
30104.9
30104.9
30104.9
30104.9
30104.9
30104.9
30104.9
30104.9
30104.9
30104.9
30104.9
30104.9
30104.9
30104.9
30104.9
30104.9
30104.9
30104.9
30104.9
30104.9
30104.9
30104.9
30104.9
30104.9
30104.9
30104.9
30104.9
30104.9
30104.9
30104.9
11261.5
11261.5
11261.5
11261.5
11261.5
11261.5
11261.5
11261.5
11261.5
11261.5
11261.5
11261.5
11261.5
11261.5
11261.5
11261.5
11261.5
11261.5
11261.5
11261.5
11261.5
11261.5
11261.5
11261.5
11261.5
11261.5
11261.5
11261.5
11261.5
11261.5
11261.5
11261.5
11261.5
11261.5
11261.5
11261.5
17682.1
17682.1
17682.1
17682.1
17682.1
17682.1
17682.1
17682.1
17682.1
17682.1
17682.1
17682.1
17682.1
17682.1
17682.1
17682.1
17682.1
17682.1
17682.1
17682.1
17682.1
17682.1
17682.1
17682.1
17682.1
17682.1
17682.1
17682.1
17682.1
17682.1
17682.1
17682.1
17682.1
17682.1
17682.1
17682.1
37029.3
37029.3
37029.3
37029.3
37029.4
37029.3
37029.3
37029.3
37029.3
37029.3
37029.3
37029.3
37029.3
37029.4
37029.3
37029.3
37029.3
37029.3
37029.3
37029.3
37029.3
37029.3
37029.4
37029.3
37029.3
37029.3
37029.3
37029.3
37029.3
37029.3
37029.3
37029.4
37029.3
37029.3
37029.3
37029.3
11391.5
11391.5
11391.5
11391.5
11391.5
11391.5
11391.5
11391.5
11391.5
11391.5
11391.5
11391.5
11391.5
11391.5
11391.5
11391.5
11391.5
11391.5
11391.5
11391.5
11391.5
11391.5
11391.5
11391.5
11391.5
11391.5
11391.5
11391.5
11391.5
11391.5
11391.5
11391.5
11391.5
11391.5
11391.5
11391.5
18589
18589
18589
18589
18589
18589
18589
18589
18589
18589
18589
18589
18589
18589
18589
18589
18589
18589
18589
18589
18589
18589
18589
18589
18589
18589
18589
18589
18589
18589
18589
18589
18589
18589
18589
18589
40808.9
40808.9
40808.9
40808.9
40808.8
40808.9
40808.9
40808.9
40808.9
40808.9
40808.9
40808.9
40808.9
40808.8
40808.9
40808.9
40808.9
40808.9
40808.9
40808.9
40808.9
40808.9
40808.8
40808.9
40808.9
40808.9
40808.9
40808.9
40808.9
40808.9
40808.9
40808.8
40808.9
40808.9
40808.9
40808.9
10948
10948
10948
10947.9
10947.9
10947.9
10948
10948
10948
10948
10948
10948
10947.9
10947.9
10947.9
10948
10948
10948
10948
10948
10948
10947.9
10947.9
10947.9
10948
10948
10948
10948
10948
10948
10947.9
10947.9
10947.9
10948
10948
10948
18166.5
18166.5
18166.5
18166.5
18166.5
18166.5
18166.5
18166.5
18166.5
18166.5
18166.5
18166.5
18166.5
18166.5
18166.5
18166.5
18166.5
18166.5
18166.5
18166.5
18166.5
18166.5
18166.5
18166.5
18166.5
18166.5
18166.5
18166.5
18166.5
18166.5
18166.5
18166.5
18166.5
18166.5
18166.5
18166.5
40815
40814.9
40814.9
40814.9
40814.8
40814.9
40814.9
40814.9
40815
40815
40814.9
40814.9
40814.9
40814.8
40814.9
40814.9
40814.9
40815
40815
40814.9
40814.9
40814.9
40814.8
40814.9
40814.9
40814.9
40815
40815
40814.9
40814.9
40814.9
40814.8
40814.9
40814.9
40814.9
40815
10012.3
10012.2
10012.2
10012.2
10012.2
10012.2
10012.2
10012.2
10012.3
10012.3
10012.2
10012.2
10012.2
10012.2
10012.2
10012.2
10012.2
10012.3
10012.3
10012.2
10012.2
10012.2
10012.2
10012.2
10012.2
10012.2
10012.3
10012.3
10012.2
10012.2
10012.2
10012.2
10012.2
10012.2
10012.2
10012.3
16670.4
16670.4
16670.4
16670.3
16670.3
16670.3
16670.4
16670.4
16670.4
16670.4
16670.4
16670.4
16670.3
16670.3
16670.3
16670.4
16670.4
16670.4
16670.4
16670.4
16670.4
16670.3
16670.3
16670.3
16670.4
16670.4
16670.4
16670.4
16670.4
16670.4
16670.3
16670.3
16670.3
16670.4
16670.4
16670.4
37756.5
37756.6
37756.5
37756.5
37756.4
37756.5
37756.5
37756.6
37756.5
37756.5
37756.6
37756.5
37756.5
37756.4
37756.5
37756.5
37756.6
37756.5
37756.5
37756.6
37756.5
37756.5
37756.4
37756.5
37756.5
37756.6
37756.5
37756.5
37756.6
37756.5
37756.5
37756.4
37756.5
37756.5
37756.6
37756.5
8777.11
8777.11
8777.12
8777.12
8777.11
8777.12
8777.12
8777.11
8777.11
8777.11
8777.11
8777.12
8777.12
8777.11
8777.12
8777.12
8777.11
8777.11
8777.11
8777.11
8777.12
8777.12
8777.11
8777.12
8777.12
8777.11
8777.11
8777.11
8777.11
8777.12
8777.12
8777.11
8777.12
8777.12
8777.11
8777.11
14559.4
14559.4
14559.4
14559.4
14559.4
14559.4
14559.4
14559.4
14559.4
14559.4
14559.4
14559.4
14559.4
14559.4
14559.4
14559.4
14559.4
14559.4
14559.4
14559.4
14559.4
14559.4
14559.4
14559.4
14559.4
14559.4
14559.4
14559.4
14559.4
14559.4
14559.4
14559.4
14559.4
14559.4
14559.4
14559.4
32977.5
32977.6
32977.5
32977.5
32977.4
32977.5
32977.5
32977.6
32977.5
32977.5
32977.6
32977.5
32977.5
32977.4
32977.5
32977.5
32977.6
32977.5
32977.5
32977.6
32977.5
32977.5
32977.4
32977.5
32977.5
32977.6
32977.5
32977.5
32977.6
32977.5
32977.5
32977.4
32977.5
32977.5
32977.6
32977.5
7454.53
7454.54
7454.56
7454.56
7454.56
7454.56
7454.56
7454.54
7454.53
7454.53
7454.54
7454.56
7454.56
7454.56
7454.56
7454.56
7454.54
7454.53
7454.53
7454.54
7454.56
7454.56
7454.56
7454.56
7454.56
7454.54
7454.53
7454.53
7454.54
7454.56
7454.56
7454.56
7454.56
7454.56
7454.54
7454.53
12298.4
12298.4
12298.4
12298.5
12298.5
12298.5
12298.4
12298.4
12298.4
12298.4
12298.4
12298.4
12298.5
12298.5
12298.5
12298.4
12298.4
12298.4
12298.4
12298.4
12298.4
12298.5
12298.5
12298.5
12298.4
12298.4
12298.4
12298.4
12298.4
12298.4
12298.5
12298.5
12298.5
12298.4
12298.4
12298.4
27828.1
27828.1
27828.1
27828.2
27828.2
27828.2
27828.1
27828.1
27828.1
27828.1
27828.1
27828.1
27828.2
27828.2
27828.2
27828.1
27828.1
27828.1
27828.1
27828.1
27828.1
27828.2
27828.2
27828.2
27828.1
27828.1
27828.1
27828.1
27828.1
27828.1
27828.2
27828.2
27828.2
27828.1
27828.1
27828.1
6221.95
6221.96
6221.97
6221.99
6221.99
6221.99
6221.97
6221.96
6221.95
6221.95
6221.96
6221.97
6221.99
6221.99
6221.99
6221.97
6221.96
6221.95
6221.95
6221.96
6221.97
6221.99
6221.99
6221.99
6221.97
6221.96
6221.95
6221.95
6221.96
6221.97
6221.99
6221.99
6221.99
6221.97
6221.96
6221.95
10255.9
10255.9
10255.9
10256
10256
10256
10255.9
10255.9
10255.9
10255.9
10255.9
10255.9
10256
10256
10256
10255.9
10255.9
10255.9
10255.9
10255.9
10255.9
10256
10256
10256
10255.9
10255.9
10255.9
10255.9
10255.9
10255.9
10256
10256
10256
10255.9
10255.9
10255.9
23379.1
23379.1
23379
23379.1
23379.2
23379.1
23379
23379.1
23379.1
23379.1
23379.1
23379
23379.1
23379.2
23379.1
23379
23379.1
23379.1
23379.1
23379.1
23379
23379.1
23379.2
23379.1
23379
23379.1
23379.1
23379.1
23379.1
23379
23379.1
23379.2
23379.1
23379
23379.1
23379.1
5206.8
5206.8
5206.81
5206.82
5206.82
5206.82
5206.81
5206.8
5206.8
5206.8
5206.8
5206.81
5206.82
5206.82
5206.82
5206.81
5206.8
5206.8
5206.8
5206.8
5206.81
5206.82
5206.82
5206.82
5206.81
5206.8
5206.8
5206.8
5206.8
5206.81
5206.82
5206.82
5206.82
5206.81
5206.8
5206.8
8687.13
8687.11
8687.13
8687.14
8687.16
8687.14
8687.13
8687.11
8687.13
8687.13
8687.11
8687.13
8687.14
8687.16
8687.14
8687.13
8687.11
8687.13
8687.13
8687.11
8687.13
8687.14
8687.16
8687.14
8687.13
8687.11
8687.13
8687.13
8687.11
8687.13
8687.14
8687.16
8687.14
8687.13
8687.11
8687.13
20445
20444.9
20444.9
20445
20445
20445
20444.9
20444.9
20445
20445
20444.9
20444.9
20445
20445
20445
20444.9
20444.9
20445
20445
20444.9
20444.9
20445
20445
20445
20444.9
20444.9
20445
20445
20444.9
20444.9
20445
20445
20445
20444.9
20444.9
20445
4513.76
4513.77
4513.77
4513.77
4513.76
4513.77
4513.77
4513.77
4513.76
4513.76
4513.77
4513.77
4513.77
4513.76
4513.77
4513.77
4513.77
4513.76
4513.76
4513.77
4513.77
4513.77
4513.76
4513.77
4513.77
4513.77
4513.76
4513.76
4513.77
4513.77
4513.77
4513.76
4513.77
4513.77
4513.77
4513.76
7777.63
7777.62
7777.63
7777.63
7777.65
7777.63
7777.63
7777.62
7777.63
7777.63
7777.62
7777.63
7777.63
7777.65
7777.63
7777.63
7777.62
7777.63
7777.63
7777.62
7777.63
7777.63
7777.65
7777.63
7777.63
7777.62
7777.63
7777.63
7777.62
7777.63
7777.63
7777.65
7777.63
7777.63
7777.62
7777.63
19859.9
19859.9
19859.8
19859.9
19860
19859.9
19859.8
19859.9
19859.9
19859.9
19859.9
19859.8
19859.9
19860
19859.9
19859.8
19859.9
19859.9
19859.9
19859.9
19859.8
19859.9
19860
19859.9
19859.8
19859.9
19859.9
19859.9
19859.9
19859.8
19859.9
19860
19859.9
19859.8
19859.9
19859.9
4195.97
4195.98
4195.98
4195.99
4195.97
4195.99
4195.98
4195.98
4195.97
4195.97
4195.98
4195.98
4195.99
4195.97
4195.99
4195.98
4195.98
4195.97
4195.97
4195.98
4195.98
4195.99
4195.97
4195.99
4195.98
4195.98
4195.97
4195.97
4195.98
4195.98
4195.99
4195.97
4195.99
4195.98
4195.98
4195.97
7684.16
7684.11
7684.17
7684.1
7684.19
7684.1
7684.17
7684.11
7684.16
7684.16
7684.11
7684.17
7684.1
7684.19
7684.1
7684.17
7684.11
7684.16
7684.16
7684.11
7684.17
7684.1
7684.19
7684.1
7684.17
7684.11
7684.16
7684.16
7684.11
7684.17
7684.1
7684.19
7684.1
7684.17
7684.11
7684.16
23055.7
23056.2
23055.5
23056.1
23055.8
23056.1
23055.5
23056.2
23055.7
23055.7
23056.2
23055.5
23056.1
23055.8
23056.1
23055.5
23056.2
23055.7
23055.7
23056.2
23055.5
23056.1
23055.8
23056.1
23055.5
23056.2
23055.7
23055.7
23056.2
23055.5
23056.1
23055.8
23056.1
23055.5
23056.2
23055.7
)
;

boundaryField
{
    fixed
    {
        type            calculated;
        value           nonuniform List<scalar> 
108
(
9061.49
9061.49
9061.49
9061.49
9061.49
9061.49
9061.49
9061.49
9061.49
9061.49
9061.49
9061.49
9061.49
9061.49
9061.49
9061.49
9061.49
9061.49
9061.49
9061.49
9061.49
9061.49
9061.49
9061.49
9061.49
9061.49
9061.49
9061.49
9061.49
9061.49
9061.49
9061.49
9061.49
9061.49
9061.49
9061.49
11472.6
11472.6
11472.6
11472.6
11472.6
11472.6
11472.6
11472.6
11472.6
11472.6
11472.6
11472.6
11472.6
11472.6
11472.6
11472.6
11472.6
11472.6
11472.6
11472.6
11472.6
11472.6
11472.6
11472.6
11472.6
11472.6
11472.6
11472.6
11472.6
11472.6
11472.6
11472.6
11472.6
11472.6
11472.6
11472.6
14998
14998
14998
14998
14998
14998
14998
14998
14998
14998
14998
14998
14998
14998
14998
14998
14998
14998
14998
14998
14998
14998
14998
14998
14998
14998
14998
14998
14998
14998
14998
14998
14998
14998
14998
14998
)
;
    }
    inside
    {
        type            calculated;
        value           nonuniform List<scalar> 
540
(
14998
14998
14998
14998
14998
14998
14998
14998
14998
14998
14998
14998
14998
14998
14998
14998
14998
14998
14998
14998
14998
14998
14998
14998
14998
14998
14998
14998
14998
14998
14998
14998
14998
14998
14998
14998
13722.6
13722.5
13722.6
13722.6
13722.6
13722.6
13722.6
13722.5
13722.6
13722.6
13722.5
13722.6
13722.6
13722.6
13722.6
13722.6
13722.5
13722.6
13722.6
13722.5
13722.6
13722.6
13722.6
13722.6
13722.6
13722.5
13722.6
13722.6
13722.5
13722.6
13722.6
13722.6
13722.6
13722.6
13722.5
13722.6
16161.4
16161.4
16161.4
16161.4
16161.4
16161.4
16161.4
16161.4
16161.4
16161.4
16161.4
16161.4
16161.4
16161.4
16161.4
16161.4
16161.4
16161.4
16161.4
16161.4
16161.4
16161.4
16161.4
16161.4
16161.4
16161.4
16161.4
16161.4
16161.4
16161.4
16161.4
16161.4
16161.4
16161.4
16161.4
16161.4
22186.9
22186.9
22186.9
22186.9
22186.9
22186.9
22186.9
22186.9
22186.9
22186.9
22186.9
22186.9
22186.9
22186.9
22186.9
22186.9
22186.9
22186.9
22186.9
22186.9
22186.9
22186.9
22186.9
22186.9
22186.9
22186.9
22186.9
22186.9
22186.9
22186.9
22186.9
22186.9
22186.9
22186.9
22186.9
22186.9
30104.9
30104.9
30104.9
30104.9
30104.9
30104.9
30104.9
30104.9
30104.9
30104.9
30104.9
30104.9
30104.9
30104.9
30104.9
30104.9
30104.9
30104.9
30104.9
30104.9
30104.9
30104.9
30104.9
30104.9
30104.9
30104.9
30104.9
30104.9
30104.9
30104.9
30104.9
30104.9
30104.9
30104.9
30104.9
30104.9
37029.3
37029.3
37029.3
37029.3
37029.4
37029.3
37029.3
37029.3
37029.3
37029.3
37029.3
37029.3
37029.3
37029.4
37029.3
37029.3
37029.3
37029.3
37029.3
37029.3
37029.3
37029.3
37029.4
37029.3
37029.3
37029.3
37029.3
37029.3
37029.3
37029.3
37029.3
37029.4
37029.3
37029.3
37029.3
37029.3
40808.9
40808.9
40808.9
40808.9
40808.8
40808.9
40808.9
40808.9
40808.9
40808.9
40808.9
40808.9
40808.9
40808.8
40808.9
40808.9
40808.9
40808.9
40808.9
40808.9
40808.9
40808.9
40808.8
40808.9
40808.9
40808.9
40808.9
40808.9
40808.9
40808.9
40808.9
40808.8
40808.9
40808.9
40808.9
40808.9
40815
40814.9
40814.9
40814.9
40814.8
40814.9
40814.9
40814.9
40815
40815
40814.9
40814.9
40814.9
40814.8
40814.9
40814.9
40814.9
40815
40815
40814.9
40814.9
40814.9
40814.8
40814.9
40814.9
40814.9
40815
40815
40814.9
40814.9
40814.9
40814.8
40814.9
40814.9
40814.9
40815
37756.5
37756.6
37756.5
37756.5
37756.4
37756.5
37756.5
37756.6
37756.5
37756.5
37756.6
37756.5
37756.5
37756.4
37756.5
37756.5
37756.6
37756.5
37756.5
37756.6
37756.5
37756.5
37756.4
37756.5
37756.5
37756.6
37756.5
37756.5
37756.6
37756.5
37756.5
37756.4
37756.5
37756.5
37756.6
37756.5
32977.5
32977.6
32977.5
32977.5
32977.4
32977.5
32977.5
32977.6
32977.5
32977.5
32977.6
32977.5
32977.5
32977.4
32977.5
32977.5
32977.6
32977.5
32977.5
32977.6
32977.5
32977.5
32977.4
32977.5
32977.5
32977.6
32977.5
32977.5
32977.6
32977.5
32977.5
32977.4
32977.5
32977.5
32977.6
32977.5
27828.1
27828.1
27828.1
27828.2
27828.2
27828.2
27828.1
27828.1
27828.1
27828.1
27828.1
27828.1
27828.2
27828.2
27828.2
27828.1
27828.1
27828.1
27828.1
27828.1
27828.1
27828.2
27828.2
27828.2
27828.1
27828.1
27828.1
27828.1
27828.1
27828.1
27828.2
27828.2
27828.2
27828.1
27828.1
27828.1
23379.1
23379.1
23379
23379.1
23379.2
23379.1
23379
23379.1
23379.1
23379.1
23379.1
23379
23379.1
23379.2
23379.1
23379
23379.1
23379.1
23379.1
23379.1
23379
23379.1
23379.2
23379.1
23379
23379.1
23379.1
23379.1
23379.1
23379
23379.1
23379.2
23379.1
23379
23379.1
23379.1
20445
20444.9
20444.9
20445
20445
20445
20444.9
20444.9
20445
20445
20444.9
20444.9
20445
20445
20445
20444.9
20444.9
20445
20445
20444.9
20444.9
20445
20445
20445
20444.9
20444.9
20445
20445
20444.9
20444.9
20445
20445
20445
20444.9
20444.9
20445
19859.9
19859.9
19859.8
19859.9
19860
19859.9
19859.8
19859.9
19859.9
19859.9
19859.9
19859.8
19859.9
19860
19859.9
19859.8
19859.9
19859.9
19859.9
19859.9
19859.8
19859.9
19860
19859.9
19859.8
19859.9
19859.9
19859.9
19859.9
19859.8
19859.9
19860
19859.9
19859.8
19859.9
19859.9
23055.7
23056.2
23055.5
23056.1
23055.8
23056.1
23055.5
23056.2
23055.7
23055.7
23056.2
23055.5
23056.1
23055.8
23056.1
23055.5
23056.2
23055.7
23055.7
23056.2
23055.5
23056.1
23055.8
23056.1
23055.5
23056.2
23055.7
23055.7
23056.2
23055.5
23056.1
23055.8
23056.1
23055.5
23056.2
23055.7
)
;
    }
    outside
    {
        type            calculated;
        value           nonuniform List<scalar> 
540
(
9061.49
9061.49
9061.49
9061.49
9061.49
9061.49
9061.49
9061.49
9061.49
9061.49
9061.49
9061.49
9061.49
9061.49
9061.49
9061.49
9061.49
9061.49
9061.49
9061.49
9061.49
9061.49
9061.49
9061.49
9061.49
9061.49
9061.49
9061.49
9061.49
9061.49
9061.49
9061.49
9061.49
9061.49
9061.49
9061.49
8681.57
8681.58
8681.58
8681.57
8681.57
8681.57
8681.58
8681.58
8681.57
8681.57
8681.58
8681.58
8681.57
8681.57
8681.57
8681.58
8681.58
8681.57
8681.57
8681.58
8681.58
8681.57
8681.57
8681.57
8681.58
8681.58
8681.57
8681.57
8681.58
8681.58
8681.57
8681.57
8681.57
8681.58
8681.58
8681.57
9479.94
9479.94
9479.94
9479.94
9479.94
9479.94
9479.94
9479.94
9479.94
9479.94
9479.94
9479.94
9479.94
9479.94
9479.94
9479.94
9479.94
9479.94
9479.94
9479.94
9479.94
9479.94
9479.94
9479.94
9479.94
9479.94
9479.94
9479.94
9479.94
9479.94
9479.94
9479.94
9479.94
9479.94
9479.94
9479.94
10031.3
10031.3
10031.3
10031.3
10031.3
10031.3
10031.3
10031.3
10031.3
10031.3
10031.3
10031.3
10031.3
10031.3
10031.3
10031.3
10031.3
10031.3
10031.3
10031.3
10031.3
10031.3
10031.3
10031.3
10031.3
10031.3
10031.3
10031.3
10031.3
10031.3
10031.3
10031.3
10031.3
10031.3
10031.3
10031.3
10692.9
10692.9
10692.9
10692.9
10692.9
10692.9
10692.9
10692.9
10692.9
10692.9
10692.9
10692.9
10692.9
10692.9
10692.9
10692.9
10692.9
10692.9
10692.9
10692.9
10692.9
10692.9
10692.9
10692.9
10692.9
10692.9
10692.9
10692.9
10692.9
10692.9
10692.9
10692.9
10692.9
10692.9
10692.9
10692.9
11261.5
11261.5
11261.5
11261.5
11261.5
11261.5
11261.5
11261.5
11261.5
11261.5
11261.5
11261.5
11261.5
11261.5
11261.5
11261.5
11261.5
11261.5
11261.5
11261.5
11261.5
11261.5
11261.5
11261.5
11261.5
11261.5
11261.5
11261.5
11261.5
11261.5
11261.5
11261.5
11261.5
11261.5
11261.5
11261.5
11391.5
11391.5
11391.5
11391.5
11391.5
11391.5
11391.5
11391.5
11391.5
11391.5
11391.5
11391.5
11391.5
11391.5
11391.5
11391.5
11391.5
11391.5
11391.5
11391.5
11391.5
11391.5
11391.5
11391.5
11391.5
11391.5
11391.5
11391.5
11391.5
11391.5
11391.5
11391.5
11391.5
11391.5
11391.5
11391.5
10948
10948
10948
10947.9
10947.9
10947.9
10948
10948
10948
10948
10948
10948
10947.9
10947.9
10947.9
10948
10948
10948
10948
10948
10948
10947.9
10947.9
10947.9
10948
10948
10948
10948
10948
10948
10947.9
10947.9
10947.9
10948
10948
10948
10012.3
10012.2
10012.2
10012.2
10012.2
10012.2
10012.2
10012.2
10012.3
10012.3
10012.2
10012.2
10012.2
10012.2
10012.2
10012.2
10012.2
10012.3
10012.3
10012.2
10012.2
10012.2
10012.2
10012.2
10012.2
10012.2
10012.3
10012.3
10012.2
10012.2
10012.2
10012.2
10012.2
10012.2
10012.2
10012.3
8777.11
8777.11
8777.12
8777.12
8777.11
8777.12
8777.12
8777.11
8777.11
8777.11
8777.11
8777.12
8777.12
8777.11
8777.12
8777.12
8777.11
8777.11
8777.11
8777.11
8777.12
8777.12
8777.11
8777.12
8777.12
8777.11
8777.11
8777.11
8777.11
8777.12
8777.12
8777.11
8777.12
8777.12
8777.11
8777.11
7454.53
7454.54
7454.56
7454.56
7454.56
7454.56
7454.56
7454.54
7454.53
7454.53
7454.54
7454.56
7454.56
7454.56
7454.56
7454.56
7454.54
7454.53
7454.53
7454.54
7454.56
7454.56
7454.56
7454.56
7454.56
7454.54
7454.53
7454.53
7454.54
7454.56
7454.56
7454.56
7454.56
7454.56
7454.54
7454.53
6221.95
6221.96
6221.97
6221.99
6221.99
6221.99
6221.97
6221.96
6221.95
6221.95
6221.96
6221.97
6221.99
6221.99
6221.99
6221.97
6221.96
6221.95
6221.95
6221.96
6221.97
6221.99
6221.99
6221.99
6221.97
6221.96
6221.95
6221.95
6221.96
6221.97
6221.99
6221.99
6221.99
6221.97
6221.96
6221.95
5206.8
5206.8
5206.81
5206.82
5206.82
5206.82
5206.81
5206.8
5206.8
5206.8
5206.8
5206.81
5206.82
5206.82
5206.82
5206.81
5206.8
5206.8
5206.8
5206.8
5206.81
5206.82
5206.82
5206.82
5206.81
5206.8
5206.8
5206.8
5206.8
5206.81
5206.82
5206.82
5206.82
5206.81
5206.8
5206.8
4513.76
4513.77
4513.77
4513.77
4513.76
4513.77
4513.77
4513.77
4513.76
4513.76
4513.77
4513.77
4513.77
4513.76
4513.77
4513.77
4513.77
4513.76
4513.76
4513.77
4513.77
4513.77
4513.76
4513.77
4513.77
4513.77
4513.76
4513.76
4513.77
4513.77
4513.77
4513.76
4513.77
4513.77
4513.77
4513.76
4195.97
4195.98
4195.98
4195.99
4195.97
4195.99
4195.98
4195.98
4195.97
4195.97
4195.98
4195.98
4195.99
4195.97
4195.99
4195.98
4195.98
4195.97
4195.97
4195.98
4195.98
4195.99
4195.97
4195.99
4195.98
4195.98
4195.97
4195.97
4195.98
4195.98
4195.99
4195.97
4195.99
4195.98
4195.98
4195.97
)
;
    }
}


// ************************************************************************* //
