/*--------------------------------*- C++ -*----------------------------------*\
| =========                 |                                                 |
| \\      /  F ield         | OpenFOAM: The Open Source CFD Toolbox           |
|  \\    /   O peration     | Version:  2412                                  |
|   \\  /    A nd           | Website:  www.openfoam.com                      |
|    \\/     M anipulation  |                                                 |
\*---------------------------------------------------------------------------*/
FoamFile
{
    version     2.0;
    format      ascii;
    arch        "LSB;label=32;scalar=64";
    class       volScalarField;
    location    "0.0400007";
    object      Vm_0;
}
// * * * * * * * * * * * * * * * * * * * * * * * * * * * * * * * * * * * * * //

dimensions      [1 2 -3 0 0 -1 0];

internalField   nonuniform List<scalar> 
8679
(
0.0180292
0.0180262
0.0180184
0.0180065
0.0179919
0.017974
0.0179528
0.0179284
0.0178999
0.0178675
0.0178304
0.0177905
0.0177475
0.0177016
0.0176519
0.0175983
0.0175423
0.0174833
0.0174204
0.0173533
0.017283
0.0172087
0.0171306
0.0170497
0.0169666
0.0168801
0.0167913
0.0166994
0.0166033
0.0165036
0.016401
0.0162954
0.0161864
0.0180234
0.0180193
0.0180115
0.0180006
0.0179857
0.017967
0.0179454
0.0179202
0.0178909
0.0178588
0.0178231
0.0177835
0.0177407
0.017694
0.0176436
0.0175903
0.0175331
0.0174732
0.0174101
0.0173433
0.0172729
0.0171991
0.0171221
0.0170427
0.0169595
0.0168733
0.0167833
0.0166907
0.0165946
0.0164946
0.0163917
0.0162859
0.016177
0.0180056
0.0180019
0.017995
0.0179837
0.017969
0.0179506
0.0179282
0.0179018
0.0178724
0.0178387
0.0178024
0.0177632
0.0177205
0.0176744
0.0176256
0.0175728
0.0175171
0.0174577
0.0173939
0.0173266
0.017257
0.0171841
0.017107
0.0170267
0.0169438
0.0168571
0.0167675
0.0166744
0.0165771
0.0164775
0.0163752
0.0162696
0.0161605
0.0187552
0.0187519
0.0187453
0.018735
0.0187214
0.0187043
0.0186837
0.01866
0.018633
0.0186029
0.0185692
0.0185319
0.0184908
0.0184464
0.0183992
0.0183481
0.0182942
0.0182373
0.0181769
0.0181131
0.0180462
0.0179767
0.0179033
0.0178271
0.0177473
0.0176652
0.0175805
0.0174926
0.0174012
0.0173061
0.0172074
0.0171053
0.0169999
0.0187482
0.0187447
0.0187381
0.0187273
0.0187136
0.0186964
0.0186758
0.0186522
0.0186245
0.0185941
0.0185604
0.0185233
0.0184828
0.0184391
0.0183919
0.0183411
0.0182861
0.0182284
0.0181678
0.0181044
0.0180386
0.0179689
0.017896
0.01782
0.0177409
0.0176577
0.017572
0.0174835
0.0173916
0.0172963
0.0171976
0.0170959
0.0169906
0.0187361
0.0187321
0.0187248
0.0187148
0.0187014
0.018684
0.0186627
0.0186377
0.0186097
0.0185777
0.0185432
0.0185061
0.0184667
0.0184231
0.018376
0.0183254
0.0182719
0.0182152
0.018155
0.0180914
0.0180249
0.0179558
0.0178827
0.0178067
0.0177268
0.0176443
0.0175587
0.0174693
0.017376
0.0172803
0.0171822
0.0170806
0.0169753
0.0187145
0.0187104
0.0187029
0.0186928
0.0186793
0.018662
0.0186406
0.0186155
0.0185873
0.0185551
0.0185204
0.0184831
0.0184431
0.0183997
0.0183525
0.0183018
0.0182482
0.0181913
0.018131
0.0180674
0.0180008
0.0179316
0.0178585
0.0177824
0.0177024
0.0176197
0.0175335
0.0174432
0.0173501
0.0172543
0.0171558
0.0170545
0.0169494
0.0186794
0.0186758
0.018669
0.018658
0.0186441
0.0186267
0.0186059
0.0185818
0.0185537
0.0185226
0.0184884
0.0184508
0.0184099
0.0183659
0.0183182
0.0182668
0.0182117
0.0181538
0.0180931
0.0180296
0.0179638
0.0178939
0.0178206
0.0177449
0.0176659
0.0175826
0.0174966
0.0174078
0.0173156
0.0172201
0.017121
0.0170185
0.0169128
0.0194124
0.0194101
0.019404
0.0193948
0.019382
0.0193652
0.0193447
0.0193211
0.0192954
0.019267
0.0192355
0.0192009
0.0191634
0.0191228
0.0190791
0.0190316
0.0189809
0.0189268
0.0188697
0.0188092
0.0187461
0.0186794
0.0186097
0.0185364
0.0184599
0.0183807
0.0182986
0.0182136
0.0181251
0.0180333
0.017939
0.0178408
0.0177394
0.0194083
0.0194047
0.0193978
0.0193882
0.0193754
0.019359
0.0193393
0.0193166
0.0192901
0.0192611
0.0192293
0.0191944
0.0191569
0.0191157
0.0190717
0.0190245
0.0189738
0.0189195
0.0188619
0.0188012
0.0187381
0.0186714
0.0186023
0.0185301
0.0184541
0.0183742
0.0182914
0.018206
0.0181179
0.018026
0.0179309
0.017832
0.0177302
0.0193956
0.0193923
0.0193862
0.0193762
0.0193627
0.0193464
0.0193275
0.0193051
0.0192796
0.0192506
0.0192187
0.0191831
0.0191444
0.0191029
0.0190576
0.0190097
0.018959
0.0189053
0.0188488
0.0187888
0.0187251
0.0186589
0.0185895
0.018516
0.0184399
0.0183609
0.0182786
0.018193
0.0181043
0.0180121
0.0179169
0.0178182
0.0177156
0.0193769
0.0193733
0.0193667
0.0193561
0.0193429
0.0193267
0.0193077
0.0192854
0.0192599
0.0192307
0.0191983
0.0191628
0.0191239
0.0190822
0.0190367
0.0189888
0.0189379
0.0188842
0.0188275
0.0187674
0.0187035
0.0186368
0.0185664
0.0184936
0.0184178
0.018339
0.0182567
0.0181709
0.018082
0.0179895
0.0178938
0.0177955
0.0176933
0.0193477
0.0193442
0.019337
0.0193271
0.0193139
0.0192973
0.0192772
0.019254
0.0192275
0.019198
0.0191657
0.0191304
0.0190925
0.0190508
0.0190064
0.0189587
0.0189073
0.018853
0.0187953
0.0187345
0.0186714
0.0186046
0.0185351
0.0184621
0.0183849
0.018305
0.0182224
0.018137
0.0180483
0.0179567
0.0178615
0.0177625
0.0176605
0.0193039
0.0193
0.0192928
0.0192829
0.01927
0.0192535
0.0192334
0.0192102
0.0191837
0.0191543
0.0191222
0.0190872
0.0190488
0.0190065
0.0189619
0.0189142
0.0188632
0.0188085
0.0187504
0.0186893
0.0186259
0.0185589
0.0184891
0.0184159
0.0183385
0.0182584
0.0181756
0.01809
0.0180008
0.0179083
0.0178128
0.0177137
0.0176107
0.0192444
0.019241
0.0192344
0.0192245
0.0192114
0.0191949
0.0191752
0.0191527
0.0191265
0.0190966
0.0190639
0.0190285
0.0189897
0.0189472
0.0189023
0.0188545
0.0188033
0.0187484
0.01869
0.0186285
0.0185647
0.0184972
0.0184267
0.0183523
0.0182756
0.018196
0.0181134
0.0180275
0.0179383
0.017846
0.0177499
0.0176505
0.0175475
0.0191645
0.0191619
0.0191561
0.0191468
0.0191343
0.0191181
0.0190983
0.0190754
0.0190495
0.01902
0.0189872
0.0189514
0.0189125
0.0188704
0.018825
0.0187768
0.0187253
0.01867
0.018611
0.0185487
0.0184835
0.018416
0.0183449
0.0182715
0.0181952
0.0181155
0.0180321
0.0179459
0.0178569
0.0177651
0.0176692
0.0175696
0.017466
0.0190646
0.0190616
0.0190557
0.0190458
0.0190331
0.0190174
0.0189986
0.0189762
0.0189498
0.0189198
0.0188868
0.0188508
0.018812
0.0187698
0.018724
0.0186757
0.0186243
0.0185694
0.0185108
0.0184486
0.0183833
0.0183156
0.0182443
0.0181705
0.0180933
0.0180131
0.01793
0.0178439
0.0177544
0.0176615
0.0175651
0.0174645
0.0173603
0.0189445
0.0189416
0.018935
0.0189247
0.0189107
0.0188937
0.0188736
0.018851
0.0188243
0.018795
0.0187625
0.0187264
0.0186869
0.0186443
0.0185993
0.0185508
0.0184988
0.0184435
0.0183848
0.0183227
0.0182576
0.0181899
0.0181183
0.0180436
0.017966
0.0178856
0.0178017
0.0177148
0.0176246
0.0175309
0.0174336
0.0173327
0.0172286
0.0187968
0.0187929
0.0187855
0.0187755
0.0187622
0.0187452
0.0187245
0.0187004
0.0186731
0.0186431
0.0186103
0.0185741
0.0185344
0.0184917
0.0184465
0.0183975
0.0183456
0.01829
0.0182304
0.018168
0.0181029
0.0180343
0.017962
0.0178869
0.0178089
0.0177273
0.0176434
0.0175565
0.0174661
0.0173718
0.0172733
0.017172
0.0170668
0.0186135
0.0186098
0.018603
0.0185927
0.0185792
0.0185621
0.0185412
0.0185168
0.0184895
0.0184592
0.0184261
0.0183897
0.0183499
0.0183069
0.0182611
0.0182118
0.0181587
0.0181022
0.0180425
0.0179796
0.0179134
0.0178438
0.0177712
0.0176958
0.0176164
0.0175339
0.0174483
0.0173599
0.0172678
0.0171726
0.0170741
0.016972
0.0168661
0.0184
0.018397
0.0183904
0.0183799
0.0183658
0.0183485
0.0183275
0.018303
0.0182755
0.0182451
0.0182115
0.0181741
0.018134
0.0180909
0.0180442
0.0179939
0.0179402
0.0178829
0.0178226
0.0177586
0.0176915
0.0176212
0.0175478
0.0174708
0.0173904
0.0173074
0.0172207
0.0171309
0.0170376
0.0169416
0.0168425
0.0167399
0.0166333
0.0181777
0.0181742
0.0181673
0.0181568
0.0181425
0.0181249
0.0181037
0.0180791
0.0180514
0.0180204
0.0179861
0.0179483
0.0179075
0.0178631
0.0178152
0.0177635
0.0177088
0.0176507
0.0175895
0.0175246
0.0174556
0.0173843
0.0173108
0.017234
0.0171531
0.0170686
0.0169812
0.0168899
0.0167956
0.0166978
0.0165972
0.0164936
0.0163865
0.0180124
0.0180083
0.0180006
0.0179891
0.017974
0.0179558
0.0179342
0.0179093
0.0178814
0.0178509
0.0178166
0.0177796
0.0177391
0.0176945
0.0176459
0.0175935
0.0175381
0.0174793
0.0174171
0.0173509
0.0172821
0.0172105
0.0171355
0.017057
0.0169749
0.0168898
0.0168017
0.01671
0.0166146
0.0165157
0.0164135
0.0163081
0.0161988
0.020007
0.0200039
0.0199979
0.0199878
0.019975
0.0199594
0.0199411
0.0199193
0.0198952
0.0198685
0.0198391
0.0198073
0.019772
0.019734
0.0196931
0.0196488
0.019601
0.01955
0.0194964
0.0194393
0.0193799
0.0193176
0.019252
0.0191828
0.0191101
0.0190338
0.0189543
0.0188713
0.0187852
0.0186957
0.0186029
0.0185069
0.0184069
0.0200023
0.0199991
0.0199933
0.0199839
0.0199712
0.019956
0.0199377
0.0199162
0.0198918
0.019865
0.0198358
0.0198035
0.0197679
0.0197291
0.0196875
0.0196429
0.0195953
0.0195451
0.019491
0.0194339
0.0193733
0.0193101
0.019244
0.0191747
0.0191018
0.0190256
0.0189461
0.0188632
0.0187776
0.0186882
0.0185957
0.0184995
0.0184
0.019994
0.0199904
0.0199836
0.0199744
0.019962
0.0199464
0.0199279
0.0199072
0.0198837
0.0198569
0.0198268
0.0197937
0.0197584
0.0197201
0.0196782
0.0196335
0.0195858
0.0195346
0.0194805
0.0194233
0.0193628
0.0192989
0.019232
0.0191623
0.0190896
0.0190141
0.0189348
0.0188521
0.0187657
0.0186766
0.0185837
0.0184872
0.018387
0.0199771
0.0199737
0.0199669
0.0199575
0.0199451
0.0199294
0.019911
0.0198902
0.0198662
0.0198395
0.0198092
0.0197758
0.0197401
0.0197012
0.019659
0.0196146
0.019567
0.0195156
0.0194611
0.0194042
0.0193439
0.0192796
0.0192125
0.0191427
0.0190701
0.0189942
0.0189153
0.0188328
0.0187465
0.0186571
0.0185637
0.0184673
0.0183672
0.0199493
0.0199459
0.0199393
0.0199296
0.0199169
0.0199013
0.0198831
0.0198613
0.0198368
0.0198095
0.0197794
0.0197468
0.0197107
0.019672
0.0196302
0.0195853
0.019537
0.0194855
0.0194314
0.0193739
0.0193141
0.0192513
0.019185
0.0191152
0.0190418
0.0189651
0.0188852
0.0188019
0.0187155
0.0186257
0.0185323
0.0184356
0.0183356
0.0199094
0.0199061
0.0198997
0.0198901
0.019878
0.0198632
0.0198452
0.0198236
0.0197987
0.0197714
0.0197416
0.0197087
0.0196722
0.0196324
0.0195899
0.0195445
0.0194963
0.0194452
0.019391
0.0193334
0.0192729
0.0192096
0.019143
0.0190728
0.0189991
0.0189219
0.0188415
0.0187583
0.0186719
0.0185819
0.0184884
0.0183915
0.0182913
0.0198558
0.019853
0.0198469
0.0198376
0.0198253
0.01981
0.0197919
0.0197709
0.0197469
0.0197196
0.019689
0.0196554
0.0196185
0.0195782
0.0195354
0.0194896
0.019441
0.0193894
0.0193345
0.0192761
0.0192155
0.0191519
0.0190845
0.0190132
0.0189389
0.018862
0.0187824
0.0186995
0.0186128
0.0185229
0.0184285
0.0183308
0.0182301
0.0197838
0.0197806
0.0197744
0.019765
0.019753
0.0197381
0.0197196
0.0196981
0.0196739
0.0196468
0.0196164
0.0195832
0.0195466
0.0195068
0.0194638
0.0194175
0.0193685
0.0193162
0.0192605
0.0192015
0.0191402
0.0190758
0.0190072
0.0189361
0.0188623
0.0187855
0.0187053
0.0186217
0.0185351
0.0184449
0.0183509
0.0182531
0.0181516
0.0196906
0.0196876
0.0196821
0.0196729
0.0196604
0.0196452
0.0196266
0.019605
0.0195807
0.0195532
0.0195224
0.0194885
0.0194517
0.0194118
0.0193692
0.0193234
0.0192742
0.0192216
0.0191656
0.019107
0.0190447
0.0189797
0.0189109
0.0188398
0.0187659
0.0186888
0.0186086
0.0185244
0.0184365
0.0183455
0.0182511
0.0181531
0.0180513
0.0195765
0.0195731
0.0195666
0.0195568
0.0195439
0.0195279
0.0195089
0.0194872
0.0194617
0.0194336
0.0194025
0.0193685
0.019332
0.0192919
0.0192492
0.0192035
0.0191544
0.0191016
0.0190451
0.0189854
0.018923
0.0188579
0.01879
0.0187185
0.0186439
0.0185659
0.018485
0.0184002
0.0183117
0.0182196
0.0181245
0.018026
0.0179237
0.019432
0.0194285
0.019422
0.0194117
0.0193986
0.0193825
0.0193635
0.0193412
0.0193152
0.0192867
0.0192553
0.0192208
0.0191833
0.0191428
0.019099
0.0190521
0.0190022
0.018949
0.0188923
0.0188323
0.0187695
0.0187037
0.0186347
0.0185624
0.0184861
0.0184072
0.0183255
0.0182405
0.0181519
0.0180598
0.0179638
0.0178645
0.0177614
0.0192539
0.0192504
0.0192433
0.0192333
0.0192197
0.0192032
0.0191835
0.01916
0.0191334
0.0191046
0.0190727
0.0190374
0.0189988
0.0189573
0.0189129
0.0188653
0.0188137
0.0187591
0.0187014
0.0186406
0.0185771
0.0185104
0.0184403
0.0183666
0.0182902
0.0182107
0.0181272
0.0180403
0.0179508
0.0178575
0.0177607
0.0176603
0.017557
0.0190375
0.0190339
0.0190265
0.0190159
0.0190012
0.0189839
0.0189638
0.0189413
0.0189151
0.0188862
0.0188538
0.0188176
0.0187787
0.018736
0.0186899
0.0186411
0.0185885
0.0185326
0.0184737
0.0184118
0.018347
0.0182786
0.018207
0.0181329
0.0180551
0.0179746
0.0178905
0.0178024
0.0177111
0.0176165
0.0175185
0.017417
0.0173119
0.0188017
0.018798
0.0187909
0.0187803
0.0187662
0.0187485
0.0187278
0.0187044
0.0186776
0.0186485
0.0186158
0.0185797
0.0185396
0.0184957
0.0184484
0.0183975
0.0183442
0.0182873
0.0182263
0.0181628
0.0180966
0.018028
0.0179563
0.0178808
0.0178019
0.0177195
0.0176337
0.0175444
0.0174511
0.0173544
0.0172552
0.0171533
0.0170477
0.0186235
0.0186192
0.0186111
0.0185998
0.0185845
0.0185665
0.0185458
0.0185224
0.0184959
0.0184659
0.0184333
0.0183973
0.0183573
0.0183133
0.0182652
0.0182136
0.0181594
0.0181017
0.0180406
0.0179767
0.0179098
0.0178398
0.0177664
0.0176897
0.0176094
0.0175261
0.0174395
0.0173494
0.0172553
0.0171585
0.0170588
0.0169557
0.0168487
0.0205405
0.0205382
0.0205324
0.0205238
0.020512
0.0204972
0.0204796
0.0204594
0.0204371
0.0204128
0.0203855
0.020355
0.0203223
0.0202871
0.0202491
0.0202082
0.0201639
0.020116
0.0200649
0.0200109
0.019954
0.0198939
0.0198307
0.0197644
0.0196948
0.0196214
0.0195441
0.019464
0.0193803
0.0192927
0.0192017
0.019107
0.0190087
0.0205375
0.0205347
0.0205286
0.02052
0.0205085
0.0204941
0.0204771
0.0204568
0.0204346
0.0204103
0.0203832
0.0203528
0.0203194
0.0202833
0.0202447
0.0202037
0.0201588
0.020111
0.0200594
0.0200052
0.019948
0.0198877
0.0198243
0.0197575
0.0196877
0.0196146
0.019538
0.0194573
0.0193732
0.0192853
0.0191941
0.0190995
0.0190014
0.0205287
0.0205259
0.0205206
0.0205122
0.0205009
0.0204867
0.0204695
0.02045
0.020428
0.0204032
0.0203758
0.0203456
0.0203128
0.020277
0.020238
0.0201961
0.0201516
0.0201035
0.0200527
0.0199988
0.0199416
0.0198807
0.0198165
0.0197491
0.0196784
0.019605
0.0195276
0.0194471
0.0193629
0.0192755
0.0191847
0.0190903
0.0189919
0.0205143
0.0205112
0.0205053
0.0204965
0.0204852
0.0204714
0.0204548
0.0204355
0.020413
0.020388
0.0203601
0.02033
0.020297
0.0202612
0.0202226
0.0201807
0.020136
0.0200881
0.0200374
0.0199835
0.0199261
0.019865
0.0198003
0.0197323
0.0196614
0.0195875
0.0195103
0.0194298
0.0193456
0.019258
0.0191668
0.0190718
0.0189726
0.0204895
0.0204867
0.0204815
0.0204729
0.0204614
0.020447
0.0204295
0.0204097
0.0203873
0.0203621
0.0203342
0.0203037
0.0202704
0.0202344
0.0201955
0.0201539
0.0201091
0.0200608
0.0200093
0.0199549
0.0198973
0.0198363
0.0197717
0.0197039
0.0196327
0.0195588
0.0194811
0.0194006
0.0193165
0.0192286
0.0191373
0.0190424
0.0189436
0.0204554
0.0204528
0.0204472
0.0204385
0.0204271
0.020413
0.0203959
0.0203758
0.0203534
0.0203285
0.0203008
0.0202697
0.0202355
0.0201986
0.0201591
0.0201169
0.0200717
0.020023
0.0199711
0.0199164
0.0198585
0.0197974
0.0197327
0.0196647
0.0195932
0.0195189
0.0194408
0.0193597
0.0192751
0.0191873
0.019096
0.0190011
0.018902
0.0204078
0.0204046
0.0203986
0.0203899
0.0203785
0.0203643
0.0203476
0.0203285
0.0203062
0.0202809
0.0202527
0.0202214
0.0201873
0.0201498
0.0201099
0.0200668
0.0200207
0.0199715
0.0199192
0.0198642
0.0198063
0.0197449
0.0196799
0.0196114
0.0195398
0.0194651
0.0193869
0.0193052
0.01922
0.0191314
0.0190388
0.0189426
0.018843
0.020342
0.0203387
0.0203327
0.0203241
0.0203127
0.0202982
0.0202811
0.0202612
0.0202388
0.0202137
0.0201851
0.0201536
0.0201195
0.0200821
0.020042
0.0199985
0.0199519
0.0199028
0.0198501
0.0197943
0.0197356
0.0196737
0.0196085
0.0195399
0.0194683
0.0193933
0.0193154
0.0192336
0.0191485
0.0190595
0.0189667
0.0188699
0.0187688
0.0202556
0.020253
0.0202473
0.0202385
0.0202268
0.0202122
0.0201949
0.0201749
0.0201524
0.0201268
0.0200982
0.0200663
0.0200315
0.0199938
0.0199531
0.0199092
0.0198622
0.0198124
0.0197594
0.0197031
0.019643
0.0195804
0.019515
0.0194468
0.0193749
0.0192996
0.0192211
0.0191385
0.0190523
0.0189627
0.0188694
0.0187726
0.0186721
0.0201459
0.0201426
0.0201359
0.0201269
0.0201152
0.0201007
0.0200836
0.0200635
0.0200405
0.0200141
0.0199843
0.0199515
0.0199163
0.0198779
0.0198356
0.019791
0.019744
0.0196941
0.0196407
0.0195844
0.0195246
0.019462
0.0193959
0.0193269
0.0192545
0.0191782
0.0190983
0.0190149
0.0189278
0.0188379
0.0187441
0.0186469
0.0185454
0.0200045
0.0200008
0.019994
0.0199843
0.0199719
0.0199567
0.0199391
0.0199184
0.0198947
0.0198674
0.0198371
0.0198041
0.019768
0.0197284
0.0196854
0.01964
0.0195917
0.0195407
0.0194869
0.0194292
0.0193683
0.0193045
0.0192377
0.0191674
0.0190931
0.0190159
0.018936
0.0188528
0.0187657
0.018675
0.0185807
0.0184818
0.0183793
0.0198229
0.0198197
0.0198128
0.0198029
0.0197895
0.0197737
0.0197554
0.0197342
0.0197097
0.0196822
0.0196512
0.0196167
0.0195791
0.0195381
0.0194949
0.0194489
0.0193996
0.0193469
0.0192907
0.0192312
0.0191691
0.0191042
0.0190363
0.0189649
0.0188902
0.0188123
0.018731
0.0186461
0.0185581
0.0184662
0.0183712
0.0182716
0.0181683
0.0195959
0.0195924
0.0195856
0.0195756
0.0195625
0.0195461
0.0195265
0.0195043
0.019479
0.0194507
0.0194185
0.0193833
0.0193454
0.0193042
0.0192596
0.0192118
0.0191609
0.0191067
0.019049
0.0189881
0.0189243
0.0188583
0.0187888
0.0187167
0.0186411
0.0185615
0.0184785
0.018392
0.0183019
0.0182085
0.0181121
0.0180122
0.0179086
0.0193387
0.0193356
0.0193287
0.0193184
0.019304
0.0192871
0.0192678
0.0192454
0.0192196
0.019191
0.0191591
0.0191233
0.0190839
0.0190408
0.0189947
0.0189454
0.0188931
0.0188369
0.0187777
0.0187159
0.0186518
0.0185846
0.0185138
0.0184402
0.0183626
0.0182821
0.0181979
0.0181095
0.0180179
0.0179235
0.0178262
0.0177251
0.0176201
0.0191388
0.019135
0.0191278
0.0191172
0.0191033
0.019086
0.0190664
0.0190434
0.0190171
0.0189875
0.0189544
0.0189183
0.0188788
0.0188361
0.0187895
0.0187397
0.0186867
0.0186297
0.0185693
0.0185063
0.0184408
0.0183728
0.0183015
0.0182264
0.0181483
0.0180663
0.0179811
0.0178919
0.0177993
0.017704
0.0176054
0.0175032
0.0173975
0.0210183
0.0210154
0.0210098
0.0210015
0.0209911
0.0209778
0.0209614
0.0209433
0.0209232
0.0209013
0.0208763
0.0208491
0.0208197
0.0207878
0.0207528
0.0207142
0.0206722
0.0206271
0.0205788
0.0205274
0.0204732
0.0204157
0.0203547
0.0202902
0.0202216
0.0201499
0.0200749
0.0199957
0.0199121
0.0198252
0.0197345
0.0196394
0.0195404
0.0210149
0.0210123
0.0210074
0.0209995
0.020989
0.0209763
0.0209609
0.0209433
0.0209232
0.0209008
0.0208756
0.020848
0.0208181
0.0207852
0.0207494
0.0207105
0.0206679
0.0206226
0.0205743
0.0205233
0.020469
0.0204111
0.0203492
0.0202843
0.0202158
0.020144
0.0200686
0.0199895
0.0199064
0.0198195
0.0197283
0.0196331
0.0195337
0.0210067
0.0210044
0.0209995
0.0209919
0.0209816
0.0209686
0.0209537
0.0209363
0.0209161
0.0208934
0.0208688
0.0208416
0.0208116
0.0207785
0.0207427
0.020704
0.0206623
0.0206173
0.0205689
0.020517
0.0204618
0.020403
0.0203412
0.0202755
0.0202068
0.0201345
0.020058
0.0199781
0.019895
0.0198078
0.0197171
0.0196224
0.0195237
0.0209942
0.0209918
0.0209872
0.0209799
0.0209698
0.0209569
0.0209421
0.0209244
0.0209043
0.0208815
0.0208566
0.020829
0.0207991
0.0207661
0.0207302
0.0206914
0.0206496
0.0206045
0.0205559
0.0205037
0.0204479
0.020389
0.0203267
0.0202609
0.0201916
0.0201186
0.020042
0.019962
0.0198785
0.0197909
0.0196994
0.0196045
0.0195059
0.0209737
0.0209714
0.0209665
0.0209589
0.0209484
0.0209353
0.0209203
0.0209027
0.0208825
0.0208597
0.0208344
0.0208065
0.0207758
0.0207424
0.0207065
0.020667
0.0206249
0.0205795
0.0205308
0.0204786
0.0204233
0.0203645
0.020302
0.0202359
0.0201663
0.0200935
0.0200169
0.0199365
0.0198524
0.0197648
0.019674
0.0195785
0.019479
0.0209432
0.0209409
0.0209358
0.020928
0.0209181
0.0209055
0.0208901
0.0208721
0.0208516
0.0208287
0.0208031
0.0207752
0.0207445
0.0207111
0.0206747
0.0206349
0.0205917
0.0205455
0.0204961
0.0204435
0.020388
0.0203291
0.0202664
0.0201997
0.0201299
0.0200567
0.0199794
0.0198986
0.0198147
0.0197269
0.0196356
0.0195403
0.0194407
0.0209009
0.0208981
0.020893
0.0208851
0.020875
0.0208621
0.020847
0.0208292
0.0208085
0.0207852
0.0207598
0.0207316
0.0207003
0.0206659
0.0206286
0.020588
0.0205444
0.0204979
0.0204482
0.0203954
0.0203397
0.0202807
0.0202177
0.0201506
0.0200804
0.0200066
0.0199294
0.0198488
0.0197645
0.0196765
0.019584
0.0194874
0.0193866
0.02084
0.0208376
0.0208325
0.020825
0.0208146
0.0208016
0.0207866
0.0207687
0.020748
0.0207243
0.0206982
0.020669
0.0206373
0.0206029
0.0205652
0.0205244
0.0204807
0.0204333
0.0203825
0.020329
0.0202725
0.0202129
0.0201497
0.0200827
0.0200125
0.0199387
0.0198617
0.0197811
0.0196965
0.0196079
0.0195153
0.0194182
0.019317
0.0207608
0.0207583
0.020753
0.0207449
0.0207346
0.0207215
0.0207061
0.0206882
0.0206675
0.0206438
0.0206168
0.0205868
0.0205541
0.0205185
0.02048
0.0204386
0.020394
0.0203464
0.0202951
0.0202407
0.020183
0.0201222
0.0200583
0.0199917
0.0199214
0.0198471
0.0197691
0.0196875
0.0196019
0.0195119
0.0194186
0.0193214
0.0192205
0.0206563
0.0206528
0.0206464
0.0206378
0.0206268
0.0206135
0.0205982
0.0205802
0.0205588
0.020534
0.0205059
0.0204751
0.0204409
0.0204037
0.0203644
0.0203222
0.0202766
0.0202282
0.0201768
0.020122
0.0200634
0.0200018
0.0199374
0.0198695
0.0197982
0.0197231
0.0196442
0.0195618
0.019476
0.0193866
0.0192931
0.0191958
0.0190937
0.0205147
0.0205111
0.0205045
0.020495
0.020483
0.0204685
0.020452
0.020432
0.0204095
0.0203841
0.0203562
0.0203245
0.0202896
0.0202513
0.0202102
0.0201666
0.0201202
0.0200706
0.0200175
0.0199618
0.0199027
0.01984
0.0197735
0.0197041
0.0196322
0.0195564
0.0194771
0.0193942
0.0193075
0.0192173
0.0191229
0.0190239
0.0189212
0.0203241
0.0203208
0.0203143
0.0203047
0.0202922
0.020277
0.0202592
0.0202386
0.0202151
0.0201885
0.0201584
0.020125
0.0200887
0.0200488
0.0200065
0.0199615
0.0199137
0.0198624
0.0198081
0.0197507
0.0196905
0.0196267
0.0195587
0.0194884
0.0194148
0.0193379
0.0192579
0.0191743
0.0190869
0.0189959
0.0189012
0.0188019
0.0186987
0.0200747
0.0200723
0.0200661
0.020057
0.0200445
0.0200284
0.0200091
0.0199868
0.0199622
0.0199348
0.0199041
0.0198701
0.0198334
0.019793
0.0197498
0.0197034
0.0196538
0.0196006
0.0195442
0.0194849
0.0194227
0.0193575
0.0192895
0.0192185
0.0191441
0.0190661
0.0189842
0.0188984
0.0188092
0.0187169
0.0186207
0.0185202
0.0184168
0.0197839
0.0197807
0.0197746
0.0197645
0.0197514
0.0197354
0.0197164
0.0196948
0.0196694
0.0196414
0.01961
0.0195752
0.0195372
0.0194959
0.0194512
0.0194032
0.0193522
0.0192976
0.0192397
0.0191787
0.0191152
0.0190487
0.0189792
0.0189069
0.0188312
0.0187524
0.0186699
0.0185836
0.0184936
0.0184002
0.0183029
0.0182024
0.0180975
0.0195565
0.0195532
0.0195459
0.0195354
0.0195217
0.0195055
0.0194869
0.019465
0.0194393
0.0194109
0.0193793
0.0193441
0.0193053
0.0192631
0.0192179
0.019169
0.0191171
0.0190617
0.0190027
0.0189412
0.0188762
0.0188081
0.0187372
0.0186633
0.0185866
0.018507
0.0184239
0.0183374
0.0182473
0.0181534
0.0180559
0.0179542
0.0178486
0.0214403
0.0214378
0.0214334
0.0214264
0.0214167
0.0214046
0.021391
0.0213757
0.0213586
0.0213393
0.0213177
0.0212938
0.0212675
0.0212384
0.0212061
0.0211704
0.0211313
0.0210891
0.0210434
0.020994
0.0209411
0.0208841
0.0208234
0.020759
0.0206906
0.0206184
0.0205418
0.0204616
0.0203777
0.0202895
0.0201972
0.0201002
0.0199983
0.021438
0.0214357
0.0214311
0.0214242
0.0214149
0.0214035
0.0213901
0.0213752
0.0213582
0.0213387
0.0213167
0.0212928
0.0212661
0.0212363
0.0212032
0.0211671
0.0211279
0.0210857
0.0210395
0.0209898
0.0209368
0.02088
0.0208189
0.0207542
0.0206859
0.0206135
0.0205373
0.0204572
0.0203731
0.020285
0.0201922
0.0200952
0.0199936
0.0214326
0.0214302
0.021425
0.0214181
0.0214093
0.0213983
0.021385
0.02137
0.0213525
0.0213332
0.0213115
0.0212869
0.0212597
0.0212303
0.021198
0.0211622
0.0211227
0.0210795
0.0210331
0.0209832
0.0209294
0.0208723
0.0208116
0.0207474
0.0206789
0.0206064
0.0205296
0.0204492
0.020365
0.0202764
0.0201835
0.0200861
0.0199845
0.0214219
0.0214197
0.0214151
0.0214083
0.0213994
0.0213886
0.0213758
0.0213605
0.021343
0.0213232
0.0213013
0.0212769
0.0212497
0.0212201
0.0211876
0.0211515
0.0211117
0.0210682
0.0210215
0.0209712
0.0209174
0.0208601
0.0207993
0.0207348
0.0206659
0.0205926
0.0205156
0.0204346
0.0203494
0.0202601
0.0201667
0.0200698
0.0199685
0.0214044
0.0214023
0.0213977
0.0213909
0.021382
0.0213713
0.0213581
0.0213429
0.0213251
0.0213053
0.0212832
0.0212585
0.0212312
0.021201
0.0211678
0.0211311
0.021091
0.0210475
0.021001
0.0209508
0.0208968
0.0208386
0.0207774
0.0207122
0.020643
0.0205698
0.0204923
0.020411
0.020326
0.0202368
0.0201433
0.0200453
0.0199432
0.0213763
0.0213741
0.0213696
0.0213629
0.0213543
0.0213434
0.0213303
0.0213149
0.0212972
0.0212771
0.0212549
0.0212304
0.021203
0.0211725
0.0211389
0.0211018
0.021061
0.0210167
0.0209693
0.0209186
0.0208639
0.0208059
0.0207445
0.0206793
0.0206098
0.0205363
0.0204584
0.0203766
0.0202909
0.0202014
0.0201074
0.0200094
0.0199072
0.0213385
0.0213361
0.0213317
0.0213249
0.0213154
0.0213035
0.0212899
0.0212743
0.0212568
0.0212367
0.0212143
0.0211894
0.0211611
0.0211299
0.0210958
0.0210583
0.0210174
0.0209731
0.0209257
0.0208742
0.0208192
0.0207609
0.0206988
0.0206325
0.0205621
0.0204879
0.0204103
0.0203283
0.0202423
0.0201524
0.0200579
0.0199591
0.0198556
0.0212833
0.0212815
0.0212767
0.0212699
0.0212612
0.02125
0.0212366
0.0212206
0.0212021
0.0211816
0.0211585
0.0211324
0.0211034
0.0210718
0.0210368
0.0209986
0.020957
0.0209118
0.0208629
0.020811
0.0207557
0.0206965
0.0206334
0.0205669
0.0204959
0.0204211
0.0203431
0.0202612
0.0201752
0.0200847
0.0199902
0.0198909
0.0197874
0.0212118
0.021209
0.021204
0.021197
0.021188
0.0211762
0.0211623
0.0211457
0.0211264
0.0211047
0.0210799
0.0210525
0.0210222
0.0209893
0.0209532
0.0209139
0.0208708
0.0208246
0.0207752
0.0207229
0.0206665
0.0206065
0.020543
0.0204757
0.0204048
0.0203299
0.0202512
0.0201685
0.0200813
0.0199901
0.019895
0.0197954
0.0196913
0.0211083
0.0211058
0.0211007
0.0210934
0.0210834
0.0210711
0.0210561
0.0210386
0.0210182
0.020995
0.0209689
0.0209401
0.0209082
0.0208732
0.0208353
0.0207943
0.0207502
0.0207034
0.0206533
0.0205999
0.0205424
0.0204812
0.0204164
0.0203487
0.0202773
0.0202017
0.0201224
0.0200395
0.0199522
0.0198609
0.0197652
0.0196658
0.0195616
0.0209616
0.0209585
0.0209526
0.020944
0.0209331
0.0209199
0.0209035
0.0208846
0.0208627
0.0208381
0.020811
0.0207806
0.0207473
0.0207107
0.0206711
0.0206287
0.0205834
0.0205349
0.0204828
0.0204275
0.0203687
0.0203064
0.020241
0.0201722
0.0200999
0.020024
0.019944
0.0198603
0.0197728
0.0196812
0.0195856
0.0194855
0.0193815
0.0207521
0.020749
0.0207432
0.0207346
0.0207229
0.0207082
0.0206907
0.0206704
0.0206475
0.0206217
0.0205926
0.0205605
0.0205253
0.0204871
0.0204459
0.0204019
0.0203553
0.0203048
0.0202514
0.0201944
0.0201345
0.0200712
0.0200044
0.0199346
0.019862
0.0197855
0.0197055
0.0196215
0.019534
0.0194426
0.019347
0.0192468
0.0191421
0.0204689
0.0204658
0.0204599
0.0204502
0.0204379
0.0204227
0.0204049
0.0203835
0.0203595
0.0203326
0.0203025
0.0202696
0.0202336
0.0201945
0.0201518
0.0201063
0.020058
0.0200062
0.0199513
0.0198933
0.0198324
0.0197678
0.0197001
0.0196292
0.0195552
0.0194782
0.0193974
0.0193125
0.0192243
0.019132
0.019036
0.018936
0.0188325
0.0201356
0.0201326
0.020127
0.0201178
0.0201052
0.02009
0.0200723
0.0200509
0.0200265
0.0199991
0.0199682
0.0199338
0.0198964
0.0198562
0.0198126
0.0197659
0.0197159
0.0196626
0.0196061
0.019547
0.0194849
0.0194199
0.0193511
0.019279
0.0192039
0.0191259
0.0190448
0.01896
0.0188711
0.0187784
0.0186821
0.0185821
0.0184781
0.0198787
0.0198757
0.0198699
0.0198602
0.0198478
0.0198323
0.0198137
0.0197924
0.0197673
0.0197395
0.0197084
0.0196738
0.019636
0.0195953
0.0195508
0.0195035
0.0194528
0.0193985
0.0193415
0.0192811
0.0192174
0.0191507
0.019081
0.0190083
0.018933
0.0188548
0.0187731
0.0186877
0.0185985
0.0185056
0.0184092
0.0183089
0.0182044
0.0218139
0.0218118
0.0218074
0.0218009
0.0217927
0.0217834
0.0217723
0.0217597
0.0217461
0.0217305
0.0217127
0.0216929
0.0216699
0.021644
0.0216142
0.0215806
0.021543
0.0215015
0.0214564
0.0214075
0.0213543
0.0212971
0.0212356
0.0211696
0.0210994
0.021025
0.0209456
0.0208618
0.0207739
0.0206819
0.0205851
0.0204841
0.0203786
0.0218115
0.0218095
0.0218052
0.0217991
0.0217912
0.0217815
0.0217702
0.0217574
0.0217436
0.021728
0.0217105
0.0216904
0.0216673
0.0216408
0.0216107
0.0215772
0.0215401
0.0214986
0.0214533
0.0214037
0.0213502
0.0212928
0.0212315
0.0211655
0.021095
0.0210204
0.0209412
0.0208573
0.0207695
0.0206771
0.0205805
0.0204794
0.0203736
0.021808
0.0218058
0.0218013
0.021795
0.021787
0.0217772
0.0217658
0.021753
0.0217391
0.0217233
0.0217052
0.0216847
0.0216611
0.0216345
0.0216051
0.0215715
0.0215342
0.0214927
0.0214473
0.0213978
0.0213442
0.0212863
0.0212237
0.0211572
0.0210866
0.0210118
0.0209331
0.0208499
0.0207622
0.02067
0.0205728
0.0204712
0.0203651
0.0218002
0.0217981
0.0217937
0.0217875
0.0217798
0.0217706
0.0217595
0.0217465
0.0217323
0.0217161
0.0216975
0.0216767
0.0216527
0.0216258
0.0215959
0.0215617
0.0215237
0.0214821
0.0214366
0.021387
0.0213333
0.0212748
0.0212122
0.0211455
0.0210747
0.0209995
0.0209204
0.0208371
0.0207491
0.0206566
0.0205589
0.0204568
0.0203498
0.0217863
0.0217843
0.0217801
0.021774
0.0217665
0.0217573
0.021746
0.0217329
0.0217184
0.0217019
0.0216834
0.0216621
0.0216382
0.021611
0.0215803
0.0215455
0.0215073
0.0214649
0.0214189
0.021369
0.0213146
0.0212559
0.0211928
0.0211261
0.0210549
0.0209795
0.0208998
0.0208156
0.020727
0.0206342
0.0205363
0.0204341
0.0203274
0.0217606
0.0217583
0.0217544
0.0217484
0.0217406
0.0217315
0.0217209
0.021709
0.0216951
0.0216786
0.0216596
0.0216382
0.0216137
0.0215863
0.0215552
0.02152
0.0214812
0.0214384
0.0213917
0.021341
0.0212863
0.0212269
0.0211634
0.0210959
0.0210241
0.020948
0.0208679
0.0207838
0.020695
0.0206018
0.0205035
0.0204005
0.0202928
0.0217229
0.0217207
0.021717
0.0217114
0.0217043
0.021695
0.021684
0.0216713
0.0216569
0.0216401
0.0216209
0.0215996
0.0215751
0.0215471
0.0215155
0.02148
0.021441
0.0213979
0.021351
0.0212999
0.0212448
0.0211852
0.0211214
0.0210534
0.0209812
0.0209044
0.0208232
0.0207373
0.0206476
0.0205535
0.0204552
0.0203524
0.0202447
0.0216747
0.0216735
0.0216698
0.0216641
0.0216565
0.0216471
0.0216355
0.0216218
0.0216063
0.0215887
0.0215685
0.0215459
0.02152
0.0214907
0.0214578
0.0214214
0.0213817
0.0213379
0.0212899
0.0212376
0.0211815
0.0211215
0.021057
0.0209887
0.0209164
0.0208395
0.0207584
0.0206725
0.0205825
0.0204879
0.0203887
0.0202852
0.0201773
0.0216078
0.0216059
0.0216017
0.0215955
0.0215872
0.0215768
0.0215644
0.0215498
0.0215325
0.0215127
0.0214904
0.021466
0.0214381
0.0214074
0.0213733
0.0213355
0.021294
0.0212485
0.0211994
0.0211467
0.0210901
0.0210292
0.0209643
0.0208958
0.0208231
0.0207461
0.0206646
0.0205789
0.0204886
0.0203936
0.0202939
0.0201899
0.0200816
0.0215024
0.0215
0.0214958
0.0214892
0.02148
0.0214687
0.0214549
0.0214387
0.0214196
0.0213979
0.0213731
0.0213458
0.0213158
0.0212828
0.0212465
0.0212066
0.0211637
0.0211176
0.0210681
0.0210148
0.0209575
0.0208958
0.0208303
0.0207611
0.020688
0.0206105
0.0205289
0.0204434
0.0203529
0.0202585
0.0201598
0.0200565
0.0199479
0.0213389
0.0213363
0.0213316
0.0213241
0.0213138
0.0213007
0.0212854
0.0212672
0.0212463
0.0212227
0.0211967
0.0211678
0.0211356
0.0211002
0.021062
0.0210201
0.0209754
0.0209277
0.0208769
0.0208221
0.0207639
0.020702
0.0206362
0.0205664
0.0204927
0.0204152
0.0203335
0.0202482
0.0201586
0.0200649
0.0199669
0.0198639
0.0197564
0.0210956
0.0210925
0.0210869
0.0210782
0.0210674
0.0210537
0.0210368
0.0210173
0.0209952
0.0209707
0.0209435
0.0209136
0.0208803
0.0208434
0.020803
0.0207597
0.0207132
0.0206635
0.020611
0.0205552
0.0204961
0.0204338
0.0203677
0.0202976
0.0202244
0.0201473
0.0200658
0.0199806
0.0198919
0.0197997
0.0197026
0.019601
0.0194948
0.0207689
0.0207659
0.0207597
0.0207511
0.0207396
0.0207251
0.0207078
0.0206868
0.0206634
0.0206376
0.0206096
0.0205781
0.0205439
0.0205064
0.0204654
0.0204211
0.0203738
0.0203232
0.0202697
0.0202133
0.0201538
0.0200906
0.0200237
0.0199531
0.0198794
0.0198023
0.0197215
0.0196373
0.019549
0.0194564
0.0193599
0.0192596
0.0191554
0.0204015
0.0203989
0.020394
0.0203859
0.0203742
0.0203595
0.0203413
0.0203201
0.0202951
0.0202678
0.0202381
0.020206
0.0201704
0.020132
0.0200902
0.0200451
0.0199964
0.0199445
0.0198899
0.0198324
0.0197713
0.0197075
0.0196404
0.0195697
0.0194955
0.0194179
0.0193365
0.0192518
0.0191637
0.019072
0.018977
0.0188781
0.0187745
0.0201273
0.0201247
0.0201191
0.0201107
0.020099
0.0200837
0.0200648
0.020043
0.0200181
0.0199905
0.0199599
0.0199263
0.0198896
0.0198498
0.0198066
0.0197606
0.0197113
0.0196586
0.0196027
0.019544
0.0194826
0.0194178
0.0193493
0.0192776
0.0192029
0.019125
0.0190437
0.0189589
0.0188711
0.0187799
0.0186851
0.0185861
0.0184829
0.0221441
0.0221422
0.0221374
0.0221312
0.0221241
0.0221162
0.0221073
0.022098
0.022088
0.0220762
0.0220627
0.0220466
0.0220268
0.0220036
0.0219764
0.021944
0.0219065
0.0218644
0.0218178
0.0217669
0.0217113
0.021651
0.0215861
0.021516
0.0214411
0.0213612
0.0212767
0.021188
0.0210946
0.0209969
0.0208945
0.0207874
0.0206755
0.0221418
0.0221396
0.0221352
0.0221292
0.0221219
0.0221137
0.0221045
0.0220949
0.0220844
0.0220723
0.0220588
0.0220428
0.0220233
0.0219999
0.0219726
0.0219402
0.0219031
0.0218608
0.0218142
0.0217632
0.0217071
0.0216464
0.0215812
0.021511
0.0214362
0.0213565
0.0212717
0.0211831
0.0210899
0.0209918
0.0208892
0.020782
0.0206699
0.0221377
0.0221355
0.0221309
0.0221244
0.0221163
0.0221076
0.0220983
0.0220889
0.022079
0.022068
0.0220548
0.0220384
0.0220185
0.0219946
0.0219661
0.0219332
0.0218961
0.0218542
0.0218078
0.0217562
0.0216998
0.0216387
0.0215729
0.0215026
0.0214276
0.0213485
0.0212645
0.0211756
0.0210821
0.0209839
0.0208804
0.0207724
0.0206601
0.0221354
0.0221327
0.0221278
0.0221211
0.022113
0.0221038
0.0220944
0.0220844
0.0220742
0.0220625
0.0220486
0.0220316
0.0220112
0.0219868
0.0219578
0.0219245
0.021887
0.0218448
0.021798
0.021746
0.0216893
0.0216279
0.0215617
0.0214912
0.021416
0.0213366
0.0212523
0.0211631
0.021069
0.0209702
0.0208665
0.0207583
0.020646
0.0221231
0.0221212
0.0221172
0.0221116
0.0221046
0.0220958
0.0220862
0.0220758
0.0220644
0.0220518
0.0220373
0.0220201
0.021999
0.0219743
0.0219455
0.0219121
0.0218736
0.0218305
0.0217826
0.0217298
0.0216727
0.0216111
0.0215444
0.0214736
0.0213984
0.021318
0.0212329
0.0211432
0.0210491
0.0209504
0.0208467
0.0207378
0.0206245
0.0220976
0.0220956
0.0220922
0.0220872
0.0220811
0.0220738
0.0220656
0.0220562
0.0220453
0.022033
0.0220181
0.0220001
0.0219785
0.021953
0.0219228
0.0218882
0.0218495
0.0218062
0.0217583
0.0217053
0.0216474
0.0215849
0.0215176
0.0214459
0.0213693
0.0212883
0.0212031
0.0211132
0.0210184
0.020919
0.0208146
0.0207057
0.0205924
0.0220618
0.0220599
0.0220561
0.0220511
0.0220447
0.0220374
0.0220289
0.0220195
0.0220088
0.0219962
0.0219813
0.0219636
0.021942
0.0219163
0.0218857
0.0218508
0.0218117
0.0217682
0.02172
0.0216667
0.0216083
0.0215454
0.021478
0.0214057
0.0213289
0.0212472
0.0211606
0.0210697
0.0209742
0.0208745
0.0207701
0.0206611
0.0205471
0.0220174
0.0220158
0.0220123
0.0220073
0.0220007
0.0219927
0.0219835
0.0219731
0.0219609
0.0219468
0.0219302
0.0219105
0.0218872
0.0218597
0.0218285
0.0217931
0.0217527
0.0217081
0.021659
0.0216052
0.0215469
0.0214837
0.0214155
0.021343
0.0212659
0.0211843
0.0210981
0.0210066
0.0209106
0.0208102
0.0207049
0.0205945
0.0204795
0.0219508
0.0219491
0.0219457
0.0219401
0.0219327
0.0219235
0.0219127
0.0219005
0.021886
0.0218688
0.021849
0.0218265
0.0218005
0.0217709
0.0217378
0.0217007
0.0216591
0.0216134
0.0215638
0.0215095
0.0214505
0.0213874
0.0213198
0.0212477
0.0211709
0.0210893
0.0210031
0.0209117
0.0208158
0.0207151
0.0206091
0.0204987
0.0203834
0.0218325
0.0218302
0.0218263
0.0218202
0.021812
0.0218016
0.0217896
0.0217751
0.0217579
0.021738
0.0217151
0.0216896
0.0216607
0.0216291
0.0215938
0.0215549
0.0215127
0.0214663
0.021416
0.0213613
0.0213021
0.0212386
0.0211704
0.0210982
0.0210219
0.0209413
0.0208558
0.0207654
0.0206709
0.020571
0.0204661
0.0203567
0.0202427
0.0216355
0.021633
0.0216287
0.0216218
0.0216126
0.0216012
0.0215871
0.0215706
0.0215511
0.0215292
0.0215044
0.0214765
0.0214455
0.0214119
0.021375
0.0213344
0.0212908
0.0212434
0.0211925
0.0211377
0.0210787
0.0210158
0.0209486
0.0208772
0.0208018
0.0207225
0.0206385
0.0205495
0.0204561
0.0203585
0.0202568
0.0201503
0.0200392
0.0213477
0.0213447
0.0213392
0.0213314
0.0213214
0.0213092
0.0212945
0.0212768
0.021256
0.0212325
0.0212061
0.0211771
0.021145
0.0211093
0.0210703
0.0210289
0.0209845
0.0209366
0.0208851
0.0208302
0.0207714
0.0207094
0.0206434
0.0205737
0.0205001
0.0204223
0.0203403
0.020254
0.0201634
0.020069
0.0199701
0.019867
0.0197594
0.020986
0.0209834
0.0209781
0.0209702
0.0209594
0.0209458
0.0209297
0.0209104
0.0208883
0.0208638
0.0208361
0.0208056
0.0207719
0.0207353
0.020696
0.0206537
0.0206082
0.0205594
0.0205078
0.0204527
0.0203941
0.020332
0.020266
0.0201965
0.0201236
0.0200464
0.0199662
0.0198826
0.0197947
0.0197025
0.0196062
0.019505
0.0193996
0.0206012
0.0205982
0.0205927
0.0205841
0.0205729
0.020559
0.0205417
0.0205215
0.0204979
0.0204716
0.0204429
0.020411
0.0203766
0.0203389
0.0202979
0.0202543
0.0202077
0.0201577
0.0201049
0.0200486
0.0199894
0.019927
0.019861
0.0197916
0.0197181
0.0196409
0.0195601
0.0194765
0.0193893
0.0192987
0.0192043
0.0191056
0.0190024
0.0203189
0.0203155
0.0203092
0.0203001
0.0202882
0.0202733
0.0202553
0.0202341
0.0202098
0.0201827
0.0201529
0.0201204
0.0200846
0.0200453
0.0200026
0.0199572
0.0199091
0.0198584
0.0198052
0.0197485
0.0196887
0.0196249
0.0195584
0.0194887
0.0194152
0.0193381
0.0192577
0.0191735
0.0190862
0.0189954
0.018901
0.0188027
0.0186996
0.0224379
0.0224351
0.0224296
0.0224224
0.0224146
0.0224068
0.0224002
0.0223948
0.0223895
0.0223829
0.0223733
0.0223598
0.0223417
0.0223179
0.0222883
0.0222533
0.0222123
0.0221662
0.0221151
0.0220591
0.0219977
0.021931
0.021859
0.0217822
0.0217005
0.0216141
0.0215232
0.0214275
0.0213274
0.0212228
0.0211133
0.0209999
0.0208818
0.0224363
0.0224336
0.0224281
0.022421
0.022413
0.0224044
0.0223965
0.0223893
0.022383
0.0223762
0.0223665
0.022353
0.0223352
0.0223126
0.0222839
0.0222495
0.022209
0.0221633
0.0221125
0.0220562
0.0219944
0.0219274
0.0218552
0.0217782
0.0216964
0.0216101
0.0215189
0.0214233
0.0213237
0.0212192
0.0211102
0.020997
0.0208794
0.0224285
0.0224261
0.0224215
0.0224145
0.0224066
0.0223983
0.0223906
0.022384
0.022378
0.0223713
0.0223621
0.022349
0.0223309
0.0223072
0.0222779
0.0222437
0.0222039
0.0221585
0.0221073
0.0220503
0.0219883
0.0219212
0.0218496
0.0217729
0.0216912
0.0216046
0.0215132
0.0214174
0.0213168
0.021212
0.0211031
0.0209897
0.020872
0.0224288
0.0224261
0.0224214
0.022414
0.0224054
0.0223963
0.0223884
0.0223814
0.022375
0.0223678
0.0223576
0.0223433
0.0223243
0.0223001
0.0222706
0.0222356
0.0221954
0.0221495
0.0220979
0.0220402
0.0219776
0.0219101
0.0218377
0.0217602
0.0216783
0.0215915
0.0215004
0.0214044
0.0213039
0.0211989
0.0210899
0.0209762
0.0208588
0.022421
0.0224197
0.0224171
0.022412
0.0224042
0.022395
0.0223854
0.0223761
0.0223679
0.0223593
0.0223486
0.022334
0.0223148
0.0222901
0.0222597
0.0222238
0.0221824
0.0221356
0.0220834
0.0220258
0.0219632
0.0218954
0.0218228
0.0217452
0.0216628
0.0215753
0.0214832
0.0213867
0.0212856
0.0211803
0.0210708
0.0209567
0.0208385
0.0223975
0.0223961
0.0223933
0.0223888
0.0223826
0.022375
0.0223668
0.022359
0.0223512
0.0223424
0.022331
0.0223161
0.0222962
0.0222709
0.0222401
0.0222038
0.0221621
0.0221148
0.0220617
0.0220033
0.0219396
0.0218711
0.0217975
0.0217187
0.0216355
0.0215473
0.0214548
0.021358
0.0212568
0.0211508
0.0210406
0.0209256
0.0208065
0.0223629
0.0223611
0.0223576
0.0223523
0.0223457
0.0223382
0.0223302
0.0223226
0.0223153
0.0223069
0.0222958
0.0222809
0.0222609
0.0222353
0.0222043
0.0221675
0.0221254
0.0220781
0.0220255
0.0219672
0.0219033
0.0218341
0.0217597
0.0216803
0.0215963
0.0215077
0.0214147
0.0213169
0.0212148
0.0211082
0.020997
0.0208818
0.0207619
0.022314
0.0223127
0.0223097
0.0223057
0.0222997
0.0222921
0.0222843
0.0222764
0.0222676
0.0222572
0.0222438
0.0222262
0.0222043
0.0221773
0.022145
0.0221074
0.022065
0.0220171
0.0219641
0.0219055
0.0218413
0.0217718
0.0216972
0.0216173
0.0215334
0.0214446
0.0213512
0.0212532
0.021151
0.0210443
0.0209329
0.0208173
0.0206971
0.0222385
0.0222366
0.0222334
0.0222288
0.0222222
0.0222144
0.0222054
0.0221947
0.0221821
0.0221675
0.0221501
0.0221288
0.0221038
0.0220748
0.0220415
0.022003
0.0219597
0.0219117
0.0218587
0.0218002
0.0217365
0.0216679
0.0215943
0.0215162
0.0214331
0.021345
0.0212526
0.0211555
0.0210537
0.0209474
0.0208359
0.0207198
0.0205996
0.0220851
0.0220835
0.0220801
0.0220746
0.0220673
0.0220583
0.0220474
0.0220345
0.0220195
0.0220016
0.0219809
0.0219567
0.0219299
0.0218996
0.0218654
0.0218269
0.0217839
0.021736
0.0216832
0.0216259
0.0215638
0.0214973
0.0214261
0.0213501
0.0212694
0.0211842
0.0210944
0.0209999
0.020901
0.0207971
0.0206877
0.0205735
0.0204554
0.0218413
0.021839
0.0218349
0.0218288
0.0218205
0.02181
0.0217972
0.0217824
0.0217652
0.0217452
0.0217223
0.0216965
0.0216677
0.0216359
0.0216008
0.0215616
0.0215188
0.0214721
0.0214211
0.0213654
0.0213059
0.0212426
0.0211745
0.0211021
0.0210254
0.0209439
0.0208573
0.0207662
0.0206708
0.0205712
0.0204664
0.0203568
0.0202428
0.0215179
0.0215155
0.0215105
0.021503
0.0214938
0.0214824
0.0214688
0.0214525
0.0214337
0.0214121
0.021388
0.0213611
0.0213308
0.0212976
0.021261
0.021221
0.0211776
0.0211306
0.0210801
0.0210259
0.0209679
0.0209066
0.0208414
0.0207715
0.0206978
0.0206199
0.0205373
0.02045
0.0203591
0.0202638
0.0201634
0.0200586
0.0199495
0.0211403
0.0211375
0.0211318
0.0211238
0.0211135
0.0211008
0.0210857
0.0210681
0.0210478
0.0210243
0.0209986
0.02097
0.0209381
0.0209029
0.0208646
0.0208236
0.0207792
0.0207317
0.0206809
0.0206266
0.0205687
0.0205076
0.0204431
0.0203747
0.0203026
0.0202263
0.0201458
0.0200618
0.0199746
0.0198827
0.0197863
0.0196853
0.0195801
0.0207493
0.0207459
0.0207395
0.020731
0.0207201
0.0207069
0.0206909
0.0206721
0.0206501
0.0206248
0.0205964
0.0205655
0.0205315
0.0204945
0.0204546
0.0204121
0.0203664
0.0203173
0.0202658
0.0202111
0.020153
0.0200913
0.020026
0.0199572
0.0198844
0.0198084
0.0197293
0.0196468
0.0195602
0.0194699
0.0193754
0.0192767
0.0191738
0.0204643
0.0204609
0.0204546
0.0204455
0.020434
0.0204198
0.0204025
0.0203827
0.0203595
0.0203332
0.0203039
0.0202713
0.020236
0.0201972
0.0201552
0.0201105
0.0200633
0.0200139
0.0199612
0.0199057
0.0198465
0.0197837
0.019718
0.019649
0.0195765
0.0195001
0.01942
0.0193368
0.0192501
0.0191598
0.0190658
0.0189676
0.0188656
0.0226997
0.0226976
0.0226917
0.022684
0.0226756
0.0226681
0.0226621
0.0226589
0.0226558
0.0226499
0.0226398
0.022624
0.0226016
0.0225728
0.0225373
0.0224958
0.0224478
0.0223938
0.0223342
0.0222691
0.0221994
0.0221244
0.0220453
0.0219614
0.0218732
0.021781
0.0216846
0.0215836
0.0214786
0.0213691
0.021256
0.0211392
0.0210187
0.0226992
0.0226978
0.0226932
0.0226868
0.0226787
0.0226682
0.0226584
0.022651
0.0226466
0.0226407
0.0226311
0.0226159
0.0225948
0.0225671
0.0225329
0.0224922
0.0224447
0.022391
0.0223315
0.0222663
0.0221963
0.0221212
0.0220419
0.021958
0.0218693
0.021777
0.0216807
0.0215804
0.021476
0.0213671
0.0212541
0.0211368
0.0210158
0.0226913
0.0226895
0.0226857
0.0226796
0.0226712
0.0226614
0.0226522
0.0226451
0.0226408
0.0226351
0.0226255
0.0226104
0.0225893
0.0225618
0.0225275
0.0224865
0.022439
0.0223856
0.0223264
0.0222616
0.0221912
0.0221161
0.022036
0.021952
0.021864
0.0217717
0.0216747
0.0215737
0.021469
0.0213605
0.0212482
0.021132
0.021012
0.0226945
0.0226912
0.0226865
0.022678
0.0226677
0.022657
0.0226485
0.0226434
0.0226391
0.0226328
0.0226221
0.0226057
0.0225837
0.0225555
0.0225207
0.0224789
0.0224309
0.0223772
0.0223178
0.0222529
0.0221823
0.022107
0.0220267
0.0219422
0.0218534
0.0217598
0.0216628
0.0215621
0.0214577
0.0213495
0.0212373
0.0211209
0.0210003
0.022684
0.0226846
0.0226848
0.0226814
0.022673
0.0226597
0.022645
0.0226341
0.0226279
0.0226212
0.0226104
0.0225943
0.0225725
0.0225441
0.0225088
0.0224671
0.0224193
0.022365
0.0223048
0.0222392
0.0221682
0.0220927
0.0220123
0.0219274
0.0218382
0.0217443
0.0216464
0.021545
0.0214399
0.0213311
0.0212183
0.0211015
0.0209807
0.0226713
0.0226697
0.0226664
0.0226608
0.0226527
0.0226412
0.0226306
0.0226237
0.022618
0.0226101
0.0225983
0.0225809
0.0225578
0.0225282
0.0224921
0.0224495
0.0224003
0.022345
0.0222843
0.0222181
0.0221468
0.0220705
0.0219895
0.021904
0.0218139
0.0217197
0.0216215
0.0215196
0.0214138
0.0213039
0.0211895
0.0210711
0.0209484
0.0226396
0.0226373
0.0226327
0.0226253
0.022615
0.0226031
0.022592
0.0225839
0.0225785
0.0225716
0.0225609
0.0225449
0.0225225
0.0224933
0.0224575
0.0224152
0.0223662
0.0223111
0.0222498
0.0221831
0.022111
0.0220339
0.0219519
0.0218656
0.0217753
0.021681
0.0215824
0.0214791
0.0213717
0.0212606
0.0211459
0.0210275
0.0209053
0.02257
0.0225696
0.0225671
0.022563
0.0225558
0.0225462
0.022539
0.0225326
0.0225256
0.0225159
0.0225023
0.0224842
0.02246
0.02243
0.0223936
0.0223504
0.0223012
0.022246
0.0221851
0.0221187
0.0220468
0.0219704
0.0218888
0.0218031
0.0217128
0.021618
0.0215191
0.0214157
0.0213081
0.0211969
0.0210821
0.0209635
0.020841
0.0224524
0.0224514
0.0224488
0.0224445
0.0224381
0.0224301
0.0224218
0.0224133
0.0224034
0.0223913
0.0223759
0.022356
0.0223318
0.0223021
0.0222664
0.0222245
0.022177
0.0221246
0.0220663
0.0220021
0.0219327
0.0218585
0.0217799
0.0216966
0.0216082
0.021515
0.0214179
0.0213159
0.0212099
0.0210992
0.0209848
0.0208664
0.0207432
0.0222449
0.0222436
0.0222409
0.0222365
0.0222302
0.0222225
0.0222131
0.0222018
0.0221889
0.0221737
0.0221562
0.0221351
0.0221102
0.0220811
0.0220476
0.0220087
0.0219648
0.0219159
0.0218622
0.0218037
0.0217398
0.0216709
0.0215966
0.0215176
0.021434
0.021346
0.0212536
0.0211563
0.0210541
0.0209474
0.0208356
0.0207191
0.0205985
0.0219654
0.0219634
0.02196
0.0219548
0.0219481
0.0219392
0.0219279
0.0219145
0.0218991
0.0218815
0.0218617
0.0218387
0.0218126
0.0217831
0.0217497
0.021712
0.0216701
0.0216237
0.021573
0.0215179
0.0214584
0.0213944
0.0213258
0.0212526
0.0211748
0.0210924
0.0210056
0.0209141
0.0208177
0.020716
0.02061
0.0204991
0.0203829
0.0216284
0.021626
0.0216219
0.0216156
0.0216073
0.0215972
0.0215847
0.0215696
0.0215525
0.0215326
0.0215103
0.0214847
0.0214563
0.0214247
0.0213903
0.0213521
0.02131
0.0212643
0.0212149
0.0211615
0.0211043
0.0210431
0.0209781
0.0209084
0.0208345
0.0207563
0.0206741
0.0205873
0.0204964
0.0204011
0.0203014
0.0201964
0.0200868
0.0212478
0.021245
0.0212399
0.0212329
0.0212237
0.0212117
0.0211974
0.0211805
0.0211609
0.0211382
0.0211133
0.0210856
0.0210551
0.0210219
0.0209851
0.0209455
0.0209024
0.0208555
0.0208057
0.0207523
0.0206949
0.0206343
0.0205705
0.0205027
0.0204307
0.0203549
0.0202753
0.0201918
0.0201046
0.0200137
0.0199179
0.0198175
0.0197121
0.0208574
0.0208545
0.0208492
0.0208416
0.0208313
0.0208183
0.0208022
0.0207834
0.020762
0.0207374
0.0207101
0.0206803
0.0206475
0.0206115
0.0205722
0.02053
0.0204853
0.0204374
0.0203859
0.0203312
0.0202731
0.0202118
0.0201475
0.0200797
0.0200084
0.0199336
0.0198547
0.0197727
0.0196874
0.0195978
0.0195037
0.0194052
0.0193017
0.0205742
0.0205713
0.0205661
0.0205578
0.0205468
0.020533
0.020516
0.0204965
0.020474
0.0204481
0.0204188
0.0203867
0.0203518
0.0203143
0.0202735
0.0202296
0.0201828
0.0201328
0.0200804
0.0200245
0.0199652
0.019903
0.0198376
0.0197689
0.019697
0.0196216
0.0195431
0.0194607
0.019375
0.0192851
0.0191912
0.0190928
0.0189905
0.0229184
0.0229207
0.0229183
0.0229157
0.0229103
0.0229007
0.0228888
0.0228799
0.0228714
0.022859
0.0228407
0.0228146
0.0227807
0.0227407
0.0226951
0.0226441
0.0225879
0.0225263
0.0224596
0.0223886
0.0223135
0.0222346
0.0221518
0.022065
0.0219739
0.0218788
0.0217797
0.0216768
0.0215704
0.0214605
0.0213476
0.0212312
0.0211106
0.0229199
0.0229209
0.0229172
0.0229135
0.0229089
0.0228964
0.0228817
0.0228668
0.0228577
0.0228471
0.0228312
0.0228068
0.0227742
0.0227351
0.0226902
0.0226398
0.0225839
0.0225229
0.0224567
0.0223859
0.0223111
0.022232
0.0221491
0.0220617
0.0219703
0.021875
0.0217761
0.0216736
0.0215679
0.0214585
0.0213454
0.0212282
0.021107
0.0229263
0.0229254
0.0229232
0.0229191
0.0229117
0.0228998
0.0228842
0.0228669
0.0228554
0.0228431
0.0228262
0.0228017
0.0227691
0.0227301
0.0226851
0.0226345
0.0225787
0.0225175
0.0224515
0.0223809
0.022306
0.0222264
0.0221426
0.0220551
0.0219642
0.0218694
0.0217711
0.0216686
0.0215623
0.0214522
0.0213385
0.0212213
0.0211007
0.0229182
0.0229141
0.0229131
0.0229067
0.0228983
0.022887
0.0228735
0.0228629
0.0228541
0.022842
0.0228243
0.0227986
0.0227653
0.0227253
0.0226796
0.0226283
0.0225719
0.0225102
0.0224437
0.0223728
0.0222975
0.022218
0.022134
0.0220459
0.0219541
0.0218588
0.0217602
0.0216579
0.021552
0.0214419
0.0213279
0.0212102
0.0210888
0.0229124
0.0229114
0.0229116
0.0229068
0.022895
0.0228762
0.0228536
0.0228366
0.0228301
0.0228222
0.0228081
0.0227847
0.0227527
0.0227135
0.0226682
0.022617
0.0225603
0.0224984
0.0224319
0.0223606
0.022285
0.0222047
0.0221202
0.0220317
0.0219395
0.021844
0.0217447
0.021642
0.0215352
0.0214244
0.0213099
0.0211916
0.0210698
0.0229162
0.0229131
0.022907
0.0228975
0.0228861
0.0228677
0.0228505
0.0228395
0.0228313
0.0228194
0.0228015
0.0227748
0.0227405
0.0226995
0.0226531
0.0226011
0.0225436
0.0224812
0.0224134
0.0223409
0.0222641
0.0221834
0.0220986
0.02201
0.0219171
0.0218203
0.0217198
0.0216158
0.0215086
0.0213975
0.0212828
0.0211639
0.0210411
0.0228878
0.0228852
0.0228793
0.0228702
0.0228575
0.0228409
0.0228216
0.0228028
0.0227915
0.0227789
0.0227618
0.0227362
0.0227027
0.0226626
0.022617
0.0225657
0.0225088
0.0224463
0.0223788
0.0223064
0.0222295
0.0221479
0.0220621
0.0219725
0.0218795
0.0217826
0.0216819
0.0215771
0.0214683
0.0213558
0.0212398
0.0211203
0.0209976
0.0227776
0.0227773
0.0227705
0.0227658
0.0227544
0.0227371
0.0227305
0.0227252
0.0227187
0.0227081
0.02269
0.0226646
0.022632
0.0225934
0.0225484
0.0224976
0.0224413
0.0223801
0.0223136
0.022242
0.0221658
0.0220851
0.0220005
0.0219115
0.0218183
0.0217211
0.0216198
0.0215146
0.0214054
0.0212926
0.0211761
0.0210561
0.0209324
0.022577
0.022577
0.0225747
0.0225712
0.0225643
0.0225555
0.0225486
0.022542
0.0225348
0.0225248
0.0225104
0.0224909
0.0224655
0.0224344
0.0223976
0.022354
0.0223042
0.0222485
0.022187
0.0221203
0.0220481
0.0219714
0.0218896
0.0218036
0.021713
0.0216179
0.0215187
0.021415
0.0213066
0.0211947
0.0210793
0.0209602
0.0208372
0.0223278
0.0223268
0.0223244
0.0223206
0.0223151
0.0223083
0.022301
0.022293
0.0222837
0.0222723
0.0222576
0.022239
0.0222158
0.0221879
0.0221551
0.0221169
0.0220735
0.0220242
0.02197
0.0219105
0.0218461
0.0217759
0.0217009
0.0216208
0.0215361
0.0214468
0.0213529
0.021254
0.0211504
0.021043
0.0209307
0.0208145
0.0206934
0.0220385
0.0220367
0.0220334
0.0220285
0.0220224
0.0220146
0.0220052
0.0219941
0.0219808
0.0219653
0.0219477
0.0219274
0.0219033
0.0218756
0.0218436
0.0218073
0.0217667
0.021721
0.0216706
0.0216155
0.021556
0.0214924
0.0214241
0.0213511
0.0212736
0.0211912
0.0211038
0.0210119
0.0209152
0.0208136
0.0207069
0.0205956
0.0204796
0.0217009
0.0216992
0.0216949
0.0216892
0.0216821
0.021673
0.0216612
0.021647
0.021631
0.0216126
0.0215916
0.021568
0.0215411
0.021511
0.0214776
0.0214407
0.0213999
0.021355
0.0213061
0.0212529
0.0211962
0.0211355
0.021071
0.0210025
0.0209294
0.0208518
0.02077
0.0206839
0.0205934
0.0204983
0.020398
0.020293
0.020183
0.0213237
0.0213213
0.0213171
0.0213106
0.0213016
0.0212905
0.0212766
0.0212604
0.0212416
0.0212205
0.0211966
0.0211696
0.0211396
0.0211068
0.0210713
0.0210326
0.0209902
0.020944
0.0208942
0.0208413
0.0207853
0.0207256
0.0206625
0.0205957
0.0205249
0.0204501
0.0203709
0.0202878
0.0202005
0.0201088
0.0200127
0.0199121
0.019807
0.0209386
0.0209363
0.0209314
0.0209237
0.0209138
0.020901
0.0208852
0.0208667
0.0208455
0.0208217
0.020795
0.0207654
0.0207335
0.0206983
0.0206601
0.0206187
0.0205738
0.0205256
0.0204744
0.0204203
0.0203634
0.0203032
0.0202395
0.0201717
0.0201008
0.0200261
0.0199481
0.0198665
0.019781
0.0196916
0.0195975
0.0194992
0.019396
0.0206596
0.020657
0.0206523
0.0206447
0.0206337
0.0206193
0.0206018
0.020582
0.0205595
0.0205342
0.0205063
0.0204749
0.0204408
0.0204038
0.0203634
0.0203198
0.0202733
0.0202237
0.0201714
0.0201163
0.0200582
0.0199967
0.0199314
0.0198625
0.0197901
0.0197148
0.0196365
0.0195541
0.0194684
0.0193787
0.0192856
0.0191885
0.0190873
0.0230394
0.023039
0.0230378
0.0230345
0.0230278
0.0230161
0.022999
0.0229791
0.022962
0.0229438
0.0229209
0.0228911
0.0228542
0.0228108
0.0227624
0.022709
0.0226503
0.0225869
0.0225193
0.0224476
0.0223714
0.0222914
0.0222077
0.0221201
0.0220289
0.0219336
0.0218347
0.0217324
0.0216265
0.0215173
0.021404
0.0212869
0.0211664
0.0230402
0.0230395
0.0230375
0.0230335
0.0230261
0.0230141
0.0229965
0.0229757
0.0229584
0.0229403
0.0229172
0.0228877
0.0228506
0.0228076
0.0227593
0.022706
0.0226476
0.0225847
0.0225174
0.0224453
0.022369
0.022289
0.0222051
0.0221174
0.0220257
0.0219304
0.0218317
0.0217294
0.0216236
0.0215139
0.0214003
0.0212832
0.0211629
0.0230435
0.0230426
0.0230402
0.0230356
0.0230275
0.0230145
0.0229961
0.0229748
0.0229568
0.0229379
0.0229148
0.0228848
0.0228473
0.0228038
0.0227552
0.0227014
0.022643
0.02258
0.0225122
0.0224402
0.0223639
0.0222837
0.0221992
0.0221111
0.0220198
0.0219249
0.0218259
0.0217232
0.0216169
0.0215073
0.0213944
0.0212774
0.0211564
0.0230395
0.0230384
0.0230358
0.0230308
0.0230224
0.0230092
0.0229906
0.0229695
0.0229517
0.0229325
0.0229091
0.022879
0.0228414
0.0227978
0.0227489
0.022695
0.0226361
0.0225726
0.0225048
0.0224322
0.0223554
0.0222751
0.0221908
0.0221025
0.0220104
0.0219151
0.021816
0.0217134
0.0216066
0.0214962
0.0213823
0.0212652
0.0211447
0.0230378
0.0230359
0.0230322
0.0230258
0.0230157
0.0230009
0.0229812
0.0229596
0.0229417
0.0229229
0.0228998
0.0228697
0.0228321
0.0227886
0.0227395
0.0226855
0.0226262
0.0225623
0.022494
0.0224208
0.0223435
0.0222624
0.0221777
0.0220888
0.0219963
0.0219005
0.0218012
0.0216978
0.0215905
0.0214796
0.0213655
0.0212477
0.0211264
0.0230347
0.0230324
0.0230277
0.0230198
0.0230082
0.022992
0.0229728
0.0229552
0.0229382
0.0229181
0.0228927
0.0228603
0.0228212
0.0227763
0.0227258
0.0226702
0.0226101
0.0225455
0.022476
0.0224024
0.0223246
0.0222425
0.0221566
0.0220672
0.0219743
0.0218773
0.0217768
0.021673
0.0215657
0.0214545
0.0213394
0.0212208
0.0210989
0.0230032
0.0230009
0.0229959
0.0229879
0.022976
0.0229593
0.022938
0.022915
0.0228969
0.0228777
0.0228544
0.0228237
0.0227856
0.0227413
0.0226918
0.0226371
0.0225774
0.0225126
0.0224429
0.0223689
0.0222903
0.022208
0.0221219
0.0220316
0.0219377
0.0218405
0.0217396
0.0216349
0.0215264
0.0214146
0.0212992
0.0211803
0.0210573
0.0228924
0.0228897
0.0228837
0.0228747
0.0228636
0.0228453
0.0228283
0.0228175
0.0228078
0.0227939
0.0227736
0.0227456
0.0227101
0.0226686
0.0226213
0.0225685
0.02251
0.0224463
0.0223782
0.0223054
0.0222279
0.0221459
0.0220601
0.0219708
0.0218777
0.0217804
0.021679
0.0215736
0.0214645
0.021352
0.0212363
0.0211169
0.020994
0.0226547
0.0226529
0.022649
0.0226435
0.0226358
0.0226256
0.0226162
0.0226099
0.0226034
0.022594
0.0225802
0.0225606
0.0225357
0.0225045
0.0224668
0.022422
0.0223709
0.0223143
0.0222521
0.0221847
0.0221119
0.0220343
0.0219522
0.0218653
0.0217741
0.0216789
0.0215796
0.0214759
0.0213677
0.0212556
0.0211394
0.0210197
0.0208964
0.0223859
0.0223846
0.022381
0.0223761
0.0223698
0.0223625
0.0223554
0.022348
0.0223402
0.0223302
0.0223171
0.0223001
0.022278
0.0222504
0.0222175
0.0221797
0.0221366
0.022088
0.0220338
0.0219741
0.0219093
0.0218391
0.0217639
0.0216838
0.021599
0.0215094
0.0214154
0.0213164
0.021213
0.0211051
0.0209924
0.0208762
0.0207556
0.0220894
0.0220873
0.0220838
0.0220788
0.0220721
0.0220642
0.0220556
0.0220455
0.0220337
0.0220202
0.0220041
0.0219849
0.0219619
0.0219347
0.0219028
0.0218666
0.0218263
0.0217815
0.021732
0.0216776
0.0216184
0.0215545
0.0214858
0.0214128
0.0213353
0.0212531
0.0211663
0.0210747
0.0209782
0.020877
0.0207711
0.0206605
0.0205452
0.0217531
0.0217517
0.0217478
0.0217419
0.0217342
0.0217247
0.0217132
0.0216998
0.0216844
0.0216675
0.0216475
0.0216249
0.0215989
0.0215699
0.0215371
0.0215009
0.0214608
0.0214165
0.0213683
0.0213162
0.02126
0.0211996
0.0211345
0.0210655
0.0209925
0.0209151
0.0208339
0.0207479
0.0206573
0.0205623
0.0204623
0.020358
0.0202492
0.0213811
0.0213787
0.0213745
0.0213678
0.0213588
0.0213477
0.0213341
0.0213177
0.0212987
0.0212777
0.0212543
0.0212283
0.0211997
0.0211677
0.0211325
0.0210945
0.0210526
0.0210069
0.0209578
0.0209052
0.0208492
0.02079
0.0207274
0.020661
0.0205903
0.0205156
0.0204364
0.0203532
0.020266
0.020175
0.0200797
0.0199796
0.0198752
0.021001
0.0209982
0.0209932
0.0209854
0.0209752
0.0209622
0.0209467
0.0209284
0.0209071
0.0208832
0.0208568
0.020828
0.0207965
0.0207616
0.0207237
0.0206829
0.0206391
0.0205921
0.0205416
0.0204876
0.0204302
0.02037
0.0203064
0.0202388
0.0201678
0.0200931
0.0200151
0.0199335
0.0198483
0.0197588
0.0196653
0.0195674
0.019466
0.0207254
0.0207224
0.0207168
0.0207085
0.0206978
0.020684
0.0206668
0.020647
0.0206243
0.0205988
0.0205708
0.0205393
0.0205054
0.0204684
0.0204283
0.0203854
0.0203397
0.0202909
0.0202394
0.0201844
0.0201265
0.0200654
0.0200003
0.0199315
0.0198597
0.0197845
0.0197061
0.0196241
0.0195381
0.0194489
0.0193564
0.0192604
0.0191598
0.0230814
0.0230805
0.0230783
0.0230739
0.0230658
0.0230528
0.0230343
0.0230128
0.0229947
0.0229755
0.0229514
0.0229207
0.0228829
0.0228389
0.0227897
0.0227359
0.0226769
0.0226134
0.022546
0.0224745
0.0223987
0.0223191
0.022236
0.0221491
0.022058
0.021963
0.0218644
0.0217623
0.0216573
0.0215489
0.0214364
0.02132
0.0212002
0.0230817
0.0230807
0.0230782
0.0230734
0.0230649
0.0230515
0.023033
0.0230116
0.0229932
0.0229736
0.0229498
0.0229191
0.0228813
0.0228376
0.0227883
0.0227341
0.0226754
0.0226124
0.0225445
0.0224724
0.0223963
0.0223167
0.0222334
0.022146
0.0220548
0.02196
0.021862
0.0217606
0.0216552
0.0215459
0.0214329
0.0213164
0.0211969
0.0230826
0.0230815
0.0230786
0.0230732
0.023064
0.02305
0.0230323
0.0230145
0.0229972
0.0229769
0.0229517
0.0229198
0.022881
0.0228361
0.0227861
0.0227313
0.0226719
0.0226082
0.0225403
0.0224682
0.0223922
0.0223119
0.0222277
0.0221399
0.022049
0.0219546
0.0218563
0.0217541
0.0216484
0.0215395
0.0214272
0.0213108
0.0211904
0.0230819
0.0230807
0.0230779
0.0230724
0.0230632
0.0230489
0.0230291
0.0230068
0.0229881
0.022968
0.0229436
0.0229121
0.0228737
0.0228289
0.0227787
0.0227238
0.0226646
0.0226011
0.022533
0.0224606
0.0223844
0.0223044
0.0222202
0.022132
0.0220403
0.0219454
0.0218468
0.0217446
0.0216384
0.0215284
0.021415
0.0212986
0.0211786
0.0230806
0.0230792
0.023076
0.0230702
0.0230606
0.0230459
0.0230257
0.0230022
0.0229823
0.0229609
0.0229354
0.0229036
0.0228648
0.0228196
0.0227695
0.0227147
0.0226549
0.0225908
0.0225224
0.0224494
0.0223724
0.0222918
0.0222074
0.0221189
0.0220268
0.0219313
0.021832
0.0217292
0.0216224
0.0215118
0.0213978
0.0212808
0.0211604
0.0230736
0.023072
0.0230685
0.023062
0.0230515
0.0230359
0.0230152
0.0229918
0.022972
0.0229509
0.0229251
0.0228925
0.0228529
0.0228074
0.0227564
0.0227006
0.02264
0.0225751
0.0225056
0.022432
0.0223546
0.0222728
0.0221872
0.0220982
0.0220056
0.021909
0.0218086
0.0217047
0.0215977
0.0214874
0.0213731
0.0212552
0.0211339
0.0230403
0.0230386
0.0230346
0.0230275
0.0230161
0.0229998
0.0229798
0.0229612
0.0229434
0.0229222
0.0228957
0.0228622
0.0228221
0.0227761
0.0227252
0.0226696
0.022609
0.0225437
0.0224737
0.0223998
0.0223215
0.0222395
0.0221537
0.0220638
0.0219702
0.0218733
0.0217726
0.0216684
0.0215603
0.0214488
0.0213339
0.0212155
0.0210935
0.022932
0.0229306
0.0229261
0.0229185
0.0229071
0.0228909
0.0228711
0.0228516
0.022839
0.0228247
0.0228053
0.0227778
0.0227425
0.0227008
0.0226532
0.0226003
0.0225421
0.0224783
0.0224097
0.022337
0.02226
0.0221784
0.0220927
0.0220032
0.0219104
0.0218138
0.0217133
0.0216086
0.0215001
0.0213879
0.0212725
0.0211538
0.0210315
0.0226946
0.0226925
0.0226874
0.0226795
0.0226697
0.0226588
0.0226486
0.0226401
0.0226331
0.0226244
0.0226116
0.0225937
0.0225695
0.0225384
0.022501
0.0224568
0.0224063
0.0223493
0.0222868
0.0222189
0.022146
0.022068
0.0219855
0.0218991
0.0218085
0.0217137
0.0216141
0.0215102
0.0214027
0.0212915
0.0211767
0.0210582
0.020936
0.0224225
0.0224206
0.0224161
0.0224095
0.0224021
0.0223943
0.0223868
0.0223793
0.022371
0.0223614
0.0223492
0.022333
0.0223117
0.0222852
0.0222533
0.0222157
0.0221728
0.0221241
0.0220697
0.0220099
0.0219451
0.021875
0.0217995
0.0217194
0.0216349
0.0215457
0.021452
0.0213538
0.0212506
0.0211433
0.0210314
0.0209157
0.0207955
0.0221249
0.0221229
0.0221189
0.0221129
0.0221055
0.0220975
0.0220884
0.0220784
0.022067
0.022054
0.0220383
0.0220196
0.0219969
0.0219702
0.0219395
0.021904
0.0218642
0.0218196
0.0217704
0.0217163
0.0216579
0.0215944
0.0215263
0.0214532
0.0213756
0.0212933
0.0212066
0.0211147
0.0210178
0.0209159
0.0208102
0.0206999
0.0205853
0.0217897
0.0217881
0.021784
0.021778
0.0217698
0.02176
0.0217487
0.021736
0.0217213
0.021704
0.0216843
0.0216617
0.0216363
0.0216078
0.0215756
0.0215399
0.0215001
0.0214564
0.0214088
0.0213573
0.0213011
0.021241
0.0211767
0.0211083
0.0210354
0.0209581
0.0208764
0.02079
0.020699
0.0206039
0.0205045
0.0204005
0.0202918
0.0214201
0.0214177
0.0214133
0.0214065
0.0213972
0.0213862
0.0213728
0.021357
0.021339
0.0213183
0.0212951
0.0212696
0.0212411
0.0212095
0.0211749
0.0211369
0.0210955
0.0210501
0.0210013
0.0209491
0.0208927
0.0208333
0.0207708
0.0207041
0.0206335
0.0205591
0.0204806
0.0203978
0.0203106
0.0202193
0.0201243
0.0200254
0.0199217
0.0210435
0.0210411
0.021036
0.0210284
0.021018
0.0210052
0.02099
0.0209721
0.0209513
0.0209281
0.0209025
0.020874
0.0208423
0.0208075
0.0207694
0.0207289
0.0206855
0.0206386
0.0205882
0.0205344
0.0204774
0.020417
0.020353
0.0202855
0.0202146
0.0201408
0.0200637
0.0199825
0.0198971
0.0198077
0.0197139
0.0196162
0.0195144
0.0207705
0.0207682
0.020763
0.020755
0.020744
0.0207301
0.020714
0.020695
0.0206727
0.0206471
0.0206185
0.0205877
0.020554
0.0205171
0.0204769
0.020434
0.0203882
0.0203394
0.0202879
0.0202333
0.0201752
0.0201135
0.0200483
0.0199797
0.0199084
0.0198334
0.0197546
0.0196729
0.0195876
0.0194983
0.0194053
0.0193086
0.0192078
0.0230923
0.0230913
0.0230888
0.023084
0.0230756
0.0230623
0.0230438
0.0230222
0.0230042
0.0229848
0.022961
0.0229304
0.0228929
0.0228489
0.0227997
0.0227458
0.0226877
0.0226252
0.0225579
0.0224863
0.0224109
0.0223319
0.0222492
0.0221629
0.0220726
0.0219784
0.0218806
0.0217797
0.0216751
0.0215671
0.021455
0.0213391
0.0212197
0.0230925
0.0230914
0.0230888
0.0230838
0.0230751
0.0230615
0.0230427
0.0230208
0.0230023
0.0229828
0.0229586
0.022928
0.0228904
0.0228469
0.0227983
0.0227449
0.0226864
0.0226232
0.0225555
0.0224838
0.0224085
0.0223297
0.0222468
0.0221598
0.0220692
0.021975
0.0218777
0.0217771
0.0216724
0.0215639
0.0214517
0.0213359
0.0212169
0.0230929
0.0230917
0.0230889
0.0230835
0.0230744
0.0230602
0.0230408
0.0230191
0.0230009
0.0229813
0.0229568
0.022926
0.0228879
0.0228439
0.0227948
0.0227412
0.0226828
0.0226201
0.0225526
0.0224807
0.0224047
0.0223248
0.0222412
0.0221544
0.0220643
0.0219702
0.0218724
0.0217708
0.0216657
0.0215574
0.0214455
0.0213301
0.0212105
0.0230928
0.0230915
0.0230884
0.0230826
0.0230728
0.0230582
0.0230398
0.0230214
0.0230037
0.0229828
0.0229568
0.0229243
0.0228852
0.0228404
0.0227905
0.0227359
0.0226765
0.022613
0.0225455
0.022474
0.0223981
0.0223181
0.022234
0.0221463
0.0220551
0.0219609
0.0218632
0.0217615
0.021656
0.0215468
0.0214341
0.0213184
0.0211991
0.0230914
0.0230901
0.0230869
0.0230811
0.0230713
0.0230565
0.0230367
0.023014
0.0229949
0.0229742
0.0229488
0.0229163
0.0228771
0.0228324
0.0227828
0.022728
0.0226681
0.0226038
0.0225353
0.022463
0.0223868
0.0223063
0.0222219
0.0221337
0.022042
0.0219471
0.0218488
0.0217465
0.0216403
0.0215305
0.0214172
0.0213009
0.0211811
0.0230826
0.0230812
0.0230779
0.0230717
0.0230613
0.0230459
0.0230267
0.0230083
0.0229899
0.022968
0.0229409
0.022907
0.0228665
0.0228202
0.022769
0.022713
0.0226524
0.0225879
0.0225191
0.0224458
0.0223684
0.0222871
0.0222022
0.0221136
0.0220215
0.0219254
0.0218256
0.0217224
0.021616
0.0215063
0.0213926
0.0212752
0.0211543
0.0230465
0.0230453
0.0230421
0.0230359
0.0230253
0.0230096
0.022991
0.0229742
0.0229573
0.0229363
0.0229094
0.0228755
0.022835
0.0227889
0.0227379
0.0226824
0.0226223
0.0225572
0.0224875
0.0224137
0.0223362
0.0222548
0.0221693
0.0220799
0.0219868
0.0218904
0.0217903
0.0216867
0.0215792
0.0214681
0.0213536
0.0212358
0.0211146
0.022936
0.022937
0.0229326
0.0229265
0.0229169
0.0229043
0.0228934
0.0228818
0.0228685
0.022851
0.0228277
0.0227973
0.0227603
0.0227174
0.0226691
0.0226155
0.0225567
0.022493
0.022425
0.0223528
0.022276
0.0221947
0.0221095
0.0220205
0.0219282
0.021832
0.0217322
0.0216282
0.0215204
0.0214089
0.0212938
0.0211752
0.0210532
0.022711
0.022709
0.0227031
0.0226946
0.022686
0.0226784
0.0226727
0.0226671
0.0226596
0.022649
0.0226339
0.0226136
0.0225882
0.0225566
0.0225186
0.0224744
0.0224235
0.0223665
0.022304
0.0222361
0.0221635
0.0220861
0.0220041
0.021918
0.0218278
0.021733
0.0216339
0.0215311
0.0214246
0.0213143
0.0212003
0.0210826
0.0209612
0.0224425
0.0224401
0.0224348
0.0224279
0.0224204
0.0224129
0.0224061
0.0223991
0.0223911
0.0223817
0.0223694
0.0223526
0.0223314
0.0223047
0.0222728
0.0222358
0.0221932
0.0221447
0.0220904
0.0220306
0.0219657
0.0218954
0.0218203
0.0217405
0.0216562
0.0215674
0.0214738
0.0213758
0.0212733
0.0211662
0.0210552
0.0209397
0.0208207
0.0221458
0.0221438
0.0221392
0.0221328
0.0221248
0.0221162
0.0221073
0.0220972
0.0220858
0.0220731
0.0220579
0.0220394
0.0220174
0.0219913
0.0219607
0.021926
0.0218869
0.0218426
0.0217932
0.0217389
0.0216797
0.0216161
0.0215478
0.0214751
0.0213979
0.0213159
0.0212292
0.0211379
0.0210417
0.0209409
0.0208357
0.0207259
0.0206116
0.021814
0.0218115
0.021807
0.0218004
0.0217918
0.0217815
0.0217702
0.0217572
0.0217425
0.0217256
0.0217066
0.0216845
0.0216594
0.0216311
0.0215997
0.0215639
0.0215245
0.0214807
0.0214331
0.0213812
0.0213252
0.0212649
0.0212008
0.0211324
0.02106
0.020983
0.0209021
0.0208165
0.0207265
0.0206315
0.020532
0.0204277
0.0203193
0.021446
0.0214437
0.0214389
0.0214319
0.0214227
0.0214112
0.0213977
0.0213819
0.0213641
0.0213436
0.0213206
0.0212953
0.0212672
0.0212362
0.0212019
0.0211639
0.0211223
0.021077
0.0210287
0.0209766
0.0209208
0.0208609
0.0207976
0.0207307
0.0206603
0.020586
0.0205082
0.0204261
0.0203395
0.0202489
0.0201539
0.0200541
0.0199502
0.0210731
0.0210704
0.0210651
0.0210574
0.0210469
0.021034
0.0210188
0.0210009
0.0209804
0.0209574
0.020932
0.0209036
0.020872
0.0208374
0.0207995
0.0207586
0.0207148
0.0206677
0.0206173
0.0205634
0.0205065
0.0204462
0.0203826
0.0203156
0.0202449
0.020171
0.0200937
0.0200126
0.0199278
0.0198385
0.0197453
0.0196477
0.0195465
0.0208021
0.0207998
0.0207946
0.0207866
0.0207756
0.0207617
0.0207458
0.0207269
0.0207046
0.020679
0.0206505
0.0206197
0.0205861
0.0205491
0.0205088
0.0204657
0.0204195
0.0203705
0.0203187
0.0202641
0.020206
0.0201445
0.0200798
0.0200122
0.0199407
0.019866
0.0197879
0.0197059
0.0196211
0.0195329
0.019441
0.0193454
0.0192451
0.0230943
0.0230932
0.0230906
0.0230856
0.023077
0.0230635
0.0230447
0.023023
0.023005
0.0229861
0.0229622
0.0229321
0.0228947
0.0228511
0.0228024
0.0227491
0.0226916
0.0226297
0.0225629
0.0224916
0.0224163
0.0223372
0.0222546
0.022169
0.0220799
0.0219866
0.0218893
0.0217882
0.0216834
0.021575
0.0214634
0.0213489
0.0212309
0.0230944
0.0230933
0.0230906
0.0230854
0.0230765
0.0230628
0.023044
0.0230225
0.0230041
0.0229845
0.0229607
0.0229303
0.0228933
0.0228504
0.0228023
0.022749
0.0226908
0.0226278
0.0225605
0.022489
0.0224138
0.0223353
0.0222533
0.0221673
0.0220773
0.0219834
0.0218859
0.0217847
0.0216802
0.0215727
0.0214618
0.021347
0.0212282
0.0230947
0.0230936
0.0230908
0.0230855
0.0230765
0.0230624
0.0230429
0.0230205
0.0230015
0.0229818
0.0229578
0.0229274
0.02289
0.0228469
0.0227982
0.0227445
0.0226862
0.0226237
0.0225569
0.022486
0.0224108
0.0223316
0.0222485
0.0221616
0.0220713
0.0219777
0.0218805
0.02178
0.0216756
0.0215674
0.0214555
0.0213398
0.0212207
0.0230948
0.0230936
0.0230906
0.0230851
0.0230756
0.0230611
0.0230411
0.0230188
0.0230001
0.02298
0.0229556
0.0229243
0.0228865
0.0228428
0.0227942
0.0227403
0.0226814
0.0226179
0.0225501
0.0224783
0.022403
0.0223238
0.022241
0.0221541
0.0220632
0.0219687
0.0218706
0.0217692
0.0216649
0.0215571
0.0214452
0.0213293
0.0212096
0.0230932
0.0230919
0.0230887
0.0230826
0.0230726
0.0230576
0.0230388
0.0230201
0.0230022
0.0229808
0.0229542
0.0229212
0.0228818
0.0228369
0.0227871
0.0227326
0.0226731
0.0226089
0.0225403
0.0224676
0.0223913
0.0223117
0.0222285
0.0221412
0.02205
0.0219551
0.0218567
0.0217551
0.02165
0.0215415
0.021429
0.0213125
0.0211921
0.0230843
0.023083
0.0230798
0.0230737
0.0230635
0.0230481
0.0230274
0.0230041
0.0229846
0.0229633
0.0229377
0.0229054
0.0228662
0.0228212
0.0227713
0.0227161
0.0226562
0.0225919
0.0225235
0.0224511
0.0223742
0.0222933
0.0222086
0.0221202
0.0220288
0.0219339
0.021835
0.0217324
0.0216262
0.0215166
0.0214036
0.021287
0.0211668
0.023049
0.0230478
0.0230447
0.0230387
0.0230285
0.0230128
0.0229916
0.0229682
0.0229492
0.0229284
0.0229034
0.0228717
0.0228331
0.0227887
0.0227389
0.0226843
0.0226247
0.0225606
0.0224921
0.0224191
0.0223419
0.022261
0.0221762
0.0220878
0.0219953
0.0218989
0.0217988
0.0216953
0.0215889
0.0214792
0.0213655
0.0212479
0.0211265
0.0229406
0.0229394
0.0229364
0.0229302
0.0229205
0.0229061
0.0228872
0.0228675
0.0228539
0.0228386
0.0228187
0.0227913
0.0227566
0.0227158
0.0226696
0.0226177
0.0225603
0.0224979
0.0224304
0.0223584
0.0222824
0.0222023
0.0221182
0.0220298
0.0219374
0.0218411
0.021741
0.0216372
0.02153
0.0214197
0.0213059
0.0211886
0.0210672
0.0227097
0.0227077
0.0227026
0.0226949
0.0226857
0.0226756
0.0226662
0.022658
0.0226517
0.0226435
0.022631
0.0226128
0.0225887
0.0225582
0.0225215
0.0224779
0.0224279
0.0223722
0.0223108
0.022244
0.0221719
0.0220951
0.0220136
0.0219274
0.0218375
0.0217437
0.0216458
0.0215437
0.0214371
0.0213266
0.0212126
0.0210952
0.0209741
0.022445
0.0224423
0.0224376
0.0224308
0.0224226
0.0224142
0.0224064
0.0223993
0.0223922
0.0223834
0.0223718
0.0223564
0.0223361
0.0223104
0.0222792
0.0222426
0.0222
0.022152
0.0220985
0.0220396
0.0219751
0.0219054
0.0218305
0.0217513
0.0216673
0.0215789
0.0214862
0.021389
0.021287
0.0211809
0.0210701
0.0209554
0.0208361
0.022152
0.0221497
0.0221451
0.0221388
0.0221314
0.0221227
0.0221133
0.0221031
0.0220926
0.0220805
0.0220657
0.0220479
0.0220261
0.0220007
0.0219713
0.0219369
0.0218978
0.0218538
0.0218049
0.0217509
0.0216924
0.0216287
0.0215609
0.0214887
0.0214118
0.0213301
0.0212437
0.0211526
0.021057
0.0209565
0.0208517
0.0207425
0.0206284
0.0218233
0.0218208
0.0218166
0.0218103
0.0218023
0.0217926
0.021781
0.0217677
0.0217527
0.0217361
0.021717
0.0216951
0.0216705
0.021643
0.021612
0.021577
0.021538
0.0214948
0.021447
0.0213951
0.0213397
0.0212801
0.0212159
0.0211475
0.0210752
0.0209986
0.0209177
0.0208324
0.0207428
0.0206482
0.0205494
0.0204461
0.0203374
0.0214586
0.0214562
0.0214518
0.021445
0.0214359
0.0214248
0.0214112
0.0213958
0.021378
0.021358
0.0213351
0.0213093
0.0212809
0.0212499
0.0212157
0.0211781
0.021137
0.0210925
0.0210444
0.0209927
0.0209375
0.0208785
0.0208153
0.0207488
0.0206785
0.0206047
0.0205264
0.020444
0.0203574
0.0202671
0.0201724
0.020073
0.0199694
0.0210893
0.0210866
0.0210819
0.0210742
0.0210637
0.0210504
0.0210352
0.0210176
0.0209972
0.0209745
0.0209487
0.0209201
0.0208882
0.0208533
0.0208152
0.0207747
0.0207313
0.0206846
0.0206346
0.0205813
0.0205248
0.0204649
0.0204016
0.0203349
0.0202644
0.0201906
0.0201133
0.0200321
0.0199474
0.0198585
0.0197656
0.0196684
0.0195676
0.020821
0.0208188
0.0208133
0.0208051
0.0207939
0.0207801
0.0207642
0.0207453
0.0207231
0.0206976
0.020669
0.0206382
0.0206046
0.0205675
0.0205273
0.0204843
0.0204384
0.0203897
0.0203382
0.0202837
0.0202258
0.0201644
0.0200997
0.0200319
0.019961
0.0198867
0.019809
0.0197272
0.0196427
0.0195549
0.0194634
0.0193681
0.0192681
0.0230942
0.0230931
0.0230904
0.0230852
0.0230764
0.0230628
0.0230441
0.0230228
0.0230046
0.0229853
0.0229617
0.0229315
0.0228946
0.0228521
0.0228045
0.0227522
0.0226948
0.0226325
0.0225656
0.0224944
0.022419
0.0223399
0.0222573
0.0221715
0.0220826
0.0219904
0.0218939
0.0217934
0.021689
0.0215808
0.0214689
0.0213539
0.0212356
0.0230943
0.0230931
0.0230902
0.0230847
0.0230755
0.0230617
0.0230444
0.0230272
0.0230104
0.0229903
0.0229653
0.0229339
0.0228961
0.0228527
0.0228042
0.0227509
0.0226927
0.0226299
0.0225627
0.0224914
0.0224162
0.0223375
0.0222557
0.0221704
0.0220811
0.0219878
0.0218907
0.0217898
0.0216852
0.0215773
0.0214661
0.0213518
0.0212342
0.0230947
0.0230935
0.0230907
0.0230853
0.0230762
0.0230622
0.023043
0.0230211
0.0230024
0.022983
0.0229594
0.0229291
0.0228921
0.0228488
0.0228001
0.0227464
0.022688
0.0226253
0.0225586
0.0224878
0.0224133
0.0223346
0.0222519
0.0221654
0.0220751
0.0219812
0.021884
0.0217837
0.0216798
0.0215726
0.0214613
0.0213462
0.0212273
0.0230948
0.0230935
0.0230907
0.0230852
0.0230759
0.0230615
0.0230416
0.023019
0.023
0.0229802
0.0229557
0.022925
0.0228873
0.0228439
0.0227954
0.0227422
0.0226837
0.0226203
0.0225526
0.0224808
0.0224053
0.0223264
0.0222439
0.0221577
0.0220675
0.0219732
0.0218753
0.0217737
0.0216688
0.0215608
0.0214498
0.0213352
0.0212164
0.0230929
0.0230916
0.0230885
0.0230826
0.0230727
0.0230576
0.0230369
0.0230138
0.0229948
0.0229748
0.0229499
0.0229184
0.0228801
0.0228363
0.0227874
0.0227338
0.0226749
0.0226112
0.0225429
0.0224705
0.0223942
0.0223147
0.0222316
0.022145
0.0220542
0.0219596
0.0218612
0.0217593
0.0216541
0.0215458
0.0214341
0.0213188
0.0211993
0.0230829
0.0230815
0.0230781
0.0230716
0.023061
0.0230454
0.0230262
0.0230087
0.0229908
0.022969
0.0229417
0.022908
0.0228681
0.0228228
0.022773
0.0227187
0.0226596
0.0225961
0.0225277
0.0224548
0.0223778
0.0222968
0.0222121
0.0221238
0.0220323
0.0219376
0.0218396
0.0217375
0.0216316
0.0215221
0.0214091
0.0212926
0.0211728
0.0230447
0.0230434
0.0230403
0.0230342
0.0230237
0.0230079
0.0229887
0.0229716
0.0229552
0.0229347
0.0229087
0.0228758
0.0228364
0.0227916
0.0227422
0.022688
0.022629
0.0225649
0.0224959
0.0224226
0.0223452
0.0222642
0.0221798
0.0220919
0.022
0.021904
0.0218043
0.021701
0.0215943
0.0214846
0.0213714
0.0212547
0.021134
0.022931
0.0229318
0.0229274
0.0229217
0.0229123
0.0228985
0.0228828
0.0228635
0.0228527
0.0228398
0.0228212
0.0227944
0.0227602
0.0227196
0.0226735
0.022622
0.0225647
0.0225021
0.0224345
0.0223626
0.0222868
0.0222068
0.0221229
0.0220353
0.0219435
0.0218476
0.0217478
0.0216442
0.021537
0.0214263
0.0213121
0.0211946
0.0210739
0.0227098
0.0227076
0.0227015
0.0226936
0.0226844
0.0226753
0.0226671
0.0226596
0.0226537
0.0226454
0.0226331
0.0226154
0.0225918
0.0225617
0.0225251
0.0224818
0.0224321
0.0223767
0.0223155
0.0222488
0.0221768
0.0221005
0.0220194
0.021934
0.0218446
0.0217509
0.0216527
0.0215504
0.0214445
0.021335
0.021222
0.0211051
0.0209845
0.0224464
0.0224439
0.0224387
0.0224316
0.0224235
0.0224154
0.0224079
0.0224011
0.022394
0.0223856
0.022374
0.022359
0.0223393
0.0223141
0.0222835
0.0222473
0.022205
0.0221572
0.0221039
0.0220449
0.0219808
0.0219115
0.0218374
0.0217587
0.0216753
0.0215874
0.0214947
0.0213976
0.0212961
0.0211899
0.0210798
0.0209651
0.0208467
0.0221556
0.0221533
0.0221488
0.0221424
0.0221344
0.0221257
0.0221167
0.0221065
0.0220955
0.0220829
0.0220683
0.0220511
0.02203
0.0220052
0.0219763
0.0219422
0.0219034
0.0218596
0.0218108
0.0217571
0.0216986
0.0216359
0.0215684
0.0214967
0.0214203
0.0213391
0.0212534
0.0211631
0.0210678
0.0209679
0.0208635
0.0207542
0.0206403
0.0218286
0.0218264
0.0218218
0.0218152
0.0218068
0.0217968
0.0217854
0.0217723
0.0217572
0.0217407
0.0217217
0.0217
0.0216754
0.0216476
0.0216164
0.0215815
0.0215427
0.0215001
0.0214535
0.0214028
0.0213475
0.0212882
0.0212246
0.021157
0.021085
0.0210088
0.0209284
0.0208438
0.0207544
0.0206604
0.0205614
0.0204579
0.0203495
0.0214665
0.021464
0.0214594
0.0214524
0.0214431
0.0214316
0.021418
0.0214022
0.0213836
0.021363
0.02134
0.0213143
0.0212864
0.0212551
0.0212206
0.0211833
0.0211433
0.0210994
0.0210521
0.0210014
0.0209467
0.0208883
0.0208261
0.0207599
0.0206896
0.0206155
0.0205372
0.0204545
0.0203684
0.0202783
0.0201844
0.0200864
0.0199836
0.0210994
0.0210963
0.0210905
0.0210823
0.0210721
0.0210594
0.0210438
0.0210257
0.0210048
0.020981
0.020955
0.0209263
0.0208948
0.0208606
0.0208233
0.0207832
0.0207396
0.0206932
0.0206437
0.0205913
0.0205353
0.0204761
0.0204134
0.0203466
0.0202765
0.0202025
0.0201245
0.0200434
0.0199585
0.0198703
0.0197784
0.0196823
0.0195815
0.0208319
0.0208286
0.0208227
0.0208134
0.0208021
0.0207888
0.0207721
0.0207528
0.0207304
0.0207049
0.020677
0.020646
0.0206123
0.0205756
0.020536
0.0204937
0.0204485
0.0204002
0.0203492
0.0202949
0.0202371
0.0201765
0.0201128
0.0200452
0.0199742
0.0198998
0.0198219
0.0197406
0.0196557
0.0195677
0.0194761
0.0193806
0.0192808
0.0230942
0.0230931
0.0230905
0.0230855
0.0230769
0.0230634
0.0230448
0.0230233
0.0230055
0.0229867
0.022963
0.0229328
0.0228961
0.0228531
0.0228048
0.022752
0.0226947
0.0226329
0.0225668
0.0224961
0.0224212
0.0223422
0.0222595
0.0221733
0.022084
0.0219917
0.0218957
0.0217962
0.0216924
0.0215847
0.0214731
0.0213578
0.0212393
0.0230942
0.0230931
0.0230904
0.0230852
0.0230764
0.0230627
0.023044
0.0230226
0.0230045
0.0229852
0.0229617
0.0229315
0.0228946
0.0228521
0.0228043
0.0227518
0.0226941
0.0226316
0.0225647
0.0224935
0.0224184
0.0223394
0.0222571
0.0221715
0.0220824
0.0219899
0.0218934
0.021793
0.0216887
0.0215808
0.0214694
0.0213547
0.0212369
0.0230945
0.0230933
0.0230905
0.0230852
0.0230761
0.0230621
0.0230431
0.0230213
0.0230028
0.0229834
0.0229601
0.02293
0.022893
0.0228502
0.0228019
0.0227484
0.0226901
0.0226272
0.0225599
0.0224887
0.0224141
0.022336
0.0222537
0.0221676
0.0220776
0.0219839
0.0218866
0.021786
0.0216823
0.0215751
0.0214645
0.0213498
0.0212312
0.0230944
0.0230931
0.02309
0.0230843
0.0230746
0.0230602
0.0230421
0.0230239
0.0230064
0.022986
0.022961
0.0229295
0.022891
0.022847
0.022798
0.0227446
0.0226861
0.0226227
0.0225549
0.0224829
0.022407
0.0223275
0.0222446
0.0221586
0.0220692
0.0219757
0.0218781
0.0217768
0.0216718
0.0215636
0.0214522
0.0213378
0.0212198
0.0230925
0.0230912
0.0230881
0.0230822
0.0230723
0.0230571
0.0230364
0.0230135
0.0229946
0.022975
0.0229504
0.0229192
0.0228811
0.0228375
0.0227888
0.0227353
0.0226767
0.0226131
0.022545
0.0224726
0.0223962
0.0223162
0.0222331
0.0221464
0.0220563
0.0219621
0.021864
0.0217622
0.0216568
0.0215482
0.0214366
0.0213215
0.0212028
0.0230822
0.0230807
0.0230771
0.0230705
0.0230597
0.023044
0.0230251
0.0230086
0.0229916
0.0229709
0.0229445
0.0229111
0.022871
0.0228255
0.0227756
0.0227211
0.0226618
0.0225978
0.0225297
0.022457
0.0223801
0.0222992
0.0222146
0.0221263
0.0220345
0.0219395
0.0218414
0.02174
0.0216345
0.0215252
0.0214122
0.0212957
0.0211758
0.0230439
0.0230423
0.0230387
0.0230323
0.0230219
0.0230067
0.0229884
0.0229727
0.0229567
0.0229366
0.0229107
0.0228778
0.0228385
0.0227939
0.0227446
0.0226903
0.0226311
0.0225672
0.0224984
0.0224252
0.0223477
0.0222665
0.0221816
0.0220937
0.0220023
0.0219069
0.0218076
0.0217045
0.0215976
0.0214872
0.0213737
0.0212571
0.0211371
0.0229302
0.0229283
0.0229248
0.0229203
0.0229089
0.0228955
0.0228812
0.0228711
0.0228615
0.0228474
0.022827
0.0227988
0.0227636
0.0227225
0.0226762
0.0226244
0.0225672
0.022505
0.0224377
0.0223655
0.0222892
0.022209
0.0221251
0.0220375
0.0219459
0.0218508
0.0217516
0.0216486
0.0215416
0.0214309
0.0213165
0.0211984
0.0210766
0.0227043
0.0227031
0.0226998
0.0226935
0.022684
0.0226738
0.0226658
0.022661
0.0226561
0.0226482
0.0226361
0.0226185
0.0225946
0.0225649
0.0225286
0.0224853
0.0224357
0.02238
0.0223188
0.0222522
0.0221805
0.0221038
0.0220228
0.0219376
0.0218479
0.0217536
0.0216558
0.0215543
0.0214492
0.0213402
0.0212271
0.0211098
0.0209881
0.0224459
0.0224435
0.0224388
0.022432
0.0224236
0.0224152
0.0224075
0.022401
0.0223942
0.0223861
0.0223751
0.0223605
0.0223411
0.0223163
0.0222859
0.0222498
0.0222081
0.0221608
0.0221076
0.0220489
0.021985
0.0219163
0.0218427
0.0217641
0.0216807
0.0215923
0.0214996
0.0214021
0.0213004
0.0211944
0.0210838
0.0209697
0.0208513
0.022156
0.0221543
0.0221499
0.0221434
0.0221352
0.022126
0.0221167
0.0221066
0.0220956
0.0220832
0.0220688
0.0220517
0.0220311
0.0220063
0.0219768
0.021943
0.0219046
0.0218613
0.0218131
0.0217604
0.021703
0.0216411
0.0215741
0.0215024
0.0214256
0.0213442
0.0212584
0.0211677
0.0210726
0.0209725
0.0208674
0.020758
0.0206444
0.0218295
0.0218273
0.0218228
0.0218161
0.0218077
0.0217977
0.0217864
0.0217734
0.0217584
0.0217418
0.0217227
0.0217016
0.0216774
0.0216497
0.0216185
0.0215841
0.0215459
0.0215039
0.0214578
0.0214077
0.021353
0.0212941
0.0212309
0.0211635
0.0210913
0.0210146
0.0209333
0.0208481
0.0207584
0.0206643
0.0205662
0.0204632
0.0203551
0.0214689
0.0214663
0.0214618
0.0214549
0.0214455
0.0214341
0.0214207
0.021405
0.0213864
0.0213658
0.0213428
0.0213172
0.0212891
0.0212575
0.0212232
0.0211862
0.0211462
0.0211028
0.0210558
0.0210049
0.0209508
0.0208932
0.0208316
0.0207663
0.0206965
0.0206225
0.0205441
0.0204619
0.0203759
0.0202856
0.020191
0.0200918
0.0199888
0.0211035
0.0211003
0.0210945
0.0210863
0.0210763
0.0210639
0.0210485
0.0210304
0.0210095
0.0209855
0.0209594
0.0209305
0.0208986
0.0208639
0.0208266
0.0207859
0.0207427
0.0206966
0.0206474
0.0205954
0.02054
0.0204811
0.0204183
0.0203525
0.0202829
0.0202092
0.0201319
0.020051
0.0199668
0.0198784
0.0197863
0.0196901
0.0195897
0.0208366
0.020833
0.0208267
0.0208178
0.020807
0.0207941
0.0207777
0.0207584
0.020736
0.0207105
0.0206824
0.0206509
0.0206169
0.0205803
0.0205413
0.0204992
0.020454
0.0204055
0.0203537
0.0202992
0.0202415
0.0201808
0.020117
0.0200504
0.0199799
0.019906
0.0198289
0.0197479
0.0196635
0.0195761
0.0194853
0.0193901
0.0192904
0.0230942
0.0230931
0.0230906
0.0230858
0.0230774
0.0230643
0.0230461
0.0230249
0.0230075
0.0229888
0.0229657
0.0229356
0.0228986
0.0228557
0.0228071
0.0227534
0.0226951
0.0226324
0.0225658
0.0224955
0.0224214
0.022343
0.0222605
0.0221743
0.0220846
0.0219918
0.021896
0.0217966
0.0216935
0.0215862
0.0214748
0.0213597
0.0212409
0.0230943
0.0230932
0.0230906
0.0230857
0.0230771
0.0230637
0.0230452
0.0230237
0.0230059
0.0229869
0.0229636
0.0229335
0.0228967
0.0228534
0.0228048
0.0227513
0.0226934
0.0226314
0.0225652
0.0224945
0.0224196
0.0223406
0.0222579
0.0221716
0.0220821
0.0219897
0.0218938
0.0217939
0.02169
0.0215823
0.0214708
0.0213559
0.0212377
0.0230945
0.0230933
0.0230907
0.0230855
0.0230768
0.023063
0.0230441
0.0230221
0.023004
0.0229849
0.0229611
0.0229309
0.0228936
0.0228502
0.0228018
0.0227487
0.022691
0.0226284
0.0225613
0.0224901
0.022415
0.0223364
0.0222542
0.0221684
0.0220787
0.0219852
0.021888
0.0217871
0.021683
0.0215759
0.0214652
0.021351
0.0212326
0.0230944
0.0230932
0.0230903
0.023085
0.0230758
0.0230616
0.0230422
0.0230201
0.0230013
0.0229816
0.0229577
0.0229271
0.0228897
0.022846
0.0227971
0.0227434
0.0226854
0.0226228
0.0225558
0.0224842
0.0224084
0.0223288
0.0222455
0.022159
0.0220695
0.0219766
0.0218794
0.0217783
0.0216733
0.0215648
0.021453
0.0213381
0.0212202
0.0230924
0.0230912
0.0230883
0.0230827
0.0230732
0.0230586
0.0230383
0.0230152
0.0229957
0.0229754
0.0229506
0.022919
0.0228809
0.0228372
0.0227881
0.0227342
0.0226759
0.0226133
0.0225456
0.0224736
0.0223974
0.0223173
0.0222337
0.022147
0.0220568
0.0219631
0.0218653
0.0217636
0.0216582
0.0215493
0.0214372
0.0213221
0.0212034
0.0230817
0.0230804
0.0230772
0.0230711
0.023061
0.0230459
0.0230272
0.0230098
0.0229923
0.0229712
0.0229448
0.0229117
0.022872
0.0228266
0.0227763
0.0227211
0.0226612
0.022597
0.0225285
0.0224562
0.0223799
0.0222999
0.0222156
0.0221275
0.0220357
0.0219404
0.021842
0.0217405
0.0216356
0.0215265
0.0214137
0.0212971
0.0211769
0.0230418
0.023041
0.0230387
0.0230339
0.0230251
0.023011
0.0229913
0.022969
0.0229505
0.022931
0.0229067
0.022875
0.022837
0.0227929
0.0227434
0.0226891
0.02263
0.0225658
0.0224971
0.0224246
0.0223481
0.0222673
0.0221825
0.0220941
0.0220025
0.0219073
0.0218087
0.021706
0.0215995
0.0214893
0.0213756
0.0212589
0.0211385
0.022925
0.0229268
0.0229241
0.0229205
0.0229133
0.0229019
0.0228862
0.0228685
0.0228558
0.0228414
0.0228222
0.0227951
0.0227607
0.0227203
0.0226738
0.0226222
0.0225653
0.0225035
0.0224365
0.0223652
0.0222897
0.0222096
0.0221252
0.022037
0.0219454
0.0218505
0.021752
0.0216499
0.0215436
0.0214332
0.0213187
0.0212004
0.0210782
0.0227077
0.0227055
0.0226997
0.0226909
0.0226799
0.022669
0.0226594
0.0226518
0.0226467
0.0226399
0.0226291
0.0226131
0.022591
0.0225619
0.0225258
0.0224834
0.0224342
0.0223791
0.0223183
0.0222521
0.0221807
0.0221044
0.0220235
0.0219379
0.021848
0.0217545
0.0216572
0.0215562
0.0214512
0.021342
0.0212282
0.0211103
0.0209879
0.0224474
0.0224443
0.0224383
0.02243
0.0224205
0.0224111
0.0224024
0.022395
0.0223883
0.0223812
0.0223715
0.0223577
0.0223389
0.0223144
0.0222844
0.0222484
0.0222064
0.0221592
0.0221065
0.0220488
0.0219856
0.0219175
0.0218444
0.0217658
0.0216825
0.0215943
0.0215016
0.0214039
0.0213018
0.0211958
0.0210854
0.0209712
0.0208525
0.0221577
0.0221551
0.0221498
0.0221422
0.0221329
0.0221231
0.022113
0.0221024
0.0220917
0.0220797
0.022066
0.0220498
0.0220299
0.0220054
0.0219763
0.0219425
0.0219043
0.0218613
0.0218138
0.0217614
0.0217047
0.021643
0.0215764
0.0215044
0.0214276
0.021346
0.0212597
0.021169
0.0210735
0.0209728
0.0208683
0.0207593
0.0206457
0.0218299
0.0218275
0.0218227
0.0218157
0.0218069
0.0217966
0.0217852
0.0217721
0.0217572
0.0217406
0.0217222
0.0217016
0.0216779
0.0216506
0.0216197
0.0215856
0.0215475
0.0215056
0.0214597
0.0214094
0.021355
0.021296
0.021232
0.0211638
0.0210916
0.0210151
0.0209343
0.0208492
0.0207599
0.0206658
0.0205675
0.0204649
0.0203572
0.0214693
0.0214667
0.0214621
0.0214552
0.0214458
0.0214344
0.0214209
0.021405
0.0213868
0.0213665
0.0213437
0.0213182
0.02129
0.0212588
0.0212248
0.0211876
0.0211472
0.0211037
0.0210568
0.0210063
0.0209523
0.0208943
0.020832
0.0207662
0.0206967
0.0206237
0.0205461
0.0204645
0.0203789
0.0202886
0.020194
0.0200946
0.0199914
0.0211045
0.0211014
0.0210956
0.0210875
0.0210776
0.0210653
0.02105
0.0210321
0.0210113
0.0209874
0.0209613
0.0209325
0.0209008
0.020866
0.0208288
0.020788
0.0207448
0.0206987
0.0206495
0.0205973
0.0205415
0.0204826
0.0204197
0.0203537
0.0202841
0.0202111
0.0201347
0.0200545
0.0199706
0.0198821
0.0197896
0.0196928
0.0195927
0.020838
0.0208345
0.0208283
0.0208195
0.0208089
0.0207962
0.0207799
0.0207607
0.0207382
0.0207124
0.0206839
0.0206527
0.0206189
0.0205824
0.0205428
0.0205006
0.0204555
0.0204076
0.0203562
0.0203017
0.020244
0.0201831
0.0201189
0.020052
0.0199819
0.0199086
0.0198318
0.0197509
0.019667
0.0195794
0.0194878
0.0193922
0.0192927
)
;

boundaryField
{
    walls
    {
        type            zeroGradient;
    }
    procBoundary2to0
    {
        type            processor;
        value           nonuniform List<scalar> 
263
(
0.0160742
0.0160652
0.016048
0.0168909
0.0168823
0.0168659
0.0168406
0.0168034
0.0176337
0.0176243
0.0176102
0.017588
0.0175543
0.0175047
0.0174408
0.0173593
0.0172529
0.0171208
0.0169579
0.0167564
0.0165229
0.0162756
0.0160862
0.018303
0.0182965
0.0182837
0.018264
0.0182317
0.0181871
0.0181256
0.0180469
0.0179456
0.0178176
0.0176543
0.0174492
0.0172036
0.0169386
0.0167378
0.0189066
0.0188989
0.0188896
0.0188703
0.018841
0.0187988
0.0187392
0.0186642
0.0185675
0.0184392
0.0182724
0.0180615
0.0178011
0.0175108
0.0172875
0.0194377
0.0194306
0.0194206
0.0194029
0.0193753
0.0193366
0.0192821
0.0192117
0.0191146
0.0189871
0.018814
0.0185914
0.0183097
0.0179891
0.0177398
0.0198923
0.0198873
0.0198785
0.0198625
0.0198369
0.0198004
0.0197482
0.0196795
0.0195822
0.0194527
0.0192726
0.0190331
0.0187241
0.0183696
0.0180954
0.0202679
0.0202629
0.0202538
0.0202387
0.0202157
0.0201809
0.020132
0.0200638
0.0199678
0.0198342
0.0196439
0.019384
0.0190466
0.018666
0.0183755
0.0205586
0.020553
0.0205432
0.020529
0.0205068
0.0204743
0.0204283
0.0203599
0.0202629
0.0201234
0.019923
0.0196468
0.0192897
0.0188946
0.0185932
0.02076
0.020757
0.0207503
0.0207369
0.020716
0.0206827
0.0206384
0.0205727
0.0204748
0.0203327
0.0201234
0.0198355
0.0194701
0.0190661
0.0187595
0.0208945
0.0208909
0.020888
0.020876
0.0208559
0.020822
0.0207792
0.0207143
0.0206165
0.0204734
0.0202622
0.0199723
0.0196023
0.0191941
0.0188843
0.0209858
0.0209818
0.0209763
0.0209638
0.0209446
0.0209145
0.0208711
0.020805
0.0207103
0.0205684
0.0203591
0.0200688
0.0196973
0.0192889
0.018982
0.0210426
0.0210391
0.0210317
0.0210199
0.021001
0.0209733
0.0209305
0.0208669
0.0207695
0.0206308
0.0204252
0.0201353
0.0197662
0.0193601
0.0190547
0.0210772
0.0210739
0.0210661
0.0210543
0.0210356
0.0210087
0.0209672
0.0209055
0.0208101
0.0206718
0.0204665
0.0201783
0.0198134
0.0194084
0.0191032
0.0210967
0.0210942
0.021087
0.0210754
0.0210569
0.0210298
0.0209892
0.0209279
0.0208361
0.0206975
0.0204931
0.0202062
0.019842
0.0194409
0.0191403
0.0211088
0.0211056
0.0210983
0.0210861
0.0210679
0.0210424
0.0210011
0.0209419
0.0208493
0.0207132
0.0205095
0.0202243
0.0198616
0.0194624
0.0191636
0.0211144
0.0211124
0.0211046
0.0210934
0.0210756
0.0210493
0.0210092
0.0209493
0.0208599
0.0207238
0.0205216
0.0202364
0.0198761
0.0194768
0.019177
0.0211177
0.0211156
0.0211086
0.0210975
0.0210799
0.0210526
0.0210128
0.020951
0.0208622
0.0207281
0.0205265
0.0202428
0.0198812
0.0194849
0.0191865
0.0211188
0.0211166
0.0211103
0.0210986
0.0210811
0.0210534
0.0210145
0.0209521
0.0208616
0.0207295
0.0205276
0.0202451
0.0198841
0.0194882
0.0191897
)
;
    }
    procBoundary2to1
    {
        type            processor;
        value           nonuniform List<scalar> 
561
(
0.0172319
0.0172278
0.0172199
0.0172089
0.0171938
0.0171737
0.0171506
0.0171244
0.0170932
0.0170578
0.0170197
0.0169786
0.0169337
0.016885
0.0168327
0.0167776
0.0167182
0.0166554
0.016588
0.0165176
0.0164439
0.0163667
0.016286
0.016202
0.0161156
0.016025
0.0159315
0.0158353
0.015736
0.0156324
0.015526
0.0154164
0.0153029
0.0172234
0.0172197
0.0172127
0.0172011
0.017186
0.017167
0.0171437
0.017116
0.0170842
0.0170493
0.0170102
0.0169683
0.0169229
0.0168737
0.0168211
0.0167658
0.0167064
0.0166441
0.0165777
0.0165065
0.0164326
0.016356
0.0162766
0.0161937
0.0161065
0.0160157
0.0159224
0.0158254
0.0157258
0.0156227
0.0155153
0.0154056
0.0152928
0.017207
0.0172026
0.0171942
0.0171823
0.0171658
0.0171461
0.017123
0.0170961
0.0170648
0.0170292
0.0169911
0.0169498
0.0169048
0.0168558
0.0168031
0.0167472
0.0166885
0.0166258
0.016559
0.0164888
0.0164153
0.0163381
0.0162576
0.016174
0.0160878
0.015997
0.0159025
0.0158055
0.0157051
0.015602
0.0154961
0.0153866
0.0152727
0.0179805
0.0179768
0.0179699
0.0179586
0.0179441
0.0179256
0.0179031
0.0178766
0.0178469
0.0178131
0.0177767
0.0177374
0.0176946
0.0176485
0.0175996
0.0175465
0.0174902
0.0174297
0.0173655
0.0172986
0.0172295
0.0171569
0.01708
0.0169997
0.0169167
0.0168296
0.0167395
0.0166456
0.0165486
0.0164494
0.0163474
0.0162421
0.0161331
0.0179805
0.0179768
0.0179699
0.0179586
0.0179441
0.0179256
0.0179031
0.0178766
0.0178469
0.0178131
0.0177767
0.0177374
0.0176946
0.0176485
0.0175996
0.0175465
0.0174902
0.0174297
0.0173655
0.0172986
0.0172295
0.0171569
0.01708
0.0169997
0.0169167
0.0168296
0.0167395
0.0166456
0.0165486
0.0164494
0.0163474
0.0162421
0.0161331
0.0179447
0.0179407
0.0179331
0.0179226
0.0179083
0.0178902
0.0178681
0.0178415
0.0178113
0.0177787
0.0177428
0.0177029
0.0176598
0.0176127
0.017562
0.0175084
0.0174506
0.0173901
0.0173266
0.0172597
0.0171893
0.0171155
0.0170387
0.0169596
0.0168765
0.0167903
0.0167002
0.0166073
0.0165111
0.0164109
0.0163078
0.0162015
0.0160926
0.0186316
0.0186285
0.0186217
0.018611
0.0185966
0.0185793
0.018559
0.018535
0.0185069
0.0184751
0.0184403
0.0184023
0.018361
0.0183169
0.0182695
0.0182189
0.0181641
0.0181055
0.0180444
0.0179811
0.0179146
0.0178441
0.0177703
0.0176944
0.0176153
0.017532
0.0174462
0.0173574
0.0172654
0.0171697
0.0170704
0.0169676
0.0168615
0.0186316
0.0186285
0.0186217
0.018611
0.0185966
0.0185793
0.018559
0.018535
0.0185069
0.0184751
0.0184403
0.0184023
0.018361
0.0183169
0.0182695
0.0182189
0.0181641
0.0181055
0.0180444
0.0179811
0.0179146
0.0178441
0.0177703
0.0176944
0.0176153
0.017532
0.0174462
0.0173574
0.0172654
0.0171697
0.0170704
0.0169676
0.0168615
0.0185686
0.018565
0.0185581
0.018548
0.0185346
0.0185174
0.0184963
0.0184717
0.0184432
0.0184111
0.018376
0.0183377
0.0182963
0.0182522
0.0182048
0.0181542
0.0180993
0.0180406
0.0179791
0.0179149
0.0178483
0.0177781
0.0177041
0.0176274
0.0175472
0.0174644
0.0173786
0.0172889
0.0171964
0.0171008
0.0170019
0.0168993
0.0167933
0.0184835
0.0184798
0.0184728
0.0184632
0.01845
0.0184332
0.0184127
0.0183879
0.0183595
0.0183275
0.0182925
0.0182542
0.018213
0.0181689
0.0181213
0.01807
0.018015
0.0179568
0.0178953
0.0178306
0.017763
0.0176926
0.0176187
0.0175412
0.0174611
0.0173776
0.0172918
0.0172034
0.0171119
0.0170171
0.0169186
0.0168161
0.0167096
0.018376
0.018373
0.0183662
0.0183556
0.0183423
0.0183257
0.0183055
0.0182818
0.018254
0.0182221
0.0181865
0.018148
0.0181066
0.0180625
0.0180149
0.0179637
0.0179091
0.0178515
0.0177905
0.0177259
0.0176577
0.017586
0.0175113
0.0174342
0.0173537
0.0172704
0.017184
0.0170947
0.017003
0.0169079
0.0168092
0.0167064
0.0165996
0.0182491
0.0182452
0.0182376
0.0182274
0.0182138
0.0181962
0.0181753
0.0181506
0.0181223
0.0180915
0.0180572
0.0180188
0.0179771
0.0179324
0.0178841
0.0178328
0.0177783
0.0177211
0.0176605
0.0175961
0.017528
0.0174563
0.0173812
0.0173032
0.0172227
0.0171385
0.0170516
0.0169614
0.0168682
0.0167723
0.016673
0.01657
0.0164631
0.0180953
0.0180907
0.0180824
0.018071
0.0180555
0.0180374
0.0180164
0.0179928
0.0179648
0.0179332
0.017898
0.0178594
0.0178173
0.0177721
0.017724
0.0176734
0.017619
0.0175616
0.0175004
0.0174351
0.0173668
0.0172957
0.0172215
0.0171436
0.0170624
0.0169784
0.0168906
0.0168002
0.0167062
0.0166092
0.0165083
0.0164039
0.0162953
0.0179083
0.017904
0.017896
0.0178849
0.0178698
0.0178512
0.0178296
0.0178053
0.0177774
0.0177454
0.0177104
0.0176717
0.017629
0.0175835
0.0175355
0.017484
0.0174292
0.0173711
0.0173096
0.0172438
0.017175
0.0171032
0.0170282
0.0169499
0.0168687
0.0167839
0.0166952
0.0166039
0.0165088
0.0164112
0.0163104
0.0162055
0.016096
0.0176911
0.0176881
0.0176811
0.0176699
0.0176558
0.0176381
0.0176167
0.0175914
0.0175626
0.0175308
0.0174951
0.0174564
0.0174146
0.0173693
0.0173205
0.0172683
0.0172133
0.0171542
0.0170917
0.017025
0.0169558
0.0168836
0.016808
0.0167291
0.0166471
0.0165616
0.016472
0.0163793
0.0162835
0.0161845
0.0160828
0.0159771
0.0158668
0.0174731
0.0174695
0.0174624
0.0174513
0.0174362
0.0174174
0.0173959
0.0173715
0.0173433
0.0173109
0.0172751
0.017236
0.0171937
0.0171479
0.0170985
0.0170456
0.0169896
0.0169297
0.0168661
0.0168
0.0167311
0.0166588
0.0165829
0.0165032
0.0164195
0.016332
0.016241
0.0161471
0.0160503
0.0159501
0.015847
0.0157399
0.0156303
0.0173133
0.017309
0.017301
0.0172896
0.0172738
0.0172552
0.0172333
0.017208
0.0171796
0.0171485
0.0171132
0.0170751
0.017033
0.0169873
0.0169376
0.0168843
0.0168269
0.016766
0.0167024
0.016635
0.0165652
0.0164925
0.0164162
0.016336
0.0162517
0.0161635
0.0160717
0.0159768
0.0158793
0.0157777
0.015673
0.0155657
0.0154547
)
;
    }
}


// ************************************************************************* //
