/*--------------------------------*- C++ -*----------------------------------*\
| =========                 |                                                 |
| \\      /  F ield         | OpenFOAM: The Open Source CFD Toolbox           |
|  \\    /   O peration     | Version:  2412                                  |
|   \\  /    A nd           | Website:  www.openfoam.com                      |
|    \\/     M anipulation  |                                                 |
\*---------------------------------------------------------------------------*/
FoamFile
{
    version     2.0;
    format      ascii;
    arch        "LSB;label=32;scalar=64";
    class       volScalarField;
    location    "0.0400007";
    object      activationTime;
}
// * * * * * * * * * * * * * * * * * * * * * * * * * * * * * * * * * * * * * //

dimensions      [0 0 1 0 0 0 0];

internalField   nonuniform List<scalar> 
8790
(
0
0
0
0
0
0
0
0
0
0
0
0
0
0
0
0
0
0
0
0
0
0
0
0
0
0
0
0
0
0
0
0
0
0
0
0
0
0
0
0
0
0
0
0
0
0
0
0
0
0
0
0
0
0
0
0
0
0
0
0
0
0
0
0
0
0
0
0
0
0
0
0
0
0
0
0
0
0
0
0
0
0
0
0
0
0
0
0
0
0
0
0
0
0
0
0
0
0
0
0
0
0
0
0
0
0
0
0
0
0
0
0
0
0
0
0
0
0
0
0
0
0
0
0
0
0
0
0
0
0
0
0
0
0
0
0
0
0
0
0
0
0
0
0
0
0
0
0
0
0
0
0
0
0
0
0
0
0
0
0
0
0
0
0
0
0
0
0
0
0
0
0
0
0
0
0
0
0
0
0
0
0
0
0
0
0
0
0
0
0
0
0
0
0
0
0
0
0
0
0
0
0
0
0
0
0
0
0
0
0
0
0
0
0
0
0
0
0
0
0
0
0
0
0
0
0
0
0
0
0
0
0
0
0
0
0
0
0
0
0
0
0
0
0
0
0
0
0
0
0
0
0
0
0
0
0
0
0
0
0
0
0
0
0
0
0
0
0
0
0
0
0
0
0
0
0
0
0
0
0
0
0
0
0
0
0
0
0
0
0
0
0
0
0
0
0
0
0
0
0
0
0
0
0
0
0
0
0
0
0
0
0
0
0
0
0
0
0
0
0
0
0
0
0
0
0
0
0
0
0
0
0
0
0
0
0
0
0
0
0
0
0
0
0
0
0
0
0
0
0
0
0
0
0
0
0
0
0
0
0
0
0
0
0
0
0
0
0
0
0
0
0
0
0
0
0
0
0
0
0
0
0
0
0
0
0
0
0
0
0
0
0
0
0
0
0
0
0
0
0
0
0
0
0
0
0
0
0
0
0
0
0
0
0
0
0
0
0
0
0
0
0
0
0
0
0
0
0
0
0
0
0
0
0
0
0
0
0
0
0
0
0
0
0
0
0
0
0
0
0
0
0
0
0
0
0
0
0
0
0
0
0
0
0
0
0
0
0
0
0
0
0
0
0
0
0
0
0
0
0
0
0
0
0
0
0
0
0
0
0
0
0
0
0
0
0
0
0
0
0
0
0
0
0
0
0
0
0
0
0
0
0
0
0
0
0
0
0
0
0
0
0
0
0
0
0
0
0
0
0
0
0
0
0
0
0
0
0
0
0
0
0
0
0
0
0
0
0
0
0
0
0
0
0
0
0
0
0
0
0
0
0
0
0
0
0
0
0
0
0
0
0
0
0
0
0
0
0
0
0
0
0
0
0
0
0
0
0
0
0
0
0
0
0
0
0
0
0
0
0
0
0
0
0
0
0
0
0
0
0
0
0
0
0
0
0
0
0
0
0
0
0
0
0
0
0
0
0
0
0
0
0
0
0
0
0
0
0
0
0
0
0
0
0
0
0
0
0
0
0
0
0
0
0
0
0
0
0
0
0
0
0
0
0
0
0
0
0
0
0
0
0
0
0
0
0
0
0
0
0
0
0
0
0
0
0
0
0
0
0
0
0
0
0
0
0
0
0
0
0
0
0
0
0
0
0
0
0
0
0
0
0
0
0
0
0
0
0
0
0
0
0
0
0
0
0
0
0
0
0
0
0
0
0
0
0
0
0
0
0
0
0
0
0
0
0
0
0
0
0
0
0
0
0
0
0
0
0
0
0
0
0
0
0
0
0
0
0
0
0
0
0
0
0
0
0
0
0
0
0
0
0
0
0
0
0
0
0
0
0
0
0
0
0
0
0
0
0
0
0
0
0
0
0
0
0
0
0
0
0
0
0
0
0
0
0
0
0
0
0
0
0
0
0
0
0
0
0
0
0
0
0
0
0
0
0
0
0
0
0
0
0
0
0
0
0
0
0
0
0
0
0
0
0
0
0
0
0
0
0
0
0
0
0
0
0
0
0
0
0
0
0
0
0
0
0
0
0
0
0
0
0
0
0
0
0
0
0
0
0
0
0
0
0
0
0
0
0
0
0
0
0
0
0
0
0
0
0
0
0
0
0
0
0
0
0
0
0
0
0
0
0
0
0
0
0
0
0
0
0
0
0
0
0
0
0
0
0
0
0
0
0
0
0
0
0
0
0
0
0
0
0
0
0
0
0
0
0
0
0
0
0
0
0
0
0
0
0
0
0
0
0
0
0
0
0
0
0
0
0
0
0
0
0
0
0
0
0
0
0
0
0
0
0
0
0
0
0
0
0
0
0
0
0
0
0
0
0
0
0
0
0
0
0
0
0
0
0
0
0
0
0
0
0
0
0
0
0
0
0
0
0
0
0
0
0
0
0
0
0
0
0
0
0
0
0
0
0
0
0
0
0
0
0
0
0
0
0
0
0
0
0
0
0
0
0
0
0
0
0
0
0
0
0
0
0
0
0
0
0
0
0
0
0
0
0
0
0
0
0
0
0
0
0
0
0
0
0
0
0
0
0
0
0
0
0
0
0
0
0
0
0
0
0
0
0
0
0
0
0
0
0
0
0
0
0
0
0
0
0
0
0
0
0
0
0
0
0
0
0
0
0
0
0
0
0
0
0
0
0
0
0
0
0
0
0
0
0
0
0
0
0
0
0
0
0
0
0
0
0
0
0
0
0
0
0
0
0
0
0
0
0
0
0
0
0
0
0
0
0
0
0
0
0
0
0
0
0
0
0
0
0
0
0
0
0
0
0
0
0
0
0
0
0
0
0
0
0
0
0
0
0
0
0
0
0
0
0
0
0
0
0
0
0
0
0
0
0
0
0
0
0
0
0
0
0
0
0
0
0
0
0
0
0
0
0
0
0
0
0
0
0
0
0
0
0
0
0
0
0
0
0
0
0
0
0
0
0
0
0
0
0
0
0
0
0
0
0
0
0
0
0
0
0
0
0
0
0
0
0
0
0
0
0
0
0
0
0
0
0
0
0
0
0
0
0
0
0
0
0
0
0
0
0
0
0
0
0
0
0
0
0
0
0
0
0
0
0
0
0
0
0
0
0
0
0
0
0
0
0
0
0
0
0
0
0
0
0
0
0
0
0
0
0
0
0
0
0
0
0
0
0
0
0
0
0
0
0
0
0
0
0
0
0
0
0
0
0
0
0
0
0
0
0
0
0
0
0
0
0
0
0
0
0
0
0
0
0
0
0
0
0
0
0
0
0
0
0
0
0
0
0
0
0
0
0
0
0
0
0
0
0
0
0
0
0
0
0
0
0
0
0
0
0
0
0
0
0
0
0
0
0
0
0
0
0
0
0
0
0
0
0
0
0
0
0
0
0
0
0
0
0
0
0
0
0
0
0
0
0
0
0
0
0
0
0.0399958
0
0
0
0
0
0
0
0
0
0
0
0
0
0
0
0
0
0
0
0
0
0
0
0
0
0
0
0
0
0
0
0
0.0399996
0
0
0
0
0
0
0
0
0
0
0
0
0
0
0
0
0
0
0
0
0
0
0
0
0
0
0
0
0
0
0
0
0
0
0
0
0
0
0
0
0
0
0
0
0
0
0
0
0
0
0
0
0
0
0
0
0
0
0
0
0
0
0
0
0
0
0
0
0
0
0
0
0
0
0
0
0
0
0
0
0
0
0
0
0
0
0
0
0
0
0
0
0
0
0
0
0
0
0
0
0
0
0
0
0
0
0
0
0
0
0
0
0
0
0
0
0
0
0
0
0
0
0
0
0
0
0
0
0
0
0
0
0
0
0
0
0
0
0
0
0
0
0
0
0
0
0
0
0
0
0
0
0
0
0
0
0
0
0
0
0
0
0
0
0
0
0
0
0
0
0
0
0
0
0
0
0
0
0
0
0
0
0
0
0
0
0
0
0
0
0
0
0
0
0
0
0
0
0
0
0
0
0
0
0
0
0
0
0
0
0
0
0
0
0
0
0
0
0
0
0
0
0
0
0
0
0
0
0
0
0
0
0
0
0
0
0
0
0
0
0
0
0
0
0
0
0
0
0
0
0
0
0
0
0
0
0
0
0
0
0
0
0
0
0
0
0
0
0
0
0
0
0
0
0
0
0
0
0
0
0
0
0
0
0
0
0
0
0
0
0
0
0
0
0
0
0
0
0
0
0
0
0
0
0
0
0
0
0
0
0
0
0
0
0
0
0
0
0
0
0
0
0
0
0
0
0
0
0
0
0
0
0
0
0
0
0
0
0
0
0
0
0
0
0
0
0
0
0
0
0
0
0
0
0
0
0
0
0
0
0
0
0
0
0
0
0
0
0
0
0
0
0
0
0
0
0
0
0
0
0
0
0
0
0
0
0
0
0
0
0
0
0
0
0
0
0
0
0
0
0
0
0
0
0
0
0
0
0
0
0
0
0
0
0
0
0
0
0
0
0
0
0
0
0
0
0
0
0
0
0
0
0
0
0
0
0
0
0
0
0
0
0
0
0
0
0
0
0
0
0
0
0
0
0
0
0
0
0
0
0
0.0388551
0.0390221
0.0391906
0.0393606
0.039527
0.039697
0.0398694
0
0
0
0
0
0
0
0
0
0
0
0
0
0
0
0
0
0
0
0
0
0
0
0
0
0
0.0388629
0.0390264
0.0391934
0.0393625
0.0395331
0.0397051
0.0398793
0
0
0
0
0
0
0
0
0
0
0
0
0
0
0
0
0
0
0
0
0
0
0
0
0
0
0.0388791
0.0390464
0.039215
0.0393851
0.0395568
0.0397301
0.0398998
0
0
0
0
0
0
0
0
0
0
0
0
0
0
0
0
0
0
0
0
0
0
0
0
0
0
0.0389082
0.0390755
0.0392442
0.0394142
0.0395858
0.0397592
0.0399341
0
0
0
0
0
0
0
0
0
0
0
0
0
0
0
0
0
0
0
0
0
0
0
0
0
0
0.0389571
0.0391238
0.0392922
0.0394619
0.0396331
0.0398061
0.0399808
0
0
0
0
0
0
0
0
0
0
0
0
0
0
0
0
0
0
0
0
0
0
0
0
0
0
0.0390237
0.0391902
0.039358
0.0395272
0.0396929
0.0398626
0
0
0
0
0
0
0
0
0
0
0
0
0
0
0
0
0
0
0
0
0
0
0
0
0
0
0
0.0390961
0.0392618
0.0394286
0.0395967
0.0397662
0.0399375
0
0
0
0
0
0
0
0
0
0
0
0
0
0
0
0
0
0
0
0
0
0
0
0
0
0
0
0.0391815
0.0393469
0.0395133
0.0396808
0.0398499
0
0
0
0
0
0
0
0
0
0
0
0
0
0
0
0
0
0
0
0
0
0
0
0
0
0
0
0
0.0392761
0.0394433
0.0396107
0.0397789
0.0399432
0
0
0
0
0
0
0
0
0
0
0
0
0
0
0
0
0
0
0
0
0
0
0
0
0
0
0
0
0.0393895
0.0395533
0.0397181
0.0398843
0
0
0
0
0
0
0
0
0
0
0
0
0
0
0
0
0
0
0
0
0
0
0
0
0
0
0
0
0
0.0395137
0.0396764
0.0398401
0
0
0
0
0
0
0
0
0
0
0
0
0
0
0
0
0
0
0
0
0
0
0
0
0
0
0
0
0
0
0.0396482
0.0398122
0.0399762
0
0
0
0
0
0
0
0
0
0
0
0
0
0
0
0
0
0
0
0
0
0
0
0
0
0
0
0
0
0
0.0397849
0.0399463
0
0
0
0
0
0
0
0
0
0
0
0
0
0
0
0
0
0
0
0
0
0
0
0
0
0
0
0
0
0
0
0.0399096
0
0
0
0
0
0
0
0
0
0
0
0
0
0
0
0
0
0
0
0
0
0
0
0
0
0
0
0
0
0
0
0
0.0399883
0
0
0
0
0
0
0
0
0
0
0
0
0
0
0
0
0
0
0
0
0
0
0
0
0
0
0
0
0
0
0
0
0.0377204
0.0378872
0.0380577
0.0382305
0.0384054
0.0385833
0.0387576
0.0389357
0.0391164
0.0392952
0.0394778
0.0396627
0.0398459
0
0
0
0
0
0
0
0
0
0
0
0
0
0
0
0
0
0
0
0
0.0377242
0.0378948
0.0380669
0.0382412
0.0384177
0.0385908
0.0387674
0.0389463
0.039128
0.0393064
0.0394886
0.0396744
0.0398571
0
0
0
0
0
0
0
0
0
0
0
0
0
0
0
0
0
0
0
0
0.0377461
0.037918
0.0380916
0.0382616
0.0384354
0.0386114
0.0387902
0.038966
0.0391454
0.0393272
0.0395074
0.0396915
0.039878
0
0
0
0
0
0
0
0
0
0
0
0
0
0
0
0
0
0
0
0
0.0377756
0.0379473
0.0381209
0.0382962
0.0384677
0.038643
0.0388208
0.0390013
0.0391784
0.0393592
0.0395427
0.039724
0.0399089
0
0
0
0
0
0
0
0
0
0
0
0
0
0
0
0
0
0
0
0
0.0378246
0.0379958
0.0381689
0.0383437
0.0385145
0.0386893
0.0388667
0.0390474
0.0392239
0.0394043
0.0395878
0.0397684
0.0399527
0
0
0
0
0
0
0
0
0
0
0
0
0
0
0
0
0
0
0
0
0.0378873
0.0380553
0.0382257
0.038398
0.038572
0.0387487
0.0389275
0.0391022
0.0392805
0.0394621
0.0396409
0.0398233
0
0
0
0
0
0
0
0
0
0
0
0
0
0
0
0
0
0
0
0
0
0.0379629
0.0381327
0.0383041
0.0384718
0.0386433
0.0388174
0.0389937
0.0391729
0.0393484
0.0395278
0.0397099
0.0398899
0
0
0
0
0
0
0
0
0
0
0
0
0
0
0
0
0
0
0
0
0
0.0380501
0.0382196
0.0383906
0.0385576
0.0387283
0.0389015
0.0390769
0.0392554
0.0394301
0.0396088
0.03979
0.0399693
0
0
0
0
0
0
0
0
0
0
0
0
0
0
0
0
0
0
0
0
0
0.0381418
0.0383106
0.0384807
0.0386519
0.0388244
0.0389992
0.0391758
0.0393486
0.0395252
0.0397043
0.0398817
0
0
0
0
0
0
0
0
0
0
0
0
0
0
0
0
0
0
0
0
0
0
0.0382607
0.0384295
0.0385944
0.0387631
0.0389341
0.0391071
0.0392821
0.0394591
0.0396329
0.0398106
0.0399904
0
0
0
0
0
0
0
0
0
0
0
0
0
0
0
0
0
0
0
0
0
0
0.0383888
0.0385522
0.0387189
0.0388877
0.0390582
0.0392305
0.0394046
0.0395806
0.0397589
0.039933
0
0
0
0
0
0
0
0
0
0
0
0
0
0
0
0
0
0
0
0
0
0
0
0.0385229
0.0386885
0.0388555
0.0390241
0.0391944
0.0393664
0.0395402
0.0397163
0.0398884
0
0
0
0
0
0
0
0
0
0
0
0
0
0
0
0
0
0
0
0
0
0
0
0
0.0386694
0.0388345
0.0390011
0.0391692
0.039339
0.0395103
0.039678
0.0398499
0
0
0
0
0
0
0
0
0
0
0
0
0
0
0
0
0
0
0
0
0
0
0
0
0
0.0388011
0.0389662
0.0391321
0.039299
0.0394675
0.0396377
0.0398042
0.0399745
0
0
0
0
0
0
0
0
0
0
0
0
0
0
0
0
0
0
0
0
0
0
0
0
0
0.0388855
0.0390504
0.0392158
0.0393821
0.03955
0.0397196
0.0398855
0
0
0
0
0
0
0
0
0
0
0
0
0
0
0
0
0
0
0
0
0
0
0
0
0
0
0.0365916
0.0367668
0.0369449
0.0371198
0.0372985
0.0374799
0.0376594
0.0378429
0.0380288
0.0382129
0.0384004
0.0385865
0.0387769
0.0389659
0.0391592
0.0393516
0.0395431
0.0397413
0.0399378
0
0
0
0
0
0
0
0
0
0
0
0
0
0
0.0366031
0.0367798
0.0369532
0.0371303
0.0373097
0.0374922
0.0376712
0.0378541
0.0380357
0.0382218
0.0384054
0.0385949
0.0387815
0.0389739
0.0391635
0.0393592
0.0395527
0.0397459
0.0399456
0
0
0
0
0
0
0
0
0
0
0
0
0
0
0.0366229
0.0367971
0.0369736
0.0371528
0.0373292
0.0375093
0.0376916
0.0378725
0.038057
0.0382395
0.0384274
0.0386177
0.038806
0.038993
0.0391866
0.0393777
0.0395743
0.0397691
0.0399634
0
0
0
0
0
0
0
0
0
0
0
0
0
0
0.0366576
0.0368295
0.0370052
0.0371834
0.0373644
0.0375421
0.0377237
0.0379084
0.0380904
0.0382758
0.03846
0.0386487
0.0388358
0.0390277
0.0392179
0.0394074
0.039603
0.0397965
0.0399912
0
0
0
0
0
0
0
0
0
0
0
0
0
0
0.0367062
0.0368774
0.0370522
0.0372296
0.0374105
0.0375876
0.0377689
0.0379538
0.0381354
0.0383205
0.0385045
0.0386925
0.0388791
0.0390703
0.0392602
0.0394493
0.0396447
0.0398379
0
0
0
0
0
0
0
0
0
0
0
0
0
0
0
0.0367627
0.0369367
0.0371137
0.0372872
0.0374649
0.0376449
0.0378281
0.038008
0.0381916
0.0383738
0.0385601
0.0387443
0.038934
0.0391211
0.039314
0.0395045
0.0397004
0.0398947
0
0
0
0
0
0
0
0
0
0
0
0
0
0
0
0.0368359
0.0370089
0.037184
0.0373614
0.0375359
0.0377143
0.0378954
0.0380743
0.038258
0.0384435
0.0386271
0.0388148
0.0390007
0.0391917
0.0393805
0.0395742
0.0397665
0.0399579
0
0
0
0
0
0
0
0
0
0
0
0
0
0
0
0.0369237
0.037096
0.0372705
0.0374478
0.0376214
0.037799
0.0379793
0.0381574
0.0383404
0.0385254
0.0387081
0.0388955
0.0390804
0.0392711
0.0394588
0.0396523
0.0398436
0
0
0
0
0
0
0
0
0
0
0
0
0
0
0
0
0.0370241
0.037198
0.0373736
0.0375453
0.0377208
0.037899
0.0380751
0.0382556
0.0384384
0.0386188
0.0388042
0.0389918
0.0391774
0.0393669
0.039555
0.0397424
0.039936
0
0
0
0
0
0
0
0
0
0
0
0
0
0
0
0
0.0371366
0.0373088
0.0374829
0.0376593
0.0378319
0.0380085
0.0381877
0.0383697
0.0385488
0.0387316
0.0389122
0.0390983
0.0392816
0.0394704
0.0396569
0.0398486
0
0
0
0
0
0
0
0
0
0
0
0
0
0
0
0
0
0.0372678
0.0374392
0.0376129
0.0377884
0.0379598
0.0381352
0.0383133
0.0384941
0.0386719
0.038854
0.0390335
0.0392185
0.0394059
0.0395911
0.039781
0.0399689
0
0
0
0
0
0
0
0
0
0
0
0
0
0
0
0
0
0.0374164
0.0375819
0.0377517
0.0379242
0.0380985
0.0382746
0.0384533
0.0386287
0.038808
0.0389898
0.0391693
0.0393534
0.039535
0.0397221
0.0399071
0
0
0
0
0
0
0
0
0
0
0
0
0
0
0
0
0
0
0.0375574
0.0377269
0.037898
0.0380707
0.0382459
0.038417
0.0385922
0.0387699
0.0389498
0.0391273
0.0393088
0.0394929
0.0396747
0.0398609
0
0
0
0
0
0
0
0
0
0
0
0
0
0
0
0
0
0
0
0.0376969
0.0378652
0.0380355
0.0382026
0.0383738
0.0385471
0.0387225
0.0388999
0.0390746
0.0392537
0.0394357
0.0396149
0.0397983
0.0399849
0
0
0
0
0
0
0
0
0
0
0
0
0
0
0
0
0
0
0
0.0377872
0.0379556
0.0381256
0.0382918
0.0384617
0.0386344
0.0388093
0.0389862
0.03916
0.0393384
0.0395194
0.0396976
0.0398799
0
0
0
0
0
0
0
0
0
0
0
0
0
0
0
0
0
0
0
0
0.0354848
0.0356618
0.0358429
0.0360228
0.0362069
0.0363936
0.0365784
0.0367668
0.0369543
0.0371458
0.0373365
0.0375259
0.0377221
0.0379167
0.038111
0.0383079
0.0385102
0.0387111
0.038912
0.0391145
0.0393187
0.039524
0.0397306
0.0399387
0
0
0
0
0
0
0
0
0
0.0354932
0.0356723
0.0358551
0.0360348
0.0362185
0.0364012
0.0365882
0.0367733
0.0369635
0.0371514
0.0373448
0.0375364
0.0377278
0.0379254
0.0381209
0.0383169
0.0385197
0.0387207
0.0389217
0.0391234
0.0393269
0.0395324
0.0397394
0.0399481
0
0
0
0
0
0
0
0
0
0.0355147
0.0356915
0.0358723
0.0360554
0.0362373
0.0364226
0.0366063
0.036795
0.0369813
0.0371732
0.0373626
0.0375574
0.0377506
0.0379434
0.0381433
0.0383411
0.0385385
0.0387371
0.0389378
0.0391448
0.0393508
0.0395572
0.0397648
0.0399737
0
0
0
0
0
0
0
0
0
0.0355455
0.0357266
0.0359049
0.0360872
0.0362726
0.0364552
0.0366418
0.0368276
0.0370173
0.0372058
0.0373936
0.0375878
0.0377799
0.0379782
0.0381748
0.0383705
0.0385674
0.0387662
0.0389706
0.0391739
0.0393777
0.0395826
0.0397894
0.039998
0
0
0
0
0
0
0
0
0
0.0355929
0.0357742
0.0359517
0.0361331
0.0363133
0.0364982
0.0366856
0.0368716
0.0370614
0.03725
0.0374374
0.0376315
0.0378234
0.0380167
0.0382153
0.0384117
0.0386089
0.0388077
0.039012
0.0392152
0.0394186
0.0396232
0.0398299
0
0
0
0
0
0
0
0
0
0
0.0356518
0.0358301
0.0360108
0.0361898
0.0363728
0.0365579
0.0367417
0.0369293
0.0371158
0.0373067
0.0374959
0.0376849
0.03788
0.038073
0.0382676
0.0384674
0.0386651
0.0388632
0.0390635
0.0392699
0.0394751
0.0396805
0.0398871
0
0
0
0
0
0
0
0
0
0
0.0357288
0.0359038
0.0360829
0.0362643
0.0364442
0.0366282
0.0368099
0.0369976
0.0371875
0.0373758
0.0375626
0.0377557
0.0379467
0.038144
0.0383391
0.0385334
0.0387298
0.038932
0.0391327
0.0393336
0.0395359
0.0397402
0.0399459
0
0
0
0
0
0
0
0
0
0
0.0358168
0.0359912
0.0361696
0.0363507
0.0365299
0.0367131
0.0368941
0.0370812
0.0372707
0.0374582
0.0376445
0.037837
0.0380271
0.038224
0.0384183
0.0386121
0.0388082
0.0390099
0.0392104
0.0394112
0.0396136
0.0398171
0
0
0
0
0
0
0
0
0
0
0
0.0359153
0.0360923
0.0362723
0.0364492
0.03663
0.0368139
0.0369957
0.0371815
0.037366
0.0375552
0.0377423
0.0379346
0.0381251
0.0383155
0.0385124
0.0387068
0.0389019
0.0391039
0.0393041
0.039504
0.039705
0.0399081
0
0
0
0
0
0
0
0
0
0
0
0.0360309
0.0362072
0.0363858
0.0365617
0.0367425
0.0369257
0.0371059
0.0372915
0.0374793
0.0376653
0.0378553
0.038044
0.0382319
0.0384262
0.0386182
0.038812
0.0390114
0.039209
0.0394073
0.0396072
0.0398083
0
0
0
0
0
0
0
0
0
0
0
0
0.0361648
0.0363406
0.0365186
0.0366937
0.036873
0.0370548
0.037234
0.0374185
0.0376007
0.0377879
0.0379784
0.0381664
0.0383539
0.0385473
0.0387385
0.0389365
0.0391325
0.0393279
0.0395257
0.0397245
0.039929
0
0
0
0
0
0
0
0
0
0
0
0
0.036314
0.0364851
0.0366605
0.0368381
0.0370176
0.0371948
0.0373762
0.0375602
0.0377419
0.0379284
0.0381124
0.0383026
0.0384895
0.0386832
0.0388738
0.0390656
0.0392633
0.0394589
0.0396557
0.0398539
0
0
0
0
0
0
0
0
0
0
0
0
0
0.0364623
0.0366369
0.0368136
0.0369872
0.0371648
0.0373447
0.0375217
0.037704
0.0378887
0.0380704
0.0382581
0.0384428
0.0386331
0.0388209
0.0390149
0.0392058
0.0393985
0.0395965
0.0397921
0.0399893
0
0
0
0
0
0
0
0
0
0
0
0
0
0.0366056
0.0367769
0.0369509
0.0371268
0.0373047
0.0374796
0.0376589
0.0378411
0.0380206
0.0382047
0.0383924
0.0385767
0.0387669
0.0389537
0.0391421
0.0393347
0.039527
0.0397247
0.0399197
0
0
0
0
0
0
0
0
0
0
0
0
0
0
0.0366996
0.0368715
0.0370454
0.0372211
0.037394
0.0375708
0.0377508
0.037933
0.0381119
0.0382964
0.0384785
0.0386648
0.0388503
0.0390394
0.039228
0.0394207
0.0396124
0.0398098
0
0
0
0
0
0
0
0
0
0
0
0
0
0
0
0.0343844
0.0345692
0.034757
0.034943
0.0351329
0.0353218
0.0355092
0.0357039
0.0358967
0.0360899
0.0362892
0.0364868
0.0366841
0.0368838
0.0370899
0.0372949
0.0375004
0.0377072
0.0379156
0.0381256
0.0383373
0.0385512
0.0387612
0.038975
0.0391916
0.0394106
0.0396333
0.0398521
0
0
0
0
0
0.0343969
0.0345815
0.0347652
0.0349532
0.0351397
0.0353311
0.0355207
0.0357153
0.0359088
0.0361018
0.0362966
0.0364972
0.0366961
0.0368951
0.0370965
0.0372994
0.037504
0.0377102
0.037918
0.0381273
0.0383384
0.0385512
0.0387656
0.0389815
0.0391992
0.0394199
0.0396378
0.0398589
0
0
0
0
0
0.0344182
0.034601
0.0347874
0.0349725
0.0351621
0.0353499
0.0355429
0.0357345
0.0359255
0.0361232
0.0363187
0.0365144
0.0367125
0.0369162
0.0371186
0.0373213
0.0375252
0.0377312
0.0379389
0.0381482
0.0383592
0.0385719
0.038787
0.0390045
0.0392187
0.0394367
0.0396572
0.0398808
0
0
0
0
0
0.0344507
0.0346317
0.0348182
0.035007
0.0351944
0.0353805
0.0355732
0.0357634
0.0359597
0.0361539
0.0363479
0.0365448
0.0367471
0.0369481
0.0371493
0.037352
0.0375563
0.0377617
0.0379688
0.0381776
0.0383882
0.0386005
0.0388145
0.0390305
0.0392491
0.0394653
0.039685
0.0399069
0
0
0
0
0
0.0344977
0.0346786
0.0348644
0.035048
0.0352376
0.0354244
0.0356174
0.0358076
0.0360038
0.036198
0.0363918
0.0365883
0.0367907
0.0369916
0.0371926
0.037395
0.037599
0.0378042
0.0380109
0.0382195
0.0384298
0.0386418
0.0388554
0.0390712
0.0392893
0.0395105
0.0397275
0.0399481
0
0
0
0
0
0.034555
0.0347386
0.0349253
0.0351101
0.0352987
0.0354865
0.0356736
0.0358673
0.0360586
0.0362561
0.0364517
0.0366465
0.0368435
0.0370471
0.0372492
0.0374514
0.0376546
0.0378593
0.0380661
0.0382746
0.0384847
0.0386965
0.0389103
0.0391269
0.0393404
0.039558
0.0397779
0.0399999
0
0
0
0
0
0.0346328
0.0348135
0.0349983
0.0351816
0.0353698
0.0355558
0.0357476
0.0359372
0.0361322
0.0363257
0.0365186
0.0367141
0.0369152
0.037115
0.0373148
0.0375168
0.0377202
0.0379248
0.0381308
0.0383387
0.0385484
0.03876
0.0389731
0.0391879
0.0394044
0.039623
0.0398403
0
0
0
0
0
0
0.0347207
0.034901
0.0350851
0.0352678
0.0354553
0.0356406
0.0358317
0.0360208
0.0362154
0.0364085
0.0366007
0.0367959
0.0369966
0.0371956
0.0373951
0.0375967
0.0377995
0.0380035
0.038214
0.0384239
0.0386348
0.038842
0.0390528
0.0392661
0.0394816
0.0396993
0.0399195
0
0
0
0
0
0
0.0348205
0.0350032
0.0351842
0.0353694
0.0355525
0.0357415
0.0359277
0.0361203
0.0363104
0.0365066
0.0367005
0.0368936
0.0370894
0.0372907
0.0374904
0.0376905
0.0378927
0.0380964
0.0383019
0.0385092
0.0387183
0.0389291
0.0391414
0.0393553
0.0395709
0.0397885
0
0
0
0
0
0
0
0.0349396
0.0351218
0.0353011
0.0354858
0.0356728
0.0358581
0.0360478
0.036236
0.036424
0.0366181
0.0368098
0.0370037
0.0372027
0.0374001
0.0375989
0.037799
0.0380053
0.0382106
0.0384162
0.0386228
0.0388307
0.0390406
0.0392528
0.039467
0.0396777
0.0398925
0
0
0
0
0
0
0
0.0350763
0.0352579
0.0354373
0.0356208
0.035802
0.0359891
0.0361737
0.0363638
0.0365518
0.0367456
0.0369365
0.0371295
0.0373276
0.037524
0.0377223
0.0379216
0.0381271
0.0383315
0.0385362
0.0387418
0.0389491
0.0391581
0.039369
0.0395818
0.0397971
0
0
0
0
0
0
0
0
0.0352268
0.035406
0.0355877
0.035767
0.0359511
0.0361327
0.0363196
0.036505
0.0366951
0.036884
0.0370783
0.03727
0.0374637
0.0376622
0.0378589
0.0380574
0.0382572
0.0384634
0.0386685
0.038874
0.0390807
0.0392894
0.0395
0.0397128
0.0399276
0
0
0
0
0
0
0
0
0.0353827
0.0355608
0.0357418
0.0359245
0.0361047
0.0362894
0.0364715
0.0366594
0.036845
0.0370362
0.0372252
0.0374204
0.037613
0.0378069
0.0380022
0.0382027
0.0384021
0.0386032
0.0388056
0.0390094
0.0392149
0.0394221
0.0396308
0.0398416
0
0
0
0
0
0
0
0
0
0.035534
0.035712
0.0358872
0.0360681
0.0362512
0.0364312
0.0366167
0.0367998
0.0369876
0.0371744
0.0373658
0.0375562
0.037752
0.0379449
0.0381396
0.0383355
0.038537
0.0387376
0.0389391
0.0391414
0.0393452
0.0395508
0.0397583
0.0399678
0
0
0
0
0
0
0
0
0
0.035634
0.0358095
0.0359879
0.0361687
0.0363467
0.0365299
0.0367112
0.0368959
0.0370856
0.0372713
0.0374636
0.0376525
0.0378432
0.0380387
0.0382325
0.0384277
0.0386286
0.0388277
0.0390279
0.0392294
0.0394322
0.0396367
0.0398433
0
0
0
0
0
0
0
0
0
0
0.033308
0.0334938
0.0336866
0.0338769
0.0340733
0.0342679
0.0344619
0.0346587
0.0348618
0.0350638
0.0352656
0.0354681
0.0356728
0.0358793
0.0360876
0.0362977
0.0365096
0.0367234
0.0369399
0.0371592
0.0373747
0.0375939
0.0378161
0.0380373
0.0382623
0.0384903
0.0387172
0.0389474
0.0391765
0.0394073
0.0396271
0.0398288
0.0399586
0.0333181
0.0335057
0.0336983
0.0338899
0.0340808
0.0342786
0.0344745
0.03467
0.0348685
0.035073
0.0352762
0.0354797
0.0356845
0.035891
0.0360994
0.0363098
0.0365221
0.0367369
0.0369538
0.0371671
0.0373844
0.0376046
0.0378286
0.0380492
0.0382736
0.0384977
0.0387263
0.0389532
0.0391852
0.0394125
0.0396357
0.0398337
0.0399668
0.0333377
0.0335285
0.0337179
0.0339121
0.0341055
0.0342984
0.034493
0.0346937
0.0348929
0.0350922
0.0352936
0.0354969
0.0357019
0.0359084
0.0361166
0.0363266
0.0365385
0.0367521
0.0369674
0.0371845
0.0374046
0.0376223
0.0378437
0.0380676
0.0382905
0.0385173
0.0387477
0.0389758
0.0392081
0.0394361
0.0396587
0.0398574
0.0399899
0.0333684
0.0335594
0.0337475
0.0339423
0.0341349
0.0343278
0.034527
0.0347245
0.0349218
0.0351216
0.0353228
0.0355304
0.0357373
0.035945
0.0361539
0.0363644
0.0365772
0.0367866
0.0369998
0.0372157
0.0374338
0.037655
0.037874
0.0380967
0.0383225
0.0385471
0.0387756
0.039003
0.0392344
0.0394618
0.0396848
0.039883
0
0.0334151
0.0336055
0.0337936
0.0339878
0.0341803
0.0343725
0.0345717
0.034769
0.0349661
0.0351654
0.0353664
0.035574
0.035781
0.0359885
0.0361972
0.0364075
0.0366201
0.0368292
0.0370421
0.0372576
0.0374755
0.0376964
0.0379151
0.0381376
0.0383631
0.0385878
0.0388163
0.0390434
0.0392747
0.0395017
0.0397245
0.0399223
0
0.0334759
0.0336618
0.0338539
0.0340433
0.0342388
0.0344323
0.0346259
0.0348271
0.0350265
0.0352258
0.0354258
0.0356285
0.0358327
0.0360384
0.0362458
0.0364552
0.0366665
0.0368794
0.037094
0.0373104
0.0375297
0.0377467
0.0379674
0.0381907
0.0384128
0.0386392
0.0388685
0.0390968
0.0393279
0.0395559
0.0397782
0.039976
0
0.0335514
0.0337405
0.0339284
0.034121
0.0343127
0.0345037
0.034702
0.0348988
0.0350952
0.0352932
0.0354934
0.0357001
0.0359059
0.0361123
0.0363199
0.036529
0.0367403
0.0369538
0.0371638
0.0373777
0.0375947
0.0378141
0.0380374
0.0382573
0.0384808
0.0387033
0.0389311
0.0391613
0.0393902
0.0396201
0.0398393
0
0
0.0336383
0.0338281
0.0340163
0.0342036
0.0343976
0.0345894
0.0347829
0.0349816
0.0351786
0.0353767
0.0355766
0.035783
0.0359884
0.0361944
0.0364017
0.0366105
0.0368213
0.0370342
0.0372437
0.037457
0.0376733
0.0378921
0.0381137
0.0383335
0.0385567
0.0387828
0.039008
0.0392369
0.0394641
0.0396937
0.039912
0
0
0.0337416
0.0339299
0.0341162
0.0343077
0.0344972
0.0346926
0.0348853
0.0350795
0.03528
0.0354791
0.035678
0.0358792
0.0360817
0.0362858
0.0364917
0.0366995
0.0369091
0.0371205
0.0373334
0.0375482
0.0377649
0.0379838
0.0382066
0.0384253
0.0386481
0.0388699
0.0390968
0.0393262
0.0395538
0.039783
0.0400006
0
0
0.0338676
0.0340522
0.0342413
0.0344288
0.0346165
0.0348098
0.0350014
0.0351997
0.0353963
0.0355927
0.0357916
0.0359918
0.0361984
0.0364039
0.0366097
0.0368165
0.0370252
0.0372361
0.0374491
0.0376643
0.037876
0.0380918
0.0383106
0.038532
0.0387522
0.0389762
0.0392034
0.0394296
0.0396588
0.0398843
0
0
0
0.0340036
0.0341901
0.0343739
0.034564
0.0347513
0.034945
0.0351358
0.0353283
0.0355266
0.0357233
0.0359213
0.0361209
0.0363221
0.0365293
0.0367353
0.0369419
0.0371501
0.0373603
0.0375726
0.0377871
0.037998
0.0382129
0.0384307
0.0386512
0.0388698
0.0390933
0.0393197
0.0395441
0.039773
0.0399972
0
0
0
0.0341607
0.0343427
0.0345296
0.0347142
0.0349049
0.0350928
0.0352824
0.035477
0.0356707
0.0358659
0.0360662
0.0362648
0.0364653
0.0366671
0.0368706
0.0370758
0.0372829
0.0374917
0.0377023
0.0379148
0.038129
0.0383451
0.0385635
0.0387843
0.0390031
0.0392257
0.0394512
0.039675
0.0399028
0
0
0
0
0.0343254
0.0345056
0.0346915
0.0348746
0.0350637
0.0352503
0.035443
0.0356333
0.0358256
0.0360226
0.0362185
0.0364158
0.0366142
0.0368185
0.0370218
0.0372264
0.0374327
0.0376407
0.0378506
0.0380623
0.038276
0.0384923
0.0387059
0.0389236
0.039144
0.0393669
0.039588
0.0398132
0
0
0
0
0
0.0344803
0.0346594
0.034843
0.0350305
0.0352146
0.0354049
0.0355924
0.0357818
0.0359751
0.0361686
0.0363629
0.0365623
0.0367613
0.0369614
0.0371627
0.0373655
0.0375749
0.0377834
0.0379931
0.0381993
0.0384098
0.0386231
0.0388385
0.039056
0.0392758
0.0394936
0.0397156
0.0399408
0
0
0
0
0
0.0345855
0.034768
0.0349481
0.035132
0.0353208
0.0355062
0.0356977
0.0358861
0.0360766
0.0362714
0.0364655
0.0366606
0.0368611
0.0370603
0.0372609
0.0374626
0.037666
0.0378713
0.0380785
0.0382874
0.0384982
0.0387111
0.0389262
0.0391436
0.0393632
0.03958
0.0398016
0
0
0
0
0
0
0.0324389
0.0326384
0.0328364
0.0330343
0.0332346
0.0334367
0.0336405
0.033851
0.034061
0.0342717
0.0344788
0.0346899
0.0349036
0.0351195
0.0353377
0.0355593
0.0357781
0.0360007
0.0362271
0.0364517
0.0366802
0.0369085
0.037141
0.0373729
0.0376096
0.0378462
0.038083
0.0383203
0.0385628
0.0387949
0.039004
0.039141
0.0324511
0.032646
0.0328471
0.0330467
0.0332466
0.0334485
0.0336524
0.0338579
0.0340651
0.0342741
0.034485
0.0346977
0.0349123
0.0351292
0.0353493
0.0355666
0.0357876
0.0360112
0.036234
0.0364607
0.0366911
0.0369197
0.0371479
0.0373826
0.0376157
0.0378544
0.0380924
0.0383299
0.038572
0.038805
0.0390144
0.0391508
0.0324737
0.0326694
0.032865
0.0330635
0.0332682
0.0334718
0.0336758
0.0338813
0.0340885
0.0342975
0.0345086
0.0347222
0.0349384
0.0351512
0.035368
0.0355876
0.0358108
0.0360315
0.0362558
0.0364793
0.036708
0.0369398
0.0371705
0.0374008
0.0376376
0.0378732
0.0381091
0.0383512
0.0385901
0.038821
0.0390304
0.0391713
0.0325063
0.0327002
0.0328966
0.0330995
0.033301
0.0335026
0.0337052
0.0339103
0.0341173
0.0343262
0.0345368
0.0347493
0.0349642
0.0351823
0.0353972
0.0356158
0.0358372
0.0360624
0.0362849
0.0365115
0.0367374
0.0369681
0.0371979
0.0374328
0.0376668
0.0379007
0.0381412
0.03838
0.0386168
0.0388524
0.0390634
0.0391998
0.0325511
0.0327457
0.0329415
0.033144
0.0333452
0.0335465
0.0337491
0.0339538
0.0341607
0.0343695
0.03458
0.0347925
0.0350073
0.0352251
0.0354397
0.035658
0.0358793
0.0361043
0.0363267
0.036553
0.0367787
0.0370092
0.0372388
0.0374737
0.0377074
0.0379462
0.0381844
0.038422
0.0386579
0.0388931
0.0391037
0.0392397
0.032608
0.0328066
0.0330032
0.0331999
0.0333994
0.0336003
0.0338076
0.0340142
0.0342218
0.0344309
0.0346418
0.034855
0.0350648
0.0352787
0.0354955
0.0357149
0.0359379
0.036158
0.0363818
0.0366046
0.0368327
0.0370637
0.0372941
0.0375239
0.0377603
0.0379952
0.0382355
0.0384749
0.0387119
0.0389469
0.0391533
0.0392919
0.0326857
0.0328805
0.0330747
0.0332716
0.0334744
0.033676
0.0338783
0.0340821
0.0342884
0.0344966
0.0347064
0.0349182
0.0351319
0.0353487
0.0355625
0.0357803
0.0360008
0.036224
0.036446
0.0366717
0.0369014
0.0371291
0.0373619
0.0375932
0.0378243
0.0380617
0.0382983
0.0385345
0.0387759
0.0390076
0.039216
0.0393519
0.0327709
0.0329678
0.0331628
0.0333592
0.0335623
0.033764
0.033966
0.0341691
0.0343744
0.0345819
0.034791
0.035002
0.0352151
0.0354311
0.0356496
0.0358644
0.0360834
0.0363054
0.0365263
0.0367513
0.0369799
0.0372075
0.037439
0.0376701
0.0379005
0.038138
0.0383741
0.0386108
0.0388518
0.039082
0.0392899
0.0394264
0.0328802
0.0330717
0.0332709
0.0334682
0.0336655
0.0338649
0.0340661
0.034269
0.0344786
0.0346875
0.0348973
0.0351036
0.0353138
0.0355268
0.0357424
0.0359601
0.0361801
0.0363988
0.0366214
0.0368469
0.0370711
0.0373001
0.0375277
0.037761
0.0379923
0.0382294
0.0384654
0.0387007
0.0389417
0.0391722
0.0393797
0.0395151
0.0330034
0.033194
0.033392
0.033588
0.0337844
0.0339832
0.0341834
0.0343899
0.0345959
0.0348024
0.0350104
0.0352203
0.0354325
0.0356468
0.0358578
0.0360728
0.0362907
0.0365113
0.0367303
0.0369542
0.0371809
0.0374064
0.0376367
0.0378653
0.0380999
0.0383334
0.0385723
0.0388102
0.0390455
0.0392787
0.0394835
0.0396199
0.0331442
0.0333349
0.0335267
0.033725
0.0339216
0.0341192
0.0343187
0.0345197
0.0347274
0.0349345
0.0351424
0.0353521
0.0355637
0.035772
0.0359844
0.0361995
0.0364171
0.0366371
0.0368553
0.0370783
0.0373044
0.0375287
0.0377583
0.0379856
0.0382197
0.0384517
0.0386903
0.038927
0.0391609
0.0393939
0.0396019
0.0397356
0.0332995
0.0334888
0.0336847
0.0338784
0.0340732
0.0342697
0.0344722
0.0346733
0.0348759
0.0350803
0.0352861
0.0354936
0.0357031
0.0359145
0.0361278
0.0363432
0.0365612
0.0367769
0.0369966
0.0372193
0.0374401
0.0376666
0.0378961
0.0381239
0.0383565
0.0385883
0.0388206
0.0390589
0.0392931
0.0395255
0.0397332
0.0398659
0.0334703
0.033658
0.0338526
0.0340446
0.0342382
0.0344332
0.0346341
0.0348343
0.0350359
0.0352387
0.0354429
0.0356488
0.0358567
0.0360667
0.0362788
0.0364929
0.0367094
0.0369279
0.0371491
0.037368
0.037591
0.0378173
0.0380424
0.0382716
0.0384999
0.0387334
0.0389656
0.0391977
0.0394342
0.0396607
0.0398657
0
0.0336339
0.0338207
0.0340132
0.0342037
0.0343961
0.0345939
0.0347909
0.0349893
0.0351889
0.03539
0.0355975
0.0358041
0.0360117
0.0362209
0.0364321
0.0366458
0.0368563
0.0370713
0.0372896
0.0375103
0.0377337
0.0379555
0.0381815
0.0384054
0.0386356
0.0388636
0.0390979
0.0393291
0.0395656
0.0397904
0.0399943
0
0.0337464
0.0339331
0.0341231
0.0343138
0.0345089
0.0347032
0.0348984
0.0350993
0.0352986
0.0354995
0.0357018
0.0359057
0.0361114
0.0363188
0.0365282
0.0367397
0.0369531
0.0371687
0.0373868
0.0376027
0.0378229
0.0380468
0.0382737
0.0384982
0.0387277
0.0389545
0.039188
0.0394189
0.0396543
0.0398787
0
0
0.0314112
0.0316136
0.0318172
0.0320231
0.0322313
0.0324415
0.0326536
0.0328682
0.0330855
0.0332996
0.0335178
0.0337391
0.0339639
0.0341862
0.0344127
0.0346387
0.0348694
0.0350996
0.0353349
0.0355694
0.0358037
0.0360453
0.0362859
0.0365269
0.0367695
0.0370152
0.0372673
0.0375186
0.0377696
0.0380145
0.038232
0.0383757
0.0314202
0.0316244
0.0318292
0.0320355
0.0322438
0.0324541
0.0326668
0.032882
0.0330939
0.0333098
0.0335286
0.0337507
0.0339712
0.0341957
0.0344243
0.0346507
0.0348814
0.0351121
0.0353424
0.0355796
0.0358155
0.0360521
0.0362955
0.0365382
0.0367816
0.0370265
0.037273
0.037522
0.0377718
0.0380166
0.0382381
0.0383837
0.0314401
0.0316425
0.0318466
0.0320524
0.0322602
0.0324701
0.032682
0.0328959
0.0331118
0.0333303
0.033547
0.0337676
0.0339909
0.0342184
0.0344428
0.0346717
0.0349003
0.035133
0.0353655
0.0355975
0.0358362
0.0360742
0.0363127
0.0365583
0.0368039
0.03705
0.0372975
0.0375466
0.0377961
0.0380399
0.0382631
0.0384074
0.0314717
0.0316739
0.031878
0.032089
0.0322994
0.0325056
0.0327156
0.0329283
0.0331432
0.0333607
0.0335807
0.0337992
0.0340213
0.0342466
0.034471
0.0346999
0.0349274
0.0351602
0.0353917
0.0356288
0.0358657
0.0361026
0.0363465
0.0365901
0.0368337
0.0370784
0.0373249
0.0375732
0.0378224
0.0380664
0.0382894
0.0384342
0.0315185
0.0317203
0.031924
0.0321295
0.032337
0.0325463
0.0327577
0.032971
0.0331861
0.0334035
0.0336236
0.033842
0.0340641
0.0342893
0.0345136
0.0347423
0.0349698
0.0352025
0.0354338
0.0356708
0.0359075
0.0361442
0.0363881
0.0366318
0.0368755
0.03712
0.0373661
0.0376142
0.037863
0.0381069
0.0383293
0.038474
0.0315795
0.0317808
0.0319835
0.0321888
0.0323961
0.0326053
0.0328165
0.0330297
0.0332457
0.0334647
0.0336804
0.0339
0.0341227
0.0343447
0.0345706
0.0348004
0.0350286
0.0352614
0.0354931
0.0357245
0.0359626
0.0362
0.0364378
0.036683
0.036928
0.0371735
0.0374203
0.0376687
0.0379174
0.0381603
0.0383829
0.0385265
0.0316546
0.0318551
0.0320578
0.032262
0.0324682
0.0326766
0.0328871
0.0330996
0.0333142
0.0335309
0.0337504
0.0339679
0.0341893
0.0344136
0.034637
0.0348651
0.0350915
0.0353239
0.0355544
0.0357912
0.0360267
0.0362627
0.0365056
0.0367476
0.0369904
0.0372344
0.0374803
0.0377286
0.0379775
0.0382254
0.0384439
0.0385874
0.0317444
0.0319443
0.0321463
0.0323503
0.0325562
0.0327642
0.0329742
0.0331863
0.0334003
0.0336165
0.0338357
0.0340524
0.034273
0.0344968
0.0347194
0.0349468
0.0351776
0.0354068
0.0356354
0.0358715
0.0361059
0.0363462
0.0365864
0.0368267
0.0370683
0.037312
0.0375631
0.0378132
0.0380627
0.0383061
0.0385223
0.0386645
0.0318489
0.0320488
0.0322551
0.0324606
0.0326666
0.0328739
0.0330834
0.0332954
0.0335098
0.0337208
0.0339363
0.0341547
0.0343756
0.0345956
0.0348196
0.0350469
0.0352737
0.0355043
0.0357343
0.035969
0.0362039
0.0364389
0.036681
0.0369227
0.0371644
0.0374069
0.0376515
0.0378987
0.0381467
0.0383939
0.0386112
0.0387536
0.0319748
0.0321735
0.032379
0.0325835
0.0327883
0.0329945
0.0332028
0.0334136
0.0336269
0.0338424
0.0340546
0.0342712
0.034491
0.0347138
0.0349349
0.0351603
0.0353843
0.0356145
0.0358429
0.0360777
0.0363107
0.0365501
0.0367886
0.0370273
0.037268
0.0375157
0.0377629
0.0380103
0.0382573
0.0384981
0.0387182
0.0388596
0.0321189
0.0323167
0.0325167
0.0327181
0.0329214
0.0331319
0.0333422
0.0335481
0.0337579
0.0339707
0.0341858
0.034403
0.0346228
0.0348409
0.0350638
0.0352896
0.0355137
0.0357432
0.0359705
0.0362046
0.0364367
0.0366756
0.0369131
0.0371506
0.0373909
0.0376378
0.037884
0.0381306
0.0383767
0.0386166
0.0388364
0.0389775
0.0322816
0.0324777
0.0326755
0.0328799
0.0330834
0.0332881
0.0334947
0.0337035
0.0339141
0.0341272
0.0343432
0.0345557
0.0347725
0.0349923
0.0352151
0.0354367
0.0356624
0.0358865
0.036117
0.0363456
0.0365802
0.0368129
0.0370527
0.0372912
0.03753
0.0377709
0.038019
0.0382662
0.0385124
0.0387521
0.038971
0.039111
0.0324592
0.0326541
0.0328511
0.0330496
0.0332549
0.0334595
0.0336651
0.0338722
0.0340814
0.034293
0.0345078
0.0347189
0.0349344
0.0351529
0.0353743
0.0355934
0.0358184
0.0360462
0.036272
0.0365032
0.0367328
0.0369689
0.0372039
0.0374387
0.0376814
0.0379228
0.0381647
0.0384078
0.0386521
0.038896
0.0391105
0.03925
0.0326282
0.0328248
0.0330217
0.0332194
0.0334187
0.0336247
0.03383
0.0340365
0.0342442
0.034454
0.0346662
0.0348805
0.0350922
0.0353082
0.0355275
0.0357494
0.035969
0.0361944
0.0364227
0.0366491
0.0368814
0.0371119
0.0373487
0.0375842
0.0378194
0.0380581
0.0383022
0.0385453
0.0387876
0.0390255
0.0392412
0.0393816
0.0327511
0.0329463
0.0331421
0.0333385
0.033541
0.0337432
0.0339464
0.0341505
0.0343562
0.0345641
0.0347742
0.0349867
0.0352012
0.0354184
0.0356331
0.0358524
0.0360752
0.036296
0.0365207
0.0367504
0.0369771
0.0372106
0.0374418
0.0376805
0.037917
0.038153
0.0383926
0.0386375
0.0388801
0.039116
0.0393314
0.0394725
0.0304113
0.0306183
0.0308294
0.0310433
0.0312597
0.0314787
0.031702
0.0319216
0.0321454
0.0323688
0.0325971
0.0328295
0.03306
0.0332907
0.0335282
0.0337653
0.0340027
0.0342475
0.034492
0.0347367
0.0349827
0.0352309
0.0354814
0.0357342
0.0359891
0.0362466
0.0365064
0.0367634
0.0370229
0.0372803
0.0375125
0.0376641
0.0304134
0.0306242
0.0308371
0.0310519
0.0312689
0.0314896
0.0317074
0.0319293
0.032155
0.0323795
0.0326081
0.0328365
0.0330693
0.0333018
0.0335395
0.0337767
0.0340143
0.0342531
0.0344996
0.0347459
0.0349931
0.0352419
0.0354927
0.0357455
0.0360008
0.0362587
0.0365137
0.0367727
0.0370343
0.0372925
0.0375241
0.0376762
0.030438
0.0306492
0.030863
0.0310741
0.0312893
0.0315074
0.0317281
0.0319531
0.032175
0.0324012
0.0326275
0.0328582
0.0330887
0.033324
0.0335592
0.0337943
0.034036
0.0342775
0.0345196
0.0347632
0.0350087
0.0352566
0.035507
0.0357596
0.0360145
0.0362718
0.0365313
0.0367929
0.0370561
0.0373103
0.0375469
0.0376956
0.0304686
0.0306793
0.0308921
0.0311082
0.0313269
0.0315421
0.0317614
0.0319843
0.0322065
0.0324325
0.0326627
0.032891
0.0331194
0.0333544
0.0335882
0.0338277
0.0340671
0.0343066
0.0345475
0.0347913
0.0350421
0.0352928
0.0355444
0.0357981
0.0360492
0.0363036
0.0365612
0.0368221
0.0370846
0.0373436
0.0375763
0.0377277
0.0305152
0.0307259
0.0309391
0.0311551
0.0313684
0.0315856
0.0318058
0.0320291
0.0322508
0.0324767
0.0327018
0.0329324
0.0331617
0.0333971
0.033631
0.0338706
0.03411
0.0343495
0.0345903
0.0348338
0.0350845
0.0353351
0.0355866
0.0358401
0.0360959
0.036348
0.0366045
0.0368645
0.0371263
0.0373849
0.037617
0.0377682
0.0305719
0.0307819
0.0309941
0.0312084
0.0314246
0.0316431
0.0318652
0.0320847
0.0323083
0.0325362
0.0327618
0.0329916
0.0332217
0.033457
0.0336913
0.0339261
0.0341672
0.0344083
0.0346498
0.0348924
0.0351368
0.0353836
0.0356334
0.0358855
0.0361398
0.0363966
0.0366556
0.0369165
0.037179
0.0374328
0.0376683
0.0378165
0.0306541
0.0308641
0.0310765
0.0312859
0.0314995
0.0317164
0.0319361
0.0321594
0.0323801
0.0326052
0.0328296
0.0330593
0.0332878
0.0335224
0.0337555
0.0339942
0.0342328
0.0344714
0.0347113
0.0349592
0.0352068
0.0354554
0.0357056
0.0359576
0.0362121
0.0364691
0.0367232
0.036981
0.0372416
0.0374986
0.0377296
0.0378804
0.0307434
0.0309499
0.0311598
0.0313722
0.0315868
0.0318037
0.032023
0.0322467
0.0324668
0.0326913
0.0329152
0.0331443
0.0333722
0.0336062
0.0338385
0.0340769
0.0343147
0.0345525
0.0347923
0.0350395
0.0352865
0.0355346
0.0357843
0.0360359
0.0362899
0.0365465
0.0368052
0.0370605
0.037319
0.0375749
0.0378057
0.0379556
0.0308509
0.031059
0.0312692
0.0314819
0.0316975
0.0319101
0.032127
0.0323471
0.0325698
0.0327918
0.033018
0.0332482
0.0334765
0.0337045
0.03394
0.034174
0.0344141
0.0346538
0.0348936
0.035135
0.0353791
0.0356302
0.0358813
0.0361336
0.0363879
0.0366389
0.0368938
0.0371522
0.0374122
0.0376686
0.0378984
0.0380482
0.0309801
0.0311868
0.031396
0.0316079
0.0318225
0.0320341
0.0322499
0.0324688
0.0326906
0.0329108
0.0331363
0.0333649
0.0335926
0.0338249
0.0340568
0.0342888
0.0345278
0.0347656
0.0350042
0.0352507
0.0354965
0.0357434
0.0359918
0.036242
0.0364946
0.0367493
0.0370063
0.0372656
0.0375206
0.0377737
0.0380038
0.0381521
0.0311242
0.0313299
0.0315377
0.0317476
0.0319598
0.0321742
0.0323907
0.0326098
0.0328273
0.0330495
0.0332749
0.0334988
0.0337281
0.0339555
0.0341896
0.0344218
0.0346609
0.0348987
0.0351366
0.0353775
0.0356252
0.0358723
0.03612
0.0363694
0.0366211
0.0368752
0.0371315
0.0373902
0.0376445
0.0378967
0.0381299
0.038275
0.031291
0.0314954
0.0317017
0.0319102
0.032121
0.0323341
0.0325494
0.0327676
0.0329881
0.0332068
0.0334302
0.0336567
0.0338818
0.0341121
0.0343412
0.0345764
0.0348105
0.0350449
0.0352866
0.0355271
0.0357685
0.0360119
0.0362584
0.0365069
0.0367622
0.0370127
0.037266
0.0375217
0.0377791
0.0380331
0.0382622
0.0384093
0.031476
0.0316791
0.0318842
0.0320914
0.0323008
0.0325124
0.0327266
0.0329435
0.0331584
0.033378
0.0336008
0.0338266
0.0340505
0.0342795
0.0345068
0.0347407
0.0349726
0.0352108
0.0354483
0.0356856
0.0359248
0.0361719
0.0364186
0.0366662
0.0369157
0.0371669
0.0374205
0.0376763
0.0379334
0.0381819
0.0384109
0.0385584
0.031656
0.0318613
0.032066
0.0322723
0.0324805
0.032691
0.0329039
0.0331196
0.0333323
0.0335494
0.03377
0.0339938
0.0342156
0.0344426
0.0346676
0.0348995
0.0351291
0.0353657
0.0356002
0.0358364
0.0360789
0.0363208
0.0365635
0.0368085
0.0370562
0.0373061
0.0375579
0.0378115
0.0380664
0.0383176
0.038545
0.0386919
0.0317881
0.0319873
0.0321935
0.0324002
0.0326079
0.0328174
0.0330289
0.0332382
0.0334511
0.0336672
0.0338866
0.0341089
0.0343287
0.0345538
0.0347831
0.0350097
0.0352425
0.035473
0.0357057
0.0359439
0.0361811
0.0364213
0.0366678
0.0369135
0.0371596
0.0374073
0.0376573
0.0379093
0.0381626
0.0384121
0.038638
0.0387853
0.0294392
0.029656
0.0298772
0.0301032
0.0303269
0.030555
0.0307835
0.0310164
0.0312493
0.031482
0.0317219
0.0319612
0.032201
0.0324431
0.032693
0.0329431
0.0331944
0.0334474
0.0337031
0.0339555
0.0342121
0.0344722
0.0347354
0.0350018
0.0352653
0.0355337
0.0358001
0.036072
0.0363416
0.0366112
0.0368576
0.0370139
0.0294452
0.0296651
0.0298884
0.0301105
0.0303365
0.0305617
0.0307926
0.0310223
0.031258
0.0314927
0.0317332
0.0319737
0.0322146
0.032457
0.0327015
0.0329485
0.0331981
0.0334499
0.0337038
0.0339602
0.0342192
0.0344805
0.0347445
0.0350056
0.0352725
0.0355424
0.0358097
0.0360826
0.0363522
0.0366233
0.0368709
0.0370262
0.0294677
0.0296853
0.029907
0.0301314
0.0303552
0.0305837
0.0308109
0.0310441
0.0312759
0.0315141
0.0317522
0.0319905
0.0322355
0.0324808
0.0327267
0.0329742
0.0332237
0.0334752
0.0337292
0.0339858
0.034245
0.0345013
0.0347627
0.0350275
0.0352955
0.0355615
0.0358321
0.0361003
0.0363742
0.036641
0.0368869
0.0370466
0.0294996
0.0297206
0.02994
0.0301635
0.0303907
0.0306169
0.0308471
0.0310775
0.0313129
0.0315486
0.0317845
0.0320223
0.0322673
0.0325117
0.0327567
0.0330034
0.0332524
0.0335037
0.0337573
0.0340136
0.0342727
0.0345343
0.0347932
0.0350569
0.0353245
0.0355895
0.0358594
0.0361331
0.0364042
0.0366758
0.0369192
0.0370772
0.0295455
0.0297672
0.0299863
0.0302097
0.0304376
0.0306633
0.0308934
0.0311239
0.0313543
0.031592
0.0318287
0.0320662
0.0323113
0.0325557
0.0328005
0.0330471
0.0332959
0.033547
0.0338003
0.0340565
0.0343153
0.0345767
0.0348353
0.0350988
0.0353663
0.0356311
0.0359008
0.0361744
0.0364451
0.0367167
0.0369599
0.0371177
0.0296058
0.0298241
0.0300456
0.0302713
0.0304944
0.0307218
0.0309496
0.0311816
0.0314137
0.031651
0.031888
0.0321255
0.0323643
0.032611
0.0328577
0.0331053
0.0333545
0.0336056
0.0338592
0.0341153
0.0343692
0.0346268
0.0348885
0.0351532
0.035421
0.0356865
0.0359568
0.0362244
0.0364979
0.0367644
0.0370098
0.0371687
0.0296836
0.0298995
0.0301196
0.030343
0.0305656
0.030793
0.0310243
0.0312539
0.0314836
0.0317206
0.0319569
0.0321935
0.0324378
0.0326811
0.0329252
0.033171
0.0334191
0.0336695
0.0339222
0.0341776
0.0344356
0.034696
0.0349592
0.0352196
0.0354854
0.0357543
0.0360207
0.0362926
0.0365612
0.0368314
0.0370778
0.037232
0.0297737
0.0299905
0.0302105
0.0304342
0.0306564
0.030883
0.0311089
0.0313402
0.0315702
0.0318067
0.0320428
0.0322792
0.0325232
0.0327662
0.0330098
0.033255
0.0335026
0.0337524
0.0340045
0.0342593
0.0345168
0.0347768
0.0350396
0.0352991
0.0355643
0.0358328
0.0360979
0.0363697
0.0366381
0.0369073
0.0371529
0.0373075
0.0298837
0.0301033
0.0303198
0.0305408
0.0307652
0.0309889
0.031217
0.0314444
0.0316774
0.0319094
0.0321473
0.032385
0.032623
0.0328629
0.0331106
0.033358
0.0336064
0.0338563
0.0341084
0.034363
0.0346201
0.0348746
0.035133
0.0353959
0.0356615
0.0359248
0.0361929
0.0364649
0.0367337
0.0370034
0.0372494
0.0374024
0.0300176
0.0302307
0.0304481
0.0306689
0.0308929
0.0311156
0.0313428
0.0315691
0.0318014
0.032032
0.0322692
0.0325054
0.0327418
0.0329862
0.0332304
0.0334755
0.0337224
0.0339712
0.0342222
0.0344759
0.0347323
0.0349911
0.0352525
0.0355106
0.0357742
0.036041
0.0363047
0.0365746
0.0368423
0.0371089
0.037353
0.0375073
0.0301657
0.0303812
0.0305994
0.0308162
0.0310376
0.0312622
0.0314857
0.0317144
0.0319413
0.0321752
0.0324075
0.0326467
0.0328848
0.0331234
0.0333642
0.0336122
0.0338598
0.0341085
0.0343592
0.0346122
0.0348676
0.0351258
0.0353807
0.0356403
0.0359041
0.0361707
0.0364337
0.0367032
0.0369696
0.0372353
0.0374782
0.0376316
0.030339
0.0305535
0.0307716
0.0309867
0.0312064
0.0314299
0.0316516
0.031879
0.0321096
0.0323398
0.0325694
0.0328067
0.0330426
0.0332799
0.0335245
0.0337687
0.0340135
0.0342598
0.0345083
0.0347595
0.0350133
0.0352696
0.0355283
0.0357895
0.0360481
0.0363108
0.036578
0.0368429
0.0371112
0.0373792
0.0376224
0.0377729
0.0305262
0.0307389
0.0309544
0.0311723
0.0313928
0.0316117
0.0318351
0.0320621
0.032288
0.0325189
0.0327483
0.032984
0.0332186
0.033453
0.0336964
0.0339387
0.0341816
0.034426
0.0346727
0.0349221
0.0351742
0.0354287
0.0356857
0.0359453
0.0362075
0.0364667
0.0367299
0.0369979
0.0372627
0.0375267
0.0377684
0.0379231
0.0307255
0.0309372
0.0311459
0.0313595
0.0315767
0.0317967
0.0320199
0.0322411
0.0324677
0.0326928
0.032924
0.0331539
0.0333901
0.033624
0.033861
0.0341036
0.0343453
0.0345879
0.0348334
0.0350815
0.0353318
0.0355841
0.0358387
0.0360954
0.0363554
0.0366181
0.0368834
0.0371446
0.037411
0.0376764
0.0379128
0.038065
0.0308629
0.0310715
0.0312823
0.0314958
0.0317121
0.0319313
0.032148
0.0323697
0.0325956
0.0328187
0.0330482
0.0332763
0.0335104
0.0337427
0.0339826
0.0342206
0.0344588
0.0347004
0.034944
0.0351943
0.0354449
0.0356965
0.0359505
0.0362073
0.0364611
0.0367183
0.0369787
0.0372435
0.0375056
0.0377664
0.0380058
0.0381608
0.0285052
0.028736
0.0289659
0.0292021
0.0294375
0.0296737
0.0299173
0.0301604
0.0304044
0.0306497
0.0308975
0.0311479
0.031401
0.0316565
0.0319147
0.0321757
0.0324397
0.032701
0.0329677
0.0332378
0.0335058
0.0337793
0.0340509
0.0343284
0.0346045
0.0348794
0.0351623
0.0354432
0.0357233
0.0360028
0.0362622
0.036426
0.0285168
0.0287473
0.0289781
0.0292141
0.0294505
0.0296872
0.0299255
0.0301713
0.0304164
0.0306625
0.0309108
0.0311614
0.0314144
0.0316701
0.0319286
0.03219
0.0324489
0.0327127
0.0329799
0.0332447
0.0335156
0.0337845
0.0340596
0.0343326
0.0346122
0.0348894
0.0351676
0.035452
0.0357344
0.0360131
0.0362742
0.0364376
0.0285406
0.028769
0.0290017
0.0292349
0.0294681
0.0297085
0.0299485
0.0301894
0.0304322
0.0306784
0.0309319
0.0311855
0.0314357
0.0316894
0.0319468
0.0322072
0.0324703
0.0327316
0.0329967
0.0332663
0.0335334
0.0338062
0.0340771
0.0343537
0.0346282
0.0349106
0.0351908
0.0354704
0.0357524
0.0360363
0.0362941
0.0364575
0.0285729
0.0288002
0.0290331
0.0292652
0.0295029
0.0297407
0.0299788
0.0302189
0.030467
0.0307152
0.0309651
0.031217
0.031471
0.0317276
0.0319813
0.0322392
0.032501
0.032766
0.0330286
0.0332965
0.0335683
0.0338374
0.0341124
0.0343857
0.0346652
0.0349435
0.0352208
0.0355005
0.0357855
0.0360656
0.0363273
0.0364906
0.02862
0.0288474
0.0290798
0.0293119
0.0295493
0.0297872
0.0300252
0.0302648
0.0305128
0.0307612
0.0310106
0.0312618
0.0315156
0.0317721
0.0320253
0.0322832
0.0325447
0.0328095
0.0330717
0.0333395
0.0336113
0.0338802
0.0341551
0.0344283
0.0347077
0.0349858
0.0352629
0.0355424
0.0358273
0.0361071
0.0363686
0.0365316
0.0286774
0.0289074
0.0291368
0.029372
0.0296067
0.0298418
0.0300843
0.0303263
0.0305695
0.0308146
0.0310619
0.031312
0.0315647
0.0318199
0.0320775
0.0323375
0.0326002
0.0328605
0.0331257
0.033395
0.0336616
0.0339345
0.0342048
0.0344813
0.0347554
0.0350374
0.0353172
0.0355963
0.0358779
0.0361613
0.0364186
0.0365815
0.0287555
0.0289831
0.0292153
0.0294475
0.0296795
0.0299187
0.0301577
0.0303973
0.0306392
0.0308892
0.0311392
0.0313903
0.0316437
0.0318944
0.0321488
0.0324066
0.032668
0.0329323
0.0331945
0.0334614
0.0337326
0.0340006
0.034275
0.034547
0.0348259
0.0351027
0.0353797
0.0356636
0.0359454
0.0362233
0.0364835
0.0366458
0.0288447
0.0290736
0.0293019
0.0295362
0.0297693
0.0300085
0.0302478
0.0304874
0.0307286
0.0309728
0.0312245
0.0314765
0.0317303
0.0319807
0.0322347
0.0324924
0.0327533
0.0330173
0.0332789
0.0335453
0.033816
0.0340832
0.0343572
0.0346283
0.0349069
0.0351827
0.0354597
0.0357425
0.0360234
0.0363015
0.0365601
0.0367223
0.0289595
0.0291854
0.0294158
0.0296458
0.0298812
0.0301167
0.0303522
0.0305952
0.0308384
0.0310824
0.0313284
0.0315768
0.0318277
0.032081
0.032337
0.0325956
0.0328571
0.0331157
0.0333797
0.0336472
0.033912
0.034183
0.0344522
0.0347266
0.0350003
0.0352799
0.0355572
0.0358361
0.03612
0.0363984
0.0366581
0.036819
0.0290906
0.0293175
0.0295478
0.0297776
0.0300123
0.0302468
0.0304813
0.0307233
0.0309657
0.0312087
0.0314535
0.0317004
0.0319496
0.0322017
0.0324565
0.0327141
0.0329746
0.0332378
0.033498
0.0337638
0.0340332
0.0343
0.0345725
0.0348428
0.0351198
0.0353947
0.0356702
0.0359517
0.0362311
0.0365083
0.0367652
0.036926
0.0292502
0.0294727
0.0297008
0.0299271
0.030161
0.0303932
0.0306324
0.0308711
0.0311099
0.0313507
0.0315994
0.031848
0.032098
0.03235
0.0326044
0.0328567
0.0331129
0.0333727
0.0336359
0.0339022
0.0341654
0.034435
0.0347028
0.0349751
0.0352524
0.0355277
0.0358017
0.0360833
0.0363622
0.0366376
0.0368933
0.0370529
0.0294253
0.0296499
0.0298779
0.0301043
0.0303364
0.0305673
0.0308046
0.0310416
0.0312786
0.0315178
0.0317654
0.0320127
0.0322614
0.0325121
0.0327651
0.0330207
0.0332791
0.0335341
0.0337939
0.0340578
0.0343248
0.0345887
0.0348589
0.0351268
0.035401
0.0356729
0.035951
0.0362264
0.0365089
0.0367859
0.0370378
0.0371985
0.0296279
0.0298478
0.0300735
0.0303025
0.0305304
0.0307631
0.0309959
0.0312284
0.0314695
0.0317094
0.0319499
0.0321922
0.0324381
0.0326864
0.0329372
0.0331903
0.0334455
0.0337027
0.0339629
0.0342263
0.0344927
0.0347554
0.0350243
0.0352908
0.0355625
0.0358336
0.0361089
0.0363833
0.0366636
0.0369375
0.0371924
0.03735
0.0298331
0.0300501
0.0302728
0.0304998
0.030724
0.0309555
0.0311847
0.0314214
0.0316562
0.0318926
0.0321362
0.0323788
0.0326223
0.0328675
0.0331152
0.0333656
0.0336184
0.0338733
0.0341318
0.0343932
0.0346577
0.0349184
0.0351844
0.0354543
0.0357206
0.0359937
0.0362632
0.0365403
0.0368136
0.037091
0.0373405
0.0374974
0.0299833
0.030203
0.0304206
0.0306425
0.03087
0.0310951
0.0313261
0.0315558
0.0317919
0.0320258
0.0322632
0.0325065
0.032749
0.0329923
0.0332385
0.0334871
0.033738
0.0339909
0.0342462
0.0345045
0.0347667
0.0350268
0.0352896
0.0355563
0.0358278
0.0360946
0.0363683
0.0366385
0.0369153
0.0371857
0.0374379
0.0375969
0.0276291
0.027868
0.0281143
0.0283606
0.0286085
0.0288584
0.0291106
0.0293656
0.0296236
0.0298794
0.030139
0.0304034
0.0306712
0.0309362
0.0312073
0.0314763
0.0317519
0.0320253
0.0323059
0.0325844
0.0328629
0.0331491
0.033434
0.0337191
0.0340053
0.0342929
0.0345824
0.0348735
0.035166
0.0354576
0.035733
0.0359022
0.0276387
0.0278778
0.0281194
0.0283689
0.0286186
0.0288697
0.0291229
0.0293786
0.0296314
0.0298888
0.0301502
0.0304148
0.0306775
0.0309455
0.0312177
0.0314874
0.0317633
0.032038
0.0323134
0.032595
0.0328751
0.0331561
0.0334445
0.0337316
0.0340184
0.034306
0.0345951
0.0348858
0.0351782
0.0354698
0.0357419
0.0359126
0.027658
0.0279018
0.0281454
0.0283901
0.0286368
0.0288862
0.0291382
0.0293929
0.0296502
0.0299103
0.0301734
0.0304342
0.0307005
0.0309702
0.0312381
0.0315117
0.0317836
0.0320615
0.0323381
0.0326139
0.0328979
0.0331802
0.0334626
0.0337461
0.0340328
0.0343256
0.034618
0.034911
0.0352045
0.0354968
0.0357667
0.0359373
0.027695
0.0279357
0.0281776
0.0284216
0.0286678
0.028917
0.0291688
0.0294229
0.0296801
0.0299403
0.0302034
0.0304697
0.0307333
0.031002
0.0312688
0.0315421
0.031813
0.0320906
0.0323657
0.0326479
0.0329287
0.0332089
0.0334907
0.0337798
0.0340679
0.0343565
0.0346463
0.0349377
0.0352307
0.0355221
0.0357924
0.0359626
0.0277413
0.0279824
0.0282244
0.028468
0.0287139
0.0289625
0.0292141
0.0294686
0.0297259
0.0299861
0.0302489
0.0305096
0.030775
0.0310448
0.0313118
0.0315855
0.0318563
0.032134
0.0324091
0.0326912
0.0329719
0.033252
0.0335335
0.0338226
0.0341107
0.0343991
0.0346887
0.0349799
0.0352726
0.0355639
0.0358339
0.0360038
0.027801
0.0280389
0.0282848
0.0285306
0.0287776
0.0290266
0.0292779
0.0295321
0.0297892
0.0300492
0.0303067
0.0305696
0.0308362
0.0311002
0.0313704
0.0316393
0.0319135
0.0321869
0.0324658
0.0327427
0.033027
0.0333097
0.0335918
0.0338747
0.0341606
0.0344532
0.0347454
0.0350381
0.0353313
0.0356231
0.0358924
0.0360622
0.0278745
0.0281175
0.0283605
0.0286042
0.0288499
0.0290981
0.029349
0.0296024
0.0298587
0.030118
0.0303802
0.0306394
0.0309046
0.0311733
0.0314392
0.031712
0.0319822
0.0322592
0.0325338
0.0328154
0.0330955
0.033375
0.0336566
0.0339447
0.0342318
0.0345195
0.0348084
0.0350989
0.0353911
0.0356823
0.035953
0.0361227
0.0279687
0.0282057
0.0284509
0.0286958
0.0289418
0.0291901
0.0294408
0.029694
0.0299499
0.0302086
0.0304655
0.0307262
0.0309919
0.0312607
0.0315267
0.0317991
0.0320687
0.0323456
0.0326196
0.0329007
0.0331803
0.033459
0.0337399
0.0340275
0.0343141
0.034601
0.0348892
0.0351789
0.0354702
0.0357608
0.036032
0.0362013
0.0280833
0.0283247
0.0285657
0.0288074
0.029051
0.0292973
0.0295469
0.0297987
0.030053
0.0303108
0.0305712
0.0308346
0.0310958
0.0313619
0.0316321
0.0318992
0.0321729
0.0324443
0.0327227
0.0329988
0.0332763
0.0335593
0.0338409
0.034123
0.0344134
0.0347025
0.0349918
0.0352819
0.0355727
0.0358621
0.0361298
0.0362977
0.0282207
0.0284555
0.0286982
0.0289403
0.0291836
0.0294291
0.0296773
0.0299281
0.0301819
0.0304388
0.0306984
0.0309611
0.0312211
0.0314854
0.0317547
0.0320211
0.0322933
0.0325644
0.0328411
0.0331156
0.0333975
0.0336772
0.0339564
0.0342441
0.0345304
0.0348167
0.035104
0.0353926
0.0356827
0.0359715
0.0362409
0.0364084
0.0283794
0.0286179
0.0288562
0.029095
0.0293364
0.0295863
0.0298364
0.0300879
0.0303416
0.0305927
0.0308479
0.0311069
0.0313694
0.0316351
0.031898
0.0321672
0.0324402
0.0327108
0.0329818
0.0332587
0.0335343
0.0338171
0.0340976
0.0343779
0.0346613
0.0349506
0.0352389
0.0355274
0.0358161
0.0361032
0.0363702
0.0365364
0.0285678
0.0288011
0.0290415
0.0292815
0.029522
0.0297644
0.0300094
0.0302577
0.0305087
0.0307619
0.0310173
0.0312761
0.0315378
0.0318027
0.0320643
0.0323319
0.0326038
0.0328725
0.0331474
0.0334203
0.0336944
0.0339739
0.0342514
0.0345369
0.0348204
0.0351035
0.0353873
0.0356733
0.0359613
0.0362529
0.0365187
0.0366836
0.0287783
0.0290096
0.0292486
0.0294868
0.0297251
0.0299655
0.0302091
0.0304595
0.0307104
0.030963
0.0312179
0.0314704
0.0317269
0.0319872
0.0322518
0.0325192
0.0327833
0.033054
0.0333221
0.0335962
0.0338681
0.0341472
0.0344236
0.0347022
0.0349861
0.0352683
0.0355506
0.0358356
0.0361264
0.0364136
0.0366768
0.0368405
0.0289947
0.0292263
0.0294577
0.0296955
0.0299318
0.0301706
0.0304165
0.0306623
0.0309094
0.0311585
0.0314099
0.031664
0.031921
0.0321808
0.0324376
0.0326985
0.0329649
0.0332293
0.0334971
0.0337711
0.0340405
0.0343179
0.0345922
0.034868
0.0351492
0.0354283
0.0357093
0.0359962
0.0362814
0.0365636
0.0368261
0.0369902
0.0291589
0.0293876
0.0296169
0.0298507
0.0300847
0.0303255
0.030565
0.0308056
0.0310494
0.0312955
0.0315443
0.0317956
0.0320491
0.032305
0.0325629
0.0328235
0.0330892
0.0333517
0.0336171
0.0338886
0.0341567
0.0344304
0.0347028
0.0349813
0.0352567
0.0355347
0.0358168
0.0360971
0.0363795
0.0366655
0.0369276
0.0370928
0.026815
0.0270698
0.0273222
0.027579
0.02784
0.0281043
0.0283668
0.028634
0.0289059
0.0291752
0.0294512
0.0297257
0.0300072
0.0302879
0.0305682
0.0308493
0.0311384
0.0314265
0.0317149
0.0320044
0.0322956
0.0325886
0.032883
0.0331794
0.033478
0.0337787
0.0340759
0.0343756
0.0346781
0.0349809
0.0352647
0.0354406
0.026817
0.0270706
0.0273269
0.0275864
0.0278487
0.0281141
0.0283769
0.0286456
0.028913
0.0291857
0.0294577
0.0297351
0.030011
0.0302947
0.0305766
0.0308584
0.031142
0.0314337
0.0317246
0.0320159
0.0323084
0.032602
0.0328972
0.0331943
0.0334883
0.033785
0.0340843
0.0343862
0.0346899
0.0349936
0.0352785
0.035453
0.0268436
0.0270973
0.0273539
0.0276136
0.0278709
0.0281341
0.0284011
0.0286658
0.0289365
0.0292061
0.0294815
0.0297556
0.0300365
0.0303155
0.0305953
0.0308826
0.0311688
0.0314554
0.0317434
0.0320324
0.0323232
0.032616
0.0329108
0.033207
0.0335051
0.033805
0.0341063
0.0344098
0.0347094
0.0350104
0.0352935
0.0354725
0.0268749
0.027128
0.0273844
0.0276442
0.0279069
0.0281669
0.0284328
0.0287024
0.0289701
0.0292441
0.0295163
0.0297948
0.030072
0.0303485
0.0306333
0.0309171
0.0312009
0.0314859
0.0317729
0.0320625
0.0323535
0.032646
0.0329403
0.0332361
0.0335331
0.0338318
0.0341332
0.0344361
0.0347409
0.0350402
0.0353226
0.0355003
0.0269211
0.0271744
0.027431
0.0276908
0.0279486
0.0282107
0.0284776
0.0287477
0.029016
0.02929
0.0295626
0.0298357
0.0301149
0.0303925
0.0306778
0.0309619
0.0312459
0.0315309
0.0318175
0.0321067
0.0323974
0.0326896
0.0329837
0.0332793
0.033576
0.0338747
0.0341759
0.0344787
0.0347834
0.0350824
0.0353647
0.035542
0.0269846
0.0272394
0.0274915
0.0277485
0.0280094
0.0282733
0.0285354
0.0288027
0.0290744
0.0293436
0.0296192
0.0298928
0.0301736
0.0304534
0.0307328
0.031014
0.0313027
0.0315898
0.0318772
0.0321658
0.0324559
0.032748
0.0330419
0.0333374
0.0336348
0.0339341
0.0342351
0.0345383
0.0348374
0.0351382
0.0354204
0.0355987
0.0270605
0.0273142
0.0275707
0.0278247
0.0280832
0.0283464
0.028613
0.0288767
0.0291468
0.0294155
0.0296897
0.0299631
0.0302427
0.0305205
0.0308003
0.031086
0.0313709
0.0316563
0.0319431
0.0322322
0.0325227
0.0328147
0.0331084
0.0334037
0.0337
0.0339979
0.0342983
0.0346004
0.0349042
0.0352082
0.0354882
0.0356638
0.0271508
0.0274027
0.0276572
0.0279143
0.0281748
0.0284383
0.0287051
0.0289697
0.0292395
0.0295067
0.0297811
0.0300533
0.0303332
0.030611
0.0308892
0.0311751
0.0314597
0.0317446
0.0320306
0.0323181
0.0326079
0.0328994
0.0331926
0.0334874
0.0337833
0.0340807
0.0343803
0.0346817
0.0349849
0.0352883
0.0355722
0.035745
0.0272733
0.0275258
0.0277809
0.0280333
0.0282898
0.0285512
0.0288162
0.0290792
0.0293465
0.0296187
0.0298884
0.0301648
0.0304391
0.03072
0.0309998
0.031279
0.0315599
0.0318485
0.0321361
0.0324241
0.0327133
0.0330041
0.0332962
0.0335901
0.0338859
0.0341838
0.0344831
0.0347845
0.0350827
0.0353814
0.0356631
0.0358387
0.027407
0.0276572
0.0279099
0.028165
0.0284233
0.0286846
0.028949
0.0292108
0.0294782
0.0297498
0.0300191
0.0302947
0.0305682
0.0308427
0.0311233
0.0314022
0.0316829
0.0319704
0.0322569
0.0325437
0.032832
0.033122
0.0334138
0.0337068
0.0340017
0.0342986
0.0345976
0.034898
0.0352001
0.0355015
0.0357835
0.0359541
0.0275725
0.0278209
0.0280718
0.0283252
0.028581
0.02884
0.0291028
0.0293685
0.0296312
0.0299005
0.0301736
0.0304446
0.0307157
0.0309929
0.0312687
0.0315521
0.0318335
0.0321149
0.0323986
0.0326896
0.0329792
0.0332688
0.0335595
0.0338515
0.0341453
0.0344411
0.0347383
0.0350374
0.0353333
0.0356296
0.0359086
0.0360816
0.0277706
0.0280179
0.0282674
0.0285194
0.0287743
0.0290321
0.0292881
0.0295479
0.0298128
0.0300815
0.0303474
0.0306201
0.0308897
0.0311662
0.0314399
0.0317218
0.0320022
0.0322821
0.0325645
0.032854
0.0331418
0.0334295
0.033718
0.034008
0.0342997
0.0345934
0.0348885
0.0351854
0.0354839
0.0357819
0.0360594
0.0362293
0.0279878
0.0282366
0.0284858
0.0287365
0.0289894
0.0292454
0.0294987
0.029756
0.0300178
0.0302839
0.0305477
0.0308162
0.0310895
0.0313597
0.0316371
0.0319123
0.0321877
0.0324701
0.0327506
0.0330316
0.0333159
0.0336057
0.0338946
0.0341837
0.0344741
0.0347659
0.0350586
0.0353529
0.0356489
0.0359446
0.0362198
0.0363912
0.0282256
0.0284661
0.0287089
0.0289555
0.0292049
0.0294568
0.0297107
0.029967
0.0302267
0.03049
0.0307512
0.0310158
0.0312861
0.0315538
0.0318269
0.032099
0.0323761
0.0326515
0.0329343
0.0332149
0.033495
0.0337784
0.0340681
0.034356
0.0346438
0.0349323
0.035222
0.0355131
0.0358058
0.036098
0.0363727
0.0365436
0.0283984
0.0286403
0.0288815
0.0291247
0.0293703
0.0296182
0.0298688
0.0301221
0.0303777
0.030636
0.0308978
0.0311639
0.0314264
0.0316932
0.0319611
0.0322313
0.0325086
0.0327812
0.0330568
0.0333361
0.0336147
0.0338959
0.0341825
0.0344681
0.0347537
0.0350408
0.035329
0.0356183
0.035909
0.0361993
0.036475
0.0366468
0.0260607
0.026329
0.0266017
0.0268723
0.0271491
0.0274246
0.0277
0.0279832
0.0282651
0.0285473
0.0288319
0.0291243
0.0294166
0.0297099
0.0300042
0.0303004
0.0305931
0.0308884
0.0311861
0.031487
0.0317899
0.0320951
0.0323971
0.0327021
0.0330106
0.0333217
0.0336289
0.0339404
0.0342483
0.0345595
0.0348544
0.0350363
0.0260734
0.026342
0.0266092
0.0268832
0.0271551
0.0274342
0.0277114
0.0279902
0.0282757
0.0285602
0.0288454
0.0291323
0.0294217
0.0297131
0.0300063
0.0303013
0.030598
0.0308966
0.0311971
0.0314991
0.031803
0.0321041
0.0324081
0.0327155
0.0330249
0.0333307
0.0336409
0.0339487
0.0342595
0.0345719
0.0348629
0.0350475
0.0260967
0.0263615
0.0266326
0.0269019
0.0271781
0.0274527
0.0277351
0.0280162
0.0282971
0.0285797
0.0288698
0.0291592
0.0294493
0.0297407
0.030034
0.0303288
0.0306256
0.0309246
0.0312257
0.0315228
0.0318242
0.0321281
0.0324343
0.0327368
0.0330439
0.0333535
0.0336599
0.0339705
0.0342836
0.0345914
0.0348841
0.0350666
0.0261288
0.0263937
0.0266637
0.026939
0.0272126
0.0274867
0.0277675
0.0280472
0.0283282
0.0286168
0.0289046
0.0291924
0.0294812
0.0297717
0.0300643
0.0303589
0.0306551
0.0309535
0.0312544
0.031557
0.0318559
0.0321581
0.0324634
0.0327709
0.0330745
0.0333827
0.0336937
0.0340007
0.0343128
0.0346204
0.0349129
0.035096
0.0261757
0.02644
0.0267104
0.0269854
0.0272595
0.0275329
0.0278143
0.0280941
0.0283743
0.0286632
0.0289506
0.0292382
0.0295268
0.0298172
0.0301096
0.0304041
0.0307003
0.0309986
0.0312992
0.0316017
0.0319001
0.0322022
0.0325072
0.0328145
0.033118
0.0334259
0.0337369
0.0340437
0.0343556
0.0346629
0.0349552
0.035138
0.0262323
0.026501
0.0267734
0.0270443
0.0273208
0.0275963
0.0278711
0.0281543
0.0284361
0.0287183
0.0290021
0.0292892
0.0295827
0.029876
0.0301698
0.0304651
0.0307624
0.0310562
0.0313528
0.0316528
0.0319549
0.032259
0.0325655
0.032868
0.033175
0.0334842
0.03379
0.0341005
0.0344132
0.0347208
0.0350126
0.0351937
0.0263099
0.026577
0.0268492
0.0271185
0.0273948
0.0276689
0.0279497
0.0282296
0.028509
0.0287902
0.0290791
0.0293673
0.0296563
0.029947
0.0302396
0.0305336
0.0308298
0.0311279
0.0314277
0.0317297
0.0320276
0.0323291
0.0326336
0.0329402
0.0332429
0.0335503
0.0338604
0.0341663
0.0344776
0.0347896
0.0350793
0.0352602
0.0264094
0.0266773
0.0269432
0.0272155
0.0274866
0.0277635
0.0280386
0.0283215
0.0286026
0.0288835
0.0291667
0.0294574
0.0297476
0.0300386
0.030331
0.0306247
0.0309203
0.031218
0.0315175
0.0318133
0.0321125
0.0324145
0.0327189
0.0330253
0.0333275
0.0336342
0.0339438
0.0342492
0.0345596
0.034871
0.0351602
0.035343
0.0265291
0.026795
0.0270652
0.0273332
0.0276073
0.0278795
0.0281583
0.0284363
0.0287142
0.0289946
0.029281
0.0295669
0.0298535
0.0301418
0.0304321
0.0307246
0.0310187
0.0313149
0.0316132
0.0319128
0.0322143
0.0325179
0.0328178
0.0331209
0.0334271
0.0337354
0.0340401
0.0343493
0.0346605
0.0349663
0.035257
0.0354376
0.0266707
0.0269375
0.0272019
0.0274727
0.0277414
0.0280165
0.0282894
0.02857
0.0288483
0.0291269
0.0294137
0.0296992
0.0299849
0.0302718
0.0305608
0.0308518
0.0311445
0.0314391
0.031736
0.0320351
0.0323357
0.0326383
0.0329424
0.0332421
0.0335463
0.0338531
0.0341626
0.0344676
0.0347769
0.0350814
0.0353706
0.0355526
0.0268416
0.027107
0.0273692
0.0276379
0.0279051
0.0281779
0.0284498
0.0287275
0.0290032
0.0292869
0.0295689
0.0298508
0.0301343
0.030426
0.030717
0.0310084
0.0313012
0.0315957
0.0318916
0.0321896
0.0324837
0.0327805
0.0330809
0.0333835
0.0336879
0.0339947
0.0342972
0.0346038
0.0349126
0.0352154
0.0355037
0.0356817
0.027041
0.0273038
0.0275696
0.0278326
0.0281017
0.0283686
0.0286415
0.0289137
0.0291921
0.0294687
0.0297531
0.0300357
0.0303179
0.0306013
0.0308876
0.0311763
0.0314716
0.0317664
0.0320619
0.0323589
0.0326513
0.0329462
0.0332435
0.0335439
0.0338461
0.0341506
0.034452
0.0347552
0.0350625
0.0353695
0.035659
0.0358334
0.0272743
0.0275315
0.0277928
0.0280576
0.0283205
0.0285873
0.0288599
0.029129
0.0294063
0.0296805
0.0299625
0.0302426
0.0305216
0.0308026
0.0310911
0.0313785
0.0316665
0.031956
0.0322465
0.0325389
0.0328327
0.0331282
0.0334256
0.0337244
0.034025
0.0343279
0.0346256
0.0349269
0.0352314
0.0355361
0.0358233
0.0359964
0.0275208
0.0277749
0.0280315
0.028291
0.0285548
0.0288219
0.0290853
0.0293556
0.0296241
0.0298979
0.030171
0.0304506
0.0307277
0.0310069
0.031292
0.0315755
0.0318589
0.032145
0.0324327
0.0327273
0.0330207
0.0333145
0.0336095
0.0339008
0.0341952
0.0344918
0.0347897
0.0350891
0.0353915
0.0356937
0.0359779
0.0361522
0.0277128
0.0279644
0.0282189
0.0284763
0.0287312
0.02899
0.0292521
0.0295196
0.0297848
0.0300535
0.0303241
0.0305976
0.030873
0.0311518
0.0314302
0.0317102
0.0319948
0.0322778
0.0325629
0.0328494
0.0331375
0.0334321
0.0337266
0.0340215
0.0343177
0.0346098
0.034904
0.0352002
0.0354983
0.0357966
0.0360797
0.0362599
)
;

boundaryField
{
    walls
    {
        type            zeroGradient;
    }
    procBoundary5to3
    {
        type            processor;
        value           nonuniform List<scalar> 
285
(
0
0
0
0
0
0
0
0
0
0
0
0
0
0
0
0
0
0
0
0
0
0
0
0
0
0
0
0
0
0
0
0
0
0
0
0
0
0
0
0
0
0
0
0
0
0.0398281
0.0398376
0.0398621
0.0398927
0.0399411
0.0399972
0
0
0
0
0
0
0
0
0
0.038689
0.0386947
0.0387132
0.0387426
0.0387919
0.0388581
0.0389314
0.0390171
0.0391077
0.0392264
0.0393514
0.0394828
0.0396251
0.0397504
0.039829
0.0375501
0.0375551
0.037576
0.0376057
0.0376549
0.0377232
0.037795
0.0378824
0.0379744
0.0380934
0.0382206
0.0383584
0.0385057
0.0386361
0.0387205
0.0364188
0.036429
0.0364525
0.0364821
0.0365311
0.0365905
0.0366654
0.0367538
0.0368523
0.0369661
0.0370981
0.037247
0.0373892
0.0375305
0.0376205
0.0353039
0.0353179
0.0353355
0.0353672
0.035415
0.0354777
0.0355501
0.0356382
0.0357408
0.0358573
0.0359912
0.0361391
0.0362895
0.0364387
0.0365295
0.0342041
0.0342161
0.0342343
0.0342681
0.0343156
0.0343754
0.03445
0.0345372
0.0346402
0.03476
0.0348969
0.0350518
0.0352095
0.0353579
0.035463
0.0331211
0.0322459
0.0331291
0.0322582
0.0331517
0.0322761
0.0331834
0.0323119
0.0332304
0.0323545
0.0332876
0.0324161
0.0333666
0.0324888
0.0334511
0.0325797
0.033559
0.0326886
0.0336812
0.032813
0.0338222
0.0329506
0.0339767
0.033108
0.0341424
0.0332799
0.0342984
0.0334453
0.0344071
0.0335603
0.0322459
0.0322582
0.0322761
0.0323119
0.0323545
0.0324161
0.0324888
0.0325797
0.0326886
0.032813
0.0329506
0.033108
0.0332799
0.0334453
0.0335603
0.031209
0.0312152
0.03124
0.0312713
0.0313192
0.0313785
0.0314554
0.0315445
0.0316507
0.031778
0.03192
0.0320867
0.0322623
0.0324365
0.0325613
0.0302006
0.0302046
0.0302291
0.03026
0.0303069
0.0303642
0.0304462
0.0305317
0.0306448
0.0307749
0.0309205
0.0310887
0.0312752
0.031457
0.0315905
0.0292189
0.0292283
0.0292488
0.0292818
0.0293275
0.0293918
0.0294646
0.0295613
0.0296679
0.0298021
0.0299526
0.0301272
0.0303161
0.0305162
0.0306566
0.0282801
0.0282904
0.0283128
0.0283449
0.0283923
0.0284526
0.028527
0.0286207
0.0287332
0.0288695
0.0290268
0.0292065
0.0294063
0.0296138
0.0297664
0.0273918
0.0274004
0.0274216
0.0274542
0.0275007
0.0275642
0.0276391
0.0277327
0.0278498
0.0279869
0.0281479
0.0283331
0.0285455
0.0287686
0.0289354
0.026563
0.0265658
0.0265926
0.0266245
0.0266704
0.0267324
0.0268098
0.0269014
0.0270229
0.0271599
0.0273271
0.027525
0.0277464
0.0279861
0.0281626
0.0257981
0.0258101
0.0258295
0.0258622
0.0259093
0.02597
0.0260476
0.0261458
0.0262694
0.026407
0.0265799
0.0267819
0.0270205
0.0272695
0.0274634
)
;
    }
    procBoundary5to4
    {
        type            processor;
        value           nonuniform List<scalar> 
480
(
0.0253939
0.0256787
0.0259626
0.026247
0.0265332
0.0268215
0.0271121
0.0274047
0.0276993
0.0279954
0.0282938
0.0285948
0.0288976
0.0292029
0.0295043
0.0298097
0.030118
0.0304239
0.0307326
0.0310452
0.0313537
0.0316679
0.0319789
0.032294
0.0326071
0.032924
0.0332383
0.0335576
0.0338732
0.0341932
0.0344925
0.0346815
0.0254055
0.0256849
0.0259723
0.0262591
0.0265465
0.0268349
0.0271254
0.0274181
0.0277132
0.02801
0.0283089
0.0286102
0.0289135
0.0292132
0.0295171
0.0298238
0.0301329
0.0304387
0.0307483
0.0310555
0.0313669
0.0316815
0.0319929
0.0323086
0.032621
0.0329386
0.033253
0.0335723
0.0338889
0.0342025
0.0345035
0.0346929
0.025428
0.0257097
0.0259916
0.0262751
0.0265623
0.0268562
0.0271502
0.0274448
0.0277413
0.0280342
0.02833
0.028629
0.0289311
0.029235
0.0295412
0.0298435
0.0301509
0.0304605
0.0307666
0.0310778
0.0313913
0.0317018
0.0320163
0.0323281
0.0326445
0.0329577
0.0332762
0.0335918
0.0339066
0.0342243
0.0345238
0.0347126
0.0254616
0.0257426
0.0260236
0.0263133
0.0266023
0.0268921
0.0271837
0.0274774
0.0277728
0.0280703
0.0283701
0.0286656
0.0289647
0.0292669
0.0295719
0.0298791
0.0301828
0.0304907
0.0308018
0.0311092
0.0314215
0.0317304
0.0320449
0.0323564
0.0326721
0.0329858
0.0333037
0.0336184
0.0339388
0.0342538
0.0345564
0.0347449
0.0255076
0.0257889
0.0260704
0.0263545
0.0266461
0.0269374
0.0272297
0.0275236
0.0278191
0.0281168
0.0284113
0.0287085
0.0290088
0.0293115
0.0296165
0.0299238
0.0302276
0.0305352
0.0308463
0.0311538
0.0314656
0.0317739
0.0320883
0.0323994
0.032715
0.0330285
0.0333463
0.033661
0.0339813
0.0342962
0.0345986
0.0347868
0.0255664
0.0258516
0.0261361
0.0264208
0.0267068
0.0269949
0.0272846
0.0275767
0.027871
0.0281672
0.0284654
0.0287656
0.0290674
0.0293715
0.0296719
0.0299764
0.0302843
0.0305943
0.0309008
0.0312112
0.0315185
0.0318306
0.0321459
0.0324582
0.0327745
0.0330879
0.0334061
0.0337217
0.0340353
0.0343526
0.0346511
0.0348389
0.0256475
0.0259316
0.0262148
0.0264983
0.0267833
0.0270708
0.0273605
0.0276521
0.0279458
0.0282413
0.0285381
0.0288369
0.0291387
0.0294422
0.0297479
0.0300498
0.0303556
0.0306645
0.0309705
0.0312797
0.0315925
0.0319012
0.0322149
0.0325255
0.0328407
0.0331536
0.0334708
0.033785
0.0341043
0.0344181
0.0347195
0.0349071
0.0257507
0.0260284
0.0263093
0.0265965
0.0268828
0.0271697
0.0274581
0.0277486
0.0280414
0.028336
0.0286327
0.0289316
0.0292322
0.0295351
0.0298409
0.0301424
0.030448
0.0307562
0.0310608
0.0313702
0.0316821
0.0319903
0.032303
0.0326123
0.0329269
0.0332388
0.0335553
0.0338688
0.0341875
0.0345009
0.0348015
0.0349886
0.0258692
0.026146
0.0264307
0.0267145
0.0269987
0.0272838
0.0275718
0.0278619
0.0281592
0.0284513
0.0287455
0.029042
0.0293406
0.0296418
0.0299454
0.0302507
0.0305526
0.0308586
0.0311674
0.0314728
0.0317818
0.0320941
0.0324024
0.0327156
0.0330262
0.0333405
0.0336582
0.0339727
0.0342855
0.0346016
0.0349034
0.0350891
0.0260164
0.0262938
0.0265708
0.0268568
0.0271416
0.0274265
0.0277127
0.0280009
0.0282916
0.028584
0.0288783
0.0291747
0.0294728
0.0297729
0.0300753
0.0303797
0.0306802
0.0309844
0.031292
0.0316022
0.0319083
0.0322182
0.0325251
0.0328362
0.0331509
0.0334616
0.0337774
0.0340896
0.0344065
0.0347183
0.0350171
0.0352015
0.0261886
0.0264675
0.026744
0.0270228
0.027308
0.0275922
0.0278769
0.0281634
0.028453
0.0287439
0.0290366
0.0293311
0.0296274
0.0299249
0.0302248
0.0305274
0.0308314
0.0311376
0.031439
0.0317455
0.0320547
0.0323598
0.032669
0.0329811
0.0332892
0.0336021
0.0339115
0.0342261
0.0345377
0.0348514
0.0351504
0.0353333
0.0263972
0.0266732
0.0269467
0.0272283
0.027508
0.0277874
0.0280706
0.0283597
0.0286484
0.0289379
0.0292288
0.029521
0.029815
0.0301111
0.0304093
0.0307093
0.0310116
0.03131
0.0316118
0.0319167
0.0322237
0.0325266
0.0328341
0.0331445
0.0334502
0.0337607
0.034074
0.0343833
0.0346969
0.035005
0.0352996
0.0354818
0.0266443
0.0269133
0.0271888
0.0274626
0.0277376
0.0280195
0.0282998
0.0285813
0.0288714
0.0291596
0.0294478
0.0297369
0.0300275
0.03032
0.0306146
0.0309109
0.0312093
0.0315097
0.0318068
0.0321061
0.0324087
0.0327135
0.0330203
0.0333232
0.0336296
0.0339395
0.0342453
0.034555
0.0348678
0.0351742
0.0354665
0.0356471
0.0269028
0.0271715
0.0274388
0.0277102
0.0279821
0.0282584
0.0285347
0.0288177
0.029099
0.0293804
0.0296648
0.0299556
0.0302455
0.0305356
0.0308263
0.0311183
0.0314119
0.0317076
0.032005
0.0323039
0.0325993
0.0328975
0.0331982
0.0335015
0.0338074
0.0341098
0.0344141
0.0347222
0.0350328
0.035337
0.0356273
0.0358076
0.0271012
0.0273641
0.0276327
0.0278978
0.0281669
0.0284373
0.0287105
0.0289855
0.0292647
0.0295433
0.029824
0.0301107
0.0303962
0.030682
0.0309699
0.0312586
0.0315485
0.03184
0.0321331
0.0324279
0.0327241
0.0330217
0.0333205
0.0336207
0.0339245
0.0342299
0.0345306
0.0348337
0.0351402
0.0354483
0.0357356
0.03592
)
;
    }
}


// ************************************************************************* //
