/*--------------------------------*- C++ -*----------------------------------*\
| =========                 |                                                 |
| \\      /  F ield         | OpenFOAM: The Open Source CFD Toolbox           |
|  \\    /   O peration     | Version:  2412                                  |
|   \\  /    A nd           | Website:  www.openfoam.com                      |
|    \\/     M anipulation  |                                                 |
\*---------------------------------------------------------------------------*/
FoamFile
{
    version     2.0;
    format      ascii;
    arch        "LSB;label=32;scalar=64";
    class       volScalarField;
    location    "0.0199794";
    object      Vm_0;
}
// * * * * * * * * * * * * * * * * * * * * * * * * * * * * * * * * * * * * * //

dimensions      [1 2 -3 0 0 -1 0];

internalField   nonuniform List<scalar> 
8730
(
-0.084
-0.084
-0.084
-0.084
-0.084
-0.084
-0.084
-0.084
-0.084
-0.084
-0.084
-0.084
-0.084
-0.084
-0.084
-0.084
-0.084
-0.084
-0.084
-0.084
-0.084
-0.084
-0.084
-0.084
-0.084
-0.084
-0.084
-0.084
-0.084
-0.084
-0.084
-0.084
-0.084
-0.084
-0.084
-0.084
-0.084
-0.084
-0.084
-0.084
-0.084
-0.084
-0.084
-0.084
-0.084
-0.084
-0.084
-0.084
-0.084
-0.084
-0.084
-0.084
-0.084
-0.084
-0.084
-0.084
-0.084
-0.084
-0.084
-0.084
-0.084
-0.084
-0.084
-0.084
-0.084
-0.084
-0.084
-0.084
-0.084
-0.084
-0.084
-0.084
-0.084
-0.084
-0.084
-0.084
-0.084
-0.084
-0.084
-0.084
-0.084
-0.084
-0.084
-0.084
-0.084
-0.084
-0.084
-0.084
-0.084
-0.084
-0.084
-0.084
-0.084
-0.084
-0.084
-0.084
-0.084
-0.084
-0.084
-0.084
-0.084
-0.084
-0.084
-0.084
-0.084
-0.084
-0.084
-0.084
-0.084
-0.084
-0.084
-0.084
-0.084
-0.084
-0.084
-0.084
-0.084
-0.084
-0.084
-0.084
-0.084
-0.084
-0.084
-0.084
-0.084
-0.084
-0.084
-0.084
-0.084
-0.084
-0.084
-0.084
-0.084
-0.084
-0.084
-0.084
-0.084
-0.084
-0.084
-0.084
-0.084
-0.084
-0.084
-0.084
-0.084
-0.084
-0.084
-0.084
-0.084
-0.084
-0.084
-0.084
-0.084
-0.084
-0.084
-0.084
-0.084
-0.084
-0.084
-0.084
-0.084
-0.084
-0.084
-0.084
-0.084
-0.084
-0.084
-0.084
-0.084
-0.084
-0.084
-0.084
-0.084
-0.084
-0.084
-0.084
-0.084
-0.084
-0.084
-0.084
-0.084
-0.084
-0.084
-0.084
-0.084
-0.084
-0.084
-0.084
-0.084
-0.084
-0.084
-0.084
-0.084
-0.084
-0.084
-0.084
-0.084
-0.084
-0.084
-0.084
-0.084
-0.084
-0.084
-0.084
-0.084
-0.084
-0.084
-0.084
-0.084
-0.084
-0.084
-0.084
-0.084
-0.084
-0.084
-0.084
-0.084
-0.084
-0.084
-0.084
-0.084
-0.084
-0.084
-0.084
-0.084
-0.084
-0.084
-0.084
-0.084
-0.084
-0.084
-0.084
-0.084
-0.084
-0.084
-0.084
-0.084
-0.084
-0.084
-0.084
-0.084
-0.084
-0.084
-0.084
-0.084
-0.084
-0.084
-0.084
-0.084
-0.084
-0.084
-0.084
-0.084
-0.084
-0.084
-0.084
-0.084
-0.084
-0.084
-0.084
-0.084
-0.084
-0.084
-0.084
-0.084
-0.084
-0.084
-0.084
-0.084
-0.084
-0.084
-0.084
-0.084
-0.084
-0.084
-0.084
-0.084
-0.084
-0.084
-0.084
-0.084
-0.084
-0.084
-0.084
-0.084
-0.084
-0.084
-0.084
-0.084
-0.084
-0.084
-0.084
-0.084
-0.084
-0.084
-0.084
-0.084
-0.084
-0.084
-0.084
-0.084
-0.084
-0.084
-0.084
-0.084
-0.084
-0.084
-0.084
-0.084
-0.084
-0.084
-0.084
-0.084
-0.084
-0.084
-0.084
-0.084
-0.084
-0.084
-0.084
-0.084
-0.084
-0.084
-0.084
-0.084
-0.084
-0.084
-0.084
-0.084
-0.084
-0.084
-0.084
-0.084
-0.084
-0.084
-0.084
-0.084
-0.084
-0.084
-0.084
-0.084
-0.084
-0.084
-0.084
-0.084
-0.084
-0.084
-0.084
-0.084
-0.084
-0.084
-0.084
-0.084
-0.084
-0.084
-0.084
-0.084
-0.084
-0.084
-0.084
-0.084
-0.084
-0.084
-0.084
-0.084
-0.084
-0.084
-0.084
-0.084
-0.084
-0.084
-0.084
-0.084
-0.084
-0.084
-0.084
-0.084
-0.084
-0.084
-0.084
-0.084
-0.084
-0.084
-0.084
-0.084
-0.084
-0.084
-0.084
-0.084
-0.084
-0.084
-0.084
-0.084
-0.084
-0.084
-0.084
-0.084
-0.084
-0.084
-0.084
-0.084
-0.084
-0.084
-0.084
-0.084
-0.084
-0.084
-0.084
-0.084
-0.084
-0.084
-0.084
-0.084
-0.084
-0.084
-0.084
-0.084
-0.084
-0.084
-0.084
-0.084
-0.084
-0.084
-0.084
-0.084
-0.084
-0.084
-0.084
-0.084
-0.084
-0.084
-0.084
-0.084
-0.084
-0.084
-0.084
-0.084
-0.084
-0.084
-0.084
-0.084
-0.084
-0.084
-0.084
-0.084
-0.084
-0.084
-0.084
-0.084
-0.084
-0.084
-0.084
-0.084
-0.084
-0.084
-0.084
-0.084
-0.084
-0.084
-0.084
-0.084
-0.084
-0.084
-0.084
-0.084
-0.084
-0.084
-0.084
-0.084
-0.084
-0.084
-0.084
-0.084
-0.084
-0.084
-0.084
-0.084
-0.084
-0.084
-0.084
-0.084
-0.084
-0.084
-0.084
-0.084
-0.084
-0.084
-0.084
-0.084
-0.084
-0.084
-0.084
-0.084
-0.084
-0.084
-0.084
-0.084
-0.084
-0.084
-0.084
-0.084
-0.084
-0.084
-0.084
-0.084
-0.084
-0.084
-0.084
-0.084
-0.084
-0.084
-0.084
-0.084
-0.084
-0.084
-0.084
-0.084
-0.084
-0.084
-0.084
-0.084
-0.084
-0.084
-0.084
-0.084
-0.084
-0.084
-0.084
-0.084
-0.084
-0.084
-0.084
-0.084
-0.084
-0.084
-0.084
-0.084
-0.084
-0.084
-0.084
-0.084
-0.084
-0.084
-0.084
-0.084
-0.084
-0.084
-0.084
-0.084
-0.084
-0.084
-0.084
-0.084
-0.084
-0.084
-0.084
-0.084
-0.084
-0.084
-0.084
-0.084
-0.084
-0.084
-0.084
-0.084
-0.084
-0.084
-0.084
-0.084
-0.084
-0.084
-0.084
-0.084
-0.084
-0.084
-0.084
-0.084
-0.084
-0.084
-0.084
-0.084
-0.084
-0.084
-0.084
-0.084
-0.084
-0.084
-0.084
-0.084
-0.084
-0.084
-0.084
-0.084
-0.084
-0.084
-0.084
-0.084
-0.084
-0.084
-0.084
-0.084
-0.084
-0.084
-0.084
-0.084
-0.084
-0.084
-0.084
-0.084
-0.084
-0.084
-0.084
-0.084
-0.084
-0.084
-0.084
-0.084
-0.084
-0.084
-0.084
-0.084
-0.084
-0.084
-0.084
-0.084
-0.084
-0.084
-0.084
-0.084
-0.084
-0.084
-0.084
-0.084
-0.084
-0.084
-0.084
-0.084
-0.084
-0.084
-0.084
-0.084
-0.084
-0.084
-0.084
-0.084
-0.084
-0.084
-0.084
-0.084
-0.084
-0.084
-0.084
-0.084
-0.084
-0.084
-0.084
-0.084
-0.084
-0.084
-0.084
-0.084
-0.084
-0.084
-0.084
-0.084
-0.084
-0.084
-0.084
-0.084
-0.084
-0.084
-0.084
-0.084
-0.084
-0.084
-0.084
-0.084
-0.084
-0.084
-0.084
-0.084
-0.084
-0.084
-0.084
-0.084
-0.084
-0.084
-0.084
-0.084
-0.084
-0.084
-0.084
-0.084
-0.084
-0.084
-0.084
-0.084
-0.084
-0.084
-0.084
-0.084
-0.084
-0.084
-0.084
-0.084
-0.084
-0.084
-0.084
-0.084
-0.084
-0.084
-0.084
-0.084
-0.084
-0.084
-0.084
-0.084
-0.084
-0.084
-0.084
-0.084
-0.084
-0.084
-0.084
-0.084
-0.084
-0.084
-0.084
-0.084
-0.084
-0.084
-0.084
-0.084
-0.084
-0.084
-0.084
-0.084
-0.084
-0.084
-0.084
-0.084
-0.084
-0.084
-0.084
-0.084
-0.084
-0.084
-0.084
-0.084
-0.084
-0.084
-0.084
-0.084
-0.084
-0.084
-0.084
-0.084
-0.084
-0.084
-0.084
-0.084
-0.084
-0.084
-0.084
-0.084
-0.084
-0.084
-0.084
-0.084
-0.084
-0.084
-0.084
-0.084
-0.084
-0.084
-0.084
-0.084
-0.084
-0.084
-0.084
-0.084
-0.084
-0.084
-0.084
-0.084
-0.084
-0.084
-0.084
-0.084
-0.084
-0.084
-0.084
-0.084
-0.084
-0.084
-0.084
-0.084
-0.084
-0.084
-0.084
-0.084
-0.084
-0.084
-0.084
-0.084
-0.084
-0.084
-0.084
-0.084
-0.084
-0.084
-0.084
-0.084
-0.084
-0.084
-0.084
-0.084
-0.084
-0.084
-0.084
-0.084
-0.084
-0.084
-0.084
-0.084
-0.084
-0.084
-0.084
-0.084
-0.084
-0.084
-0.084
-0.084
-0.084
-0.084
-0.084
-0.084
-0.084
-0.084
-0.084
-0.084
-0.084
-0.084
-0.084
-0.084
-0.084
-0.084
-0.084
-0.084
-0.084
-0.084
-0.084
-0.084
-0.084
-0.084
-0.084
-0.084
-0.084
-0.084
-0.084
-0.084
-0.084
-0.084
-0.084
-0.084
-0.084
-0.084
-0.084
-0.084
-0.084
-0.084
-0.084
-0.084
-0.084
-0.084
-0.084
-0.084
-0.084
-0.084
-0.084
-0.084
-0.084
-0.084
-0.084
-0.084
-0.084
-0.084
-0.084
-0.084
-0.084
-0.084
-0.084
-0.084
-0.084
-0.084
-0.084
-0.084
-0.084
-0.084
-0.084
-0.084
-0.084
-0.084
-0.084
-0.084
-0.084
-0.084
-0.084
-0.084
-0.084
-0.084
-0.084
-0.084
-0.084
-0.084
-0.084
-0.084
-0.084
-0.084
-0.084
-0.084
-0.084
-0.084
-0.084
-0.084
-0.084
-0.084
-0.084
-0.084
-0.084
-0.084
-0.084
-0.084
-0.084
-0.084
-0.084
-0.084
-0.084
-0.084
-0.084
-0.084
-0.084
-0.084
-0.084
-0.084
-0.084
-0.084
-0.084
-0.084
-0.084
-0.084
-0.084
-0.084
-0.084
-0.084
-0.084
-0.084
-0.084
-0.084
-0.084
-0.084
-0.084
-0.084
-0.084
-0.084
-0.084
-0.084
-0.084
-0.084
-0.084
-0.084
-0.084
-0.084
-0.084
-0.084
-0.084
-0.084
-0.084
-0.084
-0.084
-0.084
-0.084
-0.084
-0.084
-0.084
-0.084
-0.084
-0.084
-0.084
-0.084
-0.084
-0.084
-0.084
-0.084
-0.084
-0.084
-0.084
-0.084
-0.084
-0.084
-0.084
-0.084
-0.084
-0.084
-0.084
-0.084
-0.084
-0.084
-0.084
-0.084
-0.084
-0.084
-0.084
-0.084
-0.084
-0.084
-0.084
-0.084
-0.084
-0.084
-0.084
-0.084
-0.084
-0.084
-0.084
-0.084
-0.084
-0.084
-0.084
-0.084
-0.084
-0.084
-0.084
-0.084
-0.084
-0.084
-0.084
-0.084
-0.084
-0.084
-0.084
-0.084
-0.084
-0.084
-0.084
-0.084
-0.084
-0.084
-0.084
-0.084
-0.084
-0.084
-0.084
-0.084
-0.084
-0.084
-0.084
-0.084
-0.084
-0.084
-0.084
-0.084
-0.084
-0.084
-0.084
-0.084
-0.084
-0.084
-0.084
-0.084
-0.084
-0.084
-0.084
-0.084
-0.084
-0.084
-0.084
-0.084
-0.084
-0.084
-0.084
-0.084
-0.084
-0.084
-0.084
-0.084
-0.084
-0.084
-0.084
-0.084
-0.084
-0.084
-0.084
-0.084
-0.084
-0.084
-0.084
-0.084
-0.084
-0.084
-0.084
-0.084
-0.084
-0.084
-0.084
-0.084
-0.084
-0.084
-0.084
-0.084
-0.084
-0.084
-0.084
-0.084
-0.084
-0.084
-0.084
-0.084
-0.084
-0.084
-0.084
-0.084
-0.084
-0.084
-0.084
-0.084
-0.084
-0.084
-0.084
-0.084
-0.084
-0.084
-0.084
-0.084
-0.084
-0.084
-0.084
-0.084
-0.084
-0.084
-0.084
-0.084
-0.084
-0.084
-0.084
-0.084
-0.084
-0.084
-0.084
-0.084
-0.084
-0.084
-0.084
-0.084
-0.084
-0.084
-0.084
-0.084
-0.084
-0.084
-0.084
-0.084
-0.084
-0.084
-0.084
-0.084
-0.084
-0.084
-0.084
-0.084
-0.084
-0.084
-0.084
-0.084
-0.084
-0.084
-0.084
-0.084
-0.084
-0.084
-0.084
-0.084
-0.084
-0.084
-0.084
-0.084
-0.084
-0.084
-0.084
-0.084
-0.084
-0.084
-0.084
-0.084
-0.084
-0.084
-0.084
-0.084
-0.084
-0.084
-0.084
-0.084
-0.084
-0.084
-0.084
-0.084
-0.084
-0.084
-0.084
-0.084
-0.084
-0.084
-0.084
-0.084
-0.084
-0.084
-0.084
-0.084
-0.084
-0.084
-0.084
-0.084
-0.084
-0.084
-0.084
-0.084
-0.084
-0.084
-0.084
-0.084
-0.084
-0.084
-0.084
-0.084
-0.084
-0.084
-0.084
-0.084
-0.084
-0.084
-0.084
-0.084
-0.084
-0.084
-0.084
-0.084
-0.084
-0.084
-0.084
-0.084
-0.084
-0.084
-0.084
-0.084
-0.084
-0.084
-0.084
-0.084
-0.084
-0.084
-0.084
-0.084
-0.084
-0.084
-0.084
-0.084
-0.084
-0.084
-0.084
-0.084
-0.084
-0.084
-0.084
-0.084
-0.084
-0.084
-0.084
-0.084
-0.084
-0.084
-0.084
-0.084
-0.084
-0.084
-0.084
-0.084
-0.084
-0.084
-0.084
-0.084
-0.084
-0.084
-0.084
-0.084
-0.084
-0.084
-0.084
-0.084
-0.084
-0.084
-0.084
-0.084
-0.084
-0.084
-0.084
-0.084
-0.084
-0.084
-0.084
-0.084
-0.084
-0.084
-0.084
-0.084
-0.084
-0.084
-0.084
-0.084
-0.084
-0.084
-0.084
-0.084
-0.084
-0.084
-0.084
-0.084
-0.084
-0.084
-0.084
-0.084
-0.084
-0.084
-0.084
-0.084
-0.084
-0.084
-0.084
-0.084
-0.084
-0.084
-0.084
-0.084
-0.084
-0.084
-0.084
-0.084
-0.084
-0.084
-0.084
-0.084
-0.084
-0.084
-0.084
-0.084
-0.084
-0.084
-0.084
-0.084
-0.084
-0.084
-0.084
-0.084
-0.084
-0.084
-0.084
-0.084
-0.084
-0.084
-0.084
-0.084
-0.084
-0.084
-0.084
-0.084
-0.084
-0.084
-0.084
-0.084
-0.084
-0.084
-0.084
-0.084
-0.084
-0.084
-0.084
-0.084
-0.084
-0.084
-0.084
-0.084
-0.084
-0.084
-0.084
-0.084
-0.084
-0.084
-0.084
-0.084
-0.084
-0.084
-0.084
-0.084
-0.084
-0.084
-0.084
-0.084
-0.084
-0.084
-0.084
-0.084
-0.084
-0.084
-0.084
-0.084
-0.084
-0.084
-0.084
-0.084
-0.084
-0.084
-0.084
-0.084
-0.084
-0.084
-0.084
-0.084
-0.084
-0.084
-0.084
-0.084
-0.084
-0.084
-0.084
-0.084
-0.084
-0.084
-0.084
-0.084
-0.084
-0.084
-0.084
-0.084
-0.084
-0.084
-0.084
-0.084
-0.084
-0.084
-0.084
-0.084
-0.084
-0.084
-0.084
-0.084
-0.084
-0.084
-0.084
-0.084
-0.084
-0.084
-0.084
-0.084
-0.084
-0.084
-0.084
-0.084
-0.084
-0.084
-0.084
-0.084
-0.084
-0.084
-0.084
-0.084
-0.084
-0.084
-0.084
-0.084
-0.084
-0.084
-0.084
-0.084
-0.084
-0.084
-0.084
-0.084
-0.084
-0.084
-0.084
-0.084
-0.084
-0.084
-0.084
-0.084
-0.084
-0.084
-0.084
-0.084
-0.084
-0.084
-0.084
-0.084
-0.084
-0.084
-0.084
-0.084
-0.084
-0.084
-0.084
-0.084
-0.084
-0.084
-0.084
-0.084
-0.084
-0.084
-0.084
-0.084
-0.084
-0.084
-0.084
-0.084
-0.084
-0.084
-0.084
-0.084
-0.084
-0.084
-0.084
-0.084
-0.084
-0.084
-0.084
-0.084
-0.084
-0.084
-0.084
-0.084
-0.084
-0.084
-0.084
-0.084
-0.084
-0.084
-0.084
-0.084
-0.084
-0.084
-0.084
-0.084
-0.084
-0.084
-0.084
-0.084
-0.084
-0.084
-0.084
-0.084
-0.084
-0.084
-0.084
-0.084
-0.084
-0.084
-0.084
-0.084
-0.084
-0.084
-0.084
-0.084
-0.084
-0.084
-0.084
-0.084
-0.084
-0.084
-0.084
-0.084
-0.084
-0.084
-0.084
-0.084
-0.084
-0.084
-0.084
-0.084
-0.084
-0.084
-0.084
-0.084
-0.084
-0.084
-0.084
-0.084
-0.084
-0.084
-0.084
-0.084
-0.084
-0.084
-0.084
-0.084
-0.084
-0.084
-0.084
-0.084
-0.084
-0.084
-0.084
-0.084
-0.084
-0.084
-0.084
-0.084
-0.084
-0.084
-0.084
-0.084
-0.084
-0.084
-0.084
-0.084
-0.084
-0.084
-0.084
-0.084
-0.084
-0.084
-0.084
-0.084
-0.084
-0.084
-0.084
-0.084
-0.084
-0.084
-0.084
-0.084
-0.084
-0.084
-0.084
-0.084
-0.084
-0.084
-0.084
-0.084
-0.084
-0.084
-0.084
-0.084
-0.084
-0.084
-0.084
-0.084
-0.084
-0.084
-0.084
-0.084
-0.084
-0.084
-0.084
-0.084
-0.084
-0.084
-0.084
-0.084
-0.084
-0.084
-0.084
-0.084
-0.084
-0.084
-0.084
-0.084
-0.084
-0.084
-0.084
-0.084
-0.084
-0.084
-0.084
-0.084
-0.084
-0.084
-0.084
-0.084
-0.084
-0.084
-0.084
-0.084
-0.084
-0.084
-0.084
-0.084
-0.084
-0.084
-0.084
-0.084
-0.084
-0.084
-0.084
-0.084
-0.084
-0.084
-0.084
-0.084
-0.084
-0.084
-0.084
-0.084
-0.084
-0.084
-0.084
-0.084
-0.084
-0.084
-0.084
-0.084
-0.084
-0.084
-0.084
-0.084
-0.084
-0.084
-0.084
-0.084
-0.084
-0.084
-0.084
-0.084
-0.084
-0.084
-0.084
-0.084
-0.084
-0.084
-0.084
-0.084
-0.084
-0.084
-0.084
-0.084
-0.084
-0.084
-0.084
-0.084
-0.084
-0.084
-0.084
-0.084
-0.084
-0.084
-0.084
-0.084
-0.084
-0.084
-0.084
-0.084
-0.084
-0.084
-0.084
-0.084
-0.084
-0.084
-0.084
-0.084
-0.084
-0.084
-0.084
-0.084
-0.084
-0.084
-0.084
-0.084
-0.084
-0.084
-0.084
-0.084
-0.084
-0.084
-0.084
-0.084
-0.084
-0.084
-0.084
-0.084
-0.084
-0.084
-0.084
-0.084
-0.084
-0.084
-0.084
-0.084
-0.084
-0.084
-0.084
-0.084
-0.084
-0.084
-0.084
-0.084
-0.084
-0.084
-0.084
-0.084
-0.084
-0.084
-0.084
-0.084
-0.084
-0.084
-0.084
-0.084
-0.084
-0.084
-0.084
-0.084
-0.084
-0.084
-0.084
-0.084
-0.084
-0.084
-0.084
-0.084
-0.084
-0.084
-0.084
-0.084
-0.084
-0.084
-0.084
-0.084
-0.084
-0.084
-0.084
-0.084
-0.084
-0.084
-0.084
-0.084
-0.084
-0.084
-0.084
-0.084
-0.084
-0.084
-0.084
-0.084
-0.084
-0.084
-0.084
-0.084
-0.084
-0.084
-0.084
-0.084
-0.084
-0.084
-0.084
-0.084
-0.084
-0.084
-0.084
-0.084
-0.084
-0.084
-0.084
-0.084
-0.084
-0.084
-0.084
-0.084
-0.084
-0.084
-0.084
-0.084
-0.084
-0.084
-0.084
-0.084
-0.084
-0.084
-0.084
-0.084
-0.084
-0.084
-0.084
-0.084
-0.084
-0.084
-0.084
-0.084
-0.084
-0.084
-0.084
-0.084
-0.084
-0.084
-0.084
-0.084
-0.084
-0.084
-0.084
-0.084
-0.084
-0.084
-0.084
-0.084
-0.084
-0.084
-0.084
-0.084
-0.084
-0.084
-0.084
-0.084
-0.084
-0.084
-0.084
-0.084
-0.084
-0.084
-0.084
-0.084
-0.084
-0.084
-0.084
-0.084
-0.084
-0.084
-0.084
-0.084
-0.084
-0.084
-0.084
-0.084
-0.084
-0.084
-0.084
-0.084
-0.084
-0.084
-0.084
-0.084
-0.084
-0.084
-0.084
-0.084
-0.084
-0.084
-0.084
-0.084
-0.084
-0.084
-0.084
-0.084
-0.084
-0.084
-0.084
-0.084
-0.084
-0.084
-0.084
-0.084
-0.084
-0.084
-0.084
-0.084
-0.084
-0.084
-0.084
-0.084
-0.084
-0.084
-0.084
-0.084
-0.084
-0.084
-0.084
-0.084
-0.084
-0.084
-0.084
-0.084
-0.084
-0.084
-0.084
-0.084
-0.084
-0.084
-0.084
-0.084
-0.084
-0.084
-0.084
-0.084
-0.084
-0.084
-0.084
-0.084
-0.084
-0.084
-0.084
-0.084
-0.084
-0.084
-0.084
-0.084
-0.084
-0.084
-0.084
-0.084
-0.084
-0.084
-0.084
-0.084
-0.084
-0.084
-0.084
-0.084
-0.084
-0.084
-0.084
-0.0839999
-0.0839999
-0.084
-0.084
-0.084
-0.084
-0.084
-0.084
-0.084
-0.084
-0.084
-0.084
-0.084
-0.084
-0.084
-0.0839999
-0.0839999
-0.084
-0.084
-0.084
-0.084
-0.084
-0.084
-0.084
-0.084
-0.084
-0.084
-0.084
-0.084
-0.084
-0.0839999
-0.0839999
-0.084
-0.084
-0.084
-0.084
-0.084
-0.084
-0.084
-0.084
-0.084
-0.084
-0.084
-0.084
-0.084
-0.0839999
-0.0839999
-0.084
-0.084
-0.084
-0.084
-0.084
-0.084
-0.084
-0.084
-0.084
-0.084
-0.084
-0.084
-0.084
-0.0839999
-0.0839999
-0.084
-0.084
-0.084
-0.084
-0.084
-0.084
-0.084
-0.084
-0.084
-0.084
-0.084
-0.084
-0.084
-0.0839999
-0.084
-0.084
-0.084
-0.084
-0.084
-0.084
-0.084
-0.084
-0.084
-0.084
-0.084
-0.084
-0.084
-0.084
-0.0839999
-0.084
-0.084
-0.084
-0.084
-0.084
-0.084
-0.084
-0.084
-0.084
-0.084
-0.084
-0.084
-0.084
-0.084
-0.084
-0.084
-0.084
-0.084
-0.084
-0.084
-0.084
-0.084
-0.084
-0.084
-0.084
-0.084
-0.084
-0.084
-0.084
-0.084
-0.084
-0.084
-0.084
-0.084
-0.084
-0.084
-0.084
-0.084
-0.084
-0.084
-0.084
-0.084
-0.084
-0.084
-0.084
-0.084
-0.084
-0.084
-0.084
-0.084
-0.084
-0.084
-0.084
-0.084
-0.084
-0.084
-0.084
-0.084
-0.084
-0.084
-0.084
-0.084
-0.084
-0.084
-0.084
-0.084
-0.084
-0.084
-0.084
-0.084
-0.084
-0.084
-0.084
-0.084
-0.084
-0.084
-0.084
-0.084
-0.084
-0.084
-0.084
-0.084
-0.084
-0.084
-0.084
-0.084
-0.084
-0.084
-0.084
-0.084
-0.084
-0.084
-0.084
-0.084
-0.084
-0.084
-0.084
-0.084
-0.084
-0.084
-0.084
-0.084
-0.084
-0.084
-0.084
-0.084
-0.084
-0.084
-0.084
-0.084
-0.084
-0.084
-0.084
-0.084
-0.084
-0.084
-0.084
-0.084
-0.084
-0.084
-0.084
-0.084
-0.084
-0.084
-0.084
-0.084
-0.084
-0.084
-0.084
-0.084
-0.084
-0.084
-0.084
-0.084
-0.0839991
-0.0839993
-0.0839995
-0.0839997
-0.0839998
-0.0839998
-0.0839999
-0.0839999
-0.0839999
-0.084
-0.084
-0.084
-0.084
-0.084
-0.084
-0.084
-0.0839991
-0.0839994
-0.0839995
-0.0839997
-0.0839998
-0.0839998
-0.0839999
-0.0839999
-0.0839999
-0.084
-0.084
-0.084
-0.084
-0.084
-0.084
-0.084
-0.0839992
-0.0839994
-0.0839995
-0.0839997
-0.0839998
-0.0839998
-0.0839999
-0.0839999
-0.084
-0.084
-0.084
-0.084
-0.084
-0.084
-0.084
-0.084
-0.0839992
-0.0839994
-0.0839996
-0.0839997
-0.0839998
-0.0839999
-0.0839999
-0.0839999
-0.084
-0.084
-0.084
-0.084
-0.084
-0.084
-0.084
-0.084
-0.0839993
-0.0839995
-0.0839996
-0.0839997
-0.0839998
-0.0839999
-0.0839999
-0.0839999
-0.084
-0.084
-0.084
-0.084
-0.084
-0.084
-0.084
-0.084
-0.0839994
-0.0839995
-0.0839997
-0.0839998
-0.0839998
-0.0839999
-0.0839999
-0.0839999
-0.084
-0.084
-0.084
-0.084
-0.084
-0.084
-0.084
-0.084
-0.0839995
-0.0839996
-0.0839997
-0.0839998
-0.0839999
-0.0839999
-0.0839999
-0.084
-0.084
-0.084
-0.084
-0.084
-0.084
-0.084
-0.084
-0.084
-0.0839996
-0.0839997
-0.0839998
-0.0839998
-0.0839999
-0.0839999
-0.0839999
-0.084
-0.084
-0.084
-0.084
-0.084
-0.084
-0.084
-0.084
-0.084
-0.0839997
-0.0839998
-0.0839998
-0.0839999
-0.0839999
-0.0839999
-0.084
-0.084
-0.084
-0.084
-0.084
-0.084
-0.084
-0.084
-0.084
-0.084
-0.0839998
-0.0839998
-0.0839999
-0.0839999
-0.0839999
-0.084
-0.084
-0.084
-0.084
-0.084
-0.084
-0.084
-0.084
-0.084
-0.084
-0.084
-0.0839999
-0.0839999
-0.0839999
-0.084
-0.084
-0.084
-0.084
-0.084
-0.084
-0.084
-0.084
-0.084
-0.084
-0.084
-0.084
-0.084
-0.0839999
-0.0839999
-0.084
-0.084
-0.084
-0.084
-0.084
-0.084
-0.084
-0.084
-0.084
-0.084
-0.084
-0.084
-0.084
-0.084
-0.084
-0.084
-0.084
-0.084
-0.084
-0.084
-0.084
-0.084
-0.084
-0.084
-0.084
-0.084
-0.084
-0.084
-0.084
-0.084
-0.084
-0.084
-0.084
-0.084
-0.084
-0.084
-0.084
-0.084
-0.084
-0.084
-0.084
-0.084
-0.084
-0.084
-0.084
-0.084
-0.084
-0.084
-0.084
-0.084
-0.084
-0.084
-0.084
-0.084
-0.084
-0.084
-0.084
-0.084
-0.084
-0.084
-0.084
-0.084
-0.0839934
-0.0839952
-0.0839965
-0.0839975
-0.0839982
-0.0839987
-0.0839991
-0.0839994
-0.0839996
-0.0839997
-0.0839998
-0.0839999
-0.0839999
-0.084
-0.084
-0.084
-0.0839936
-0.0839953
-0.0839966
-0.0839975
-0.0839982
-0.0839988
-0.0839992
-0.0839994
-0.0839996
-0.0839997
-0.0839998
-0.0839999
-0.0839999
-0.084
-0.084
-0.084
-0.0839939
-0.0839955
-0.0839967
-0.0839976
-0.0839983
-0.0839988
-0.0839992
-0.0839995
-0.0839996
-0.0839998
-0.0839998
-0.0839999
-0.0839999
-0.084
-0.084
-0.084
-0.0839943
-0.0839958
-0.0839969
-0.0839978
-0.0839984
-0.0839989
-0.0839992
-0.0839995
-0.0839997
-0.0839998
-0.0839999
-0.0839999
-0.0839999
-0.084
-0.084
-0.084
-0.0839948
-0.0839962
-0.0839972
-0.083998
-0.0839986
-0.083999
-0.0839993
-0.0839995
-0.0839997
-0.0839998
-0.0839999
-0.0839999
-0.084
-0.084
-0.084
-0.084
-0.0839955
-0.0839967
-0.0839976
-0.0839983
-0.0839988
-0.0839991
-0.0839994
-0.0839996
-0.0839997
-0.0839998
-0.0839999
-0.0839999
-0.084
-0.084
-0.084
-0.084
-0.0839962
-0.0839972
-0.083998
-0.0839986
-0.083999
-0.0839993
-0.0839995
-0.0839997
-0.0839998
-0.0839999
-0.0839999
-0.0839999
-0.084
-0.084
-0.084
-0.084
-0.083997
-0.0839978
-0.0839984
-0.0839989
-0.0839992
-0.0839994
-0.0839996
-0.0839997
-0.0839998
-0.0839999
-0.0839999
-0.084
-0.084
-0.084
-0.084
-0.084
-0.0839978
-0.0839984
-0.0839988
-0.0839992
-0.0839994
-0.0839996
-0.0839997
-0.0839998
-0.0839999
-0.0839999
-0.084
-0.084
-0.084
-0.084
-0.084
-0.084
-0.0839984
-0.0839989
-0.0839992
-0.0839994
-0.0839996
-0.0839997
-0.0839998
-0.0839999
-0.0839999
-0.0839999
-0.084
-0.084
-0.084
-0.084
-0.084
-0.084
-0.083999
-0.0839993
-0.0839995
-0.0839996
-0.0839997
-0.0839998
-0.0839999
-0.0839999
-0.084
-0.084
-0.084
-0.084
-0.084
-0.084
-0.084
-0.084
-0.0839994
-0.0839996
-0.0839997
-0.0839998
-0.0839999
-0.0839999
-0.0839999
-0.084
-0.084
-0.084
-0.084
-0.084
-0.084
-0.084
-0.084
-0.084
-0.0839997
-0.0839998
-0.0839999
-0.0839999
-0.0839999
-0.084
-0.084
-0.084
-0.084
-0.084
-0.084
-0.084
-0.084
-0.084
-0.084
-0.084
-0.0839999
-0.0839999
-0.0839999
-0.084
-0.084
-0.084
-0.084
-0.084
-0.084
-0.084
-0.084
-0.084
-0.084
-0.084
-0.084
-0.084
-0.0839999
-0.084
-0.084
-0.084
-0.084
-0.084
-0.084
-0.084
-0.084
-0.084
-0.084
-0.084
-0.084
-0.084
-0.084
-0.084
-0.0839525
-0.083965
-0.0839744
-0.0839814
-0.0839867
-0.0839906
-0.0839935
-0.0839956
-0.083997
-0.083998
-0.0839987
-0.0839992
-0.0839995
-0.0839997
-0.0839998
-0.0839999
-0.0839535
-0.0839658
-0.0839749
-0.0839818
-0.083987
-0.0839908
-0.0839937
-0.0839957
-0.0839971
-0.0839981
-0.0839988
-0.0839992
-0.0839995
-0.0839997
-0.0839998
-0.0839999
-0.0839555
-0.0839672
-0.083976
-0.0839826
-0.0839875
-0.0839912
-0.0839939
-0.0839959
-0.0839972
-0.0839982
-0.0839988
-0.0839992
-0.0839995
-0.0839997
-0.0839998
-0.0839999
-0.0839584
-0.0839693
-0.0839776
-0.0839837
-0.0839884
-0.0839918
-0.0839944
-0.0839962
-0.0839974
-0.0839983
-0.0839989
-0.0839993
-0.0839996
-0.0839997
-0.0839998
-0.0839999
-0.0839623
-0.0839722
-0.0839796
-0.0839852
-0.0839895
-0.0839926
-0.0839949
-0.0839965
-0.0839977
-0.0839985
-0.083999
-0.0839994
-0.0839996
-0.0839998
-0.0839999
-0.0839999
-0.0839671
-0.0839757
-0.0839822
-0.0839871
-0.0839909
-0.0839936
-0.0839956
-0.083997
-0.083998
-0.0839987
-0.0839992
-0.0839995
-0.0839997
-0.0839998
-0.0839999
-0.0839999
-0.0839725
-0.0839797
-0.0839851
-0.0839893
-0.0839924
-0.0839947
-0.0839964
-0.0839975
-0.0839983
-0.0839989
-0.0839993
-0.0839996
-0.0839997
-0.0839998
-0.0839999
-0.0839999
-0.0839781
-0.0839838
-0.0839882
-0.0839915
-0.083994
-0.0839958
-0.0839971
-0.0839981
-0.0839987
-0.0839992
-0.0839995
-0.0839997
-0.0839998
-0.0839999
-0.0839999
-0.084
-0.0839835
-0.0839879
-0.0839912
-0.0839937
-0.0839956
-0.0839969
-0.0839979
-0.0839986
-0.0839991
-0.0839994
-0.0839996
-0.0839998
-0.0839999
-0.0839999
-0.084
-0.084
-0.0839885
-0.0839916
-0.0839939
-0.0839957
-0.083997
-0.0839979
-0.0839986
-0.083999
-0.0839994
-0.0839996
-0.0839997
-0.0839998
-0.0839999
-0.0839999
-0.084
-0.084
-0.0839926
-0.0839946
-0.0839962
-0.0839973
-0.0839981
-0.0839987
-0.0839991
-0.0839994
-0.0839996
-0.0839998
-0.0839999
-0.0839999
-0.0839999
-0.084
-0.084
-0.084
-0.0839957
-0.0839969
-0.0839978
-0.0839985
-0.0839989
-0.0839993
-0.0839995
-0.0839997
-0.0839998
-0.0839999
-0.0839999
-0.084
-0.084
-0.084
-0.084
-0.084
-0.0839978
-0.0839984
-0.0839989
-0.0839992
-0.0839995
-0.0839996
-0.0839998
-0.0839998
-0.0839999
-0.0839999
-0.084
-0.084
-0.084
-0.084
-0.084
-0.084
-0.083999
-0.0839993
-0.0839995
-0.0839997
-0.0839998
-0.0839998
-0.0839999
-0.0839999
-0.084
-0.084
-0.084
-0.084
-0.084
-0.084
-0.084
-0.084
-0.0839995
-0.0839996
-0.0839998
-0.0839998
-0.0839999
-0.0839999
-0.084
-0.084
-0.084
-0.084
-0.084
-0.084
-0.084
-0.084
-0.084
-0.084
-0.0836512
-0.0837444
-0.0838145
-0.0838652
-0.0839021
-0.0839301
-0.0839513
-0.0839667
-0.0839775
-0.083985
-0.0839902
-0.0839937
-0.0839961
-0.0839976
-0.0839986
-0.0839992
-0.0836592
-0.0837504
-0.0838186
-0.083868
-0.0839042
-0.0839316
-0.0839523
-0.0839674
-0.083978
-0.0839854
-0.0839904
-0.0839939
-0.0839962
-0.0839977
-0.0839986
-0.0839992
-0.0836735
-0.083761
-0.0838263
-0.0838734
-0.083908
-0.0839345
-0.0839544
-0.0839689
-0.083979
-0.083986
-0.0839909
-0.0839942
-0.0839964
-0.0839978
-0.0839987
-0.0839992
-0.0836957
-0.0837774
-0.0838377
-0.0838815
-0.0839139
-0.0839389
-0.0839576
-0.083971
-0.0839804
-0.083987
-0.0839915
-0.0839946
-0.0839966
-0.083998
-0.0839988
-0.0839993
-0.0837253
-0.0837989
-0.0838528
-0.0838922
-0.0839219
-0.0839448
-0.0839617
-0.0839739
-0.0839824
-0.0839883
-0.0839924
-0.0839952
-0.083997
-0.0839982
-0.0839989
-0.0839994
-0.0837615
-0.0838248
-0.0838711
-0.0839055
-0.0839319
-0.0839521
-0.0839669
-0.0839774
-0.0839847
-0.0839899
-0.0839934
-0.0839958
-0.0839974
-0.0839984
-0.0839991
-0.0839995
-0.083802
-0.0838536
-0.0838917
-0.0839207
-0.0839433
-0.0839603
-0.0839726
-0.0839813
-0.0839874
-0.0839917
-0.0839946
-0.0839966
-0.0839979
-0.0839987
-0.0839993
-0.0839996
-0.0838427
-0.0838827
-0.0839131
-0.083937
-0.0839553
-0.0839688
-0.0839785
-0.0839853
-0.0839901
-0.0839935
-0.0839959
-0.0839974
-0.0839984
-0.083999
-0.0839994
-0.0839997
-0.0838809
-0.083911
-0.0839348
-0.0839532
-0.083967
-0.083977
-0.0839841
-0.0839892
-0.0839928
-0.0839953
-0.083997
-0.0839981
-0.0839989
-0.0839993
-0.0839996
-0.0839998
-0.0839152
-0.0839374
-0.0839548
-0.0839678
-0.0839773
-0.0839842
-0.0839891
-0.0839927
-0.0839952
-0.0839969
-0.083998
-0.0839988
-0.0839993
-0.0839996
-0.0839998
-0.0839999
-0.083945
-0.08396
-0.0839713
-0.0839796
-0.0839856
-0.08399
-0.0839932
-0.0839955
-0.0839971
-0.0839981
-0.0839988
-0.0839993
-0.0839996
-0.0839998
-0.0839999
-0.0839999
-0.083968
-0.0839768
-0.0839834
-0.0839882
-0.0839918
-0.0839944
-0.0839963
-0.0839975
-0.0839984
-0.083999
-0.0839994
-0.0839996
-0.0839998
-0.0839999
-0.0839999
-0.084
-0.0839833
-0.083988
-0.0839915
-0.0839941
-0.0839959
-0.0839973
-0.0839982
-0.0839988
-0.0839993
-0.0839995
-0.0839997
-0.0839998
-0.0839999
-0.0839999
-0.084
-0.084
-0.0839922
-0.0839945
-0.0839962
-0.0839974
-0.0839982
-0.0839988
-0.0839992
-0.0839995
-0.0839997
-0.0839998
-0.0839999
-0.0839999
-0.084
-0.084
-0.084
-0.084
-0.0839961
-0.0839973
-0.0839982
-0.0839988
-0.0839992
-0.0839995
-0.0839997
-0.0839998
-0.0839999
-0.0839999
-0.084
-0.084
-0.084
-0.084
-0.084
-0.084
-0.081399
-0.0820755
-0.0826293
-0.0830336
-0.0832998
-0.0834818
-0.0836317
-0.0837472
-0.0838304
-0.0838869
-0.0839249
-0.0839514
-0.0839695
-0.0839813
-0.0839888
-0.0839935
-0.0814568
-0.0821221
-0.0826634
-0.0830561
-0.0833141
-0.0834923
-0.0836395
-0.0837528
-0.0838342
-0.0838893
-0.0839266
-0.0839525
-0.0839702
-0.0839818
-0.0839891
-0.0839936
-0.0815543
-0.0822039
-0.0827258
-0.083097
-0.0833396
-0.0835123
-0.0836549
-0.0837638
-0.0838416
-0.0838941
-0.0839297
-0.0839546
-0.0839716
-0.0839826
-0.0839896
-0.083994
-0.0817133
-0.0823323
-0.082819
-0.0831566
-0.0833774
-0.0835428
-0.0836782
-0.0837804
-0.0838526
-0.0839012
-0.0839345
-0.0839579
-0.0839737
-0.0839839
-0.0839904
-0.0839944
-0.0819357
-0.0825081
-0.0829414
-0.0832336
-0.083429
-0.083585
-0.08371
-0.0838027
-0.0838673
-0.0839109
-0.0839411
-0.0839623
-0.0839765
-0.0839857
-0.0839915
-0.0839951
-0.0822128
-0.0827193
-0.0830837
-0.0833253
-0.0834954
-0.0836382
-0.0837491
-0.0838296
-0.0838849
-0.0839226
-0.0839491
-0.0839676
-0.0839799
-0.0839878
-0.0839927
-0.0839958
-0.0825347
-0.0829503
-0.083232
-0.0834221
-0.0835754
-0.0836998
-0.0837933
-0.0838595
-0.0839046
-0.083936
-0.0839583
-0.0839736
-0.0839836
-0.0839901
-0.0839941
-0.0839966
-0.0828654
-0.0831704
-0.0833748
-0.0835316
-0.0836632
-0.0837648
-0.0838386
-0.0838896
-0.0839248
-0.08395
-0.0839678
-0.0839797
-0.0839875
-0.0839924
-0.0839956
-0.0839975
-0.0831584
-0.0833629
-0.0835164
-0.083648
-0.0837513
-0.0838275
-0.0838809
-0.0839179
-0.0839446
-0.0839637
-0.0839768
-0.0839854
-0.083991
-0.0839946
-0.0839969
-0.0839982
-0.0833892
-0.0835349
-0.0836594
-0.0837573
-0.08383
-0.0838814
-0.0839174
-0.0839437
-0.0839626
-0.0839758
-0.0839846
-0.0839904
-0.0839942
-0.0839966
-0.083998
-0.0839989
-0.0835891
-0.0836989
-0.0837843
-0.0838474
-0.0838921
-0.0839242
-0.083948
-0.0839652
-0.0839772
-0.0839854
-0.0839908
-0.0839943
-0.0839966
-0.083998
-0.0839989
-0.0839994
-0.0837597
-0.083827
-0.083876
-0.0839113
-0.0839375
-0.083957
-0.0839711
-0.083981
-0.0839876
-0.0839921
-0.0839951
-0.0839971
-0.0839983
-0.083999
-0.0839994
-0.0839997
-0.0838753
-0.0839095
-0.0839352
-0.0839546
-0.0839688
-0.083979
-0.0839861
-0.0839909
-0.0839942
-0.0839964
-0.0839978
-0.0839987
-0.0839992
-0.0839996
-0.0839998
-0.0839999
-0.0839406
-0.0839579
-0.0839707
-0.0839799
-0.0839865
-0.083991
-0.0839942
-0.0839963
-0.0839977
-0.0839986
-0.0839992
-0.0839995
-0.0839997
-0.0839998
-0.0839999
-0.084
-0.0839706
-0.0839796
-0.0839861
-0.0839907
-0.0839939
-0.083996
-0.0839975
-0.0839984
-0.083999
-0.0839994
-0.0839997
-0.0839998
-0.0839999
-0.0839999
-0.084
-0.084
-0.0641074
-0.0681009
-0.0722853
-0.0762041
-0.0788642
-0.0802608
-0.0812312
-0.0820412
-0.0826942
-0.0831544
-0.0834339
-0.0836233
-0.08376
-0.0838533
-0.0839121
-0.0839483
-0.0644163
-0.068393
-0.0725533
-0.0764293
-0.0789826
-0.0803263
-0.0812829
-0.0820835
-0.0827244
-0.0831727
-0.083443
-0.0836314
-0.0837656
-0.0838569
-0.0839142
-0.0839496
-0.0649333
-0.0689658
-0.0731384
-0.0768676
-0.0792054
-0.080457
-0.0813856
-0.0821657
-0.0827848
-0.0832098
-0.083466
-0.083647
-0.0837763
-0.0838636
-0.0839182
-0.083952
-0.0658269
-0.0698879
-0.0740198
-0.0774988
-0.0795156
-0.0806533
-0.0815453
-0.0822944
-0.0828762
-0.083264
-0.0835005
-0.083671
-0.0837926
-0.0838738
-0.0839244
-0.0839557
-0.0672053
-0.0712855
-0.0752627
-0.0782793
-0.0799052
-0.0809287
-0.0817724
-0.0824725
-0.082999
-0.0833363
-0.0835484
-0.0837046
-0.083815
-0.0838876
-0.0839326
-0.0839607
-0.0690478
-0.0731072
-0.0767673
-0.0791019
-0.0803541
-0.0812765
-0.0820585
-0.0826914
-0.0831413
-0.0834177
-0.0836067
-0.0837454
-0.0838418
-0.0839039
-0.0839425
-0.0839666
-0.0714705
-0.0753552
-0.0782818
-0.079867
-0.0808684
-0.0817008
-0.082401
-0.0829386
-0.0832932
-0.0835127
-0.083675
-0.0837923
-0.0838718
-0.0839219
-0.0839534
-0.0839732
-0.0744907
-0.0776749
-0.0795228
-0.0805924
-0.0814485
-0.0821809
-0.0827687
-0.0831813
-0.083436
-0.0836143
-0.0837473
-0.0838408
-0.0839017
-0.0839402
-0.0839646
-0.0839798
-0.077571
-0.079428
-0.080499
-0.0813495
-0.0820822
-0.082681
-0.0831154
-0.0833903
-0.0835754
-0.0837163
-0.0838179
-0.0838861
-0.0839296
-0.0839575
-0.0839752
-0.083986
-0.0796352
-0.0806159
-0.0814255
-0.082128
-0.0827018
-0.08312
-0.0833872
-0.083569
-0.0837086
-0.0838104
-0.0838798
-0.0839246
-0.0839537
-0.0839725
-0.0839842
-0.0839912
-0.0809661
-0.0817045
-0.0823382
-0.0828459
-0.0832044
-0.0834337
-0.0836004
-0.0837284
-0.0838219
-0.0838859
-0.0839275
-0.0839549
-0.0839729
-0.0839842
-0.0839911
-0.0839951
-0.0821498
-0.0826808
-0.0830794
-0.0833458
-0.0835261
-0.0836675
-0.0837747
-0.0838518
-0.0839039
-0.0839384
-0.0839614
-0.0839766
-0.0839862
-0.0839921
-0.0839956
-0.0839976
-0.0830736
-0.0833319
-0.08351
-0.0836506
-0.083758
-0.0838371
-0.0838922
-0.0839293
-0.0839546
-0.0839716
-0.0839827
-0.0839898
-0.0839941
-0.0839967
-0.0839982
-0.083999
-0.0835492
-0.0836771
-0.0837745
-0.083846
-0.0838962
-0.0839309
-0.0839549
-0.0839712
-0.083982
-0.083989
-0.0839935
-0.0839962
-0.0839979
-0.0839988
-0.0839994
-0.0839997
-0.0837748
-0.083845
-0.0838944
-0.0839289
-0.0839531
-0.0839697
-0.0839809
-0.0839881
-0.0839928
-0.0839957
-0.0839975
-0.0839986
-0.0839992
-0.0839996
-0.0839998
-0.0839999
0.0341267
0.0307228
0.0204204
-0.00588485
-0.0419473
-0.0580363
-0.063261
-0.0678241
-0.0725789
-0.0770198
-0.0797387
-0.0811299
-0.0820959
-0.0828282
-0.0833133
-0.0835914
0.03402
0.0306973
0.019903
-0.00833309
-0.043761
-0.0584468
-0.0635307
-0.0680977
-0.0728269
-0.0772094
-0.0798312
-0.0811841
-0.0821365
-0.0828574
-0.0833285
-0.0836012
0.0338056
0.0294789
0.0167786
-0.0134181
-0.0469846
-0.0592292
-0.0640473
-0.0686152
-0.0733555
-0.0775883
-0.080005
-0.0812913
-0.0822169
-0.0829133
-0.0833606
-0.0836198
0.0332788
0.0277446
0.0119172
-0.0221198
-0.0512554
-0.0603249
-0.0649095
-0.0695136
-0.0742128
-0.0781531
-0.0802645
-0.0814559
-0.0823396
-0.0829978
-0.0834066
-0.0836482
0.0318493
0.0239828
0.00320995
-0.033151
-0.055503
-0.0617526
-0.066193
-0.0708
-0.0754239
-0.0788723
-0.0806125
-0.081693
-0.0825173
-0.0831143
-0.08347
-0.0836868
0.0293426
0.0168657
-0.0128001
-0.0457987
-0.0587244
-0.0634973
-0.0679325
-0.072564
-0.0769036
-0.0796251
-0.0810166
-0.0819855
-0.082733
-0.0832485
-0.0835467
-0.0837329
0.0239639
0.00250672
-0.0332476
-0.0552746
-0.0614573
-0.0657727
-0.0702757
-0.0748254
-0.0784723
-0.0803687
-0.0814884
-0.0823413
-0.0829839
-0.0833888
-0.0836306
-0.0837844
0.00927492
-0.0242691
-0.0516261
-0.0600937
-0.0644001
-0.0687377
-0.0732428
-0.0773372
-0.0797892
-0.0810763
-0.0820035
-0.0827273
-0.0832331
-0.0835295
-0.0837172
-0.0838376
-0.0232582
-0.0506558
-0.0596557
-0.0639129
-0.0681164
-0.0725074
-0.0766676
-0.0794116
-0.0808158
-0.0817805
-0.0825428
-0.0831055
-0.0834483
-0.0836622
-0.0838005
-0.0838877
-0.0531358
-0.0602523
-0.0643007
-0.0684145
-0.0726713
-0.0767262
-0.0793989
-0.0807803
-0.0817312
-0.0824875
-0.0830558
-0.0834134
-0.0836338
-0.0837792
-0.0838731
-0.0839295
-0.0620135
-0.0658594
-0.0698559
-0.073976
-0.0776198
-0.0797958
-0.0809935
-0.081874
-0.0825807
-0.0831079
-0.0834372
-0.0836438
-0.0837824
-0.0838731
-0.0839284
-0.0839608
-0.0685955
-0.0725361
-0.0763333
-0.079024
-0.0804826
-0.0814482
-0.0822154
-0.0828258
-0.0832564
-0.0835192
-0.0836945
-0.0838129
-0.08389
-0.0839371
-0.0839651
-0.0839813
-0.0762761
-0.0788856
-0.0803584
-0.0813335
-0.0820968
-0.0827122
-0.0831655
-0.0834515
-0.0836441
-0.0837752
-0.0838632
-0.083919
-0.0839533
-0.0839739
-0.0839859
-0.0839926
-0.0806142
-0.0815149
-0.0822287
-0.0827952
-0.0832035
-0.0834662
-0.0836496
-0.0837754
-0.0838603
-0.083915
-0.0839496
-0.0839709
-0.0839836
-0.0839911
-0.0839953
-0.0839976
-0.0822305
-0.0827963
-0.0831967
-0.0834551
-0.0836387
-0.0837669
-0.0838537
-0.0839097
-0.0839455
-0.0839679
-0.0839815
-0.0839896
-0.0839943
-0.0839969
-0.0839984
-0.0839992
0.0354356
0.0357117
0.0354461
0.03484
0.0347032
0.034829
0.0342723
0.0307893
0.0189113
-0.013804
-0.0510527
-0.0624738
-0.0681704
-0.0735171
-0.0782638
-0.0807942
0.0355122
0.0356914
0.0354106
0.0349099
0.0347185
0.0349458
0.034141
0.0304517
0.0184446
-0.0155003
-0.0521285
-0.0627727
-0.0684242
-0.0737782
-0.0784361
-0.0808743
0.0354874
0.0355828
0.0353375
0.034776
0.0347885
0.0348956
0.034084
0.0297983
0.0157687
-0.0206337
-0.0540504
-0.0634132
-0.0689663
-0.0742841
-0.0787504
-0.0810195
0.0355524
0.035563
0.0352309
0.0347144
0.0348617
0.0348544
0.0335805
0.0278698
0.0110797
-0.0283618
-0.0565649
-0.0643502
-0.0697889
-0.0750918
-0.0792141
-0.0812374
0.0355285
0.0354957
0.0349712
0.0345756
0.0348382
0.0346045
0.032662
0.0252018
0.00228926
-0.0390788
-0.0592142
-0.065735
-0.071054
-0.0762348
-0.0798041
-0.0815275
0.0355024
0.0351717
0.0347332
0.0346593
0.0349541
0.0342159
0.0307086
0.019059
-0.012314
-0.0497709
-0.0618386
-0.0674659
-0.0727046
-0.0776014
-0.0804438
-0.0818701
0.035446
0.0349272
0.0345821
0.0349
0.0347828
0.033111
0.0263985
0.00727837
-0.0332895
-0.0575653
-0.0645642
-0.0697959
-0.0749535
-0.079063
-0.0811079
-0.0822577
0.0350682
0.0345912
0.0346769
0.0349154
0.0338834
0.0296363
0.0163113
-0.0173176
-0.0520289
-0.0622515
-0.0675831
-0.0726649
-0.0774581
-0.0803194
-0.0817546
-0.0826751
0.0346314
0.0346758
0.0347745
0.0339074
0.0303943
0.019246
-0.00952248
-0.0472288
-0.0607421
-0.0662304
-0.0712076
-0.0761392
-0.0796431
-0.0813521
-0.0823827
-0.0830899
0.0348024
0.0348613
0.033842
0.0299373
0.0190851
-0.0100908
-0.047095
-0.0605821
-0.0659963
-0.0708541
-0.0756694
-0.0793214
-0.0811458
-0.0822195
-0.0829668
-0.083431
0.0343534
0.0326317
0.0273427
0.0126463
-0.021272
-0.0523398
-0.0618647
-0.0668444
-0.0715396
-0.0761901
-0.0795434
-0.0812228
-0.082245
-0.0829673
-0.0834243
-0.0836846
0.0291867
0.0190273
-0.00651171
-0.0419565
-0.0585527
-0.0643981
-0.0689869
-0.0735413
-0.077746
-0.0802649
-0.0816015
-0.0824857
-0.0831134
-0.0834957
-0.0837202
-0.0838504
-0.00596821
-0.0399171
-0.0575166
-0.0637018
-0.0682246
-0.072611
-0.076856
-0.0797072
-0.0812334
-0.0822068
-0.0829014
-0.0833584
-0.0836295
-0.0837931
-0.0838887
-0.0839423
-0.0590328
-0.0645911
-0.069067
-0.0733743
-0.0773138
-0.079843
-0.0812766
-0.0822276
-0.0828997
-0.0833388
-0.0836071
-0.0837746
-0.0838745
-0.0839321
-0.0839645
-0.083982
-0.0689194
-0.073388
-0.0773266
-0.0797893
-0.0812015
-0.0821678
-0.08286
-0.0833093
-0.083584
-0.0837572
-0.0838621
-0.0839234
-0.0839586
-0.0839782
-0.0839888
-0.0839944
0.0303877
0.0314778
0.032487
0.0335443
0.0345583
0.0353691
0.0360399
0.0363605
0.0361384
0.0353844
0.0349208
0.0339713
0.0296712
0.0148691
-0.0277818
-0.0589026
-0.0682539
0.0303972
0.0314801
0.0324917
0.0335588
0.0345897
0.0354767
0.036043
0.0363176
0.0360786
0.0353547
0.0350851
0.0340552
0.0291556
0.0133604
-0.0300331
-0.0595693
-0.0685775
0.0305395
0.0315735
0.0326544
0.0337106
0.0346439
0.0355159
0.0361669
0.0364259
0.0361109
0.0353541
0.0349215
0.0336267
0.0280389
0.0109072
-0.0344764
-0.0607342
-0.0692
0.0307694
0.031793
0.0328463
0.0338197
0.034806
0.0356622
0.0362573
0.0364238
0.0360155
0.0353045
0.0349016
0.0332648
0.0263771
0.0050531
-0.041168
-0.0624046
-0.0701041
0.0310792
0.0321452
0.0331325
0.0341384
0.0350018
0.0357681
0.0362597
0.0362961
0.035721
0.0351058
0.0346181
0.0322451
0.0232609
-0.00389745
-0.0490594
-0.0644545
-0.0714081
0.0314647
0.0324708
0.0335291
0.034541
0.035352
0.0360174
0.0363496
0.0361706
0.0355005
0.0351028
0.0343486
0.030659
0.0181267
-0.0191826
-0.0561391
-0.0667094
-0.0730873
0.0320121
0.0330432
0.0340017
0.034957
0.035735
0.0361422
0.036205
0.0357427
0.0351219
0.0348201
0.0332187
0.0265578
0.00619385
-0.0390417
-0.061531
-0.0692819
-0.0752667
0.0328128
0.0337688
0.0347212
0.0354762
0.0360554
0.0361867
0.0359085
0.0352616
0.0349737
0.0342401
0.0306039
0.0183729
-0.0172165
-0.0551288
-0.0659755
-0.0722572
-0.0777468
0.0336832
0.0345512
0.0352944
0.0359248
0.0362289
0.0359646
0.0353624
0.0350262
0.0346464
0.0322904
0.0234935
-0.00259211
-0.0470711
-0.0633464
-0.0701301
-0.0758271
-0.0799611
0.0347076
0.0354178
0.0359079
0.036161
0.0359027
0.0352982
0.034936
0.0343748
0.0321114
0.0240218
0.00101032
-0.0427763
-0.0619576
-0.0690271
-0.0746846
-0.0792624
-0.0815533
0.0356839
0.0360491
0.0360984
0.035783
0.0350815
0.0348383
0.03409
0.0312938
0.0222102
-0.00324964
-0.0459457
-0.0625312
-0.0691971
-0.0746807
-0.0791749
-0.0814685
-0.0826527
0.0361407
0.0359132
0.0353927
0.0348984
0.0345197
0.0331165
0.027942
0.0145862
-0.0208027
-0.0547979
-0.0650705
-0.070868
-0.076071
-0.0798688
-0.0817583
-0.0827935
-0.0833884
0.035449
0.034934
0.0345318
0.0331758
0.0292676
0.0185342
-0.0110252
-0.0485512
-0.0625502
-0.0689996
-0.0742007
-0.0786047
-0.0810457
-0.0823499
-0.0831215
-0.0835487
-0.0837791
0.0349427
0.0332578
0.0283146
0.0155791
-0.0165594
-0.0505578
-0.0626994
-0.0691638
-0.0743588
-0.0785555
-0.0809071
-0.0822385
-0.0830361
-0.083482
-0.0837336
-0.0838677
-0.0839364
0.0302527
0.0166494
-0.0170314
-0.0502882
-0.0621736
-0.0686185
-0.074034
-0.0783588
-0.0807697
-0.0821358
-0.0829653
-0.0834337
-0.0837007
-0.0838459
-0.0839225
-0.083962
-0.0839819
0.0241469
0.0253286
0.0265526
0.0278023
0.0290554
0.030292
0.0315097
0.0327011
0.0339078
0.0349712
0.0359291
0.0367487
0.0371213
0.0366627
0.0354746
0.0337937
0.0276287
0.024234
0.0253738
0.0265832
0.02783
0.0290885
0.0303527
0.0316491
0.0328385
0.0339577
0.0350233
0.0360533
0.0367612
0.0370603
0.0365343
0.0353114
0.0335455
0.0270867
0.0243492
0.0255541
0.0267919
0.0280438
0.0292924
0.0305271
0.0317316
0.0328935
0.0340156
0.0351481
0.0360951
0.0368328
0.0370024
0.0365072
0.0352248
0.0330568
0.0256347
0.0245884
0.0258001
0.0270403
0.0282896
0.0295371
0.0307656
0.0319585
0.0331096
0.0342229
0.0353463
0.036261
0.0369404
0.0370057
0.0363199
0.0348733
0.0325823
0.0239492
0.0248938
0.0260894
0.02732
0.0285646
0.0298011
0.0310169
0.0322021
0.0333602
0.0345321
0.0355491
0.0363799
0.0369454
0.0368661
0.036018
0.0346663
0.0315298
0.0206448
0.0253684
0.0265645
0.0277976
0.0290393
0.0302674
0.0314702
0.0326326
0.0337485
0.0348236
0.0358715
0.0366129
0.0369385
0.0367316
0.0356698
0.0340768
0.0297858
0.0154406
0.0259835
0.0271296
0.0283339
0.0295535
0.0307632
0.03194
0.0330813
0.0341887
0.0353072
0.036196
0.0367848
0.0369605
0.0362904
0.035157
0.0332807
0.0259149
0.00358408
0.0268144
0.028021
0.029216
0.0303305
0.0314805
0.0326135
0.0337156
0.0347838
0.0358344
0.0365773
0.0369106
0.0367299
0.0356389
0.0343669
0.0307158
0.0184276
-0.0202302
0.0278705
0.0290427
0.0302024
0.0312791
0.032391
0.0334802
0.0345296
0.035502
0.0363147
0.0368752
0.0368076
0.0359333
0.0348239
0.0325267
0.0244141
-0.000197221
-0.0493202
0.0292317
0.03031
0.0314077
0.0324283
0.033482
0.0345156
0.0354727
0.0362485
0.0367186
0.0367131
0.0360992
0.0349617
0.0330714
0.026717
0.00729728
-0.0402275
-0.0642101
0.0307922
0.0318648
0.0328554
0.0338563
0.0347531
0.0356443
0.0363625
0.0367562
0.0366542
0.0358279
0.0347388
0.0330159
0.0263556
0.0073833
-0.0389476
-0.0635311
-0.0723023
0.0326012
0.0335301
0.0344873
0.0353285
0.03612
0.0366957
0.0368584
0.0363498
0.0352694
0.0340683
0.0312852
0.022715
-0.00234808
-0.0482517
-0.065791
-0.0734481
-0.0788881
0.0345986
0.0354776
0.0361789
0.0367378
0.0369005
0.0366144
0.0355223
0.0343736
0.0322498
0.0262182
0.0101165
-0.0319853
-0.0602292
-0.070153
-0.0764689
-0.0803973
-0.0823047
0.0367539
0.0371717
0.0372287
0.0367761
0.0358651
0.0346902
0.0324439
0.0260377
0.00840391
-0.032783
-0.0594704
-0.0694833
-0.0759795
-0.0799787
-0.0820019
-0.0830454
-0.0835505
0.0378809
0.0374462
0.0366369
0.0360013
0.0347016
0.0290818
0.0113316
-0.0304817
-0.0584525
-0.0687088
-0.075471
-0.0796927
-0.0818197
-0.0829265
-0.0834741
-0.0837505
-0.0838842
0.0187055
0.0197728
0.0209041
0.0221052
0.0233992
0.0247136
0.026096
0.0274653
0.028886
0.0302582
0.0316712
0.0330585
0.0343767
0.0355801
0.0366476
0.0375031
0.0376066
0.0364875
0.0187349
0.019806
0.0209498
0.0221847
0.0234405
0.0247431
0.0261266
0.0275051
0.02895
0.0304022
0.0318189
0.0331155
0.0344027
0.0356121
0.0367427
0.0374885
0.037548
0.0364083
0.0188971
0.0199746
0.0211073
0.0222975
0.0235495
0.0248903
0.0262446
0.0276726
0.0291143
0.0304993
0.0319129
0.0332905
0.0345878
0.0357643
0.0367691
0.0374588
0.0375621
0.0362905
0.0190877
0.0201848
0.0213284
0.0225245
0.0237811
0.0251211
0.0264677
0.0278789
0.0292656
0.0307054
0.0321346
0.0335116
0.034796
0.035946
0.0369033
0.0375048
0.0373923
0.0359567
0.0193509
0.0204456
0.0215978
0.022814
0.0241175
0.0254268
0.0267667
0.0281914
0.0296263
0.0309933
0.0323856
0.0337367
0.0349946
0.0361164
0.0370298
0.0375319
0.0373295
0.0354102
0.0197596
0.0208685
0.0220297
0.023245
0.02452
0.0258738
0.0272273
0.0286366
0.0300112
0.0314296
0.0328242
0.0341521
0.0353777
0.0364526
0.0372688
0.037564
0.0369216
0.0344877
0.0202445
0.0213683
0.0225509
0.0237936
0.0251251
0.0264653
0.0278638
0.0292303
0.0306302
0.0319522
0.0332924
0.0345782
0.0357497
0.0367529
0.0374305
0.0374398
0.0363015
0.0335474
0.0209809
0.0221441
0.0233938
0.0246472
0.0259249
0.0272418
0.0286319
0.0299825
0.0313625
0.0326482
0.0339435
0.0351706
0.036265
0.0371317
0.0375375
0.0371085
0.0351095
0.0312087
0.0220436
0.0232142
0.0244269
0.02567
0.0269451
0.0282562
0.0296336
0.0309585
0.0323009
0.0335366
0.0347641
0.0358907
0.036827
0.0373296
0.0372837
0.0362176
0.0333875
0.0257239
0.0233319
0.0244965
0.025712
0.0269639
0.0282533
0.0296082
0.0308988
0.0321588
0.0334319
0.0345803
0.0357044
0.0366713
0.0372541
0.037342
0.0364536
0.0340014
0.0286255
0.0123398
0.0250323
0.0262175
0.0274412
0.0286834
0.0299274
0.0311669
0.0323922
0.0336365
0.0347353
0.03573
0.0366773
0.037339
0.0373311
0.0364773
0.034211
0.0295583
0.015345
-0.0288476
0.0272112
0.0283901
0.0295257
0.0307082
0.0318887
0.033044
0.0341604
0.0352666
0.0361857
0.036925
0.0374007
0.0371933
0.0359565
0.0332558
0.0272491
0.0110801
-0.0364233
-0.0652025
0.0299085
0.0310048
0.0321332
0.0332249
0.0341872
0.0351473
0.036028
0.0367759
0.0372637
0.0373486
0.0364356
0.0342009
0.0303609
0.0200469
-0.00987358
-0.0548581
-0.0704471
-0.0780891
0.032925
0.033961
0.0348878
0.035799
0.0365585
0.0372522
0.0376993
0.0376726
0.0367425
0.0345842
0.0305371
0.0204644
-0.00786125
-0.0522762
-0.068494
-0.0769037
-0.08087
-0.0826593
0.0355453
0.0364751
0.0372563
0.0379177
0.0384293
0.0384207
0.0377568
0.0363252
0.0337679
0.0252209
-0.0030094
-0.0497677
-0.0672937
-0.0761581
-0.0804471
-0.0824176
-0.0832994
-0.0836925
0.0145701
0.0154536
0.0164284
0.017472
0.018622
0.0198611
0.0211794
0.0225651
0.0240076
0.0254976
0.0270291
0.0286026
0.0302425
0.0318256
0.0334211
0.0349212
0.0361809
0.0372619
0.0145891
0.0154783
0.016465
0.0175341
0.0186614
0.0198904
0.0212063
0.0225933
0.0240425
0.0255439
0.027098
0.0287302
0.0303344
0.0319576
0.0334751
0.0349371
0.0361785
0.0372428
0.0146767
0.0155804
0.0165533
0.0176293
0.018796
0.0200478
0.021376
0.0227751
0.0242331
0.0257365
0.0272765
0.0288542
0.0304925
0.0320602
0.0336148
0.0350124
0.0363248
0.037378
0.0148235
0.0157401
0.0167213
0.0178011
0.0189611
0.0201743
0.0214887
0.0228883
0.0243674
0.0259418
0.0275097
0.029095
0.0307346
0.0322943
0.0338373
0.0352121
0.0364916
0.0374792
0.015021
0.0159473
0.0169421
0.0180423
0.0192342
0.0205047
0.0218507
0.0232671
0.0247381
0.0262513
0.0277929
0.029363
0.0309893
0.0325363
0.0340607
0.0354115
0.0366579
0.0375978
0.0153404
0.0162873
0.0173005
0.0184128
0.019605
0.0208468
0.0221885
0.0236105
0.0251054
0.0266889
0.0282528
0.0298082
0.0313619
0.0329332
0.0343775
0.0357551
0.0369258
0.0376646
0.0157705
0.0167337
0.0177876
0.018907
0.020132
0.0214408
0.0228233
0.0242647
0.025751
0.0272687
0.0288066
0.0303632
0.0319651
0.0334653
0.034919
0.0361593
0.0372304
0.0378904
0.0163979
0.017406
0.0184781
0.0196398
0.0208553
0.0221723
0.0235702
0.0250247
0.0265195
0.0280379
0.0295692
0.0311086
0.0326848
0.0341363
0.035521
0.036657
0.0375485
0.0378073
0.0172613
0.0182795
0.0193757
0.020579
0.0218528
0.0231625
0.0245673
0.0260318
0.0275336
0.0290483
0.0305638
0.032071
0.0335926
0.0349432
0.0361436
0.0371907
0.0377793
0.0375902
0.0184507
0.0195107
0.0206474
0.0218813
0.023154
0.0245079
0.0258761
0.0273295
0.0288216
0.0303187
0.0317999
0.0332513
0.0346851
0.035917
0.0369445
0.0377244
0.0377285
0.0364256
0.0200038
0.0211316
0.0223523
0.0235961
0.0248859
0.0262584
0.02763
0.0290784
0.030543
0.0319941
0.0334023
0.0347241
0.0359147
0.0369132
0.0376153
0.0377817
0.0366105
0.0325856
0.0222089
0.0233804
0.0245954
0.0258478
0.0271452
0.0285158
0.0298557
0.0312368
0.0325454
0.0338709
0.0351297
0.0362513
0.0371575
0.0377153
0.0375634
0.0360318
0.0316738
0.0204975
0.0251026
0.0263195
0.027562
0.0288157
0.030067
0.0313071
0.0325209
0.0337065
0.0348953
0.0359267
0.0368644
0.0375403
0.0376972
0.0367364
0.0337048
0.0269783
0.011735
-0.0362222
0.0286978
0.0298412
0.0310426
0.0322491
0.0334313
0.0345661
0.0356208
0.0365671
0.0373559
0.0379143
0.03811
0.0372965
0.0345411
0.0281454
0.0139447
-0.0290568
-0.0626732
-0.0753644
0.0319753
0.0330807
0.0342095
0.0352338
0.0362745
0.0372255
0.0379767
0.0386405
0.0389852
0.0386544
0.0368686
0.0323404
0.0195594
-0.0220595
-0.0601534
-0.074033
-0.0799199
-0.0823375
0.0117617
0.012451
0.0132295
0.0141059
0.0150922
0.0161616
0.0173284
0.0186143
0.0199813
0.021466
0.023034
0.0246383
0.0263436
0.0280999
0.0298787
0.0316591
0.0334439
0.0350458
0.0117864
0.012476
0.0132615
0.0141511
0.0151226
0.016186
0.0173545
0.0186529
0.0200533
0.0215226
0.0231086
0.0247839
0.0265196
0.0282898
0.0300634
0.0318086
0.033489
0.035057
0.0118605
0.0125611
0.0133472
0.0142259
0.0152023
0.0162921
0.017466
0.0187427
0.0201489
0.021646
0.0231926
0.0248476
0.0265757
0.0283407
0.0301085
0.0318461
0.0335224
0.0351062
0.0119689
0.0126813
0.0134773
0.0143612
0.0153391
0.0164205
0.017625
0.0189217
0.0203437
0.0218578
0.0234152
0.0250788
0.0268122
0.0285785
0.0303443
0.032075
0.0337338
0.0352775
0.012111
0.012838
0.0136492
0.0145531
0.0155573
0.0166796
0.0178921
0.0192193
0.0206216
0.0221271
0.0236841
0.0253493
0.0270838
0.0288491
0.030609
0.0323293
0.0339765
0.0355153
0.0123397
0.013089
0.0139237
0.0148477
0.0158665
0.0169868
0.018229
0.0195559
0.0209943
0.0224997
0.024117
0.0258136
0.0275609
0.0293298
0.0310813
0.0327849
0.0344006
0.0358715
0.0126439
0.0134194
0.0142857
0.0152505
0.0163283
0.0174877
0.0187427
0.0201143
0.021553
0.023093
0.0246769
0.0263597
0.0281018
0.0298609
0.031599
0.0332754
0.0348471
0.0362545
0.0131365
0.0139539
0.014859
0.0158531
0.0169396
0.0181214
0.0194071
0.0208124
0.0222853
0.0238657
0.025507
0.0271519
0.0288749
0.0306157
0.0323264
0.0339616
0.0354688
0.0367731
0.0137876
0.0146432
0.0155912
0.0166323
0.0177682
0.0190053
0.0203637
0.0217956
0.0233267
0.0248947
0.0265391
0.0281817
0.0298932
0.0316037
0.0332666
0.0348355
0.0362437
0.0373846
0.0147895
0.0157089
0.0166955
0.0177883
0.0189758
0.0202568
0.0216317
0.0231234
0.0246618
0.026282
0.0279009
0.0295681
0.0311878
0.0328293
0.0344099
0.0358699
0.0371068
0.0379657
0.0161861
0.0171842
0.01825
0.019419
0.0206781
0.0220167
0.0234212
0.0248891
0.0264077
0.027975
0.0296091
0.0311981
0.0328095
0.0343515
0.0356999
0.0369276
0.0378319
0.0380854
0.0182352
0.0193008
0.0204641
0.0216803
0.0229935
0.0243614
0.0257365
0.0271959
0.028716
0.0303087
0.031827
0.03328
0.0346629
0.0359897
0.0370465
0.0378221
0.0379067
0.0363296
0.0211357
0.0222844
0.0234884
0.0247508
0.0260987
0.0274462
0.0288451
0.0302114
0.0316351
0.0330447
0.0343961
0.0356354
0.0367012
0.0375077
0.0379104
0.0372533
0.0344251
0.0263107
0.0249008
0.0260654
0.0273056
0.0285826
0.0298934
0.0312611
0.0325496
0.0337948
0.0350525
0.036168
0.0372078
0.0379907
0.0382447
0.0377038
0.0352551
0.0281189
0.0121565
-0.0348382
0.02844
0.0296835
0.0309344
0.0321104
0.0333341
0.0345424
0.0356972
0.0367839
0.0377862
0.0387011
0.0392414
0.0391756
0.037772
0.0326858
0.0192936
-0.024861
-0.0626979
-0.0758809
0.0100601
0.0105764
0.0111766
0.0118814
0.0126942
0.0136156
0.014649
0.0157982
0.0170619
0.0184407
0.0199324
0.0215393
0.0232783
0.0250612
0.0269045
0.0288452
0.0307902
0.0326199
0.0100745
0.0105944
0.0112027
0.0119004
0.0127083
0.0136271
0.0146616
0.0158148
0.017087
0.0184742
0.0199846
0.0216321
0.0233464
0.0251364
0.0270223
0.0289019
0.0308154
0.0326322
0.010121
0.0106393
0.0112543
0.0119663
0.0127765
0.0136842
0.0147189
0.0158855
0.0171953
0.0186037
0.0201112
0.0217211
0.0234334
0.0252654
0.0271247
0.0290459
0.0309122
0.0327741
0.0101934
0.0107242
0.0113491
0.0120673
0.0128765
0.0138039
0.0148537
0.0160293
0.0173374
0.0187832
0.020312
0.0219353
0.0236579
0.0255012
0.0273661
0.0292885
0.0311477
0.0330007
0.0103026
0.0108528
0.0114864
0.0122213
0.0130566
0.0139916
0.0150563
0.0162541
0.0175937
0.0190307
0.0205651
0.0221968
0.023928
0.0257757
0.0276389
0.029557
0.0314094
0.0332462
0.0104543
0.0110215
0.0116848
0.0124439
0.0132949
0.0142673
0.0153608
0.0165739
0.0179085
0.0193656
0.020962
0.0226326
0.024386
0.0262441
0.0280933
0.0299454
0.0318206
0.0335827
0.0106819
0.0112801
0.0119673
0.0127646
0.0136739
0.0146968
0.0158341
0.0170865
0.0184494
0.0199208
0.0214934
0.0231609
0.0249217
0.0267908
0.0286579
0.0305636
0.0323804
0.034162
0.0110348
0.0116664
0.0123987
0.0132241
0.0141693
0.0152317
0.0164102
0.0177042
0.0191082
0.0206166
0.0222194
0.0239074
0.0256836
0.0275587
0.0294184
0.0313024
0.0330655
0.034726
0.011557
0.0122424
0.0130318
0.0139155
0.0149173
0.0160282
0.0172326
0.0185666
0.0200151
0.021565
0.0232095
0.024942
0.0267796
0.0286037
0.0304084
0.0321919
0.0339618
0.0355486
0.0123616
0.0131144
0.0139628
0.014925
0.0159821
0.0171593
0.0184301
0.0198328
0.0213441
0.0229476
0.0246279
0.0263651
0.028137
0.0299215
0.0316992
0.033484
0.0350949
0.0365232
0.0135625
0.0144116
0.0153509
0.016386
0.0175241
0.0187837
0.0201269
0.021591
0.0231394
0.0247276
0.0264133
0.0281519
0.0299085
0.0316408
0.0333102
0.0348858
0.0362986
0.0374517
0.0154237
0.0163932
0.0174555
0.0186027
0.0198339
0.0211428
0.0225235
0.0239776
0.0255042
0.027129
0.0287537
0.0304375
0.0321108
0.0337092
0.0351245
0.0364452
0.0374971
0.0379977
0.0181861
0.0192633
0.0204375
0.0216567
0.0229582
0.0242883
0.0257097
0.0271836
0.0286968
0.0302401
0.0318268
0.0333048
0.0347039
0.0360457
0.0371193
0.0379082
0.0379881
0.0364048
0.021896
0.0230874
0.0243821
0.0256828
0.0270036
0.0283557
0.0297749
0.0311547
0.0325835
0.0339841
0.0353008
0.0364262
0.0374688
0.0383058
0.0384614
0.0373078
0.0332621
0.0216835
0.0255738
0.0267925
0.028089
0.0294103
0.0307349
0.0320472
0.0333388
0.0346102
0.035909
0.0370667
0.0381596
0.0389771
0.0394814
0.0390867
0.0367626
0.0278699
0.00271387
-0.0515326
0.00911414
0.00948545
0.00994346
0.0104994
0.0111678
0.0119423
0.0128363
0.0138712
0.0150386
0.016323
0.0177513
0.0192913
0.0209781
0.0227702
0.0246126
0.0265629
0.0285692
0.0305719
0.00911844
0.00949293
0.00995307
0.0105106
0.0111824
0.0119634
0.0128718
0.0138984
0.015064
0.0163519
0.0177929
0.0193646
0.0210314
0.0228297
0.024715
0.0266218
0.0286082
0.030603
0.00914076
0.00952852
0.0100001
0.0105656
0.0112359
0.0120272
0.0129342
0.0139773
0.0151425
0.0164493
0.017872
0.0194437
0.0211359
0.0229091
0.0248056
0.0267732
0.0287556
0.0306759
0.00918849
0.00958244
0.0100696
0.010648
0.0113288
0.0121307
0.0130457
0.0140885
0.0152803
0.0166063
0.018042
0.0196186
0.0212946
0.0231103
0.0250247
0.0269874
0.0289186
0.0308888
0.00926121
0.00967293
0.0101695
0.0107608
0.0114576
0.0122776
0.0132148
0.0142897
0.0154866
0.016825
0.018278
0.0198813
0.0216022
0.0233987
0.025314
0.027293
0.0292729
0.0311792
0.00936972
0.00979672
0.0103195
0.0109343
0.0116513
0.0124862
0.0134556
0.014546
0.0157779
0.0171311
0.0186374
0.0202709
0.0219905
0.0238402
0.025776
0.0277448
0.0296694
0.0316191
0.00954332
0.00999558
0.0105399
0.011184
0.0119399
0.0128241
0.013826
0.0149654
0.0162235
0.0176233
0.0191352
0.0207915
0.0225587
0.0243852
0.0263165
0.0282837
0.0301951
0.0321325
0.00978703
0.0102818
0.0108797
0.0115746
0.0123778
0.0133011
0.0143608
0.0155409
0.0168604
0.0182931
0.0198629
0.0215248
0.0233092
0.0251488
0.0270861
0.0290502
0.030943
0.0328465
0.0101836
0.0107272
0.0113761
0.0121408
0.0130103
0.0139935
0.0151011
0.0163488
0.0177047
0.01918
0.0208003
0.0225084
0.0243443
0.026245
0.0281376
0.030072
0.0319285
0.033774
0.0108245
0.0114361
0.0121545
0.0129841
0.013929
0.0149988
0.0162068
0.0175203
0.0189436
0.0204832
0.0221574
0.0238887
0.0256895
0.0275801
0.0294512
0.0313516
0.0331443
0.034898
0.0118588
0.0125763
0.0134032
0.014334
0.0153619
0.0165194
0.0177966
0.0191857
0.0206773
0.0222661
0.0239467
0.0257076
0.027562
0.0293903
0.0312
0.0330185
0.0346726
0.0361631
0.0135427
0.0143958
0.0153399
0.0163783
0.0175193
0.0187786
0.0201166
0.0215651
0.023076
0.0247029
0.0264057
0.028151
0.029909
0.0316401
0.0333128
0.0348901
0.0363029
0.0374541
0.0161028
0.0170964
0.0181951
0.0193841
0.0206561
0.0220002
0.0234122
0.0248827
0.0264008
0.0279716
0.0296179
0.0312144
0.0328181
0.0342999
0.0357322
0.0369904
0.037913
0.0381642
0.019699
0.0208414
0.0220473
0.0233176
0.0246777
0.0260533
0.0275086
0.0289832
0.0304114
0.031884
0.0333459
0.0347638
0.0361557
0.0373112
0.0381609
0.0384836
0.0377515
0.0342005
0.0232549
0.0245353
0.0258565
0.0272019
0.0285601
0.02992
0.0312776
0.0326348
0.0340341
0.0353296
0.0366277
0.0378106
0.0387348
0.0394197
0.0394683
0.0376812
0.0302621
0.00861121
0.00859018
0.00886144
0.00921445
0.00966862
0.0102314
0.0109076
0.0117008
0.0126132
0.0136717
0.0148777
0.0162316
0.0177285
0.0193611
0.0211117
0.0229508
0.0248343
0.0268193
0.0288444
0.00860153
0.00887474
0.00923398
0.00968466
0.0102471
0.0109265
0.0117285
0.0126551
0.0137041
0.0149071
0.0162617
0.0177605
0.0193963
0.0211586
0.0230275
0.0249773
0.0269809
0.0289896
0.00862738
0.00890379
0.00927109
0.00973511
0.0103018
0.0109774
0.0117831
0.0127231
0.013799
0.0150127
0.0163595
0.0178257
0.0194469
0.0212022
0.0230721
0.02503
0.027044
0.0290774
0.00866297
0.00895005
0.00932738
0.00979927
0.0103716
0.0110647
0.0118845
0.0128359
0.0139177
0.0151225
0.0164801
0.0179861
0.0196326
0.0214083
0.0232936
0.0252621
0.027282
0.0293221
0.00871182
0.00901074
0.00940277
0.00989318
0.0104871
0.0111913
0.0120275
0.0129988
0.0141043
0.0153406
0.0167
0.0182187
0.0198807
0.0216686
0.0235639
0.0255394
0.0275617
0.0295935
0.00877914
0.00910113
0.00951555
0.0100271
0.0106404
0.0113775
0.0122446
0.0132448
0.0143757
0.0156309
0.0170434
0.0186025
0.0202974
0.0221147
0.0240318
0.0260183
0.028035
0.0300356
0.00890632
0.00925575
0.00969315
0.0102372
0.0108931
0.0116663
0.0125578
0.0135925
0.0147698
0.0160865
0.0175334
0.0190908
0.0207965
0.0226264
0.0245565
0.026554
0.0285811
0.0305999
0.00910173
0.00948579
0.00996994
0.0105569
0.0112501
0.0120708
0.0130189
0.0140902
0.015314
0.0166822
0.0181873
0.0198102
0.0215224
0.0233674
0.0253129
0.0273195
0.0293435
0.0313402
0.00940991
0.00984636
0.0103888
0.0110386
0.0117964
0.0126808
0.0136858
0.014836
0.0161217
0.017524
0.0190804
0.0207672
0.022555
0.0243977
0.0263459
0.0283467
0.0303489
0.0322902
0.00993528
0.0104465
0.0110569
0.0117783
0.0126261
0.0135915
0.0146943
0.0159153
0.0172779
0.0187537
0.0203784
0.0221131
0.02391
0.0258152
0.0277632
0.0296807
0.0316238
0.0334941
0.0108124
0.0114266
0.0121468
0.0129777
0.0139248
0.0149965
0.0162062
0.0175215
0.0189472
0.0204898
0.0221651
0.0238974
0.0256968
0.0275883
0.0294667
0.0313914
0.0332544
0.0349331
0.0123
0.0130702
0.0139249
0.0148804
0.0159578
0.0171438
0.0184183
0.0198208
0.0213333
0.0229408
0.0246277
0.0263693
0.0281432
0.0299291
0.0317094
0.0334986
0.0351083
0.0365324
0.0146627
0.015595
0.016622
0.0177374
0.0189392
0.0202224
0.021589
0.0230443
0.0246089
0.0262069
0.0278901
0.0295849
0.0312162
0.0328683
0.0344609
0.0359287
0.0371782
0.0380426
0.0180205
0.0191202
0.0203191
0.0215649
0.0228989
0.0242633
0.025721
0.0272292
0.028767
0.0303102
0.0318383
0.0333276
0.0347651
0.0361714
0.0373312
0.0381953
0.038579
0.0376539
0.0214242
0.022681
0.0239846
0.0253252
0.0266988
0.0281075
0.0295892
0.0310301
0.0325024
0.0338804
0.0352749
0.0365875
0.0377045
0.0387267
0.0394389
0.0394796
0.0376603
0.0292187
0.00831845
0.00851798
0.00880119
0.00917807
0.0096582
0.0102506
0.0109638
0.0118049
0.0127815
0.0139011
0.0151678
0.0165802
0.0181354
0.0198274
0.0216479
0.0235907
0.0256605
0.0277342
0.00832477
0.00852532
0.00881034
0.00918934
0.00967275
0.0102699
0.010991
0.0118468
0.0128222
0.0139538
0.0152538
0.0166899
0.0182642
0.0199713
0.0217971
0.0237232
0.0257247
0.0277661
0.00836028
0.00856965
0.00886318
0.0092501
0.00974026
0.0103427
0.0110676
0.0119241
0.0129177
0.0140549
0.0153373
0.0167628
0.0183295
0.0200293
0.0218487
0.0237683
0.0257629
0.0278018
0.0083911
0.00860894
0.00891
0.00930197
0.00980601
0.0104194
0.0111502
0.0120279
0.0130392
0.0141908
0.0154884
0.0169323
0.0185165
0.0202319
0.0220648
0.0239957
0.0259974
0.0280389
0.00842525
0.00865573
0.00897231
0.00938346
0.00989959
0.01053
0.0112847
0.0121727
0.0131988
0.0143695
0.015688
0.0171508
0.0187526
0.0204837
0.0223293
0.0242685
0.0262749
0.0283162
0.00846368
0.00870916
0.00904548
0.00948243
0.0100159
0.0106689
0.0114517
0.0123749
0.0134192
0.0146215
0.0159945
0.0175012
0.0191417
0.0209081
0.0227827
0.0247431
0.0267616
0.0288042
0.00856403
0.0088383
0.0092026
0.00966635
0.0102388
0.0109298
0.011748
0.0127021
0.0137971
0.0150383
0.0164263
0.0179547
0.0196182
0.0214054
0.0232983
0.0252728
0.0272989
0.0293411
0.00871927
0.00902992
0.00943137
0.00992826
0.010541
0.0112778
0.0121455
0.0131499
0.0142962
0.0155862
0.0170186
0.0185902
0.0202925
0.0221144
0.0240361
0.0260309
0.028066
0.0301025
0.00896605
0.0093315
0.0097911
0.0103482
0.011025
0.0118296
0.0127675
0.0138438
0.0150579
0.0164025
0.0178641
0.0194807
0.0212305
0.0230907
0.0250391
0.0270495
0.0290851
0.0311019
0.00940512
0.00984185
0.0103846
0.0110351
0.0117937
0.0126802
0.0136894
0.0148476
0.0161467
0.0175762
0.0191153
0.0208026
0.0226051
0.024488
0.02639
0.0283709
0.0303724
0.0323307
0.0101681
0.0107154
0.0113662
0.0121329
0.0130039
0.013989
0.0151026
0.0163611
0.0177354
0.0192487
0.0208606
0.0225967
0.0243931
0.026282
0.0281721
0.0301281
0.0320511
0.0338284
0.0115213
0.0122082
0.012989
0.0138843
0.0148865
0.0159831
0.0172074
0.0185534
0.0200099
0.0215697
0.0232209
0.0249594
0.0268011
0.0286289
0.0304538
0.0323036
0.0340052
0.0355661
0.0136874
0.0145574
0.0155187
0.016571
0.0177137
0.0189454
0.0202751
0.0217247
0.0232403
0.0248661
0.0265428
0.0282018
0.0299219
0.0316439
0.0333172
0.0348964
0.0363086
0.0374539
0.0167976
0.0178442
0.0189928
0.0202041
0.0215204
0.0229064
0.0243403
0.0257876
0.0273323
0.0289677
0.0305544
0.0321006
0.0336158
0.0351243
0.036451
0.0376369
0.0383947
0.0384944
0.0199734
0.0211909
0.0224702
0.0238141
0.0252492
0.0266711
0.0281181
0.0296458
0.0311753
0.0326155
0.0340829
0.0355074
0.0368413
0.0380461
0.0390368
0.0396042
0.0391965
0.036228
0.00819235
0.00834338
0.00857463
0.00889655
0.00932035
0.00985783
0.0105224
0.0113081
0.0122227
0.0132751
0.0144719
0.0158176
0.0173139
0.0189601
0.0207509
0.0226935
0.0246937
0.026736
0.00819508
0.00834805
0.00858266
0.00891043
0.00934477
0.00988657
0.0105442
0.0113266
0.0122421
0.0133
0.0145059
0.0158638
0.0173798
0.0190635
0.0208553
0.0227482
0.0247228
0.0267548
0.00821748
0.00837994
0.00862214
0.00895361
0.00938415
0.00992321
0.0105811
0.0113691
0.0122999
0.0133885
0.0146154
0.015984
0.0174941
0.0191415
0.0209151
0.022801
0.0247793
0.0268356
0.00823494
0.00840867
0.00866202
0.00900479
0.00944732
0.00999767
0.0106664
0.0114647
0.0124019
0.0134873
0.0147292
0.016137
0.017673
0.0193363
0.0211206
0.0230122
0.024991
0.0270312
0.00826508
0.00844801
0.00871361
0.00907008
0.00952654
0.0100927
0.0107786
0.0115949
0.0125521
0.0136619
0.0149376
0.0163497
0.0178975
0.0195772
0.0213767
0.0232808
0.0252692
0.0273143
0.00830265
0.00849893
0.00878265
0.00916571
0.0096489
0.0102438
0.0109588
0.0118035
0.012786
0.0139154
0.0151971
0.0166295
0.0182158
0.0199641
0.0218078
0.0237386
0.025739
0.0277819
0.00837969
0.008604
0.0089147
0.00932078
0.00983135
0.0104561
0.0112047
0.0120868
0.0131121
0.0142915
0.0156387
0.0171182
0.0187314
0.0204706
0.0223207
0.0242625
0.0262713
0.0283165
0.00849445
0.00875609
0.00911246
0.00956445
0.0101232
0.0108001
0.0116047
0.0125453
0.0136272
0.0148548
0.016228
0.0177428
0.0193927
0.0211665
0.0230476
0.0250136
0.0270366
0.0290827
0.00871377
0.00902665
0.00943085
0.00993372
0.0105406
0.0112743
0.0121409
0.013145
0.0142902
0.0155799
0.0170135
0.0185886
0.0202955
0.0221188
0.0240376
0.0260265
0.0280583
0.0300956
0.00909556
0.00948022
0.00996578
0.0105547
0.0112491
0.0120743
0.0130324
0.0141216
0.015334
0.0167031
0.0182207
0.0198761
0.0216507
0.0235213
0.0254488
0.0273792
0.029374
0.0313673
0.00978135
0.0102777
0.0108772
0.0115747
0.0123797
0.0133053
0.0143698
0.0155546
0.0168819
0.0183262
0.0199201
0.0216294
0.0234028
0.025275
0.0271648
0.0291309
0.0311021
0.0330027
0.0110085
0.0116446
0.0123801
0.0132102
0.0141604
0.0152262
0.0164089
0.017707
0.0191164
0.0206314
0.0222463
0.0239584
0.0257845
0.0276125
0.0294547
0.031339
0.0331206
0.0348451
0.0129981
0.0138169
0.0147289
0.0157406
0.0168664
0.0180704
0.0193661
0.0207821
0.0222684
0.0238687
0.0255266
0.0271805
0.0289104
0.0306525
0.0323654
0.034011
0.0355342
0.0368691
0.0159132
0.0169413
0.0180389
0.0192429
0.0205324
0.0218783
0.0232513
0.024725
0.0262791
0.027924
0.0295333
0.0311281
0.0327515
0.0342499
0.0356504
0.0369902
0.0380858
0.0386406
0.0189824
0.0201717
0.0214231
0.022746
0.0241622
0.0255768
0.0270218
0.0285601
0.0301094
0.0315822
0.0330862
0.0345616
0.0359681
0.0372651
0.0384026
0.0392842
0.0396682
0.0383004
0.00812333
0.00824856
0.0084494
0.00873688
0.00912285
0.00961988
0.0102407
0.0109798
0.0118471
0.0128508
0.0140001
0.0153038
0.0167704
0.0184095
0.0201609
0.0220194
0.0239658
0.0259793
0.00812586
0.00825075
0.00845319
0.00874382
0.00913465
0.0096389
0.0102555
0.0109926
0.0118606
0.0128695
0.0140274
0.0153444
0.0168333
0.018452
0.020193
0.0220466
0.0239945
0.0260181
0.00813334
0.0082639
0.00847732
0.00877683
0.00917073
0.00966984
0.0102847
0.0110273
0.0119109
0.0129502
0.0141275
0.0154465
0.0169107
0.0185198
0.0202758
0.0221881
0.0241686
0.0262069
0.00815008
0.00828744
0.0085062
0.00881794
0.00922461
0.00973649
0.0103631
0.0111164
0.0120086
0.0130518
0.0142579
0.0155998
0.0170801
0.0186967
0.0204465
0.0223223
0.024313
0.0264143
0.00817271
0.00831993
0.00854994
0.00887507
0.00929694
0.00982453
0.0104688
0.0112418
0.0121575
0.0132315
0.014445
0.0158006
0.0172976
0.0189321
0.0207001
0.0225997
0.0246382
0.0267037
0.00821377
0.00837754
0.00862359
0.00896235
0.00940464
0.00996385
0.0106384
0.0114379
0.0123732
0.0134536
0.0146856
0.0160755
0.0176356
0.0193159
0.0211104
0.0230095
0.0249967
0.0270471
0.0082735
0.00846224
0.00873982
0.00910908
0.00958048
0.010163
0.0108668
0.0117022
0.0126787
0.0138082
0.0151049
0.016536
0.0181014
0.019795
0.0216068
0.0235231
0.0255274
0.027605
0.00837915
0.00860171
0.00891163
0.0093178
0.00983052
0.0104612
0.0112225
0.0121292
0.0131689
0.0143498
0.0156742
0.0171402
0.0187432
0.0204744
0.0223203
0.0242636
0.0262846
0.0283669
0.00855418
0.00882917
0.00919468
0.00965968
0.0102343
0.0109286
0.0117511
0.0127084
0.0138053
0.0150467
0.0164336
0.0179626
0.019626
0.0214113
0.0233004
0.0252699
0.0272938
0.0293479
0.00890809
0.00926046
0.00970548
0.0102472
0.0109078
0.0116928
0.0126055
0.0136454
0.0148103
0.016132
0.0176052
0.0192193
0.0209597
0.0228087
0.0247362
0.0266994
0.0286398
0.0306284
0.00954719
0.0100031
0.0105515
0.0112046
0.0119789
0.0128663
0.0138865
0.0150267
0.0163081
0.0177078
0.0192603
0.0209343
0.0226886
0.0245616
0.0264944
0.0284128
0.0303836
0.0323274
0.0106726
0.011275
0.0119661
0.0127679
0.013683
0.0147125
0.0158562
0.0171138
0.0184831
0.0199617
0.0215447
0.0232327
0.0250467
0.0268911
0.0288023
0.0306672
0.0325353
0.0342638
0.0125599
0.0133448
0.014216
0.0151819
0.0162495
0.0174347
0.0187069
0.0200957
0.0215581
0.0231347
0.0247737
0.026419
0.0281487
0.0299038
0.0316462
0.0333345
0.0349438
0.0364579
0.0153276
0.0163281
0.0173936
0.0185585
0.0197995
0.0210889
0.0224781
0.023954
0.0255058
0.0271484
0.0287597
0.0303689
0.0320221
0.0335778
0.0351073
0.0364551
0.0376713
0.038513
0.0182671
0.0194307
0.0206538
0.0219373
0.023289
0.0247365
0.0261999
0.0277538
0.0293353
0.0308898
0.03235
0.0338348
0.0352789
0.0366385
0.0378873
0.0390046
0.0396025
0.0391235
0.0080823
0.00818996
0.00837108
0.00863634
0.00899752
0.00946727
0.0100586
0.0107674
0.0116031
0.0125739
0.0136898
0.0149597
0.0163914
0.0179965
0.019718
0.0215469
0.0234715
0.0254742
0.00808501
0.00819186
0.00837399
0.00864186
0.00900753
0.00948485
0.0100736
0.0107817
0.0116198
0.0125978
0.0137276
0.015025
0.0164617
0.0180391
0.0197468
0.0215751
0.0235089
0.0255382
0.00808874
0.00820003
0.00839248
0.00866971
0.00904019
0.00951457
0.0101039
0.0108213
0.0116827
0.0126796
0.013817
0.0150987
0.0165264
0.018102
0.0198292
0.0217187
0.0236852
0.0257099
0.00810212
0.00821852
0.00841343
0.00869782
0.00908352
0.00957191
0.0101723
0.0108967
0.0117576
0.0127666
0.0139368
0.0152435
0.0166889
0.0182749
0.0200017
0.0218693
0.023882
0.0259332
0.0081217
0.0082492
0.00845749
0.00875922
0.00915689
0.00965857
0.0102748
0.0110176
0.0119007
0.0129402
0.0141186
0.015438
0.0169003
0.0185029
0.0202435
0.022122
0.0241466
0.0262059
0.00816039
0.00830485
0.00852892
0.00884373
0.00926037
0.00979191
0.0104371
0.0112065
0.0121094
0.0131555
0.0143523
0.0157067
0.0172314
0.0188797
0.0206469
0.0225264
0.0245059
0.0265696
0.00821388
0.00838
0.00863097
0.00897909
0.00942672
0.00998267
0.0106573
0.0114612
0.0124042
0.0134984
0.0147586
0.0161554
0.0176883
0.0193522
0.0211397
0.0230415
0.0250501
0.0271715
0.00831319
0.00851484
0.00880109
0.0091819
0.00966734
0.0102686
0.0109983
0.0118713
0.0128767
0.0140235
0.0153148
0.0167481
0.0183195
0.0200215
0.0218424
0.0237669
0.025777
0.0278575
0.00847412
0.00872827
0.00907084
0.00951108
0.010059
0.010724
0.0115146
0.0124387
0.0135024
0.01471
0.0160627
0.0175579
0.0191897
0.020947
0.0228133
0.0247668
0.0267823
0.0288373
0.00879741
0.00912908
0.00954988
0.0100662
0.0106974
0.0114477
0.0123206
0.0133165
0.014462
0.0157557
0.0171952
0.0187738
0.0204849
0.0223105
0.0242223
0.0261809
0.028124
0.0301216
0.00939009
0.00982539
0.0103512
0.0109775
0.01172
0.0125717
0.0135462
0.0146652
0.0159179
0.0172858
0.018796
0.0204135
0.0221766
0.0240448
0.0259748
0.0278952
0.0298725
0.0318321
0.01045
0.0110246
0.0116991
0.0124769
0.0133633
0.0143615
0.0154751
0.0167049
0.0180506
0.019508
0.0210699
0.022738
0.0245371
0.0263772
0.0282893
0.0301641
0.0320509
0.033813
0.0122657
0.0130254
0.0138707
0.014806
0.0158371
0.0169731
0.0182317
0.0195809
0.0210554
0.0226262
0.0242583
0.0259033
0.0276344
0.0293963
0.031153
0.0328657
0.0345138
0.0360894
0.0149007
0.0158666
0.0169307
0.0180744
0.0192744
0.0205773
0.0219666
0.0234339
0.0249771
0.0266096
0.0282248
0.0298461
0.0315134
0.0330952
0.0346583
0.0360553
0.0373478
0.0383343
0.0176785
0.0188376
0.0200953
0.0213861
0.022736
0.0241804
0.0256419
0.0271859
0.0287491
0.030254
0.0317974
0.0333261
0.0348045
0.0362023
0.0375031
0.0387
0.0394624
0.0394669
0.00805431
0.00815279
0.00832434
0.00857753
0.00892379
0.009375
0.00994286
0.0106396
0.0114595
0.0124132
0.0135087
0.0147545
0.0161569
0.0177196
0.0194473
0.0212733
0.0231924
0.0251877
0.00806178
0.00815892
0.00832972
0.0085845
0.00893362
0.0093891
0.00996428
0.0106573
0.0114767
0.0124327
0.0135333
0.0147865
0.0161978
0.0177794
0.019482
0.0212991
0.0232191
0.0252211
0.00806537
0.00816481
0.00834167
0.00860758
0.00896577
0.0094258
0.00999883
0.0106959
0.0115289
0.0125118
0.0136307
0.0148936
0.0163014
0.0178557
0.0195538
0.0213945
0.0233789
0.0254096
0.00807807
0.00818345
0.0083654
0.00863418
0.00900078
0.00947749
0.0100645
0.0107722
0.0116124
0.0125962
0.0137321
0.015031
0.0164629
0.0180306
0.0197327
0.021563
0.0235095
0.0255528
0.00809551
0.00821161
0.00840604
0.0086898
0.00907526
0.00956405
0.0101653
0.0108899
0.0117499
0.0127567
0.0139235
0.0152279
0.0166736
0.0182589
0.0199785
0.0218267
0.0237975
0.0258883
0.00812916
0.00826304
0.0084757
0.00877648
0.00917677
0.00968717
0.0103206
0.0110744
0.01196
0.012986
0.0141607
0.0154887
0.0169729
0.0186221
0.020381
0.0222471
0.0242063
0.0262376
0.00818015
0.00833494
0.00857186
0.00890184
0.00933721
0.00987875
0.0105378
0.011323
0.012245
0.013314
0.0145393
0.0159305
0.0174515
0.0191034
0.020876
0.022757
0.0247282
0.0267655
0.00827248
0.00846464
0.00874004
0.0091073
0.00957689
0.0101587
0.010863
0.0116995
0.0126761
0.0138033
0.0150949
0.0165207
0.0180815
0.0197714
0.0215798
0.0234904
0.0254809
0.0275233
0.00843269
0.00867452
0.00900395
0.00943003
0.00996192
0.0106089
0.0113808
0.0122858
0.0133302
0.0145183
0.0158514
0.0173262
0.0189394
0.0206812
0.0225366
0.0244844
0.0264974
0.0285432
0.00872958
0.00904053
0.00944571
0.00995116
0.0105625
0.0112827
0.0121356
0.0131264
0.0142577
0.0155288
0.0169305
0.0184457
0.0201109
0.0219019
0.0238
0.0257766
0.0277973
0.0298281
0.00928792
0.00970605
0.0102204
0.0108288
0.0115441
0.0123832
0.0133399
0.0144346
0.0156514
0.017012
0.0184856
0.0201042
0.021841
0.0236467
0.0255653
0.0275457
0.0295294
0.0314298
0.0103034
0.0108664
0.0115202
0.0122625
0.0131188
0.0140907
0.0151795
0.0163905
0.0177283
0.0192052
0.0207667
0.0224183
0.0241652
0.0260227
0.0278931
0.0298139
0.0316628
0.0334914
0.0120417
0.0127809
0.0136082
0.0145343
0.0155738
0.0166972
0.0179232
0.0192763
0.0207292
0.0222425
0.0238679
0.0255716
0.0273256
0.0291037
0.0308701
0.0325975
0.0342447
0.0357756
0.01462
0.0155768
0.0166038
0.017738
0.0189665
0.0202779
0.0216658
0.0231191
0.0246317
0.0261942
0.0278033
0.0294859
0.0311217
0.0327686
0.0343001
0.0357968
0.037127
0.0380909
0.0173803
0.0185073
0.0197037
0.0209789
0.0223579
0.0237665
0.025253
0.0267412
0.0283095
0.0299028
0.0314912
0.033048
0.0345458
0.0359606
0.0372612
0.0384
0.0392587
0.0395954
0.00804254
0.00813079
0.00829228
0.0085373
0.00887741
0.00932604
0.00988352
0.0105588
0.0113617
0.0123009
0.0133866
0.0146298
0.0160432
0.0175883
0.0192657
0.0210641
0.0229698
0.0249608
0.00804548
0.00813555
0.00830119
0.00855409
0.00889776
0.00934344
0.00989975
0.0105756
0.0113799
0.0123229
0.0134166
0.0146763
0.0160759
0.0176162
0.0192929
0.0210951
0.0230086
0.0250233
0.00805243
0.0081497
0.00832054
0.00857434
0.00892041
0.00936952
0.00993398
0.0106284
0.011449
0.0124066
0.0135055
0.0147498
0.0161409
0.0176807
0.0193726
0.0212275
0.0231685
0.025182
0.00805886
0.00816062
0.00834208
0.00860679
0.00896349
0.00942309
0.00999558
0.0106922
0.0115251
0.0125082
0.0136278
0.0148913
0.0162988
0.0178483
0.0195365
0.0213578
0.0233043
0.0253772
0.00807526
0.00818637
0.00837903
0.00865684
0.00902851
0.00950359
0.0100931
0.0108099
0.0116694
0.0126631
0.0137991
0.0150802
0.0165065
0.0180752
0.0197834
0.0216308
0.0236259
0.0256699
0.00811114
0.00823638
0.00844094
0.0087352
0.00913163
0.0096317
0.0102469
0.0109859
0.0118586
0.0128737
0.0140408
0.0153736
0.0168409
0.0184452
0.0201785
0.0220305
0.0239825
0.0260114
0.00815633
0.00830529
0.00853953
0.00886262
0.00928354
0.00981173
0.0104578
0.0112328
0.0121481
0.0132188
0.0144279
0.0157818
0.0172769
0.0189092
0.0206674
0.0225387
0.0245078
0.026562
0.00824911
0.00843082
0.0086956
0.00905253
0.00951162
0.0100838
0.0107815
0.0116194
0.0125889
0.0136988
0.0149539
0.0163526
0.0178931
0.0195688
0.0213657
0.0232672
0.0252527
0.0272986
0.00839796
0.00863078
0.00895012
0.00936551
0.00988632
0.0105217
0.0112808
0.0121726
0.0132029
0.014376
0.0156936
0.017154
0.018752
0.0204779
0.0223198
0.0242575
0.0262638
0.0283063
0.00869017
0.00899467
0.00938429
0.00987686
0.0104781
0.0111933
0.0120241
0.0129974
0.0141138
0.0153741
0.016776
0.0183107
0.0199647
0.0217048
0.0235751
0.0255395
0.0275589
0.0295923
0.00922649
0.00963264
0.0101346
0.0107305
0.0114323
0.0122583
0.0132003
0.0142808
0.0154857
0.0168428
0.0183306
0.0199211
0.0216491
0.0234761
0.0253484
0.0273168
0.0293136
0.0312779
0.0102175
0.0107693
0.0114148
0.0121544
0.0129876
0.0139403
0.0150127
0.0162071
0.01753
0.0189943
0.0205462
0.0221882
0.0239247
0.0257749
0.0276402
0.0295611
0.0314172
0.033259
0.0119152
0.012643
0.0134598
0.0143749
0.0154046
0.0165241
0.0177591
0.0190768
0.0205077
0.0220067
0.0236219
0.0253188
0.0270693
0.0288478
0.0306197
0.0323571
0.0340214
0.0355728
0.0144453
0.0153904
0.0164061
0.0175293
0.0187478
0.0200501
0.0214296
0.0228735
0.0243782
0.0259354
0.0275423
0.0292255
0.0308661
0.0325215
0.0340674
0.0355853
0.0369491
0.0379642
0.0171587
0.0182735
0.0194585
0.0207268
0.0220995
0.0235031
0.0249851
0.026471
0.0280385
0.0296341
0.0312279
0.0327933
0.0343033
0.0357354
0.0370634
0.0382567
0.0392642
0.039642
0.00803402
0.0081229
0.00828244
0.00852244
0.00885345
0.00928656
0.00983292
0.0105045
0.011316
0.0122582
0.0133375
0.0145605
0.0159312
0.0174489
0.0191128
0.0209205
0.0228799
0.0248952
0.00804027
0.00812759
0.00828772
0.00853011
0.00886507
0.00930466
0.00986284
0.0105388
0.0113416
0.0122793
0.0133593
0.0145865
0.0159648
0.0175
0.0192045
0.0210188
0.0229362
0.0249341
0.00804231
0.00813434
0.00830413
0.00855561
0.00889943
0.00934429
0.00990019
0.0105768
0.0113841
0.0123342
0.0134425
0.0146903
0.0160843
0.0176204
0.0192946
0.0210956
0.0230086
0.0250233
0.00805361
0.00814961
0.008321
0.00857761
0.00893083
0.00939334
0.00996523
0.0106552
0.0114737
0.012431
0.0135357
0.0147969
0.0162283
0.0177901
0.0194824
0.021294
0.0232106
0.0252131
0.00807121
0.00817694
0.00835971
0.00863051
0.00900207
0.00947623
0.0100611
0.0107669
0.0116027
0.0125764
0.0136974
0.0149762
0.0164269
0.0180089
0.0197184
0.0215478
0.0234801
0.0254934
0.00810424
0.00822782
0.00842774
0.00871439
0.00909826
0.00958888
0.0101982
0.0109404
0.0118103
0.0128163
0.0139655
0.0152632
0.0167106
0.018306
0.0200477
0.0219447
0.0239139
0.0259436
0.00815084
0.00829495
0.00851991
0.00883646
0.00925728
0.00978343
0.010426
0.0111929
0.0120924
0.0131321
0.0143173
0.0156543
0.0171503
0.0188172
0.0205955
0.022481
0.0244539
0.0264861
0.00823982
0.00842017
0.00868361
0.00903808
0.00949359
0.0100594
0.0107446
0.0115578
0.0125059
0.0135955
0.0148323
0.0162214
0.0177687
0.0194848
0.0213043
0.0232209
0.0252154
0.0272578
0.00839366
0.00862198
0.00893637
0.00934574
0.00986087
0.010491
0.0112437
0.0121274
0.0131488
0.0143135
0.0156261
0.0170868
0.018691
0.020427
0.0222793
0.0242238
0.0262337
0.0282814
0.00867614
0.00897207
0.00935889
0.00984245
0.0104292
0.0111386
0.0119753
0.0129425
0.0140406
0.0152647
0.0166475
0.0181784
0.0198449
0.0216342
0.0235284
0.0254997
0.0275148
0.0295402
0.00920642
0.00960344
0.0100894
0.0106754
0.0113771
0.0121897
0.0131322
0.0141944
0.0153975
0.0167218
0.0181995
0.0198053
0.021503
0.0233352
0.0252581
0.0272215
0.0291564
0.0311248
0.0101752
0.010712
0.0113469
0.0120828
0.0129237
0.0138763
0.0149461
0.016134
0.0174433
0.0188688
0.0204114
0.0220844
0.0238186
0.0256241
0.0275216
0.0294045
0.0313111
0.0331114
0.0118685
0.0125918
0.0134006
0.0143
0.0152926
0.0163901
0.0176108
0.018922
0.0203616
0.021901
0.023509
0.0251435
0.0268674
0.0286331
0.0304112
0.0321763
0.0339424
0.0355161
0.014355
0.0152861
0.0163149
0.0174268
0.0185998
0.0198773
0.0212418
0.0226848
0.0242062
0.0258199
0.0274308
0.0290605
0.0307416
0.0323538
0.0339586
0.0354245
0.0368202
0.037982
0.0169842
0.0180964
0.0192914
0.020592
0.0219395
0.0233722
0.0248253
0.0263592
0.0279204
0.0294389
0.0310056
0.0325637
0.0340792
0.0355258
0.0368929
0.0381896
0.0391613
0.0396195
0.008029
0.00811828
0.00827915
0.00851888
0.00884783
0.00927698
0.00981787
0.0104826
0.011284
0.0122341
0.0133181
0.0145418
0.0159078
0.0174168
0.0190664
0.0208498
0.0227567
0.0247709
0.00803723
0.0081247
0.00828347
0.00852324
0.00885427
0.00928699
0.00983286
0.0105041
0.0113153
0.0122574
0.0133365
0.0145593
0.0159295
0.0174468
0.0191098
0.0209162
0.0228744
0.0248921
0.0080404
0.00812789
0.00829002
0.00853755
0.00888317
0.00932918
0.00988411
0.0105577
0.0113597
0.0122986
0.0133838
0.0146251
0.0160369
0.0175827
0.0192613
0.021061
0.0229679
0.0249596
0.00805295
0.00814743
0.00831589
0.00856872
0.00891712
0.00937264
0.00994741
0.0106391
0.0114557
0.0124069
0.0135015
0.014747
0.0161491
0.0177097
0.0194364
0.0212652
0.023187
0.0251832
0.00807084
0.00817528
0.00835512
0.00862098
0.00898486
0.0094596
0.010045
0.0107504
0.0115838
0.0125542
0.0136688
0.0149357
0.0163638
0.0179641
0.019685
0.0215181
0.0234479
0.0254538
0.00809945
0.00822259
0.008422
0.00870623
0.00908598
0.00957185
0.0101739
0.0109022
0.0117679
0.0127854
0.0139384
0.0152328
0.0166725
0.0182566
0.019978
0.0218284
0.0237978
0.0258869
0.00814529
0.00828768
0.00850944
0.00882027
0.00923097
0.00975317
0.0104006
0.0111696
0.0120695
0.0131069
0.0142865
0.015612
0.0170847
0.0187024
0.0204585
0.0223503
0.0243846
0.0264508
0.00822013
0.00839643
0.00866056
0.00901522
0.00947073
0.0100366
0.0107199
0.0115295
0.0124734
0.0135582
0.0147887
0.0161675
0.0176936
0.0193607
0.0211619
0.0230891
0.0251479
0.0272256
0.00837543
0.00859138
0.00889638
0.00929914
0.00980989
0.0104387
0.0111754
0.012045
0.0130539
0.014209
0.0155155
0.0169777
0.0186019
0.0203208
0.0222046
0.0241512
0.0261247
0.0282243
0.00865921
0.00895408
0.00933627
0.00981066
0.0103987
0.011106
0.0119366
0.0128934
0.0139753
0.0152111
0.0165994
0.0181342
0.0198072
0.0215994
0.023487
0.0254283
0.0273654
0.0293697
0.00918709
0.00958472
0.0100692
0.0106505
0.0113449
0.0121488
0.013076
0.014148
0.0153543
0.016678
0.0181451
0.0197221
0.0214482
0.0232859
0.0251925
0.0271087
0.02909
0.0310753
0.0101514
0.010685
0.0113141
0.0120387
0.0128569
0.0137958
0.0148589
0.0160521
0.017388
0.0188194
0.0203512
0.0219928
0.023759
0.025559
0.0274035
0.0293169
0.0311822
0.0330582
0.0118007
0.0125199
0.013332
0.0142482
0.0152498
0.0163505
0.0175729
0.018883
0.0203168
0.0218387
0.0234081
0.0250832
0.0268245
0.0285979
0.0303711
0.0321166
0.0337974
0.0353759
0.01429
0.0152312
0.016256
0.0173476
0.0185439
0.0198302
0.0211978
0.0226329
0.0241323
0.0256852
0.0272885
0.0289693
0.0306132
0.0322764
0.0338374
0.0353818
0.0368003
0.0379528
0.0169402
0.0180481
0.019226
0.0204849
0.0218481
0.0232443
0.0247204
0.0262034
0.02777
0.0293674
0.0309658
0.0325389
0.0340599
0.0355073
0.0368564
0.0380827
0.0391525
0.0396519
0.00802538
0.00811074
0.00827322
0.00851523
0.008845
0.00927367
0.00981268
0.0104737
0.0112682
0.0122071
0.0133025
0.0145319
0.015901
0.0174098
0.0190558
0.0208317
0.0227255
0.0247213
0.00803375
0.00812184
0.00828091
0.0085205
0.00885086
0.00928291
0.00982774
0.0104982
0.0113087
0.0122494
0.013329
0.0145508
0.0159184
0.0174321
0.0190866
0.0208768
0.0227988
0.0248552
0.00803946
0.0081258
0.00828556
0.00852936
0.0088691
0.00931766
0.009875
0.0105499
0.0113514
0.0122875
0.0133668
0.0145977
0.0159899
0.0175546
0.0192415
0.021046
0.0229535
0.0249443
0.00805071
0.00814553
0.00831318
0.00856406
0.00890918
0.00936009
0.00992819
0.0106256
0.011446
0.0123977
0.0134898
0.0147295
0.0161222
0.0176708
0.0193748
0.0212365
0.0231735
0.0251754
0.00806878
0.00817336
0.00835227
0.00861587
0.00897544
0.00944346
0.0100331
0.0107411
0.0115769
0.0125474
0.0136594
0.0149197
0.0163344
0.0179099
0.0196545
0.0214996
0.0234354
0.0254423
0.00809312
0.00821756
0.00841708
0.00870179
0.00908089
0.00956561
0.010167
0.0108953
0.0117617
0.0127801
0.0139325
0.0152261
0.0166629
0.0182425
0.0199589
0.0217991
0.02375
0.0257995
0.00814328
0.00828436
0.00850426
0.00881301
0.00922113
0.0097393
0.0103798
0.0111561
0.0120597
0.0130997
0.0142796
0.0156031
0.0170711
0.018681
0.0204268
0.0223003
0.0242943
0.0264084
0.00821252
0.00838361
0.00863953
0.00899127
0.00945155
0.0100195
0.0107054
0.0115171
0.0124622
0.0135471
0.0147762
0.0161514
0.0176715
0.0193316
0.0211238
0.0230366
0.0250561
0.0271814
0.00835765
0.00857453
0.00887841
0.00927854
0.00978468
0.0104047
0.0111458
0.0120167
0.0130261
0.01418
0.0154815
0.0169309
0.018525
0.0202563
0.0221215
0.0241182
0.0261272
0.0281156
0.00865148
0.0089454
0.0093254
0.00979795
0.0103829
0.0110858
0.0119084
0.0128521
0.0139447
0.0151886
0.0165815
0.0181177
0.01979
0.0215814
0.0234667
0.0254101
0.0273455
0.029344
0.00916999
0.00957019
0.0100535
0.0106295
0.0113138
0.0121236
0.0130504
0.0141165
0.0153079
0.0166502
0.0181254
0.0197036
0.0214261
0.0232471
0.0251078
0.0270656
0.0290591
0.0310286
0.0101389
0.0106693
0.0112911
0.0120027
0.0128289
0.0137727
0.0148388
0.0160335
0.0173701
0.018802
0.0203377
0.0219813
0.02375
0.0255491
0.0273896
0.0293036
0.0311628
0.0330196
0.011781
0.0124962
0.0133009
0.0142048
0.0152244
0.0163345
0.0175597
0.0188659
0.0202849
0.021771
0.0233754
0.0250692
0.0268196
0.0285967
0.03037
0.0321151
0.0337923
0.0353709
0.0142605
0.0151974
0.016204
0.0173167
0.0185267
0.0198205
0.0211913
0.022626
0.0241219
0.0256713
0.0272761
0.0289625
0.0306081
0.0322741
0.0338338
0.0353753
0.0367741
0.037856
0.0168984
0.0180225
0.0192065
0.0204685
0.021835
0.023232
0.0247099
0.0261924
0.0277611
0.029364
0.0309662
0.0325413
0.0340623
0.0355093
0.0368523
0.0380568
0.0390539
0.0396694
)
;

boundaryField
{
    walls
    {
        type            zeroGradient;
    }
    procBoundary0to1
    {
        type            processor;
        value           nonuniform List<scalar> 
277
(
-0.084
-0.084
-0.084
-0.084
-0.084
-0.084
-0.084
-0.084
-0.084
-0.084
-0.084
-0.084
-0.084
-0.084
-0.084
-0.084
-0.084
-0.084
-0.084
-0.084
-0.084
-0.084
-0.084
-0.084
-0.084
-0.084
-0.084
-0.084
-0.084
-0.084
-0.084
-0.084
-0.084
-0.084
-0.084
-0.084
-0.084
-0.084
-0.084
-0.084
-0.084
-0.084
-0.084
-0.084
-0.084
-0.084
-0.084
-0.084
-0.084
-0.084
-0.084
-0.084
-0.084
-0.084
-0.084
-0.084
-0.084
-0.084
-0.084
-0.084
-0.084
-0.084
-0.084
-0.084
-0.084
-0.084
-0.084
-0.084
-0.084
-0.084
-0.084
-0.084
-0.084
-0.084
-0.084
-0.084
-0.084
-0.084
-0.084
-0.084
-0.084
-0.084
-0.084
-0.084
-0.084
-0.084
-0.084
-0.084
-0.084
-0.084
-0.084
-0.084
-0.084
-0.084
-0.084
-0.084
-0.084
-0.084
-0.084
-0.084
-0.084
-0.084
-0.084
-0.084
-0.084
-0.084
-0.084
-0.084
-0.084
-0.084
-0.084
-0.084
-0.084
-0.084
-0.084
-0.084
-0.084
-0.084
-0.084
-0.084
-0.084
-0.084
-0.084
-0.084
-0.084
-0.084
-0.084
-0.084
-0.084
-0.084
-0.084
-0.084
-0.084
-0.084
-0.084
-0.0839999
-0.0839999
-0.0839999
-0.0839999
-0.0839999
-0.0839999
-0.0839999
-0.0839999
-0.0839999
-0.0839999
-0.0839999
-0.0839999
-0.0839999
-0.0839999
-0.0839999
-0.0839999
-0.084
-0.084
-0.084
-0.084
-0.084
-0.084
-0.084
-0.084
-0.084
-0.084
-0.084
-0.084
-0.084
-0.084
-0.0839988
-0.0839988
-0.0839989
-0.0839989
-0.083999
-0.0839992
-0.0839993
-0.0839994
-0.0839996
-0.0839997
-0.0839998
-0.0839999
-0.0839999
-0.084
-0.084
-0.0839912
-0.0839914
-0.0839917
-0.0839923
-0.083993
-0.0839939
-0.0839949
-0.0839959
-0.083997
-0.0839979
-0.0839986
-0.0839992
-0.0839996
-0.0839998
-0.0839999
-0.0839361
-0.0839375
-0.0839401
-0.0839441
-0.0839493
-0.0839558
-0.0839632
-0.0839707
-0.083978
-0.0839845
-0.08399
-0.0839941
-0.0839969
-0.0839985
-0.0839993
-0.0835332
-0.0835433
-0.0835614
-0.0835902
-0.0836289
-0.0836771
-0.0837322
-0.0837886
-0.0838416
-0.0838874
-0.0839257
-0.0839563
-0.0839771
-0.0839891
-0.0839945
-0.0806287
-0.0806947
-0.0808065
-0.0809912
-0.0812518
-0.0815852
-0.0819881
-0.0824295
-0.0828588
-0.0832053
-0.0834552
-0.0836713
-0.0838288
-0.0839177
-0.0839581
-0.0603941
-0.0607081
-0.0611972
-0.0620545
-0.0633565
-0.0651174
-0.0675001
-0.0706353
-0.0744379
-0.0780558
-0.080112
-0.0815113
-0.0826954
-0.0833879
-0.0836786
0.0348069
0.0343602
0.0336687
0.0319589
0.026289
0.00962917
-0.0303614
-0.0573841
-0.0647946
-0.0726491
-0.079367
-0.0815119
0.035424
0.0354778
0.0355252
0.0350893
0.034633
0.0346475
0.033189
0.0187528
-0.0468365
-0.0644072
)
;
    }
    procBoundary0to2
    {
        type            processor;
        value           nonuniform List<scalar> 
263
(
0.034851
0.0347687
0.0348718
0.0349218
0.034925
0.0350581
0.0351849
0.0352618
0.0293285
0.0293383
0.0294451
0.0296742
0.0300418
0.0304
0.0310221
0.0317814
0.032683
0.0337819
0.0350789
0.0359912
0.0360822
0.0353362
0.0346847
0.0230386
0.0230883
0.0231912
0.023424
0.023772
0.0242405
0.0248168
0.0256339
0.026747
0.0280953
0.0297414
0.0316369
0.0337377
0.0360313
0.0377967
0.0176983
0.0177246
0.0178769
0.0180349
0.018314
0.018707
0.0191764
0.019897
0.0209232
0.022242
0.023926
0.0260504
0.0287654
0.0319176
0.0346374
0.0137526
0.0137699
0.0138623
0.0139924
0.0141867
0.0144828
0.0148739
0.0154845
0.0163077
0.0174576
0.0189527
0.0210899
0.0239196
0.0275209
0.0308065
0.0111571
0.0111863
0.0112419
0.0113359
0.0114665
0.0116722
0.011955
0.012405
0.0130262
0.0139497
0.0152782
0.0172463
0.020038
0.0237283
0.0272722
0.00962822
0.00964179
0.00968369
0.00974043
0.00983821
0.00996714
0.0101734
0.0104884
0.0109589
0.0116947
0.0128
0.0145536
0.0171794
0.0207962
0.024352
0.00881996
0.00882229
0.00883666
0.00887627
0.00893589
0.00902694
0.00917458
0.00938212
0.00973472
0.0102959
0.0112291
0.0127761
0.0151805
0.0186198
0.0220315
0.00839588
0.00840852
0.0084257
0.00845125
0.00848986
0.0085434
0.00864047
0.00880072
0.00906183
0.00951029
0.0102822
0.0116287
0.0138313
0.0170007
0.020225
0.00819374
0.00819986
0.00822592
0.00824863
0.00827193
0.00829978
0.00837114
0.00849088
0.00868849
0.00905686
0.00971317
0.0109158
0.0129083
0.0158343
0.0188209
0.00811209
0.00811382
0.00812706
0.00813767
0.00815537
0.00818333
0.00823365
0.00831624
0.00848464
0.00879437
0.00937494
0.0104552
0.0122701
0.0149843
0.0178554
0.00806589
0.00806848
0.00807424
0.00808354
0.00809728
0.00812186
0.0081619
0.00823448
0.0083612
0.00864288
0.00917606
0.0101585
0.01186
0.0144168
0.0171664
0.00804082
0.00804367
0.00804703
0.00805376
0.00806374
0.00808674
0.0081215
0.00818639
0.00829977
0.0085492
0.00903439
0.00995681
0.0115877
0.0140064
0.0165979
0.00802532
0.00803045
0.00803302
0.00803924
0.00804734
0.00806389
0.0080972
0.00815377
0.00826929
0.00849591
0.00895311
0.00983012
0.0113853
0.0137525
0.0163209
0.00801855
0.00802093
0.0080208
0.00802572
0.00803411
0.00805516
0.00808082
0.00814129
0.00824286
0.00846553
0.00890398
0.00975741
0.0112702
0.013589
0.0161113
0.00800895
0.00801682
0.00801731
0.00802338
0.00803254
0.00804881
0.00807766
0.00813267
0.0082419
0.00845667
0.00888944
0.00971848
0.011226
0.0134946
0.0159428
0.00800814
0.00801396
0.00801786
0.00802278
0.00803215
0.00804337
0.00807271
0.00811971
0.00823266
0.00844561
0.00886617
0.0096956
0.0111665
0.0134463
0.0159008
0.00800728
0.00800949
0.00801729
0.00801901
0.00802923
0.00804038
0.00807157
0.00811595
0.00821867
0.00843897
0.00885393
0.00968421
0.0111487
0.0134134
0.0158248
)
;
    }
    procBoundary0to3
    {
        type            processor;
        value           nonuniform List<scalar> 
555
(
-0.084
-0.084
-0.084
-0.084
-0.084
-0.084
-0.084
-0.084
-0.084
-0.084
-0.084
-0.084
-0.084
-0.084
-0.084
-0.084
-0.084
-0.084
-0.084
-0.084
-0.084
-0.084
-0.084
-0.084
-0.084
-0.084
-0.084
-0.084
-0.084
-0.084
-0.084
-0.084
-0.084
-0.084
-0.084
-0.084
-0.084
-0.084
-0.084
-0.084
-0.084
-0.084
-0.084
-0.084
-0.084
-0.084
-0.084
-0.084
-0.084
-0.084
-0.084
-0.084
-0.084
-0.084
-0.084
-0.084
-0.084
-0.084
-0.084
-0.084
-0.084
-0.084
-0.084
-0.084
-0.084
-0.084
-0.084
-0.084
-0.084
-0.084
-0.084
-0.084
-0.084
-0.084
-0.084
-0.084
-0.084
-0.084
-0.084
-0.084
-0.084
-0.084
-0.084
-0.084
-0.084
-0.084
-0.084
-0.084
-0.084
-0.084
-0.084
-0.084
-0.084
-0.084
-0.084
-0.084
-0.084
-0.084
-0.084
-0.084
-0.084
-0.084
-0.084
-0.084
-0.084
-0.084
-0.084
-0.084
-0.084
-0.084
-0.084
-0.084
-0.084
-0.084
-0.084
-0.084
-0.084
-0.084
-0.084
-0.084
-0.084
-0.084
-0.084
-0.084
-0.084
-0.084
-0.084
-0.084
-0.084
-0.084
-0.084
-0.084
-0.084
-0.084
-0.084
-0.084
-0.084
-0.084
-0.084
-0.084
-0.084
-0.084
-0.084
-0.084
-0.084
-0.084
-0.084
-0.084
-0.084
-0.084
-0.084
-0.084
-0.084
-0.084
-0.084
-0.084
-0.084
-0.084
-0.084
-0.084
-0.084
-0.084
-0.084
-0.084
-0.084
-0.084
-0.084
-0.084
-0.084
-0.084
-0.084
-0.084
-0.084
-0.084
-0.084
-0.084
-0.084
-0.084
-0.084
-0.084
-0.0839999
-0.0839999
-0.0839999
-0.084
-0.084
-0.084
-0.084
-0.084
-0.084
-0.084
-0.084
-0.084
-0.084
-0.084
-0.084
-0.0839995
-0.0839995
-0.0839996
-0.0839996
-0.0839997
-0.0839997
-0.0839998
-0.0839998
-0.0839999
-0.0839999
-0.084
-0.084
-0.084
-0.084
-0.084
-0.0839963
-0.0839964
-0.0839966
-0.0839969
-0.0839972
-0.0839977
-0.0839981
-0.0839986
-0.083999
-0.0839994
-0.0839997
-0.0839998
-0.0839999
-0.084
-0.084
-0.0839706
-0.0839713
-0.0839728
-0.083975
-0.0839779
-0.0839813
-0.0839851
-0.0839889
-0.0839924
-0.0839953
-0.0839974
-0.0839988
-0.0839995
-0.0839998
-0.0839999
-0.0837644
-0.0837705
-0.0837818
-0.083799
-0.0838223
-0.0838499
-0.0838802
-0.0839107
-0.0839388
-0.083962
-0.0839792
-0.0839903
-0.0839963
-0.0839988
-0.0839996
-0.0821073
-0.0821073
-0.0821545
-0.0821545
-0.0822415
-0.0822415
-0.0823745
-0.0823745
-0.0825563
-0.0825563
-0.0827777
-0.0827777
-0.0830272
-0.0830272
-0.0832813
-0.0832813
-0.0835078
-0.0835078
-0.083695
-0.083695
-0.0838335
-0.0838335
-0.0839233
-0.0839233
-0.0839712
-0.0839712
-0.0839912
-0.0839912
-0.0839973
-0.0839973
-0.0746113
-0.07486
-0.0753916
-0.0761576
-0.0772262
-0.0784577
-0.0797405
-0.0809229
-0.0819217
-0.0827271
-0.0833286
-0.0837041
-0.083896
-0.0839704
-0.0839916
0.0074293
0.0074293
0.00648258
0.00648258
0.00224968
0.00224968
-0.00381887
-0.00381887
-0.0148008
-0.0148008
-0.0295929
-0.0295929
-0.0466144
-0.0466144
-0.0589003
-0.0589003
-0.0669612
-0.0669612
-0.0729519
-0.0729519
-0.0782966
-0.0782966
-0.0816653
-0.0816653
-0.0832294
-0.0832294
-0.0837968
-0.0837968
-0.0839476
-0.0839476
0.0334531
0.0334902
0.0331428
0.0324673
0.0314853
0.0294279
0.0256789
0.0191304
0.00287655
-0.0359493
-0.0634787
-0.0756714
-0.0815581
-0.0834331
-0.0838685
0.0379492
0.0379007
0.0379442
0.0378537
0.037921
0.0377684
0.0375394
0.0369847
0.035466
0.0319275
0.0219792
-0.0122399
-0.0665395
-0.0806086
-0.0833204
0.0364464
0.0364509
0.0365796
0.0366423
0.0369164
0.037128
0.037398
0.0377571
0.0380403
0.0380779
0.0369084
0.0312317
0.00725028
-0.0661577
-0.0808902
0.0343968
0.0344047
0.0344931
0.034696
0.0349189
0.0352735
0.0357484
0.0363067
0.0369763
0.0377182
0.0381695
0.037404
0.0313321
-0.0101005
-0.0721219
0.0325065
0.0325504
0.0326056
0.0328266
0.0330848
0.0335138
0.034004
0.0346628
0.035484
0.0364745
0.0374548
0.0381682
0.0369634
0.0231444
-0.0477593
0.030858
0.0309205
0.031094
0.0313409
0.0315973
0.0319327
0.0325578
0.0332428
0.0340648
0.0351669
0.0364852
0.0377295
0.0381355
0.0334543
0.0032867
0.0297965
0.0298107
0.0298488
0.030083
0.0303552
0.0308313
0.0313578
0.0320958
0.0330491
0.0341759
0.0355313
0.0369805
0.038112
0.0367844
0.0243862
0.0287937
0.0288135
0.0289726
0.0291002
0.0293953
0.0298336
0.0303615
0.0311114
0.0320939
0.0332969
0.0347225
0.0363341
0.0379138
0.0379385
0.0319498
0.0280338
0.0281017
0.0282736
0.0285016
0.0287794
0.0291409
0.0297536
0.0305118
0.0314058
0.0325882
0.0341641
0.0358889
0.0375957
0.0385293
0.0359595
0.0275336
0.0276688
0.0277693
0.0280054
0.0282803
0.0287157
0.0292738
0.030006
0.030907
0.0321012
0.0337029
0.035491
0.0373369
0.0386592
0.0374967
0.027237
0.0272829
0.0274748
0.027687
0.0279783
0.0283115
0.0288364
0.0295838
0.0305835
0.03183
0.03332
0.0351519
0.0371583
0.0385637
0.0381021
0.0270153
0.0271441
0.0272423
0.0274609
0.0277414
0.0280998
0.0287051
0.0293844
0.030347
0.0315949
0.033116
0.0349366
0.036991
0.0385405
0.0384551
0.0269528
0.0269865
0.0271443
0.0272748
0.0275719
0.0280072
0.0285463
0.0293143
0.0303239
0.0315191
0.0330436
0.0348512
0.0368688
0.0386679
0.0387591
0.0268952
0.0269521
0.0270136
0.0272296
0.0275047
0.0279753
0.028524
0.0292989
0.0302933
0.0313676
0.0329864
0.0348287
0.0368301
0.0385478
0.0388063
0.0268007
0.0269313
0.0269897
0.0272215
0.027494
0.0279408
0.0285074
0.0292768
0.0301699
0.031343
0.0328732
0.0347201
0.0368368
0.0385617
0.038935
)
;
    }
}


// ************************************************************************* //
