/*--------------------------------*- C++ -*----------------------------------*\
| =========                 |                                                 |
| \\      /  F ield         | OpenFOAM: The Open Source CFD Toolbox           |
|  \\    /   O peration     | Version:  2312                                  |
|   \\  /    A nd           | Website:  www.openfoam.com                      |
|    \\/     M anipulation  |                                                 |
\*---------------------------------------------------------------------------*/
FoamFile
{
    version     2.0;
    format      ascii;
    arch        "LSB;label=32;scalar=64";
    class       volScalarField;
    location    "0.5";
    object      sigmaEq;
}
// * * * * * * * * * * * * * * * * * * * * * * * * * * * * * * * * * * * * * //

dimensions      [1 -1 -2 0 0 0 0];

internalField   nonuniform List<scalar> 
1620
(
3954.38
3954.38
3954.38
3954.38
3954.38
3954.38
3954.38
3954.38
3954.38
3954.38
3954.38
3954.38
3954.38
3954.38
3954.38
3954.38
3954.38
3954.38
3954.38
3954.38
3954.38
3954.38
3954.38
3954.38
3954.38
3954.38
3954.38
3954.38
3954.38
3954.38
3954.38
3954.38
3954.38
3954.38
3954.38
3954.38
4882.79
4882.79
4882.78
4882.78
4882.78
4882.78
4882.78
4882.79
4882.79
4882.79
4882.79
4882.78
4882.78
4882.78
4882.78
4882.78
4882.79
4882.79
4882.79
4882.79
4882.78
4882.78
4882.78
4882.78
4882.78
4882.79
4882.79
4882.79
4882.79
4882.78
4882.78
4882.78
4882.78
4882.78
4882.79
4882.79
6137
6136.99
6136.99
6136.99
6136.99
6136.99
6136.99
6136.99
6137
6137
6136.99
6136.99
6136.99
6136.99
6136.99
6136.99
6136.99
6137
6137
6136.99
6136.99
6136.99
6136.99
6136.99
6136.99
6136.99
6137
6137
6136.99
6136.99
6136.99
6136.99
6136.99
6136.99
6136.99
6137
3958.34
3958.34
3958.34
3958.34
3958.34
3958.34
3958.34
3958.34
3958.34
3958.34
3958.34
3958.34
3958.34
3958.34
3958.34
3958.34
3958.34
3958.34
3958.34
3958.34
3958.34
3958.34
3958.34
3958.34
3958.34
3958.34
3958.34
3958.34
3958.34
3958.34
3958.34
3958.34
3958.34
3958.34
3958.34
3958.34
4713.85
4713.85
4713.85
4713.86
4713.86
4713.86
4713.85
4713.85
4713.85
4713.85
4713.85
4713.85
4713.86
4713.86
4713.86
4713.85
4713.85
4713.85
4713.85
4713.85
4713.85
4713.86
4713.86
4713.86
4713.85
4713.85
4713.85
4713.85
4713.85
4713.85
4713.86
4713.86
4713.86
4713.85
4713.85
4713.85
5859.42
5859.42
5859.42
5859.42
5859.43
5859.42
5859.42
5859.42
5859.42
5859.42
5859.42
5859.42
5859.42
5859.43
5859.42
5859.42
5859.42
5859.42
5859.42
5859.42
5859.42
5859.42
5859.43
5859.42
5859.42
5859.42
5859.42
5859.42
5859.42
5859.42
5859.42
5859.43
5859.42
5859.42
5859.42
5859.42
4466.41
4466.41
4466.41
4466.41
4466.41
4466.41
4466.41
4466.41
4466.41
4466.41
4466.41
4466.41
4466.41
4466.41
4466.41
4466.41
4466.41
4466.41
4466.41
4466.41
4466.41
4466.41
4466.41
4466.41
4466.41
4466.41
4466.41
4466.41
4466.41
4466.41
4466.41
4466.41
4466.41
4466.41
4466.41
4466.41
5251.61
5251.61
5251.6
5251.61
5251.61
5251.61
5251.6
5251.61
5251.61
5251.61
5251.61
5251.6
5251.61
5251.61
5251.61
5251.6
5251.61
5251.61
5251.61
5251.61
5251.6
5251.61
5251.61
5251.61
5251.6
5251.61
5251.61
5251.61
5251.61
5251.6
5251.61
5251.61
5251.61
5251.6
5251.61
5251.61
6877.75
6877.75
6877.76
6877.76
6877.76
6877.76
6877.76
6877.75
6877.75
6877.75
6877.75
6877.76
6877.76
6877.76
6877.76
6877.76
6877.75
6877.75
6877.75
6877.75
6877.76
6877.76
6877.76
6877.76
6877.76
6877.75
6877.75
6877.75
6877.75
6877.76
6877.76
6877.76
6877.76
6877.76
6877.75
6877.75
4827.76
4827.76
4827.76
4827.76
4827.76
4827.76
4827.76
4827.76
4827.76
4827.76
4827.76
4827.76
4827.76
4827.76
4827.76
4827.76
4827.76
4827.76
4827.76
4827.76
4827.76
4827.76
4827.76
4827.76
4827.76
4827.76
4827.76
4827.76
4827.76
4827.76
4827.76
4827.76
4827.76
4827.76
4827.76
4827.76
5967.25
5967.25
5967.25
5967.26
5967.26
5967.26
5967.25
5967.25
5967.25
5967.25
5967.25
5967.25
5967.26
5967.26
5967.26
5967.25
5967.25
5967.25
5967.25
5967.25
5967.25
5967.26
5967.26
5967.26
5967.25
5967.25
5967.25
5967.25
5967.25
5967.25
5967.26
5967.26
5967.26
5967.25
5967.25
5967.25
8680.99
8680.99
8681
8681
8681.01
8681
8681
8680.99
8680.99
8680.99
8680.99
8681
8681
8681.01
8681
8681
8680.99
8680.99
8680.99
8680.99
8681
8681
8681.01
8681
8681
8680.99
8680.99
8680.99
8680.99
8681
8681
8681.01
8681
8681
8680.99
8680.99
5129.96
5129.96
5129.96
5129.96
5129.97
5129.96
5129.96
5129.96
5129.96
5129.96
5129.96
5129.96
5129.96
5129.97
5129.96
5129.96
5129.96
5129.96
5129.96
5129.96
5129.96
5129.96
5129.97
5129.96
5129.96
5129.96
5129.96
5129.96
5129.96
5129.96
5129.96
5129.97
5129.96
5129.96
5129.96
5129.96
6753.74
6753.74
6753.74
6753.75
6753.75
6753.75
6753.74
6753.74
6753.74
6753.74
6753.74
6753.74
6753.75
6753.75
6753.75
6753.74
6753.74
6753.74
6753.74
6753.74
6753.74
6753.75
6753.75
6753.75
6753.74
6753.74
6753.74
6753.74
6753.74
6753.74
6753.75
6753.75
6753.75
6753.74
6753.74
6753.74
10689.6
10689.6
10689.6
10689.6
10689.6
10689.6
10689.6
10689.6
10689.6
10689.6
10689.6
10689.6
10689.6
10689.6
10689.6
10689.6
10689.6
10689.6
10689.6
10689.6
10689.6
10689.6
10689.6
10689.6
10689.6
10689.6
10689.6
10689.6
10689.6
10689.6
10689.6
10689.6
10689.6
10689.6
10689.6
10689.6
5337.5
5337.49
5337.49
5337.49
5337.49
5337.49
5337.49
5337.49
5337.5
5337.5
5337.49
5337.49
5337.49
5337.49
5337.49
5337.49
5337.49
5337.5
5337.5
5337.49
5337.49
5337.49
5337.49
5337.49
5337.49
5337.49
5337.5
5337.5
5337.49
5337.49
5337.49
5337.49
5337.49
5337.49
5337.49
5337.5
7349.22
7349.22
7349.22
7349.22
7349.22
7349.22
7349.22
7349.22
7349.22
7349.22
7349.22
7349.22
7349.22
7349.22
7349.22
7349.22
7349.22
7349.22
7349.22
7349.22
7349.22
7349.22
7349.22
7349.22
7349.22
7349.22
7349.22
7349.22
7349.22
7349.22
7349.22
7349.22
7349.22
7349.22
7349.22
7349.22
12244.6
12244.6
12244.6
12244.6
12244.6
12244.6
12244.6
12244.6
12244.6
12244.6
12244.6
12244.6
12244.6
12244.6
12244.6
12244.6
12244.6
12244.6
12244.6
12244.6
12244.6
12244.6
12244.6
12244.6
12244.6
12244.6
12244.6
12244.6
12244.6
12244.6
12244.6
12244.6
12244.6
12244.6
12244.6
12244.6
5363.32
5363.32
5363.32
5363.31
5363.31
5363.31
5363.32
5363.32
5363.32
5363.32
5363.32
5363.32
5363.31
5363.31
5363.31
5363.32
5363.32
5363.32
5363.32
5363.32
5363.32
5363.31
5363.31
5363.31
5363.32
5363.32
5363.32
5363.32
5363.32
5363.32
5363.31
5363.31
5363.31
5363.32
5363.32
5363.32
7561.51
7561.51
7561.5
7561.5
7561.5
7561.5
7561.5
7561.51
7561.51
7561.51
7561.51
7561.5
7561.5
7561.5
7561.5
7561.5
7561.51
7561.51
7561.51
7561.51
7561.5
7561.5
7561.5
7561.5
7561.5
7561.51
7561.51
7561.51
7561.51
7561.5
7561.5
7561.5
7561.5
7561.5
7561.51
7561.51
12939.6
12939.6
12939.6
12939.6
12939.6
12939.6
12939.6
12939.6
12939.6
12939.6
12939.6
12939.6
12939.6
12939.6
12939.6
12939.6
12939.6
12939.6
12939.6
12939.6
12939.6
12939.6
12939.6
12939.6
12939.6
12939.6
12939.6
12939.6
12939.6
12939.6
12939.6
12939.6
12939.6
12939.6
12939.6
12939.6
5170.04
5170.04
5170.03
5170.03
5170.03
5170.03
5170.03
5170.04
5170.04
5170.04
5170.04
5170.03
5170.03
5170.03
5170.03
5170.03
5170.04
5170.04
5170.04
5170.04
5170.03
5170.03
5170.03
5170.03
5170.03
5170.04
5170.04
5170.04
5170.04
5170.03
5170.03
5170.03
5170.03
5170.03
5170.04
5170.04
7348.07
7348.07
7348.06
7348.05
7348.05
7348.05
7348.06
7348.07
7348.07
7348.07
7348.07
7348.06
7348.05
7348.05
7348.05
7348.06
7348.07
7348.07
7348.07
7348.07
7348.06
7348.05
7348.05
7348.05
7348.06
7348.07
7348.07
7348.07
7348.07
7348.06
7348.05
7348.05
7348.05
7348.06
7348.07
7348.07
12700.3
12700.2
12700.2
12700.2
12700.2
12700.2
12700.2
12700.2
12700.3
12700.3
12700.2
12700.2
12700.2
12700.2
12700.2
12700.2
12700.2
12700.3
12700.3
12700.2
12700.2
12700.2
12700.2
12700.2
12700.2
12700.2
12700.3
12700.3
12700.2
12700.2
12700.2
12700.2
12700.2
12700.2
12700.2
12700.3
4787.66
4787.66
4787.66
4787.65
4787.65
4787.65
4787.66
4787.66
4787.66
4787.66
4787.66
4787.66
4787.65
4787.65
4787.65
4787.66
4787.66
4787.66
4787.66
4787.66
4787.66
4787.65
4787.65
4787.65
4787.66
4787.66
4787.66
4787.66
4787.66
4787.66
4787.65
4787.65
4787.65
4787.66
4787.66
4787.66
6791.54
6791.54
6791.54
6791.53
6791.52
6791.53
6791.54
6791.54
6791.54
6791.54
6791.54
6791.54
6791.53
6791.52
6791.53
6791.54
6791.54
6791.54
6791.54
6791.54
6791.54
6791.53
6791.52
6791.53
6791.54
6791.54
6791.54
6791.54
6791.54
6791.54
6791.53
6791.52
6791.53
6791.54
6791.54
6791.54
11724.8
11724.8
11724.8
11724.8
11724.8
11724.8
11724.8
11724.8
11724.8
11724.8
11724.8
11724.8
11724.8
11724.8
11724.8
11724.8
11724.8
11724.8
11724.8
11724.8
11724.8
11724.8
11724.8
11724.8
11724.8
11724.8
11724.8
11724.8
11724.8
11724.8
11724.8
11724.8
11724.8
11724.8
11724.8
11724.8
4284.97
4284.97
4284.97
4284.97
4284.97
4284.97
4284.97
4284.97
4284.97
4284.97
4284.97
4284.97
4284.97
4284.97
4284.97
4284.97
4284.97
4284.97
4284.97
4284.97
4284.97
4284.97
4284.97
4284.97
4284.97
4284.97
4284.97
4284.97
4284.97
4284.97
4284.97
4284.97
4284.97
4284.97
4284.97
4284.97
6036.09
6036.1
6036.1
6036.09
6036.09
6036.09
6036.1
6036.1
6036.09
6036.09
6036.1
6036.1
6036.09
6036.09
6036.09
6036.1
6036.1
6036.09
6036.09
6036.1
6036.1
6036.09
6036.09
6036.09
6036.1
6036.1
6036.09
6036.09
6036.1
6036.1
6036.09
6036.09
6036.09
6036.1
6036.1
6036.09
10344.1
10344.1
10344.1
10344.1
10344.1
10344.1
10344.1
10344.1
10344.1
10344.1
10344.1
10344.1
10344.1
10344.1
10344.1
10344.1
10344.1
10344.1
10344.1
10344.1
10344.1
10344.1
10344.1
10344.1
10344.1
10344.1
10344.1
10344.1
10344.1
10344.1
10344.1
10344.1
10344.1
10344.1
10344.1
10344.1
3735.81
3735.82
3735.83
3735.83
3735.83
3735.83
3735.83
3735.82
3735.81
3735.81
3735.82
3735.83
3735.83
3735.83
3735.83
3735.83
3735.82
3735.81
3735.81
3735.82
3735.83
3735.83
3735.83
3735.83
3735.83
3735.82
3735.81
3735.81
3735.82
3735.83
3735.83
3735.83
3735.83
3735.83
3735.82
3735.81
5226.95
5226.95
5226.96
5226.96
5226.97
5226.96
5226.96
5226.95
5226.95
5226.95
5226.95
5226.96
5226.96
5226.97
5226.96
5226.96
5226.95
5226.95
5226.95
5226.95
5226.96
5226.96
5226.97
5226.96
5226.96
5226.95
5226.95
5226.95
5226.95
5226.96
5226.96
5226.97
5226.96
5226.96
5226.95
5226.95
8884.42
8884.42
8884.42
8884.43
8884.43
8884.43
8884.42
8884.42
8884.42
8884.42
8884.42
8884.42
8884.43
8884.43
8884.43
8884.42
8884.42
8884.42
8884.42
8884.42
8884.42
8884.43
8884.43
8884.43
8884.42
8884.42
8884.42
8884.42
8884.42
8884.42
8884.43
8884.43
8884.43
8884.42
8884.42
8884.42
3197.88
3197.88
3197.89
3197.89
3197.9
3197.89
3197.89
3197.88
3197.88
3197.88
3197.88
3197.89
3197.89
3197.9
3197.89
3197.89
3197.88
3197.88
3197.88
3197.88
3197.89
3197.89
3197.9
3197.89
3197.89
3197.88
3197.88
3197.88
3197.88
3197.89
3197.89
3197.9
3197.89
3197.89
3197.88
3197.88
4474.66
4474.66
4474.67
4474.68
4474.69
4474.68
4474.67
4474.66
4474.66
4474.66
4474.66
4474.67
4474.68
4474.69
4474.68
4474.67
4474.66
4474.66
4474.66
4474.66
4474.67
4474.68
4474.69
4474.68
4474.67
4474.66
4474.66
4474.66
4474.66
4474.67
4474.68
4474.69
4474.68
4474.67
4474.66
4474.66
7598.7
7598.69
7598.69
7598.71
7598.72
7598.71
7598.69
7598.69
7598.7
7598.7
7598.69
7598.69
7598.71
7598.72
7598.71
7598.69
7598.69
7598.7
7598.7
7598.69
7598.69
7598.71
7598.72
7598.71
7598.69
7598.69
7598.7
7598.7
7598.69
7598.69
7598.71
7598.72
7598.71
7598.69
7598.69
7598.7
2709.12
2709.13
2709.13
2709.13
2709.14
2709.13
2709.13
2709.13
2709.12
2709.12
2709.13
2709.13
2709.13
2709.14
2709.13
2709.13
2709.13
2709.12
2709.12
2709.13
2709.13
2709.13
2709.14
2709.13
2709.13
2709.13
2709.12
2709.12
2709.13
2709.13
2709.13
2709.14
2709.13
2709.13
2709.13
2709.12
3849.03
3849.03
3849.03
3849.04
3849.04
3849.04
3849.03
3849.03
3849.03
3849.03
3849.03
3849.03
3849.04
3849.04
3849.04
3849.03
3849.03
3849.03
3849.03
3849.03
3849.03
3849.04
3849.04
3849.04
3849.03
3849.03
3849.03
3849.03
3849.03
3849.03
3849.04
3849.04
3849.04
3849.03
3849.03
3849.03
6664.2
6664.19
6664.18
6664.2
6664.21
6664.2
6664.18
6664.19
6664.2
6664.2
6664.19
6664.18
6664.2
6664.21
6664.2
6664.18
6664.19
6664.2
6664.2
6664.19
6664.18
6664.2
6664.21
6664.2
6664.18
6664.19
6664.2
6664.2
6664.19
6664.18
6664.2
6664.21
6664.2
6664.18
6664.19
6664.2
2309.95
2309.95
2309.96
2309.96
2309.95
2309.96
2309.96
2309.95
2309.95
2309.95
2309.95
2309.96
2309.96
2309.95
2309.96
2309.96
2309.95
2309.95
2309.95
2309.95
2309.96
2309.96
2309.95
2309.96
2309.96
2309.95
2309.95
2309.95
2309.95
2309.96
2309.96
2309.95
2309.96
2309.96
2309.95
2309.95
3402.81
3402.81
3402.81
3402.81
3402.81
3402.81
3402.81
3402.81
3402.81
3402.81
3402.81
3402.81
3402.81
3402.81
3402.81
3402.81
3402.81
3402.81
3402.81
3402.81
3402.81
3402.81
3402.81
3402.81
3402.81
3402.81
3402.81
3402.81
3402.81
3402.81
3402.81
3402.81
3402.81
3402.81
3402.81
3402.81
6225.18
6225.18
6225.18
6225.19
6225.2
6225.19
6225.18
6225.18
6225.18
6225.18
6225.18
6225.18
6225.19
6225.2
6225.19
6225.18
6225.18
6225.18
6225.18
6225.18
6225.18
6225.19
6225.2
6225.19
6225.18
6225.18
6225.18
6225.18
6225.18
6225.18
6225.19
6225.2
6225.19
6225.18
6225.18
6225.18
2035.31
2035.31
2035.31
2035.31
2035.31
2035.31
2035.31
2035.31
2035.31
2035.31
2035.31
2035.31
2035.31
2035.31
2035.31
2035.31
2035.31
2035.31
2035.31
2035.31
2035.31
2035.31
2035.31
2035.31
2035.31
2035.31
2035.31
2035.31
2035.31
2035.31
2035.31
2035.31
2035.31
2035.31
2035.31
2035.31
3181.13
3181.12
3181.13
3181.12
3181.13
3181.12
3181.13
3181.12
3181.13
3181.13
3181.12
3181.13
3181.12
3181.13
3181.12
3181.13
3181.12
3181.13
3181.13
3181.12
3181.13
3181.12
3181.13
3181.12
3181.13
3181.12
3181.13
3181.13
3181.12
3181.13
3181.12
3181.13
3181.12
3181.13
3181.12
3181.13
6328.11
6328.14
6328.09
6328.14
6328.11
6328.14
6328.09
6328.14
6328.11
6328.11
6328.14
6328.09
6328.14
6328.11
6328.14
6328.09
6328.14
6328.11
6328.11
6328.14
6328.09
6328.14
6328.11
6328.14
6328.09
6328.14
6328.11
6328.11
6328.14
6328.09
6328.14
6328.11
6328.14
6328.09
6328.14
6328.11
)
;

boundaryField
{
    fixed
    {
        type            calculated;
        value           nonuniform List<scalar> 
108
(
3954.38
3954.38
3954.38
3954.38
3954.38
3954.38
3954.38
3954.38
3954.38
3954.38
3954.38
3954.38
3954.38
3954.38
3954.38
3954.38
3954.38
3954.38
3954.38
3954.38
3954.38
3954.38
3954.38
3954.38
3954.38
3954.38
3954.38
3954.38
3954.38
3954.38
3954.38
3954.38
3954.38
3954.38
3954.38
3954.38
4882.79
4882.79
4882.78
4882.78
4882.78
4882.78
4882.78
4882.79
4882.79
4882.79
4882.79
4882.78
4882.78
4882.78
4882.78
4882.78
4882.79
4882.79
4882.79
4882.79
4882.78
4882.78
4882.78
4882.78
4882.78
4882.79
4882.79
4882.79
4882.79
4882.78
4882.78
4882.78
4882.78
4882.78
4882.79
4882.79
6137
6136.99
6136.99
6136.99
6136.99
6136.99
6136.99
6136.99
6137
6137
6136.99
6136.99
6136.99
6136.99
6136.99
6136.99
6136.99
6137
6137
6136.99
6136.99
6136.99
6136.99
6136.99
6136.99
6136.99
6137
6137
6136.99
6136.99
6136.99
6136.99
6136.99
6136.99
6136.99
6137
)
;
    }
    inside
    {
        type            calculated;
        value           nonuniform List<scalar> 
540
(
6137
6136.99
6136.99
6136.99
6136.99
6136.99
6136.99
6136.99
6137
6137
6136.99
6136.99
6136.99
6136.99
6136.99
6136.99
6136.99
6137
6137
6136.99
6136.99
6136.99
6136.99
6136.99
6136.99
6136.99
6137
6137
6136.99
6136.99
6136.99
6136.99
6136.99
6136.99
6136.99
6137
5859.42
5859.42
5859.42
5859.42
5859.43
5859.42
5859.42
5859.42
5859.42
5859.42
5859.42
5859.42
5859.42
5859.43
5859.42
5859.42
5859.42
5859.42
5859.42
5859.42
5859.42
5859.42
5859.43
5859.42
5859.42
5859.42
5859.42
5859.42
5859.42
5859.42
5859.42
5859.43
5859.42
5859.42
5859.42
5859.42
6877.75
6877.75
6877.76
6877.76
6877.76
6877.76
6877.76
6877.75
6877.75
6877.75
6877.75
6877.76
6877.76
6877.76
6877.76
6877.76
6877.75
6877.75
6877.75
6877.75
6877.76
6877.76
6877.76
6877.76
6877.76
6877.75
6877.75
6877.75
6877.75
6877.76
6877.76
6877.76
6877.76
6877.76
6877.75
6877.75
8680.99
8680.99
8681
8681
8681.01
8681
8681
8680.99
8680.99
8680.99
8680.99
8681
8681
8681.01
8681
8681
8680.99
8680.99
8680.99
8680.99
8681
8681
8681.01
8681
8681
8680.99
8680.99
8680.99
8680.99
8681
8681
8681.01
8681
8681
8680.99
8680.99
10689.6
10689.6
10689.6
10689.6
10689.6
10689.6
10689.6
10689.6
10689.6
10689.6
10689.6
10689.6
10689.6
10689.6
10689.6
10689.6
10689.6
10689.6
10689.6
10689.6
10689.6
10689.6
10689.6
10689.6
10689.6
10689.6
10689.6
10689.6
10689.6
10689.6
10689.6
10689.6
10689.6
10689.6
10689.6
10689.6
12244.6
12244.6
12244.6
12244.6
12244.6
12244.6
12244.6
12244.6
12244.6
12244.6
12244.6
12244.6
12244.6
12244.6
12244.6
12244.6
12244.6
12244.6
12244.6
12244.6
12244.6
12244.6
12244.6
12244.6
12244.6
12244.6
12244.6
12244.6
12244.6
12244.6
12244.6
12244.6
12244.6
12244.6
12244.6
12244.6
12939.6
12939.6
12939.6
12939.6
12939.6
12939.6
12939.6
12939.6
12939.6
12939.6
12939.6
12939.6
12939.6
12939.6
12939.6
12939.6
12939.6
12939.6
12939.6
12939.6
12939.6
12939.6
12939.6
12939.6
12939.6
12939.6
12939.6
12939.6
12939.6
12939.6
12939.6
12939.6
12939.6
12939.6
12939.6
12939.6
12700.3
12700.2
12700.2
12700.2
12700.2
12700.2
12700.2
12700.2
12700.3
12700.3
12700.2
12700.2
12700.2
12700.2
12700.2
12700.2
12700.2
12700.3
12700.3
12700.2
12700.2
12700.2
12700.2
12700.2
12700.2
12700.2
12700.3
12700.3
12700.2
12700.2
12700.2
12700.2
12700.2
12700.2
12700.2
12700.3
11724.8
11724.8
11724.8
11724.8
11724.8
11724.8
11724.8
11724.8
11724.8
11724.8
11724.8
11724.8
11724.8
11724.8
11724.8
11724.8
11724.8
11724.8
11724.8
11724.8
11724.8
11724.8
11724.8
11724.8
11724.8
11724.8
11724.8
11724.8
11724.8
11724.8
11724.8
11724.8
11724.8
11724.8
11724.8
11724.8
10344.1
10344.1
10344.1
10344.1
10344.1
10344.1
10344.1
10344.1
10344.1
10344.1
10344.1
10344.1
10344.1
10344.1
10344.1
10344.1
10344.1
10344.1
10344.1
10344.1
10344.1
10344.1
10344.1
10344.1
10344.1
10344.1
10344.1
10344.1
10344.1
10344.1
10344.1
10344.1
10344.1
10344.1
10344.1
10344.1
8884.42
8884.42
8884.42
8884.43
8884.43
8884.43
8884.42
8884.42
8884.42
8884.42
8884.42
8884.42
8884.43
8884.43
8884.43
8884.42
8884.42
8884.42
8884.42
8884.42
8884.42
8884.43
8884.43
8884.43
8884.42
8884.42
8884.42
8884.42
8884.42
8884.42
8884.43
8884.43
8884.43
8884.42
8884.42
8884.42
7598.7
7598.69
7598.69
7598.71
7598.72
7598.71
7598.69
7598.69
7598.7
7598.7
7598.69
7598.69
7598.71
7598.72
7598.71
7598.69
7598.69
7598.7
7598.7
7598.69
7598.69
7598.71
7598.72
7598.71
7598.69
7598.69
7598.7
7598.7
7598.69
7598.69
7598.71
7598.72
7598.71
7598.69
7598.69
7598.7
6664.2
6664.19
6664.18
6664.2
6664.21
6664.2
6664.18
6664.19
6664.2
6664.2
6664.19
6664.18
6664.2
6664.21
6664.2
6664.18
6664.19
6664.2
6664.2
6664.19
6664.18
6664.2
6664.21
6664.2
6664.18
6664.19
6664.2
6664.2
6664.19
6664.18
6664.2
6664.21
6664.2
6664.18
6664.19
6664.2
6225.18
6225.18
6225.18
6225.19
6225.2
6225.19
6225.18
6225.18
6225.18
6225.18
6225.18
6225.18
6225.19
6225.2
6225.19
6225.18
6225.18
6225.18
6225.18
6225.18
6225.18
6225.19
6225.2
6225.19
6225.18
6225.18
6225.18
6225.18
6225.18
6225.18
6225.19
6225.2
6225.19
6225.18
6225.18
6225.18
6328.11
6328.14
6328.09
6328.14
6328.11
6328.14
6328.09
6328.14
6328.11
6328.11
6328.14
6328.09
6328.14
6328.11
6328.14
6328.09
6328.14
6328.11
6328.11
6328.14
6328.09
6328.14
6328.11
6328.14
6328.09
6328.14
6328.11
6328.11
6328.14
6328.09
6328.14
6328.11
6328.14
6328.09
6328.14
6328.11
)
;
    }
    outside
    {
        type            calculated;
        value           nonuniform List<scalar> 
540
(
3954.38
3954.38
3954.38
3954.38
3954.38
3954.38
3954.38
3954.38
3954.38
3954.38
3954.38
3954.38
3954.38
3954.38
3954.38
3954.38
3954.38
3954.38
3954.38
3954.38
3954.38
3954.38
3954.38
3954.38
3954.38
3954.38
3954.38
3954.38
3954.38
3954.38
3954.38
3954.38
3954.38
3954.38
3954.38
3954.38
3958.34
3958.34
3958.34
3958.34
3958.34
3958.34
3958.34
3958.34
3958.34
3958.34
3958.34
3958.34
3958.34
3958.34
3958.34
3958.34
3958.34
3958.34
3958.34
3958.34
3958.34
3958.34
3958.34
3958.34
3958.34
3958.34
3958.34
3958.34
3958.34
3958.34
3958.34
3958.34
3958.34
3958.34
3958.34
3958.34
4466.41
4466.41
4466.41
4466.41
4466.41
4466.41
4466.41
4466.41
4466.41
4466.41
4466.41
4466.41
4466.41
4466.41
4466.41
4466.41
4466.41
4466.41
4466.41
4466.41
4466.41
4466.41
4466.41
4466.41
4466.41
4466.41
4466.41
4466.41
4466.41
4466.41
4466.41
4466.41
4466.41
4466.41
4466.41
4466.41
4827.76
4827.76
4827.76
4827.76
4827.76
4827.76
4827.76
4827.76
4827.76
4827.76
4827.76
4827.76
4827.76
4827.76
4827.76
4827.76
4827.76
4827.76
4827.76
4827.76
4827.76
4827.76
4827.76
4827.76
4827.76
4827.76
4827.76
4827.76
4827.76
4827.76
4827.76
4827.76
4827.76
4827.76
4827.76
4827.76
5129.96
5129.96
5129.96
5129.96
5129.97
5129.96
5129.96
5129.96
5129.96
5129.96
5129.96
5129.96
5129.96
5129.97
5129.96
5129.96
5129.96
5129.96
5129.96
5129.96
5129.96
5129.96
5129.97
5129.96
5129.96
5129.96
5129.96
5129.96
5129.96
5129.96
5129.96
5129.97
5129.96
5129.96
5129.96
5129.96
5337.5
5337.49
5337.49
5337.49
5337.49
5337.49
5337.49
5337.49
5337.5
5337.5
5337.49
5337.49
5337.49
5337.49
5337.49
5337.49
5337.49
5337.5
5337.5
5337.49
5337.49
5337.49
5337.49
5337.49
5337.49
5337.49
5337.5
5337.5
5337.49
5337.49
5337.49
5337.49
5337.49
5337.49
5337.49
5337.5
5363.32
5363.32
5363.32
5363.31
5363.31
5363.31
5363.32
5363.32
5363.32
5363.32
5363.32
5363.32
5363.31
5363.31
5363.31
5363.32
5363.32
5363.32
5363.32
5363.32
5363.32
5363.31
5363.31
5363.31
5363.32
5363.32
5363.32
5363.32
5363.32
5363.32
5363.31
5363.31
5363.31
5363.32
5363.32
5363.32
5170.04
5170.04
5170.03
5170.03
5170.03
5170.03
5170.03
5170.04
5170.04
5170.04
5170.04
5170.03
5170.03
5170.03
5170.03
5170.03
5170.04
5170.04
5170.04
5170.04
5170.03
5170.03
5170.03
5170.03
5170.03
5170.04
5170.04
5170.04
5170.04
5170.03
5170.03
5170.03
5170.03
5170.03
5170.04
5170.04
4787.66
4787.66
4787.66
4787.65
4787.65
4787.65
4787.66
4787.66
4787.66
4787.66
4787.66
4787.66
4787.65
4787.65
4787.65
4787.66
4787.66
4787.66
4787.66
4787.66
4787.66
4787.65
4787.65
4787.65
4787.66
4787.66
4787.66
4787.66
4787.66
4787.66
4787.65
4787.65
4787.65
4787.66
4787.66
4787.66
4284.97
4284.97
4284.97
4284.97
4284.97
4284.97
4284.97
4284.97
4284.97
4284.97
4284.97
4284.97
4284.97
4284.97
4284.97
4284.97
4284.97
4284.97
4284.97
4284.97
4284.97
4284.97
4284.97
4284.97
4284.97
4284.97
4284.97
4284.97
4284.97
4284.97
4284.97
4284.97
4284.97
4284.97
4284.97
4284.97
3735.81
3735.82
3735.83
3735.83
3735.83
3735.83
3735.83
3735.82
3735.81
3735.81
3735.82
3735.83
3735.83
3735.83
3735.83
3735.83
3735.82
3735.81
3735.81
3735.82
3735.83
3735.83
3735.83
3735.83
3735.83
3735.82
3735.81
3735.81
3735.82
3735.83
3735.83
3735.83
3735.83
3735.83
3735.82
3735.81
3197.88
3197.88
3197.89
3197.89
3197.9
3197.89
3197.89
3197.88
3197.88
3197.88
3197.88
3197.89
3197.89
3197.9
3197.89
3197.89
3197.88
3197.88
3197.88
3197.88
3197.89
3197.89
3197.9
3197.89
3197.89
3197.88
3197.88
3197.88
3197.88
3197.89
3197.89
3197.9
3197.89
3197.89
3197.88
3197.88
2709.12
2709.13
2709.13
2709.13
2709.14
2709.13
2709.13
2709.13
2709.12
2709.12
2709.13
2709.13
2709.13
2709.14
2709.13
2709.13
2709.13
2709.12
2709.12
2709.13
2709.13
2709.13
2709.14
2709.13
2709.13
2709.13
2709.12
2709.12
2709.13
2709.13
2709.13
2709.14
2709.13
2709.13
2709.13
2709.12
2309.95
2309.95
2309.96
2309.96
2309.95
2309.96
2309.96
2309.95
2309.95
2309.95
2309.95
2309.96
2309.96
2309.95
2309.96
2309.96
2309.95
2309.95
2309.95
2309.95
2309.96
2309.96
2309.95
2309.96
2309.96
2309.95
2309.95
2309.95
2309.95
2309.96
2309.96
2309.95
2309.96
2309.96
2309.95
2309.95
2035.31
2035.31
2035.31
2035.31
2035.31
2035.31
2035.31
2035.31
2035.31
2035.31
2035.31
2035.31
2035.31
2035.31
2035.31
2035.31
2035.31
2035.31
2035.31
2035.31
2035.31
2035.31
2035.31
2035.31
2035.31
2035.31
2035.31
2035.31
2035.31
2035.31
2035.31
2035.31
2035.31
2035.31
2035.31
2035.31
)
;
    }
}


// ************************************************************************* //
