/*--------------------------------*- C++ -*----------------------------------*\
| =========                 |                                                 |
| \\      /  F ield         | OpenFOAM: The Open Source CFD Toolbox           |
|  \\    /   O peration     | Version:  2312                                  |
|   \\  /    A nd           | Website:  www.openfoam.com                      |
|    \\/     M anipulation  |                                                 |
\*---------------------------------------------------------------------------*/
FoamFile
{
    version     2.0;
    format      ascii;
    arch        "LSB;label=32;scalar=64";
    class       volScalarField;
    location    "0.9";
    object      sigmaEq;
}
// * * * * * * * * * * * * * * * * * * * * * * * * * * * * * * * * * * * * * //

dimensions      [1 -1 -2 0 0 0 0];

internalField   nonuniform List<scalar> 
1620
(
52263.6
52263.6
52263.6
52263.6
52263.6
52263.6
52263.6
52263.6
52263.6
52263.6
52263.6
52263.6
52263.6
52263.6
52263.6
52263.6
52263.6
52263.6
52263.6
52263.6
52263.6
52263.6
52263.6
52263.6
52263.6
52263.6
52263.6
52263.6
52263.6
52263.6
52263.6
52263.6
52263.6
52263.6
52263.6
52263.6
53718.6
53718.6
53718.6
53718.6
53718.6
53718.6
53718.6
53718.6
53718.6
53718.6
53718.6
53718.6
53718.6
53718.6
53718.6
53718.6
53718.6
53718.6
53718.6
53718.6
53718.6
53718.6
53718.6
53718.6
53718.6
53718.6
53718.6
53718.6
53718.6
53718.6
53718.6
53718.6
53718.6
53718.6
53718.6
53718.6
68439.6
68439.6
68439.6
68439.6
68439.5
68439.5
68439.6
68439.6
68439.6
68439.6
68439.6
68439.6
68439.6
68439.5
68439.5
68439.6
68439.6
68439.6
68439.6
68439.6
68439.6
68439.6
68439.5
68439.5
68439.6
68439.6
68439.6
68439.6
68439.6
68439.6
68439.6
68439.5
68439.5
68439.6
68439.6
68439.6
52398.1
52398.1
52398.1
52398.1
52398.1
52398.1
52398
52398.1
52398
52398.1
52398.1
52398.1
52398.1
52398.1
52398.1
52398
52398.1
52398
52398.1
52398.1
52398.1
52398.1
52398.1
52398.1
52398
52398.1
52398
52398.1
52398.1
52398.1
52398.1
52398.1
52398.1
52398
52398.1
52398
53267
53267
53267
53267
53267
53266.9
53267
53267
53267
53267
53267
53267
53267
53267
53266.9
53267
53267
53267
53267
53267
53267
53267
53267
53266.9
53267
53267
53267
53267
53267
53267
53267
53267
53266.9
53267
53267
53267
70192.5
70192.5
70192.5
70192.5
70192.5
70192.5
70192.6
70192.5
70192.5
70192.5
70192.5
70192.5
70192.5
70192.5
70192.5
70192.6
70192.5
70192.5
70192.5
70192.5
70192.5
70192.5
70192.5
70192.5
70192.6
70192.5
70192.5
70192.5
70192.5
70192.5
70192.5
70192.5
70192.5
70192.6
70192.5
70192.5
52465.5
52465.5
52465.5
52465.6
52465.5
52465.6
52465.5
52465.5
52465.5
52465.5
52465.6
52465.5
52465.6
52465.5
52465.6
52465.5
52465.5
52465.5
52465.5
52465.6
52465.5
52465.6
52465.5
52465.6
52465.5
52465.5
52465.5
52465.5
52465.6
52465.5
52465.6
52465.5
52465.6
52465.5
52465.5
52465.5
52865.7
52865.7
52865.7
52865.7
52865.7
52865.7
52865.7
52865.7
52865.7
52865.7
52865.7
52865.7
52865.7
52865.7
52865.7
52865.7
52865.7
52865.7
52865.7
52865.7
52865.7
52865.7
52865.7
52865.7
52865.7
52865.7
52865.7
52865.7
52865.7
52865.7
52865.7
52865.7
52865.7
52865.7
52865.7
52865.7
76563.5
76563.5
76563.5
76563.6
76563.6
76563.6
76563.5
76563.4
76563.5
76563.5
76563.5
76563.5
76563.6
76563.6
76563.6
76563.5
76563.4
76563.5
76563.5
76563.5
76563.5
76563.6
76563.6
76563.6
76563.5
76563.4
76563.5
76563.5
76563.5
76563.5
76563.6
76563.6
76563.6
76563.5
76563.4
76563.5
52148.7
52148.6
52148.7
52148.7
52148.7
52148.7
52148.6
52148.7
52148.7
52148.7
52148.6
52148.7
52148.7
52148.7
52148.7
52148.6
52148.7
52148.7
52148.7
52148.6
52148.7
52148.7
52148.7
52148.7
52148.6
52148.7
52148.7
52148.7
52148.6
52148.7
52148.7
52148.7
52148.7
52148.6
52148.7
52148.7
52005.3
52005.3
52005.3
52005.3
52005.3
52005.3
52005.3
52005.3
52005.3
52005.3
52005.3
52005.3
52005.3
52005.3
52005.3
52005.3
52005.3
52005.3
52005.3
52005.3
52005.3
52005.3
52005.3
52005.3
52005.3
52005.3
52005.3
52005.3
52005.3
52005.3
52005.3
52005.3
52005.3
52005.3
52005.3
52005.3
82705.5
82705.5
82705.6
82705.6
82705.4
82705.6
82705.6
82705.5
82705.6
82705.5
82705.5
82705.6
82705.6
82705.4
82705.6
82705.6
82705.5
82705.6
82705.5
82705.5
82705.6
82705.6
82705.4
82705.6
82705.6
82705.5
82705.6
82705.5
82705.5
82705.6
82705.6
82705.4
82705.6
82705.6
82705.5
82705.6
51306.5
51306.5
51306.5
51306.5
51306.6
51306.5
51306.5
51306.5
51306.5
51306.5
51306.5
51306.5
51306.5
51306.6
51306.5
51306.5
51306.5
51306.5
51306.5
51306.5
51306.5
51306.5
51306.6
51306.5
51306.5
51306.5
51306.5
51306.5
51306.5
51306.5
51306.5
51306.6
51306.5
51306.5
51306.5
51306.5
50131.1
50131.2
50131.2
50131.2
50131.1
50131.2
50131.2
50131.2
50131.2
50131.1
50131.2
50131.2
50131.2
50131.1
50131.2
50131.2
50131.2
50131.2
50131.1
50131.2
50131.2
50131.2
50131.1
50131.2
50131.2
50131.2
50131.2
50131.2
50131.2
50131.2
50131.2
50131.1
50131.2
50131.2
50131.2
50131.2
87785.9
87786.2
87786
87786.2
87786.1
87786.1
87786.1
87786.1
87786.2
87785.9
87786.2
87786.1
87786.2
87786.1
87786.1
87786.1
87786.1
87786.2
87785.9
87786.2
87786.1
87786.2
87786.1
87786.1
87786.1
87786.1
87786.2
87785.9
87786.2
87786.1
87786.2
87786.1
87786.1
87786.1
87786.1
87786.2
50214.8
50214.8
50214.8
50214.8
50214.8
50214.8
50214.8
50214.8
50214.8
50214.8
50214.8
50214.8
50214.8
50214.8
50214.8
50214.8
50214.8
50214.8
50214.8
50214.8
50214.8
50214.8
50214.8
50214.8
50214.8
50214.8
50214.8
50214.8
50214.8
50214.8
50214.8
50214.8
50214.8
50214.8
50214.8
50214.8
47032.1
47032.1
47032.1
47032
47032.1
47032.1
47032.1
47032.1
47032.1
47032.1
47032.1
47032.1
47032
47032.1
47032.1
47032.1
47032.1
47032.1
47032.1
47032.1
47032.1
47032
47032.1
47032.1
47032.1
47032.1
47032.1
47032.1
47032.1
47032.1
47032
47032.1
47032.1
47032.1
47032.1
47032.1
91217.7
91217.9
91217.7
91217.7
91217.7
91217.7
91217.6
91217.8
91217.8
91217.7
91217.9
91217.7
91217.7
91217.7
91217.7
91217.6
91217.8
91217.8
91217.7
91217.9
91217.7
91217.7
91217.7
91217.7
91217.6
91217.8
91217.8
91217.7
91217.9
91217.7
91217.7
91217.7
91217.7
91217.6
91217.8
91217.8
49503.5
49503.6
49503.6
49503.5
49503.6
49503.5
49503.6
49503.6
49503.5
49503.5
49503.6
49503.6
49503.5
49503.6
49503.5
49503.6
49503.6
49503.5
49503.5
49503.6
49503.6
49503.5
49503.6
49503.5
49503.6
49503.6
49503.5
49503.5
49503.6
49503.6
49503.5
49503.6
49503.5
49503.6
49503.6
49503.5
42789.7
42789.7
42789.6
42789.6
42789.6
42789.7
42789.6
42789.6
42789.7
42789.7
42789.7
42789.6
42789.6
42789.6
42789.7
42789.6
42789.6
42789.7
42789.7
42789.7
42789.6
42789.6
42789.6
42789.7
42789.6
42789.6
42789.7
42789.7
42789.7
42789.6
42789.6
42789.6
42789.7
42789.6
42789.6
42789.7
92059.6
92059.4
92059.3
92059.3
92059.2
92059.3
92059.3
92059.3
92059.4
92059.6
92059.4
92059.3
92059.3
92059.2
92059.3
92059.3
92059.3
92059.4
92059.6
92059.4
92059.3
92059.3
92059.2
92059.3
92059.3
92059.3
92059.4
92059.6
92059.4
92059.3
92059.3
92059.2
92059.3
92059.3
92059.3
92059.4
49855.8
49855.9
49856
49855.9
49855.9
49856
49856
49856
49855.8
49855.8
49855.9
49856
49855.9
49855.9
49856
49856
49856
49855.8
49855.8
49855.9
49856
49855.9
49855.9
49856
49856
49856
49855.8
49855.8
49855.9
49856
49855.9
49855.9
49856
49856
49856
49855.8
37973.4
37973.4
37973.3
37973.3
37973.3
37973.3
37973.4
37973.3
37973.3
37973.4
37973.4
37973.3
37973.3
37973.3
37973.3
37973.4
37973.3
37973.3
37973.4
37973.4
37973.3
37973.3
37973.3
37973.3
37973.4
37973.3
37973.3
37973.4
37973.4
37973.3
37973.3
37973.3
37973.3
37973.4
37973.3
37973.3
88625.4
88625.5
88625.3
88625.2
88625.3
88625.3
88625.5
88625.3
88625.4
88625.4
88625.5
88625.3
88625.2
88625.3
88625.3
88625.5
88625.3
88625.4
88625.4
88625.5
88625.3
88625.2
88625.3
88625.3
88625.5
88625.3
88625.4
88625.4
88625.5
88625.3
88625.2
88625.3
88625.3
88625.5
88625.3
88625.4
51230.2
51230.3
51230.2
51230.3
51230.3
51230.3
51230.2
51230.3
51230.1
51230.2
51230.3
51230.2
51230.3
51230.3
51230.3
51230.2
51230.3
51230.1
51230.2
51230.3
51230.2
51230.3
51230.3
51230.3
51230.2
51230.3
51230.1
51230.2
51230.3
51230.2
51230.3
51230.3
51230.3
51230.2
51230.3
51230.1
34519.8
34519.7
34519.8
34519.7
34519.8
34519.8
34519.8
34519.8
34519.7
34519.8
34519.7
34519.8
34519.7
34519.8
34519.8
34519.8
34519.8
34519.7
34519.8
34519.7
34519.8
34519.7
34519.8
34519.8
34519.8
34519.8
34519.7
34519.8
34519.7
34519.8
34519.7
34519.8
34519.8
34519.8
34519.8
34519.7
79653.2
79653.2
79653.3
79653.2
79653
79653.1
79653.3
79653.1
79653.3
79653.2
79653.2
79653.3
79653.2
79653
79653.1
79653.3
79653.1
79653.3
79653.2
79653.2
79653.3
79653.2
79653
79653.1
79653.3
79653.1
79653.3
79653.2
79653.2
79653.3
79653.2
79653
79653.1
79653.3
79653.1
79653.3
52070.8
52070.8
52070.7
52070.8
52070.8
52070.8
52070.7
52070.8
52070.7
52070.8
52070.8
52070.7
52070.8
52070.8
52070.8
52070.7
52070.8
52070.7
52070.8
52070.8
52070.7
52070.8
52070.8
52070.8
52070.7
52070.8
52070.7
52070.8
52070.8
52070.7
52070.8
52070.8
52070.8
52070.7
52070.8
52070.7
35434.3
35434.3
35434.3
35434.3
35434.3
35434.3
35434.3
35434.3
35434.3
35434.3
35434.3
35434.3
35434.3
35434.3
35434.3
35434.3
35434.3
35434.3
35434.3
35434.3
35434.3
35434.3
35434.3
35434.3
35434.3
35434.3
35434.3
35434.3
35434.3
35434.3
35434.3
35434.3
35434.3
35434.3
35434.3
35434.3
66766.7
66766.7
66767
66766.8
66766.7
66766.8
66766.9
66766.8
66766.8
66766.7
66766.7
66767
66766.8
66766.7
66766.8
66766.9
66766.8
66766.8
66766.7
66766.7
66767
66766.8
66766.7
66766.8
66766.9
66766.8
66766.8
66766.7
66766.7
66767
66766.8
66766.7
66766.8
66766.9
66766.8
66766.8
51217
51217
51217
51217.1
51217.1
51217
51216.9
51217
51217
51217
51217
51217
51217.1
51217.1
51217
51216.9
51217
51217
51217
51217
51217
51217.1
51217.1
51217
51216.9
51217
51217
51217
51217
51217
51217.1
51217.1
51217
51216.9
51217
51217
40373.9
40373.9
40373.9
40373.9
40373.9
40373.9
40373.9
40373.9
40373.9
40373.9
40373.9
40373.9
40373.9
40373.9
40373.9
40373.9
40373.9
40373.9
40373.9
40373.9
40373.9
40373.9
40373.9
40373.9
40373.9
40373.9
40373.9
40373.9
40373.9
40373.9
40373.9
40373.9
40373.9
40373.9
40373.9
40373.9
54436.3
54436.3
54436.4
54436.4
54436.4
54436.5
54436.4
54436.3
54436.3
54436.3
54436.3
54436.4
54436.4
54436.4
54436.5
54436.4
54436.3
54436.3
54436.3
54436.3
54436.4
54436.4
54436.4
54436.5
54436.4
54436.3
54436.3
54436.3
54436.3
54436.4
54436.4
54436.4
54436.5
54436.4
54436.3
54436.3
50421.5
50421.6
50421.6
50421.6
50421.6
50421.6
50421.6
50421.5
50421.5
50421.5
50421.6
50421.6
50421.6
50421.6
50421.6
50421.6
50421.5
50421.5
50421.5
50421.6
50421.6
50421.6
50421.6
50421.6
50421.6
50421.5
50421.5
50421.5
50421.6
50421.6
50421.6
50421.6
50421.6
50421.6
50421.5
50421.5
45504.5
45504.5
45504.6
45504.6
45504.6
45504.6
45504.6
45504.6
45504.6
45504.5
45504.5
45504.6
45504.6
45504.6
45504.6
45504.6
45504.6
45504.6
45504.5
45504.5
45504.6
45504.6
45504.6
45504.6
45504.6
45504.6
45504.6
45504.5
45504.5
45504.6
45504.6
45504.6
45504.6
45504.6
45504.6
45504.6
46801.1
46801
46801.2
46801.3
46801.3
46801.2
46801.1
46801.1
46801.1
46801.1
46801
46801.2
46801.3
46801.3
46801.2
46801.1
46801.1
46801.1
46801.1
46801
46801.2
46801.3
46801.3
46801.2
46801.1
46801.1
46801.1
46801.1
46801
46801.2
46801.3
46801.3
46801.2
46801.1
46801.1
46801.1
51214.7
51214.7
51214.7
51214.7
51214.8
51214.8
51214.8
51214.8
51214.7
51214.7
51214.7
51214.7
51214.7
51214.8
51214.8
51214.8
51214.8
51214.7
51214.7
51214.7
51214.7
51214.7
51214.8
51214.8
51214.8
51214.8
51214.7
51214.7
51214.7
51214.7
51214.7
51214.8
51214.8
51214.8
51214.8
51214.7
48568.6
48568.6
48568.6
48568.7
48568.7
48568.7
48568.8
48568.7
48568.7
48568.6
48568.6
48568.6
48568.7
48568.7
48568.7
48568.8
48568.7
48568.7
48568.6
48568.6
48568.6
48568.7
48568.7
48568.7
48568.8
48568.7
48568.7
48568.6
48568.6
48568.6
48568.7
48568.7
48568.7
48568.8
48568.7
48568.7
45275.1
45275
45275.3
45275.3
45275.3
45275.1
45275.1
45275.1
45275.1
45275.1
45275
45275.3
45275.3
45275.3
45275.1
45275.1
45275.1
45275.1
45275.1
45275
45275.3
45275.3
45275.4
45275.1
45275.1
45275.1
45275.1
45275.1
45275
45275.3
45275.3
45275.3
45275.1
45275.1
45275.1
45275.1
52763.3
52763.3
52763.2
52763.1
52763.2
52763.3
52763.2
52763.4
52763.6
52763.3
52763.3
52763.2
52763.1
52763.2
52763.3
52763.2
52763.4
52763.6
52763.3
52763.3
52763.2
52763.1
52763.2
52763.3
52763.2
52763.4
52763.6
52763.3
52763.3
52763.2
52763.1
52763.2
52763.3
52763.2
52763.4
52763.6
49698.4
49698.3
49698.2
49698.3
49698.4
49698.5
49698.6
49698.6
49698.5
49698.4
49698.3
49698.2
49698.3
49698.4
49698.5
49698.6
49698.6
49698.5
49698.4
49698.3
49698.2
49698.3
49698.4
49698.5
49698.6
49698.6
49698.5
49698.4
49698.3
49698.2
49698.3
49698.4
49698.5
49698.6
49698.6
49698.5
52383.2
52383.3
52383.3
52383.4
52383.3
52382.8
52382.7
52383
52383
52383.2
52383.3
52383.3
52383.4
52383.3
52382.8
52382.7
52383
52383
52383.2
52383.3
52383.3
52383.4
52383.3
52382.8
52382.7
52383
52383
52383.2
52383.3
52383.3
52383.4
52383.3
52382.8
52382.7
52383
52383
51983.5
51977.1
51977.6
51986.2
51982.1
51975
51982
51985.4
51980.9
51983.5
51977.1
51977.6
51986.2
51982.1
51974.9
51982
51985.4
51980.9
51983.5
51977.1
51977.5
51986.2
51982
51974.9
51981.9
51985.4
51980.9
51983.5
51977.1
51977.5
51986.2
51982
51974.9
51981.9
51985.4
51980.9
49740
49740.3
49740.4
49740.2
49740.3
49740.5
49739.9
49739.8
49739.7
49740
49740.3
49740.4
49740.2
49740.3
49740.5
49739.9
49739.8
49739.7
49740
49740.3
49740.4
49740.2
49740.3
49740.5
49739.9
49739.8
49739.7
49740
49740.3
49740.4
49740.2
49740.3
49740.5
49739.9
49739.8
49739.7
120858
120865
120853
120863
120860
120852
120863
120858
120861
120858
120865
120853
120863
120860
120852
120863
120858
120861
120858
120865
120853
120863
120860
120852
120863
120858
120861
120858
120865
120853
120863
120860
120852
120863
120858
120861
)
;

boundaryField
{
    fixed
    {
        type            calculated;
        value           nonuniform List<scalar> 
108
(
52263.5
52263.5
52263.5
52263.5
52263.5
52263.5
52263.5
52263.5
52263.5
52263.5
52263.5
52263.5
52263.5
52263.5
52263.5
52263.5
52263.5
52263.5
52263.5
52263.5
52263.5
52263.5
52263.5
52263.5
52263.5
52263.5
52263.5
52263.5
52263.5
52263.5
52263.5
52263.5
52263.5
52263.5
52263.5
52263.5
53713
53713
53713
53713
53712.9
53712.9
53713
53713
53713
53713
53713
53713
53713
53712.9
53712.9
53713
53713
53713
53713
53713
53713
53713
53712.9
53712.9
53713
53713
53713
53713
53713
53713
53713
53712.9
53712.9
53713
53713
53713
68765.2
68765.2
68765.2
68765.2
68765.1
68765.1
68765.2
68765.2
68765.2
68765.2
68765.2
68765.2
68765.2
68765.1
68765.1
68765.2
68765.2
68765.2
68765.2
68765.2
68765.2
68765.2
68765.1
68765.1
68765.2
68765.2
68765.2
68765.2
68765.2
68765.2
68765.2
68765.1
68765.1
68765.2
68765.2
68765.2
)
;
    }
    inside
    {
        type            calculated;
        value           nonuniform List<scalar> 
540
(
71212.9
71212.9
71212.9
71212.9
71212.9
71212.9
71212.9
71213
71212.9
71212.9
71212.9
71212.9
71212.9
71212.9
71212.9
71212.9
71213
71212.9
71212.9
71212.9
71212.9
71212.9
71212.9
71212.9
71212.9
71213
71212.9
71212.9
71212.9
71212.9
71212.9
71212.9
71212.9
71212.9
71213
71212.9
74771.3
74771.3
74771.3
74771.3
74771.3
74771.3
74771.4
74771.3
74771.3
74771.3
74771.3
74771.3
74771.3
74771.3
74771.3
74771.4
74771.3
74771.3
74771.3
74771.3
74771.3
74771.3
74771.3
74771.3
74771.4
74771.3
74771.3
74771.3
74771.3
74771.3
74771.3
74771.3
74771.3
74771.3
74771.3
74771.3
87662.3
87662.3
87662.4
87662.4
87662.4
87662.4
87662.4
87662.3
87662.3
87662.3
87662.3
87662.4
87662.4
87662.4
87662.4
87662.4
87662.3
87662.3
87662.3
87662.3
87662.4
87662.4
87662.4
87662.4
87662.4
87662.3
87662.3
87662.3
87662.3
87662.4
87662.4
87662.4
87662.4
87662.4
87662.3
87662.3
102875
102875
102875
102875
102875
102875
102875
102875
102875
102875
102875
102875
102875
102875
102875
102875
102875
102875
102875
102875
102875
102875
102875
102875
102875
102875
102875
102875
102875
102875
102875
102875
102875
102875
102875
102875
118886
118886
118887
118886
118887
118886
118886
118886
118887
118886
118886
118887
118886
118887
118887
118886
118886
118887
118886
118886
118887
118886
118887
118886
118886
118886
118887
118886
118886
118886
118886
118887
118886
118886
118886
118887
133736
133736
133736
133737
133737
133737
133736
133737
133736
133736
133736
133736
133737
133737
133737
133736
133737
133736
133736
133736
133736
133737
133737
133737
133736
133737
133736
133736
133736
133736
133737
133737
133737
133736
133737
133736
145129
145129
145129
145129
145129
145129
145129
145129
145129
145129
145129
145129
145129
145129
145129
145129
145129
145129
145129
145129
145129
145129
145129
145129
145129
145129
145129
145129
145129
145129
145129
145129
145129
145129
145129
145129
149344
149344
149344
149344
149344
149344
149344
149344
149344
149344
149344
149344
149344
149344
149344
149344
149344
149344
149344
149344
149344
149344
149344
149344
149344
149344
149344
149344
149344
149344
149344
149344
149344
149344
149344
149344
142133
142133
142133
142133
142133
142133
142133
142133
142133
142133
142133
142133
142133
142133
142133
142133
142133
142133
142133
142133
142133
142133
142133
142133
142133
142133
142133
142133
142133
142133
142133
142133
142133
142133
142133
142133
122892
122892
122891
122891
122892
122892
122892
122892
122891
122892
122891
122891
122891
122892
122892
122892
122892
122891
122892
122891
122891
122891
122892
122892
122892
122892
122891
122892
122891
122891
122891
122892
122892
122892
122892
122891
96648.3
96648.3
96648.3
96648.4
96648.5
96648.6
96648.5
96648.4
96648.3
96648.3
96648.3
96648.3
96648.4
96648.5
96648.6
96648.5
96648.4
96648.3
96648.3
96648.3
96648.3
96648.4
96648.5
96648.6
96648.5
96648.4
96648.3
96648.3
96648.3
96648.3
96648.4
96648.5
96648.6
96648.5
96648.4
96648.3
72615.8
72615.7
72615.9
72616
72616.1
72616
72615.9
72615.8
72615.7
72615.8
72615.7
72615.9
72616
72616.1
72616
72615.9
72615.8
72615.7
72615.8
72615.7
72615.9
72616
72616.1
72616
72615.9
72615.8
72615.7
72615.8
72615.7
72615.9
72616
72616.1
72616
72615.9
72615.8
72615.7
59940.1
59940.1
59940.3
59940.3
59940.3
59940.2
59940.1
59940.1
59940.1
59940.1
59940.1
59940.3
59940.3
59940.3
59940.2
59940.1
59940.1
59940.1
59940.1
59940.1
59940.3
59940.3
59940.3
59940.2
59940.1
59940.1
59940.1
59940.1
59940.1
59940.3
59940.3
59940.3
59940.2
59940.1
59940.1
59940.1
58933.1
58933.2
58933.3
58933.3
58933.3
58933
58933
58933
58933
58933.1
58933.2
58933.3
58933.3
58933.3
58933
58933
58933
58933
58933.1
58933.2
58933.3
58933.3
58933.3
58933
58933
58933
58933
58933.1
58933.2
58933.3
58933.3
58933.3
58933
58933
58933
58933
90911.1
90915.8
90910.1
90914.1
90911.9
90912.5
90913.2
90912.5
90913.8
90911.1
90915.9
90910.2
90914.2
90911.9
90912.6
90913.2
90912.5
90913.8
90911.1
90916
90910.2
90914.2
90911.9
90912.5
90913.2
90912.4
90913.8
90911.1
90916
90910.2
90914.2
90911.9
90912.6
90913.2
90912.4
90913.8
)
;
    }
    outside
    {
        type            calculated;
        value           nonuniform List<scalar> 
540
(
54526.3
54526.3
54526.3
54526.2
54526.2
54526.2
54526.3
54526.3
54526.3
54526.3
54526.3
54526.3
54526.3
54526.2
54526.2
54526.3
54526.3
54526.3
54526.3
54526.3
54526.3
54526.3
54526.2
54526.2
54526.3
54526.3
54526.3
54526.3
54526.3
54526.3
54526.2
54526.2
54526.2
54526.2
54526.3
54526.3
54893.3
54893.3
54893.3
54893.3
54893.2
54893.2
54893.2
54893.2
54893.2
54893.3
54893.3
54893.3
54893.3
54893.2
54893.2
54893.2
54893.2
54893.2
54893.3
54893.3
54893.3
54893.3
54893.2
54893.2
54893.2
54893.2
54893.2
54893.3
54893.3
54893.3
54893.3
54893.2
54893.2
54893.2
54893.2
54893.2
56434.7
56434.7
56434.7
56434.7
56434.7
56434.7
56434.7
56434.7
56434.7
56434.7
56434.7
56434.7
56434.8
56434.7
56434.7
56434.7
56434.7
56434.7
56434.7
56434.7
56434.7
56434.8
56434.7
56434.7
56434.7
56434.7
56434.7
56434.7
56434.7
56434.7
56434.7
56434.7
56434.7
56434.7
56434.7
56434.7
58155.3
58155.4
58155.4
58155.4
58155.4
58155.4
58155.3
58155.3
58155.3
58155.3
58155.4
58155.4
58155.4
58155.4
58155.4
58155.4
58155.3
58155.3
58155.3
58155.4
58155.4
58155.4
58155.4
58155.4
58155.3
58155.3
58155.3
58155.3
58155.4
58155.4
58155.4
58155.4
58155.4
58155.3
58155.3
58155.3
59963.8
59963.8
59963.8
59963.8
59963.8
59963.8
59963.8
59963.8
59963.8
59963.8
59963.8
59963.8
59963.8
59963.8
59963.8
59963.8
59963.8
59963.8
59963.8
59963.8
59963.8
59963.8
59963.8
59963.8
59963.8
59963.8
59963.8
59963.8
59963.8
59963.8
59963.8
59963.8
59963.8
59963.8
59963.8
59963.8
62372.6
62372.5
62372.6
62372.7
62372.7
62372.6
62372.6
62372.6
62372.6
62372.6
62372.5
62372.6
62372.7
62372.7
62372.6
62372.6
62372.6
62372.6
62372.6
62372.5
62372.6
62372.7
62372.7
62372.6
62372.6
62372.6
62372.6
62372.6
62372.5
62372.6
62372.7
62372.7
62372.6
62372.6
62372.6
62372.6
65977
65976.9
65977.1
65977.1
65977.2
65977.1
65977.1
65977
65977.1
65977
65976.9
65977.1
65977.1
65977.2
65977.1
65977.1
65977
65977.1
65977
65976.9
65977.1
65977.1
65977.2
65977.1
65977.1
65977
65977.1
65977
65976.9
65977.1
65977.1
65977.2
65977.1
65977.1
65977
65977.1
70302.6
70302.5
70302.7
70302.6
70302.8
70302.7
70302.7
70302.6
70302.7
70302.6
70302.5
70302.7
70302.6
70302.8
70302.7
70302.7
70302.6
70302.7
70302.6
70302.5
70302.7
70302.6
70302.8
70302.7
70302.7
70302.6
70302.7
70302.6
70302.5
70302.7
70302.6
70302.8
70302.7
70302.7
70302.6
70302.7
72329.5
72329.4
72329.4
72329.4
72329.4
72329.5
72329.5
72329.5
72329.5
72329.4
72329.4
72329.4
72329.4
72329.4
72329.5
72329.5
72329.5
72329.5
72329.5
72329.4
72329.4
72329.4
72329.4
72329.5
72329.5
72329.5
72329.5
72329.4
72329.4
72329.4
72329.4
72329.4
72329.5
72329.5
72329.5
72329.5
67846.7
67846.7
67846.7
67846.8
67846.8
67846.7
67846.7
67846.8
67846.6
67846.7
67846.7
67846.7
67846.8
67846.8
67846.7
67846.7
67846.8
67846.6
67846.7
67846.7
67846.7
67846.8
67846.8
67846.7
67846.7
67846.8
67846.6
67846.7
67846.7
67846.7
67846.8
67846.8
67846.7
67846.7
67846.8
67846.6
58659.4
58659.5
58659.5
58659.5
58659.5
58659.4
58659.4
58659.4
58659.3
58659.4
58659.5
58659.5
58659.5
58659.5
58659.4
58659.4
58659.4
58659.3
58659.4
58659.5
58659.5
58659.5
58659.5
58659.4
58659.4
58659.4
58659.3
58659.4
58659.5
58659.5
58659.5
58659.5
58659.4
58659.4
58659.4
58659.3
52411.5
52411.6
52411.5
52411.6
52411.6
52411.6
52411.5
52411.5
52411.5
52411.5
52411.5
52411.5
52411.6
52411.6
52411.6
52411.5
52411.5
52411.5
52411.5
52411.5
52411.5
52411.6
52411.6
52411.6
52411.5
52411.5
52411.5
52411.5
52411.5
52411.5
52411.6
52411.6
52411.6
52411.5
52411.5
52411.5
51749.9
51749.8
51749.9
51749.9
51749.9
51749.9
51749.9
51749.9
51749.9
51749.9
51749.8
51749.9
51749.9
51749.9
51749.9
51749.9
51749.9
51749.9
51749.9
51749.8
51749.9
51749.9
51749.9
51749.9
51749.9
51749.9
51749.9
51749.9
51749.8
51749.9
51749.9
51749.9
51749.9
51749.9
51749.9
51749.9
53639.4
53639.6
53639.5
53639.3
53639.5
53639.7
53639.4
53639.6
53639.9
53639.4
53639.6
53639.5
53639.3
53639.5
53639.7
53639.4
53639.6
53639.9
53639.4
53639.6
53639.5
53639.3
53639.5
53639.7
53639.4
53639.6
53639.9
53639.4
53639.6
53639.5
53639.3
53639.5
53639.7
53639.4
53639.6
53639.9
47618.6
47616.4
47616.4
47618.9
47618.4
47616.3
47617.6
47619.3
47619.1
47618.6
47616.4
47616.3
47618.9
47618.4
47616.3
47617.6
47619.3
47619
47618.6
47616.4
47616.3
47618.9
47618.4
47616.3
47617.6
47619.3
47619.1
47618.6
47616.4
47616.3
47618.9
47618.4
47616.3
47617.6
47619.3
47619.1
)
;
    }
}


// ************************************************************************* //
