/*--------------------------------*- C++ -*----------------------------------*\
| =========                 |                                                 |
| \\      /  F ield         | OpenFOAM: The Open Source CFD Toolbox           |
|  \\    /   O peration     | Version:  2412                                  |
|   \\  /    A nd           | Website:  www.openfoam.com                      |
|    \\/     M anipulation  |                                                 |
\*---------------------------------------------------------------------------*/
FoamFile
{
    version     2.0;
    format      ascii;
    arch        "LSB;label=32;scalar=64";
    class       volScalarField;
    location    "0.0199794";
    object      Vm_0;
}
// * * * * * * * * * * * * * * * * * * * * * * * * * * * * * * * * * * * * * //

dimensions      [1 2 -3 0 0 -1 0];

internalField   nonuniform List<scalar> 
8835
(
-0.084
-0.084
-0.084
-0.084
-0.084
-0.084
-0.084
-0.084
-0.084
-0.084
-0.084
-0.084
-0.084
-0.084
-0.084
-0.084
-0.084
-0.084
-0.084
-0.084
-0.084
-0.084
-0.084
-0.084
-0.084
-0.084
-0.084
-0.084
-0.084
-0.084
-0.084
-0.084
-0.084
-0.084
-0.084
-0.084
-0.084
-0.084
-0.084
-0.084
-0.084
-0.084
-0.084
-0.084
-0.084
-0.084
-0.084
-0.084
-0.084
-0.084
-0.084
-0.084
-0.084
-0.084
-0.084
-0.084
-0.084
-0.084
-0.084
-0.084
-0.084
-0.084
-0.084
-0.084
-0.084
-0.084
-0.084
-0.084
-0.084
-0.084
-0.084
-0.084
-0.084
-0.084
-0.084
-0.084
-0.084
-0.084
-0.084
-0.084
-0.084
-0.084
-0.084
-0.084
-0.084
-0.084
-0.084
-0.084
-0.084
-0.084
-0.084
-0.084
-0.084
-0.084
-0.084
-0.084
-0.084
-0.084
-0.084
-0.084
-0.084
-0.084
-0.084
-0.084
-0.084
-0.084
-0.084
-0.084
-0.084
-0.084
-0.084
-0.084
-0.084
-0.084
-0.084
-0.084
-0.084
-0.084
-0.084
-0.084
-0.084
-0.084
-0.084
-0.084
-0.084
-0.084
-0.084
-0.084
-0.084
-0.084
-0.084
-0.084
-0.084
-0.084
-0.084
-0.084
-0.084
-0.084
-0.084
-0.084
-0.084
-0.084
-0.084
-0.084
-0.084
-0.084
-0.084
-0.084
-0.084
-0.084
-0.084
-0.084
-0.084
-0.084
-0.084
-0.084
-0.084
-0.084
-0.084
-0.084
-0.084
-0.084
-0.084
-0.084
-0.084
-0.084
-0.084
-0.084
-0.084
-0.084
-0.084
-0.084
-0.084
-0.084
-0.084
-0.084
-0.084
-0.084
-0.084
-0.084
-0.084
-0.084
-0.084
-0.084
-0.084
-0.084
-0.084
-0.084
-0.084
-0.084
-0.084
-0.084
-0.084
-0.084
-0.084
-0.084
-0.084
-0.084
-0.084
-0.084
-0.084
-0.084
-0.084
-0.084
-0.084
-0.084
-0.084
-0.084
-0.084
-0.084
-0.084
-0.084
-0.084
-0.084
-0.084
-0.084
-0.084
-0.084
-0.084
-0.084
-0.084
-0.084
-0.084
-0.084
-0.084
-0.084
-0.084
-0.084
-0.084
-0.084
-0.084
-0.084
-0.084
-0.084
-0.084
-0.084
-0.084
-0.084
-0.084
-0.084
-0.084
-0.084
-0.084
-0.084
-0.084
-0.084
-0.084
-0.084
-0.084
-0.084
-0.084
-0.084
-0.084
-0.084
-0.084
-0.084
-0.084
-0.084
-0.084
-0.084
-0.084
-0.084
-0.084
-0.084
-0.084
-0.084
-0.084
-0.084
-0.084
-0.084
-0.084
-0.084
-0.084
-0.084
-0.084
-0.084
-0.084
-0.084
-0.084
-0.084
-0.084
-0.084
-0.084
-0.084
-0.084
-0.084
-0.084
-0.084
-0.084
-0.084
-0.084
-0.084
-0.084
-0.084
-0.084
-0.084
-0.084
-0.084
-0.084
-0.084
-0.084
-0.084
-0.084
-0.084
-0.084
-0.084
-0.084
-0.084
-0.084
-0.084
-0.084
-0.084
-0.084
-0.084
-0.084
-0.084
-0.084
-0.084
-0.084
-0.084
-0.084
-0.084
-0.084
-0.084
-0.084
-0.084
-0.084
-0.084
-0.084
-0.084
-0.084
-0.084
-0.084
-0.084
-0.084
-0.084
-0.084
-0.084
-0.084
-0.084
-0.084
-0.084
-0.084
-0.084
-0.084
-0.084
-0.084
-0.084
-0.084
-0.084
-0.084
-0.084
-0.084
-0.084
-0.084
-0.084
-0.084
-0.084
-0.084
-0.084
-0.084
-0.084
-0.084
-0.084
-0.084
-0.084
-0.084
-0.084
-0.084
-0.084
-0.084
-0.084
-0.084
-0.084
-0.084
-0.084
-0.084
-0.084
-0.084
-0.084
-0.084
-0.084
-0.084
-0.084
-0.084
-0.084
-0.084
-0.084
-0.084
-0.084
-0.084
-0.084
-0.084
-0.084
-0.084
-0.084
-0.084
-0.084
-0.084
-0.084
-0.084
-0.084
-0.084
-0.084
-0.084
-0.084
-0.084
-0.084
-0.084
-0.084
-0.084
-0.084
-0.084
-0.084
-0.084
-0.084
-0.084
-0.084
-0.084
-0.084
-0.084
-0.084
-0.084
-0.084
-0.084
-0.084
-0.084
-0.084
-0.084
-0.084
-0.084
-0.084
-0.084
-0.084
-0.084
-0.084
-0.084
-0.084
-0.084
-0.084
-0.084
-0.084
-0.084
-0.084
-0.084
-0.084
-0.084
-0.084
-0.084
-0.084
-0.084
-0.084
-0.084
-0.084
-0.084
-0.084
-0.084
-0.084
-0.084
-0.084
-0.084
-0.084
-0.084
-0.084
-0.084
-0.084
-0.084
-0.084
-0.084
-0.084
-0.084
-0.084
-0.084
-0.084
-0.084
-0.084
-0.084
-0.084
-0.084
-0.084
-0.084
-0.084
-0.084
-0.084
-0.084
-0.084
-0.084
-0.084
-0.084
-0.084
-0.084
-0.084
-0.084
-0.084
-0.084
-0.084
-0.084
-0.084
-0.084
-0.084
-0.084
-0.084
-0.084
-0.084
-0.084
-0.084
-0.084
-0.084
-0.084
-0.084
-0.084
-0.084
-0.084
-0.084
-0.084
-0.084
-0.084
-0.084
-0.084
-0.084
-0.084
-0.084
-0.084
-0.084
-0.084
-0.084
-0.084
-0.084
-0.084
-0.084
-0.084
-0.084
-0.084
-0.084
-0.084
-0.084
-0.084
-0.084
-0.084
-0.084
-0.084
-0.084
-0.084
-0.084
-0.084
-0.084
-0.084
-0.084
-0.084
-0.084
-0.084
-0.084
-0.084
-0.084
-0.084
-0.084
-0.084
-0.084
-0.084
-0.084
-0.084
-0.084
-0.084
-0.084
-0.084
-0.084
-0.084
-0.084
-0.084
-0.084
-0.084
-0.084
-0.084
-0.084
-0.084
-0.084
-0.084
-0.084
-0.084
-0.084
-0.084
-0.084
-0.084
-0.084
-0.084
-0.084
-0.084
-0.084
-0.084
-0.084
-0.084
-0.084
-0.084
-0.084
-0.084
-0.084
-0.084
-0.084
-0.084
-0.084
-0.084
-0.084
-0.084
-0.084
-0.084
-0.084
-0.084
-0.084
-0.084
-0.084
-0.084
-0.084
-0.084
-0.084
-0.084
-0.084
-0.084
-0.084
-0.084
-0.084
-0.084
-0.084
-0.084
-0.084
-0.084
-0.084
-0.084
-0.084
-0.084
-0.084
-0.084
-0.084
-0.084
-0.084
-0.084
-0.084
-0.084
-0.084
-0.084
-0.084
-0.084
-0.084
-0.084
-0.084
-0.084
-0.084
-0.084
-0.084
-0.084
-0.084
-0.084
-0.084
-0.084
-0.084
-0.084
-0.084
-0.084
-0.084
-0.084
-0.084
-0.084
-0.084
-0.084
-0.084
-0.084
-0.084
-0.084
-0.084
-0.084
-0.084
-0.084
-0.084
-0.084
-0.084
-0.084
-0.084
-0.084
-0.084
-0.084
-0.084
-0.084
-0.084
-0.084
-0.084
-0.084
-0.084
-0.084
-0.084
-0.084
-0.084
-0.084
-0.084
-0.084
-0.084
-0.084
-0.084
-0.084
-0.084
-0.084
-0.084
-0.084
-0.084
-0.084
-0.084
-0.084
-0.084
-0.084
-0.084
-0.084
-0.084
-0.084
-0.084
-0.084
-0.084
-0.084
-0.084
-0.084
-0.084
-0.084
-0.084
-0.084
-0.084
-0.084
-0.084
-0.084
-0.084
-0.084
-0.084
-0.084
-0.084
-0.084
-0.084
-0.084
-0.084
-0.084
-0.084
-0.084
-0.084
-0.084
-0.084
-0.084
-0.084
-0.084
-0.084
-0.084
-0.084
-0.084
-0.084
-0.084
-0.084
-0.084
-0.084
-0.084
-0.084
-0.084
-0.084
-0.084
-0.084
-0.084
-0.084
-0.084
-0.084
-0.084
-0.084
-0.084
-0.084
-0.084
-0.084
-0.084
-0.084
-0.084
-0.084
-0.084
-0.084
-0.084
-0.084
-0.084
-0.084
-0.084
-0.084
-0.084
-0.084
-0.084
-0.084
-0.084
-0.084
-0.084
-0.084
-0.084
-0.084
-0.084
-0.084
-0.084
-0.084
-0.084
-0.084
-0.084
-0.084
-0.084
-0.084
-0.084
-0.084
-0.084
-0.084
-0.084
-0.084
-0.084
-0.084
-0.084
-0.084
-0.084
-0.084
-0.084
-0.084
-0.084
-0.084
-0.084
-0.084
-0.084
-0.084
-0.084
-0.084
-0.084
-0.084
-0.084
-0.084
-0.084
-0.084
-0.084
-0.084
-0.084
-0.084
-0.084
-0.084
-0.084
-0.084
-0.084
-0.084
-0.084
-0.084
-0.084
-0.084
-0.084
-0.084
-0.084
-0.084
-0.084
-0.084
-0.084
-0.084
-0.084
-0.084
-0.084
-0.084
-0.084
-0.084
-0.084
-0.084
-0.084
-0.084
-0.084
-0.084
-0.084
-0.084
-0.084
-0.084
-0.084
-0.084
-0.084
-0.084
-0.084
-0.084
-0.084
-0.084
-0.084
-0.084
-0.084
-0.084
-0.084
-0.084
-0.084
-0.084
-0.084
-0.084
-0.084
-0.084
-0.084
-0.084
-0.084
-0.084
-0.084
-0.084
-0.084
-0.084
-0.084
-0.084
-0.084
-0.084
-0.084
-0.084
-0.084
-0.084
-0.084
-0.084
-0.084
-0.084
-0.084
-0.084
-0.084
-0.084
-0.084
-0.084
-0.084
-0.084
-0.084
-0.084
-0.084
-0.084
-0.084
-0.084
-0.084
-0.084
-0.084
-0.084
-0.084
-0.084
-0.084
-0.084
-0.084
-0.084
-0.084
-0.084
-0.084
-0.084
-0.084
-0.084
-0.084
-0.084
-0.084
-0.084
-0.084
-0.084
-0.084
-0.084
-0.084
-0.084
-0.084
-0.084
-0.084
-0.084
-0.084
-0.084
-0.084
-0.084
-0.084
-0.084
-0.084
-0.084
-0.084
-0.084
-0.084
-0.084
-0.084
-0.084
-0.084
-0.084
-0.084
-0.084
-0.084
-0.084
-0.084
-0.084
-0.084
-0.084
-0.084
-0.084
-0.084
-0.084
-0.084
-0.084
-0.084
-0.084
-0.084
-0.084
-0.084
-0.084
-0.084
-0.084
-0.084
-0.084
-0.084
-0.084
-0.084
-0.084
-0.084
-0.084
-0.084
-0.084
-0.084
-0.084
-0.084
-0.084
-0.084
-0.084
-0.084
-0.084
-0.084
-0.084
-0.084
-0.084
-0.084
-0.084
-0.084
-0.084
-0.084
-0.084
-0.084
-0.084
-0.084
-0.084
-0.084
-0.084
-0.084
-0.084
-0.084
-0.084
-0.084
-0.084
-0.084
-0.084
-0.084
-0.084
-0.084
-0.084
-0.084
-0.084
-0.084
-0.084
-0.084
-0.084
-0.084
-0.084
-0.084
-0.084
-0.084
-0.084
-0.084
-0.084
-0.084
-0.084
-0.084
-0.084
-0.084
-0.084
-0.084
-0.084
-0.084
-0.084
-0.084
-0.084
-0.084
-0.084
-0.084
-0.084
-0.084
-0.084
-0.084
-0.084
-0.084
-0.084
-0.084
-0.084
-0.084
-0.084
-0.084
-0.084
-0.084
-0.084
-0.084
-0.084
-0.084
-0.084
-0.084
-0.084
-0.084
-0.084
-0.084
-0.084
-0.084
-0.084
-0.084
-0.084
-0.084
-0.084
-0.084
-0.084
-0.084
-0.084
-0.084
-0.084
-0.084
-0.084
-0.084
-0.084
-0.084
-0.084
-0.084
-0.084
-0.084
-0.084
-0.084
-0.084
-0.084
-0.084
-0.084
-0.084
-0.084
-0.084
-0.084
-0.084
-0.084
-0.084
-0.084
-0.084
-0.084
-0.084
-0.084
-0.084
-0.084
-0.084
-0.084
-0.084
-0.084
-0.084
-0.084
-0.084
-0.084
-0.084
-0.084
-0.084
-0.084
-0.084
-0.084
-0.084
-0.084
-0.084
-0.084
-0.084
-0.084
-0.084
-0.084
-0.084
-0.084
-0.084
-0.084
-0.084
-0.084
-0.084
-0.084
-0.084
-0.084
-0.084
-0.084
-0.084
-0.084
-0.084
-0.084
-0.084
-0.084
-0.084
-0.084
-0.084
-0.084
-0.084
-0.084
-0.084
-0.084
-0.084
-0.084
-0.084
-0.084
-0.084
-0.084
-0.084
-0.084
-0.084
-0.084
-0.084
-0.084
-0.084
-0.084
-0.084
-0.084
-0.084
-0.084
-0.084
-0.084
-0.084
-0.084
-0.084
-0.084
-0.084
-0.084
-0.084
-0.084
-0.084
-0.084
-0.084
-0.084
-0.084
-0.084
-0.084
-0.084
-0.084
-0.084
-0.084
-0.084
-0.084
-0.084
-0.084
-0.084
-0.084
-0.084
-0.084
-0.084
-0.084
-0.084
-0.084
-0.084
-0.084
-0.084
-0.084
-0.084
-0.084
-0.084
-0.084
-0.084
-0.084
-0.084
-0.084
-0.084
-0.084
-0.084
-0.084
-0.084
-0.084
-0.084
-0.084
-0.084
-0.084
-0.084
-0.084
-0.084
-0.084
-0.084
-0.084
-0.084
-0.084
-0.084
-0.084
-0.084
-0.084
-0.084
-0.084
-0.084
-0.084
-0.084
-0.084
-0.084
-0.084
-0.084
-0.084
-0.084
-0.084
-0.084
-0.084
-0.084
-0.084
-0.084
-0.084
-0.084
-0.084
-0.084
-0.084
-0.084
-0.084
-0.084
-0.084
-0.084
-0.084
-0.084
-0.084
-0.084
-0.084
-0.084
-0.084
-0.084
-0.084
-0.084
-0.084
-0.084
-0.084
-0.084
-0.084
-0.084
-0.084
-0.084
-0.084
-0.084
-0.084
-0.084
-0.084
-0.084
-0.084
-0.084
-0.084
-0.084
-0.084
-0.084
-0.084
-0.084
-0.084
-0.084
-0.084
-0.084
-0.084
-0.084
-0.084
-0.084
-0.084
-0.084
-0.084
-0.084
-0.084
-0.084
-0.084
-0.084
-0.084
-0.084
-0.084
-0.084
-0.084
-0.084
-0.084
-0.084
-0.084
-0.084
-0.084
-0.084
-0.084
-0.084
-0.084
-0.084
-0.084
-0.084
-0.084
-0.084
-0.084
-0.084
-0.084
-0.084
-0.084
-0.084
-0.084
-0.084
-0.084
-0.084
-0.084
-0.084
-0.084
-0.084
-0.084
-0.084
-0.084
-0.084
-0.084
-0.084
-0.084
-0.084
-0.084
-0.084
-0.084
-0.084
-0.084
-0.084
-0.084
-0.084
-0.084
-0.084
-0.084
-0.084
-0.084
-0.084
-0.084
-0.084
-0.084
-0.084
-0.084
-0.084
-0.084
-0.084
-0.084
-0.084
-0.084
-0.084
-0.084
-0.084
-0.084
-0.084
-0.084
-0.084
-0.084
-0.084
-0.084
-0.084
-0.084
-0.084
-0.084
-0.084
-0.084
-0.084
-0.084
-0.084
-0.084
-0.084
-0.084
-0.084
-0.084
-0.084
-0.084
-0.084
-0.084
-0.084
-0.084
-0.084
-0.084
-0.084
-0.084
-0.084
-0.084
-0.084
-0.084
-0.084
-0.084
-0.084
-0.084
-0.084
-0.084
-0.084
-0.084
-0.084
-0.084
-0.084
-0.084
-0.084
-0.084
-0.084
-0.084
-0.084
-0.084
-0.084
-0.084
-0.084
-0.084
-0.084
-0.084
-0.084
-0.084
-0.084
-0.084
-0.084
-0.084
-0.084
-0.084
-0.084
-0.084
-0.084
-0.084
-0.084
-0.084
-0.084
-0.084
-0.084
-0.084
-0.084
-0.084
-0.084
-0.084
-0.084
-0.084
-0.084
-0.084
-0.084
-0.084
-0.084
-0.084
-0.084
-0.084
-0.084
-0.084
-0.084
-0.084
-0.084
-0.084
-0.084
-0.084
-0.084
-0.084
-0.084
-0.084
-0.084
-0.084
-0.084
-0.084
-0.084
-0.084
-0.084
-0.084
-0.084
-0.084
-0.084
-0.084
-0.084
-0.084
-0.084
-0.084
-0.084
-0.084
-0.084
-0.084
-0.084
-0.084
-0.084
-0.084
-0.084
-0.084
-0.084
-0.084
-0.084
-0.084
-0.084
-0.084
-0.084
-0.084
-0.084
-0.084
-0.084
-0.084
-0.084
-0.084
-0.084
-0.084
-0.084
-0.084
-0.084
-0.084
-0.084
-0.084
-0.084
-0.084
-0.084
-0.084
-0.084
-0.084
-0.084
-0.084
-0.084
-0.084
-0.084
-0.084
-0.084
-0.084
-0.084
-0.084
-0.084
-0.084
-0.084
-0.084
-0.084
-0.084
-0.084
-0.084
-0.084
-0.084
-0.084
-0.084
-0.084
-0.084
-0.084
-0.084
-0.084
-0.084
-0.084
-0.084
-0.084
-0.084
-0.084
-0.084
-0.084
-0.084
-0.084
-0.084
-0.084
-0.084
-0.084
-0.084
-0.084
-0.084
-0.084
-0.084
-0.084
-0.084
-0.084
-0.084
-0.084
-0.084
-0.084
-0.084
-0.084
-0.084
-0.084
-0.084
-0.084
-0.084
-0.084
-0.084
-0.084
-0.084
-0.084
-0.084
-0.084
-0.084
-0.084
-0.084
-0.084
-0.084
-0.084
-0.084
-0.084
-0.084
-0.084
-0.084
-0.084
-0.084
-0.084
-0.084
-0.084
-0.084
-0.084
-0.084
-0.084
-0.084
-0.084
-0.084
-0.084
-0.084
-0.084
-0.084
-0.084
-0.084
-0.084
-0.084
-0.084
-0.084
-0.084
-0.084
-0.084
-0.084
-0.084
-0.084
-0.084
-0.084
-0.084
-0.084
-0.084
-0.084
-0.084
-0.084
-0.084
-0.084
-0.084
-0.084
-0.084
-0.084
-0.084
-0.084
-0.084
-0.084
-0.084
-0.084
-0.084
-0.084
-0.084
-0.084
-0.084
-0.084
-0.084
-0.084
-0.084
-0.084
-0.084
-0.084
-0.084
-0.084
-0.084
-0.084
-0.084
-0.084
-0.084
-0.084
-0.084
-0.084
-0.084
-0.084
-0.084
-0.084
-0.084
-0.084
-0.084
-0.084
-0.084
-0.084
-0.084
-0.084
-0.084
-0.084
-0.084
-0.084
-0.084
-0.084
-0.084
-0.084
-0.084
-0.084
-0.084
-0.084
-0.084
-0.084
-0.084
-0.084
-0.084
-0.084
-0.084
-0.084
-0.084
-0.084
-0.084
-0.084
-0.084
-0.084
-0.084
-0.084
-0.084
-0.084
-0.084
-0.084
-0.084
-0.084
-0.084
-0.084
-0.084
-0.084
-0.084
-0.084
-0.084
-0.084
-0.084
-0.084
-0.084
-0.084
-0.084
-0.084
-0.084
-0.084
-0.084
-0.084
-0.084
-0.084
-0.084
-0.084
-0.084
-0.084
-0.084
-0.084
-0.084
-0.084
-0.084
-0.084
-0.084
-0.084
-0.084
-0.084
-0.084
-0.084
-0.084
-0.084
-0.084
-0.084
-0.084
-0.084
-0.084
-0.084
-0.084
-0.084
-0.084
-0.084
-0.084
-0.084
-0.084
-0.084
-0.084
-0.084
-0.084
-0.084
-0.084
-0.084
-0.084
-0.084
-0.084
-0.084
-0.084
-0.084
-0.084
-0.084
-0.084
-0.084
-0.084
-0.084
-0.084
-0.084
-0.084
-0.084
-0.084
-0.084
-0.084
-0.084
-0.084
-0.084
-0.084
-0.084
-0.084
-0.084
-0.084
-0.084
-0.084
-0.084
-0.084
-0.084
-0.084
-0.084
-0.084
-0.084
-0.084
-0.084
-0.084
-0.084
-0.084
-0.084
-0.084
-0.084
-0.084
-0.084
-0.084
-0.084
-0.084
-0.084
-0.084
-0.084
-0.084
-0.084
-0.084
-0.084
-0.084
-0.084
-0.084
-0.084
-0.084
-0.084
-0.084
-0.084
-0.084
-0.084
-0.084
-0.084
-0.084
-0.084
-0.084
-0.084
-0.084
-0.084
-0.084
-0.084
-0.084
-0.084
-0.084
-0.084
-0.084
-0.084
-0.084
-0.084
-0.084
-0.084
-0.084
-0.084
-0.084
-0.084
-0.084
-0.084
-0.084
-0.084
-0.084
-0.084
-0.084
-0.084
-0.084
-0.084
-0.084
-0.084
-0.084
-0.084
-0.084
-0.084
-0.084
-0.084
-0.084
-0.084
-0.084
-0.084
-0.084
-0.084
-0.084
-0.084
-0.084
-0.084
-0.084
-0.084
-0.084
-0.084
-0.084
-0.084
-0.084
-0.084
-0.084
-0.084
-0.084
-0.084
-0.084
-0.084
-0.084
-0.084
-0.084
-0.084
-0.084
-0.084
-0.084
-0.084
-0.084
-0.084
-0.084
-0.084
-0.084
-0.084
-0.084
-0.084
-0.084
-0.084
-0.084
-0.084
-0.084
-0.084
-0.084
-0.084
-0.084
-0.084
-0.084
-0.084
-0.084
-0.084
-0.084
-0.084
-0.084
-0.084
-0.084
-0.084
-0.084
-0.084
-0.084
-0.084
-0.084
-0.084
-0.084
-0.084
-0.084
-0.084
-0.084
-0.084
-0.084
-0.084
-0.084
-0.084
-0.084
-0.084
-0.084
-0.084
-0.084
-0.084
-0.084
-0.084
-0.084
-0.084
-0.084
-0.084
-0.084
-0.084
-0.084
-0.084
-0.084
-0.084
-0.084
-0.084
-0.084
-0.084
-0.084
-0.084
-0.084
-0.084
-0.084
-0.084
-0.084
-0.084
-0.084
-0.084
-0.084
-0.084
-0.084
-0.084
-0.084
-0.084
-0.084
-0.084
-0.084
-0.084
-0.084
-0.084
-0.084
-0.084
-0.084
-0.084
-0.084
-0.084
-0.084
-0.084
-0.084
-0.084
-0.084
-0.084
-0.084
-0.084
-0.084
-0.084
-0.084
-0.084
-0.084
-0.084
-0.084
-0.084
-0.084
-0.084
-0.084
-0.084
-0.084
-0.084
-0.084
-0.084
-0.084
-0.084
-0.084
-0.084
-0.084
-0.084
-0.084
-0.084
-0.084
-0.084
-0.084
-0.084
-0.084
-0.084
-0.084
-0.084
-0.084
-0.084
-0.084
-0.084
-0.084
-0.084
-0.084
-0.084
-0.084
-0.084
-0.084
-0.084
-0.084
-0.084
-0.084
-0.084
-0.084
-0.084
-0.084
-0.084
-0.084
-0.084
-0.084
-0.084
-0.084
-0.084
-0.084
-0.084
-0.084
-0.084
-0.084
-0.084
-0.084
-0.084
-0.084
-0.084
-0.084
-0.084
-0.084
-0.084
-0.084
-0.084
-0.084
-0.084
-0.084
-0.084
-0.084
-0.084
-0.084
-0.084
-0.084
-0.084
-0.084
-0.084
-0.084
-0.084
-0.084
-0.084
-0.084
-0.084
-0.084
-0.084
-0.084
-0.084
-0.084
-0.084
-0.084
-0.084
-0.084
-0.084
-0.084
-0.084
-0.084
-0.084
-0.084
-0.084
-0.084
-0.084
-0.084
-0.084
-0.084
-0.084
-0.084
-0.084
-0.084
-0.084
-0.084
-0.084
-0.084
-0.084
-0.084
-0.084
-0.084
-0.084
-0.084
-0.084
-0.084
-0.084
-0.084
-0.084
-0.084
-0.084
-0.084
-0.084
-0.084
-0.084
-0.084
-0.084
-0.084
-0.084
-0.084
-0.084
-0.084
-0.084
-0.084
-0.084
-0.084
-0.084
-0.084
-0.084
-0.084
-0.084
-0.084
-0.084
-0.084
-0.084
-0.084
-0.084
-0.084
-0.084
-0.084
-0.084
-0.084
-0.084
-0.084
-0.084
-0.084
-0.084
-0.084
-0.084
-0.084
-0.084
-0.084
-0.084
-0.084
-0.084
-0.084
-0.084
-0.084
-0.084
-0.084
-0.084
-0.084
-0.084
-0.084
-0.084
-0.084
-0.084
-0.084
-0.084
-0.084
-0.084
-0.084
-0.084
-0.084
-0.084
-0.084
-0.084
-0.084
-0.084
-0.084
-0.084
-0.084
-0.084
-0.084
-0.084
-0.084
-0.084
-0.084
-0.084
-0.084
-0.084
-0.084
-0.084
-0.084
-0.084
-0.084
-0.084
-0.084
-0.084
-0.084
-0.084
-0.084
-0.084
-0.084
-0.084
-0.084
-0.084
-0.084
-0.084
-0.084
-0.084
-0.084
-0.084
-0.084
-0.084
-0.084
-0.084
-0.084
-0.084
-0.084
-0.084
-0.084
-0.084
-0.084
-0.084
-0.084
-0.084
-0.084
-0.084
-0.084
-0.084
-0.084
-0.084
-0.084
-0.084
-0.084
-0.084
-0.084
-0.084
-0.084
-0.084
-0.084
-0.084
-0.084
-0.084
-0.084
-0.084
-0.084
-0.084
-0.084
-0.084
-0.084
-0.084
-0.084
-0.084
-0.084
-0.084
-0.084
-0.084
-0.084
-0.084
-0.084
-0.084
-0.084
-0.084
-0.084
-0.084
-0.084
-0.084
-0.084
-0.084
-0.084
-0.084
-0.084
-0.084
-0.084
-0.084
-0.084
-0.084
-0.084
-0.084
-0.084
-0.084
-0.084
-0.084
-0.084
-0.084
-0.084
-0.084
-0.084
-0.084
-0.084
-0.084
-0.084
-0.084
-0.084
-0.084
-0.084
-0.084
-0.084
-0.084
-0.084
-0.084
-0.084
-0.084
-0.084
-0.084
-0.084
-0.084
-0.084
-0.084
-0.084
-0.084
-0.084
-0.084
-0.084
-0.084
-0.084
-0.084
-0.084
-0.084
-0.084
-0.084
-0.084
-0.084
-0.084
-0.084
-0.084
-0.084
-0.084
-0.084
-0.084
-0.084
-0.084
-0.084
-0.084
-0.084
-0.084
-0.084
-0.084
-0.084
-0.084
-0.084
-0.084
-0.084
-0.084
-0.084
-0.084
-0.084
-0.084
-0.084
-0.084
-0.084
-0.084
-0.084
-0.084
-0.084
-0.084
-0.084
-0.084
-0.084
-0.084
-0.084
-0.084
-0.084
-0.084
-0.084
-0.084
-0.084
-0.084
-0.084
-0.084
-0.084
-0.084
-0.084
-0.084
-0.084
-0.084
-0.084
-0.084
-0.084
-0.084
-0.084
-0.084
-0.084
-0.084
-0.084
-0.084
-0.084
-0.084
-0.084
-0.084
-0.084
-0.084
-0.084
-0.084
-0.084
-0.084
-0.084
-0.084
-0.084
-0.084
-0.084
-0.084
-0.084
-0.084
-0.084
-0.084
-0.084
-0.084
-0.084
-0.084
-0.084
-0.084
-0.084
-0.084
-0.084
-0.084
-0.084
-0.084
-0.084
-0.084
-0.084
-0.084
-0.084
-0.084
-0.084
-0.084
-0.084
-0.084
-0.084
-0.084
-0.084
-0.084
-0.084
-0.084
-0.084
-0.084
-0.084
-0.084
-0.084
-0.084
-0.084
-0.084
-0.084
-0.084
-0.084
-0.084
-0.084
-0.084
-0.084
-0.084
-0.084
-0.084
-0.084
-0.084
-0.084
-0.084
-0.084
-0.084
-0.084
-0.084
-0.084
-0.084
-0.084
-0.084
-0.084
-0.084
-0.084
-0.084
-0.084
-0.084
-0.084
-0.084
-0.084
-0.084
-0.084
-0.084
-0.084
-0.084
-0.084
-0.084
-0.084
-0.084
-0.084
-0.084
-0.084
-0.084
-0.084
-0.084
-0.084
-0.084
-0.084
-0.084
-0.084
-0.084
-0.084
-0.084
-0.084
-0.084
-0.084
-0.084
-0.084
-0.084
-0.084
-0.084
-0.084
-0.084
-0.084
-0.084
-0.084
-0.084
-0.084
-0.084
-0.084
-0.084
-0.084
-0.084
-0.084
-0.084
-0.084
-0.084
-0.084
-0.084
-0.084
-0.084
-0.084
-0.084
-0.084
-0.084
-0.084
-0.084
-0.084
-0.084
-0.084
-0.084
-0.084
-0.084
-0.084
-0.084
-0.084
-0.084
-0.084
-0.084
-0.084
-0.084
-0.084
-0.084
-0.084
-0.084
-0.084
-0.084
-0.084
-0.084
-0.084
-0.084
-0.084
-0.084
-0.084
-0.084
-0.084
-0.084
-0.084
-0.084
-0.084
-0.084
-0.084
-0.084
-0.084
-0.084
-0.084
-0.084
-0.084
-0.084
-0.084
-0.084
-0.084
-0.084
-0.084
-0.084
-0.084
-0.084
-0.084
-0.084
-0.084
-0.084
-0.084
-0.084
-0.084
-0.084
-0.084
-0.084
-0.084
-0.084
-0.084
-0.084
-0.084
-0.084
-0.084
-0.084
-0.084
-0.084
-0.084
-0.084
-0.084
-0.084
-0.084
-0.084
-0.084
-0.084
-0.084
-0.084
-0.084
-0.084
-0.084
-0.084
-0.084
-0.084
-0.084
-0.084
-0.084
-0.084
-0.084
-0.084
-0.084
-0.084
-0.084
-0.084
-0.084
-0.084
-0.084
-0.084
-0.084
-0.084
-0.084
-0.084
-0.084
-0.084
-0.084
-0.084
-0.084
-0.084
-0.084
-0.084
-0.084
-0.084
-0.084
-0.084
-0.084
-0.084
-0.084
-0.084
-0.084
-0.084
-0.084
-0.084
-0.084
-0.084
-0.084
-0.084
-0.084
-0.084
-0.084
-0.084
-0.084
-0.084
-0.084
-0.084
-0.084
-0.084
-0.084
-0.084
-0.084
-0.084
-0.084
-0.084
-0.084
-0.084
-0.084
-0.084
-0.084
-0.084
-0.084
-0.084
-0.084
-0.084
-0.084
-0.084
-0.084
-0.084
-0.084
-0.084
-0.084
-0.084
-0.084
-0.084
-0.084
-0.084
-0.084
-0.084
-0.084
-0.084
-0.084
-0.084
-0.084
-0.084
-0.084
-0.084
-0.084
-0.084
-0.084
-0.084
-0.084
-0.084
-0.084
-0.084
-0.084
-0.084
-0.084
-0.084
-0.084
-0.084
-0.084
-0.084
-0.084
-0.084
-0.084
-0.084
-0.084
-0.084
-0.084
-0.084
-0.084
-0.084
-0.084
-0.084
-0.084
-0.084
-0.084
-0.084
-0.084
-0.084
-0.084
-0.084
-0.084
-0.084
-0.084
-0.084
-0.084
-0.084
-0.084
-0.084
-0.084
-0.084
-0.084
-0.084
-0.084
-0.084
-0.084
-0.084
-0.084
-0.084
-0.084
-0.084
-0.084
-0.084
-0.084
-0.084
-0.084
-0.084
-0.084
-0.084
-0.084
-0.084
-0.084
-0.084
-0.084
-0.084
-0.084
-0.084
-0.084
-0.084
-0.084
-0.084
-0.084
-0.084
-0.084
-0.084
-0.084
-0.084
-0.084
-0.084
-0.084
-0.084
-0.084
-0.084
-0.084
-0.084
-0.084
-0.084
-0.084
-0.084
-0.084
-0.084
-0.084
-0.084
-0.084
-0.084
-0.084
-0.084
-0.084
-0.084
-0.084
-0.084
-0.084
-0.084
-0.084
-0.084
-0.084
-0.084
-0.084
-0.084
-0.084
-0.084
-0.084
-0.084
-0.084
-0.084
-0.084
-0.084
-0.084
-0.084
-0.084
-0.084
-0.084
-0.084
-0.084
-0.084
-0.084
-0.084
-0.084
-0.084
-0.084
-0.084
-0.084
-0.084
-0.084
-0.084
-0.084
-0.084
-0.084
-0.084
-0.084
-0.084
-0.084
-0.084
-0.084
-0.084
-0.084
-0.084
-0.084
-0.084
-0.084
-0.084
-0.084
-0.084
-0.084
-0.084
-0.084
-0.084
-0.084
-0.084
-0.084
-0.084
-0.084
-0.084
-0.084
-0.084
-0.084
-0.084
-0.084
-0.084
-0.084
-0.084
-0.084
-0.084
-0.084
-0.084
-0.084
-0.084
-0.084
-0.084
-0.084
-0.084
-0.084
-0.084
-0.084
-0.084
-0.084
-0.084
-0.084
-0.084
-0.084
-0.084
-0.084
-0.084
-0.084
-0.084
-0.084
-0.084
-0.084
-0.084
-0.084
-0.084
-0.084
-0.084
-0.084
-0.084
-0.084
-0.084
-0.084
-0.084
-0.084
-0.084
-0.084
-0.084
-0.084
-0.084
-0.084
-0.084
-0.084
-0.084
-0.084
-0.084
-0.084
-0.084
-0.084
-0.084
-0.084
-0.084
-0.084
-0.084
-0.084
-0.084
-0.084
-0.084
-0.084
-0.084
-0.084
-0.084
-0.084
-0.084
-0.084
-0.084
-0.084
-0.084
-0.084
-0.084
-0.084
-0.084
-0.084
-0.084
-0.084
-0.084
-0.084
-0.084
-0.084
-0.084
-0.084
-0.084
-0.084
-0.084
-0.084
-0.084
-0.084
-0.084
-0.084
-0.084
-0.084
-0.084
-0.084
-0.084
-0.084
-0.084
-0.084
-0.084
-0.084
-0.084
-0.084
-0.084
-0.084
-0.084
-0.084
-0.084
-0.084
-0.084
-0.084
-0.084
-0.084
-0.084
-0.084
-0.084
-0.084
-0.084
-0.084
-0.084
-0.084
-0.084
-0.084
-0.084
-0.084
-0.084
-0.084
-0.084
-0.084
-0.084
-0.084
-0.084
-0.084
-0.084
-0.084
-0.084
-0.084
-0.084
-0.084
-0.084
-0.084
-0.084
-0.084
-0.084
-0.084
-0.084
-0.084
-0.084
-0.084
-0.084
-0.084
-0.084
-0.084
-0.084
-0.084
-0.084
-0.084
-0.084
-0.084
-0.084
-0.084
-0.084
-0.084
-0.084
-0.084
-0.084
-0.084
-0.084
-0.084
-0.084
-0.084
-0.084
-0.084
-0.084
-0.084
-0.084
-0.084
-0.084
-0.084
-0.084
-0.084
-0.084
-0.084
-0.084
-0.084
-0.084
-0.084
-0.084
-0.084
-0.084
-0.084
-0.084
-0.084
-0.084
-0.084
-0.084
-0.084
-0.084
-0.084
-0.084
-0.084
-0.084
-0.084
-0.084
-0.084
-0.084
-0.084
-0.084
-0.084
-0.084
-0.084
-0.084
-0.084
-0.084
-0.084
-0.084
-0.084
-0.084
-0.084
-0.084
-0.084
-0.084
-0.084
-0.084
-0.084
-0.084
-0.084
-0.084
-0.084
-0.084
-0.084
-0.084
-0.084
-0.084
-0.084
-0.084
-0.084
-0.084
-0.084
-0.084
-0.084
-0.084
-0.084
-0.084
-0.084
-0.084
-0.084
-0.084
-0.084
-0.084
-0.084
-0.084
-0.084
-0.084
-0.084
-0.084
-0.084
-0.084
-0.084
-0.084
-0.084
-0.084
-0.084
-0.084
-0.084
-0.084
-0.084
-0.084
-0.084
-0.084
-0.084
-0.084
-0.084
-0.084
-0.084
-0.084
-0.084
-0.084
-0.084
-0.084
-0.084
-0.084
-0.084
-0.084
-0.084
-0.084
-0.084
-0.084
-0.084
-0.084
-0.084
-0.084
-0.084
-0.084
-0.084
-0.084
-0.084
-0.084
-0.084
-0.084
-0.084
-0.084
-0.084
-0.0839999
-0.084
-0.084
-0.084
-0.084
-0.084
-0.084
-0.084
-0.084
-0.084
-0.084
-0.084
-0.084
-0.084
-0.084
-0.084
-0.084
-0.084
-0.084
-0.0839999
-0.084
-0.084
-0.084
-0.084
-0.084
-0.084
-0.084
-0.084
-0.084
-0.084
-0.084
-0.084
-0.084
-0.084
-0.084
-0.084
-0.084
-0.084
-0.0839999
-0.084
-0.084
-0.084
-0.084
-0.084
-0.084
-0.084
-0.084
-0.084
-0.084
-0.084
-0.084
-0.084
-0.084
-0.084
-0.084
-0.084
-0.084
-0.084
-0.084
-0.084
-0.084
-0.084
-0.084
-0.084
-0.084
-0.084
-0.084
-0.084
-0.084
-0.084
-0.084
-0.084
-0.084
-0.084
-0.084
-0.084
-0.084
-0.084
-0.084
-0.084
-0.084
-0.084
-0.084
-0.084
-0.084
-0.084
-0.084
-0.084
-0.084
-0.084
-0.084
-0.084
-0.084
-0.084
-0.084
-0.084
-0.084
-0.084
-0.084
-0.084
-0.084
-0.084
-0.084
-0.084
-0.084
-0.084
-0.084
-0.084
-0.084
-0.084
-0.084
-0.084
-0.084
-0.084
-0.084
-0.084
-0.084
-0.084
-0.084
-0.084
-0.084
-0.084
-0.084
-0.084
-0.084
-0.084
-0.084
-0.084
-0.084
-0.084
-0.084
-0.084
-0.084
-0.084
-0.084
-0.084
-0.084
-0.084
-0.084
-0.084
-0.084
-0.084
-0.084
-0.084
-0.084
-0.084
-0.084
-0.084
-0.084
-0.084
-0.084
-0.084
-0.084
-0.084
-0.084
-0.084
-0.084
-0.084
-0.084
-0.084
-0.084
-0.084
-0.084
-0.084
-0.084
-0.084
-0.084
-0.084
-0.084
-0.084
-0.084
-0.084
-0.084
-0.084
-0.084
-0.084
-0.084
-0.084
-0.084
-0.084
-0.084
-0.084
-0.084
-0.084
-0.084
-0.084
-0.084
-0.084
-0.084
-0.084
-0.084
-0.084
-0.084
-0.084
-0.084
-0.084
-0.084
-0.084
-0.084
-0.084
-0.084
-0.084
-0.084
-0.084
-0.084
-0.084
-0.084
-0.084
-0.084
-0.084
-0.084
-0.084
-0.084
-0.084
-0.084
-0.084
-0.084
-0.084
-0.084
-0.084
-0.084
-0.084
-0.084
-0.084
-0.084
-0.084
-0.084
-0.084
-0.084
-0.084
-0.084
-0.084
-0.084
-0.084
-0.084
-0.084
-0.084
-0.084
-0.084
-0.084
-0.084
-0.084
-0.084
-0.084
-0.084
-0.084
-0.084
-0.084
-0.084
-0.084
-0.084
-0.084
-0.084
-0.084
-0.084
-0.084
-0.084
-0.084
-0.084
-0.084
-0.084
-0.084
-0.084
-0.084
-0.084
-0.084
-0.084
-0.084
-0.084
-0.084
-0.084
-0.084
-0.084
-0.084
-0.084
-0.084
-0.084
-0.084
-0.084
-0.084
-0.084
-0.084
-0.084
-0.084
-0.084
-0.0839995
-0.0839997
-0.0839999
-0.0839999
-0.084
-0.084
-0.084
-0.084
-0.084
-0.084
-0.084
-0.084
-0.084
-0.084
-0.084
-0.084
-0.084
-0.084
-0.084
-0.0839995
-0.0839998
-0.0839999
-0.0839999
-0.084
-0.084
-0.084
-0.084
-0.084
-0.084
-0.084
-0.084
-0.084
-0.084
-0.084
-0.084
-0.084
-0.084
-0.084
-0.0839996
-0.0839998
-0.0839999
-0.0839999
-0.084
-0.084
-0.084
-0.084
-0.084
-0.084
-0.084
-0.084
-0.084
-0.084
-0.084
-0.084
-0.084
-0.084
-0.084
-0.0839996
-0.0839998
-0.0839999
-0.0839999
-0.084
-0.084
-0.084
-0.084
-0.084
-0.084
-0.084
-0.084
-0.084
-0.084
-0.084
-0.084
-0.084
-0.084
-0.084
-0.0839997
-0.0839998
-0.0839999
-0.0839999
-0.084
-0.084
-0.084
-0.084
-0.084
-0.084
-0.084
-0.084
-0.084
-0.084
-0.084
-0.084
-0.084
-0.084
-0.084
-0.0839997
-0.0839998
-0.0839999
-0.084
-0.084
-0.084
-0.084
-0.084
-0.084
-0.084
-0.084
-0.084
-0.084
-0.084
-0.084
-0.084
-0.084
-0.084
-0.084
-0.0839998
-0.0839999
-0.0839999
-0.084
-0.084
-0.084
-0.084
-0.084
-0.084
-0.084
-0.084
-0.084
-0.084
-0.084
-0.084
-0.084
-0.084
-0.084
-0.084
-0.0839998
-0.0839999
-0.084
-0.084
-0.084
-0.084
-0.084
-0.084
-0.084
-0.084
-0.084
-0.084
-0.084
-0.084
-0.084
-0.084
-0.084
-0.084
-0.084
-0.0839999
-0.0839999
-0.084
-0.084
-0.084
-0.084
-0.084
-0.084
-0.084
-0.084
-0.084
-0.084
-0.084
-0.084
-0.084
-0.084
-0.084
-0.084
-0.084
-0.0839999
-0.084
-0.084
-0.084
-0.084
-0.084
-0.084
-0.084
-0.084
-0.084
-0.084
-0.084
-0.084
-0.084
-0.084
-0.084
-0.084
-0.084
-0.084
-0.084
-0.084
-0.084
-0.084
-0.084
-0.084
-0.084
-0.084
-0.084
-0.084
-0.084
-0.084
-0.084
-0.084
-0.084
-0.084
-0.084
-0.084
-0.084
-0.084
-0.084
-0.084
-0.084
-0.084
-0.084
-0.084
-0.084
-0.084
-0.084
-0.084
-0.084
-0.084
-0.084
-0.084
-0.084
-0.084
-0.084
-0.084
-0.084
-0.084
-0.084
-0.084
-0.084
-0.084
-0.084
-0.084
-0.084
-0.084
-0.084
-0.084
-0.084
-0.084
-0.084
-0.084
-0.084
-0.084
-0.084
-0.084
-0.084
-0.084
-0.084
-0.084
-0.084
-0.084
-0.084
-0.084
-0.084
-0.084
-0.084
-0.084
-0.084
-0.084
-0.084
-0.084
-0.084
-0.084
-0.084
-0.084
-0.084
-0.084
-0.084
-0.084
-0.084
-0.084
-0.084
-0.084
-0.084
-0.084
-0.084
-0.084
-0.084
-0.084
-0.084
-0.084
-0.084
-0.0839963
-0.083998
-0.0839989
-0.0839994
-0.0839997
-0.0839999
-0.0839999
-0.084
-0.084
-0.084
-0.084
-0.084
-0.084
-0.084
-0.084
-0.084
-0.084
-0.084
-0.084
-0.0839964
-0.083998
-0.083999
-0.0839995
-0.0839997
-0.0839999
-0.0839999
-0.084
-0.084
-0.084
-0.084
-0.084
-0.084
-0.084
-0.084
-0.084
-0.084
-0.084
-0.084
-0.0839966
-0.0839981
-0.083999
-0.0839995
-0.0839997
-0.0839999
-0.0839999
-0.084
-0.084
-0.084
-0.084
-0.084
-0.084
-0.084
-0.084
-0.084
-0.084
-0.084
-0.084
-0.0839969
-0.0839983
-0.0839991
-0.0839995
-0.0839998
-0.0839999
-0.0839999
-0.084
-0.084
-0.084
-0.084
-0.084
-0.084
-0.084
-0.084
-0.084
-0.084
-0.084
-0.084
-0.0839972
-0.0839985
-0.0839992
-0.0839996
-0.0839998
-0.0839999
-0.084
-0.084
-0.084
-0.084
-0.084
-0.084
-0.084
-0.084
-0.084
-0.084
-0.084
-0.084
-0.084
-0.0839977
-0.0839987
-0.0839993
-0.0839997
-0.0839998
-0.0839999
-0.084
-0.084
-0.084
-0.084
-0.084
-0.084
-0.084
-0.084
-0.084
-0.084
-0.084
-0.084
-0.084
-0.0839981
-0.083999
-0.0839995
-0.0839997
-0.0839999
-0.0839999
-0.084
-0.084
-0.084
-0.084
-0.084
-0.084
-0.084
-0.084
-0.084
-0.084
-0.084
-0.084
-0.084
-0.0839986
-0.0839993
-0.0839996
-0.0839998
-0.0839999
-0.084
-0.084
-0.084
-0.084
-0.084
-0.084
-0.084
-0.084
-0.084
-0.084
-0.084
-0.084
-0.084
-0.084
-0.083999
-0.0839995
-0.0839997
-0.0839999
-0.0839999
-0.084
-0.084
-0.084
-0.084
-0.084
-0.084
-0.084
-0.084
-0.084
-0.084
-0.084
-0.084
-0.084
-0.084
-0.0839994
-0.0839997
-0.0839998
-0.0839999
-0.084
-0.084
-0.084
-0.084
-0.084
-0.084
-0.084
-0.084
-0.084
-0.084
-0.084
-0.084
-0.084
-0.084
-0.084
-0.0839997
-0.0839998
-0.0839999
-0.084
-0.084
-0.084
-0.084
-0.084
-0.084
-0.084
-0.084
-0.084
-0.084
-0.084
-0.084
-0.084
-0.084
-0.084
-0.084
-0.0839998
-0.0839999
-0.084
-0.084
-0.084
-0.084
-0.084
-0.084
-0.084
-0.084
-0.084
-0.084
-0.084
-0.084
-0.084
-0.084
-0.084
-0.084
-0.084
-0.0839999
-0.084
-0.084
-0.084
-0.084
-0.084
-0.084
-0.084
-0.084
-0.084
-0.084
-0.084
-0.084
-0.084
-0.084
-0.084
-0.084
-0.084
-0.084
-0.084
-0.084
-0.084
-0.084
-0.084
-0.084
-0.084
-0.084
-0.084
-0.084
-0.084
-0.084
-0.084
-0.084
-0.084
-0.084
-0.084
-0.084
-0.084
-0.084
-0.084
-0.084
-0.084
-0.084
-0.084
-0.084
-0.084
-0.084
-0.084
-0.084
-0.084
-0.084
-0.084
-0.084
-0.084
-0.084
-0.084
-0.084
-0.0839706
-0.0839839
-0.0839915
-0.0839956
-0.0839978
-0.083999
-0.0839995
-0.0839998
-0.0839999
-0.084
-0.084
-0.084
-0.084
-0.084
-0.084
-0.084
-0.084
-0.084
-0.084
-0.0839713
-0.0839843
-0.0839917
-0.0839957
-0.0839979
-0.083999
-0.0839995
-0.0839998
-0.0839999
-0.084
-0.084
-0.084
-0.084
-0.084
-0.084
-0.084
-0.084
-0.084
-0.084
-0.0839728
-0.0839851
-0.0839921
-0.083996
-0.083998
-0.0839991
-0.0839996
-0.0839998
-0.0839999
-0.084
-0.084
-0.084
-0.084
-0.084
-0.084
-0.084
-0.084
-0.084
-0.084
-0.083975
-0.0839864
-0.0839928
-0.0839963
-0.0839982
-0.0839991
-0.0839996
-0.0839998
-0.0839999
-0.084
-0.084
-0.084
-0.084
-0.084
-0.084
-0.084
-0.084
-0.084
-0.084
-0.0839779
-0.083988
-0.0839937
-0.0839968
-0.0839984
-0.0839993
-0.0839997
-0.0839998
-0.0839999
-0.084
-0.084
-0.084
-0.084
-0.084
-0.084
-0.084
-0.084
-0.084
-0.084
-0.0839813
-0.0839899
-0.0839947
-0.0839973
-0.0839987
-0.0839994
-0.0839997
-0.0839999
-0.0839999
-0.084
-0.084
-0.084
-0.084
-0.084
-0.084
-0.084
-0.084
-0.084
-0.084
-0.0839851
-0.083992
-0.0839958
-0.0839979
-0.083999
-0.0839995
-0.0839998
-0.0839999
-0.084
-0.084
-0.084
-0.084
-0.084
-0.084
-0.084
-0.084
-0.084
-0.084
-0.084
-0.0839889
-0.0839941
-0.0839969
-0.0839985
-0.0839993
-0.0839997
-0.0839998
-0.0839999
-0.084
-0.084
-0.084
-0.084
-0.084
-0.084
-0.084
-0.084
-0.084
-0.084
-0.084
-0.0839924
-0.083996
-0.0839979
-0.083999
-0.0839995
-0.0839998
-0.0839999
-0.084
-0.084
-0.084
-0.084
-0.084
-0.084
-0.084
-0.084
-0.084
-0.084
-0.084
-0.084
-0.0839953
-0.0839975
-0.0839988
-0.0839994
-0.0839997
-0.0839999
-0.0839999
-0.084
-0.084
-0.084
-0.084
-0.084
-0.084
-0.084
-0.084
-0.084
-0.084
-0.084
-0.084
-0.0839974
-0.0839987
-0.0839993
-0.0839997
-0.0839999
-0.0839999
-0.084
-0.084
-0.084
-0.084
-0.084
-0.084
-0.084
-0.084
-0.084
-0.084
-0.084
-0.084
-0.084
-0.0839988
-0.0839994
-0.0839997
-0.0839999
-0.0839999
-0.084
-0.084
-0.084
-0.084
-0.084
-0.084
-0.084
-0.084
-0.084
-0.084
-0.084
-0.084
-0.084
-0.084
-0.0839995
-0.0839998
-0.0839999
-0.0839999
-0.084
-0.084
-0.084
-0.084
-0.084
-0.084
-0.084
-0.084
-0.084
-0.084
-0.084
-0.084
-0.084
-0.084
-0.084
-0.0839998
-0.0839999
-0.084
-0.084
-0.084
-0.084
-0.084
-0.084
-0.084
-0.084
-0.084
-0.084
-0.084
-0.084
-0.084
-0.084
-0.084
-0.084
-0.084
-0.0839999
-0.084
-0.084
-0.084
-0.084
-0.084
-0.084
-0.084
-0.084
-0.084
-0.084
-0.084
-0.084
-0.084
-0.084
-0.084
-0.084
-0.084
-0.084
-0.0837644
-0.0838708
-0.0839318
-0.0839653
-0.083983
-0.083992
-0.0839964
-0.0839984
-0.0839993
-0.0839997
-0.0839999
-0.084
-0.084
-0.084
-0.084
-0.084
-0.084
-0.084
-0.084
-0.0837705
-0.0838743
-0.0839337
-0.0839662
-0.0839835
-0.0839922
-0.0839965
-0.0839985
-0.0839993
-0.0839997
-0.0839999
-0.084
-0.084
-0.084
-0.084
-0.084
-0.084
-0.084
-0.084
-0.0837818
-0.0838807
-0.0839372
-0.0839681
-0.0839844
-0.0839927
-0.0839967
-0.0839986
-0.0839994
-0.0839997
-0.0839999
-0.084
-0.084
-0.084
-0.084
-0.084
-0.084
-0.084
-0.084
-0.083799
-0.0838906
-0.0839426
-0.0839709
-0.0839858
-0.0839934
-0.083997
-0.0839987
-0.0839994
-0.0839998
-0.0839999
-0.084
-0.084
-0.084
-0.084
-0.084
-0.084
-0.084
-0.084
-0.0838223
-0.0839037
-0.0839496
-0.0839746
-0.0839877
-0.0839942
-0.0839974
-0.0839989
-0.0839995
-0.0839998
-0.0839999
-0.084
-0.084
-0.084
-0.084
-0.084
-0.084
-0.084
-0.084
-0.0838499
-0.0839191
-0.0839579
-0.0839789
-0.0839898
-0.0839953
-0.0839979
-0.0839991
-0.0839996
-0.0839998
-0.0839999
-0.084
-0.084
-0.084
-0.084
-0.084
-0.084
-0.084
-0.084
-0.0838802
-0.0839358
-0.0839668
-0.0839834
-0.0839921
-0.0839963
-0.0839984
-0.0839993
-0.0839997
-0.0839999
-0.084
-0.084
-0.084
-0.084
-0.084
-0.084
-0.084
-0.084
-0.084
-0.0839107
-0.0839525
-0.0839756
-0.083988
-0.0839943
-0.0839974
-0.0839988
-0.0839995
-0.0839998
-0.0839999
-0.084
-0.084
-0.084
-0.084
-0.084
-0.084
-0.084
-0.084
-0.084
-0.0839388
-0.0839678
-0.0839837
-0.083992
-0.0839963
-0.0839983
-0.0839993
-0.0839997
-0.0839999
-0.0839999
-0.084
-0.084
-0.084
-0.084
-0.084
-0.084
-0.084
-0.084
-0.084
-0.083962
-0.0839803
-0.0839902
-0.0839953
-0.0839978
-0.083999
-0.0839996
-0.0839998
-0.0839999
-0.084
-0.084
-0.084
-0.084
-0.084
-0.084
-0.084
-0.084
-0.084
-0.084
-0.0839792
-0.0839894
-0.0839948
-0.0839976
-0.0839989
-0.0839995
-0.0839998
-0.0839999
-0.084
-0.084
-0.084
-0.084
-0.084
-0.084
-0.084
-0.084
-0.084
-0.084
-0.084
-0.0839903
-0.0839952
-0.0839977
-0.0839989
-0.0839995
-0.0839998
-0.0839999
-0.084
-0.084
-0.084
-0.084
-0.084
-0.084
-0.084
-0.084
-0.084
-0.084
-0.084
-0.084
-0.0839963
-0.0839982
-0.0839991
-0.0839996
-0.0839998
-0.0839999
-0.084
-0.084
-0.084
-0.084
-0.084
-0.084
-0.084
-0.084
-0.084
-0.084
-0.084
-0.084
-0.084
-0.0839988
-0.0839994
-0.0839997
-0.0839999
-0.0839999
-0.084
-0.084
-0.084
-0.084
-0.084
-0.084
-0.084
-0.084
-0.084
-0.084
-0.084
-0.084
-0.084
-0.084
-0.0839996
-0.0839998
-0.0839999
-0.084
-0.084
-0.084
-0.084
-0.084
-0.084
-0.084
-0.084
-0.084
-0.084
-0.084
-0.084
-0.084
-0.084
-0.084
-0.084
-0.0821073
-0.0829522
-0.0834518
-0.0837232
-0.0838658
-0.0839376
-0.0839723
-0.0839881
-0.0839951
-0.083998
-0.0839992
-0.0839997
-0.0839999
-0.084
-0.084
-0.084
-0.084
-0.084
-0.084
-0.0821545
-0.0829814
-0.0834673
-0.0837309
-0.0838695
-0.0839394
-0.0839731
-0.0839885
-0.0839952
-0.0839981
-0.0839993
-0.0839997
-0.0839999
-0.084
-0.084
-0.084
-0.084
-0.084
-0.084
-0.0822415
-0.0830353
-0.0834957
-0.0837456
-0.083877
-0.0839431
-0.0839748
-0.0839892
-0.0839956
-0.0839982
-0.0839993
-0.0839997
-0.0839999
-0.084
-0.084
-0.084
-0.084
-0.084
-0.084
-0.0823745
-0.0831177
-0.0835395
-0.0837681
-0.0838882
-0.0839484
-0.0839772
-0.0839903
-0.083996
-0.0839984
-0.0839994
-0.0839998
-0.0839999
-0.084
-0.084
-0.084
-0.084
-0.084
-0.084
-0.0825563
-0.0832247
-0.0835961
-0.0837975
-0.0839029
-0.0839554
-0.0839804
-0.0839917
-0.0839966
-0.0839986
-0.0839995
-0.0839998
-0.0839999
-0.084
-0.084
-0.084
-0.084
-0.084
-0.084
-0.0827777
-0.0833505
-0.0836626
-0.0838319
-0.0839198
-0.0839635
-0.083984
-0.0839932
-0.0839972
-0.0839989
-0.0839996
-0.0839998
-0.0839999
-0.084
-0.084
-0.084
-0.084
-0.084
-0.084
-0.0830272
-0.0834828
-0.0837338
-0.0838685
-0.0839378
-0.0839719
-0.0839878
-0.0839949
-0.0839979
-0.0839992
-0.0839997
-0.0839999
-0.084
-0.084
-0.084
-0.084
-0.084
-0.084
-0.084
-0.0832813
-0.0836185
-0.0838049
-0.0839046
-0.0839555
-0.08398
-0.0839914
-0.0839964
-0.0839986
-0.0839994
-0.0839998
-0.0839999
-0.084
-0.084
-0.084
-0.084
-0.084
-0.084
-0.084
-0.0835078
-0.0837413
-0.0838696
-0.0839372
-0.0839711
-0.0839872
-0.0839945
-0.0839977
-0.0839991
-0.0839996
-0.0839999
-0.0839999
-0.084
-0.084
-0.084
-0.084
-0.084
-0.084
-0.084
-0.083695
-0.0838421
-0.0839219
-0.0839631
-0.0839832
-0.0839927
-0.0839969
-0.0839987
-0.0839995
-0.0839998
-0.0839999
-0.084
-0.084
-0.084
-0.084
-0.084
-0.084
-0.084
-0.084
-0.0838335
-0.0839159
-0.0839594
-0.0839811
-0.0839916
-0.0839964
-0.0839985
-0.0839994
-0.0839998
-0.0839999
-0.084
-0.084
-0.084
-0.084
-0.084
-0.084
-0.084
-0.084
-0.084
-0.0839233
-0.0839623
-0.0839822
-0.0839919
-0.0839964
-0.0839985
-0.0839994
-0.0839997
-0.0839999
-0.084
-0.084
-0.084
-0.084
-0.084
-0.084
-0.084
-0.084
-0.084
-0.084
-0.0839712
-0.0839861
-0.0839936
-0.0839971
-0.0839987
-0.0839995
-0.0839998
-0.0839999
-0.084
-0.084
-0.084
-0.084
-0.084
-0.084
-0.084
-0.084
-0.084
-0.084
-0.084
-0.0839912
-0.0839958
-0.0839981
-0.0839991
-0.0839996
-0.0839998
-0.0839999
-0.084
-0.084
-0.084
-0.084
-0.084
-0.084
-0.084
-0.084
-0.084
-0.084
-0.084
-0.084
-0.0839973
-0.0839987
-0.0839994
-0.0839997
-0.0839999
-0.0839999
-0.084
-0.084
-0.084
-0.084
-0.084
-0.084
-0.084
-0.084
-0.084
-0.084
-0.084
-0.084
-0.084
-0.0746113
-0.0794673
-0.0817869
-0.0829382
-0.0835138
-0.0837894
-0.0839125
-0.083965
-0.0839865
-0.0839949
-0.0839981
-0.0839993
-0.0839998
-0.0839999
-0.084
-0.084
-0.084
-0.084
-0.07486
-0.0796008
-0.0818472
-0.0829677
-0.083528
-0.0837959
-0.0839153
-0.0839661
-0.0839869
-0.0839951
-0.0839982
-0.0839993
-0.0839998
-0.0839999
-0.084
-0.084
-0.084
-0.084
-0.0753916
-0.079866
-0.0819654
-0.0830278
-0.0835569
-0.0838089
-0.0839208
-0.0839684
-0.0839878
-0.0839954
-0.0839983
-0.0839994
-0.0839998
-0.0839999
-0.084
-0.084
-0.084
-0.084
-0.0761576
-0.0802456
-0.0821448
-0.0831182
-0.0835995
-0.0838278
-0.0839289
-0.0839717
-0.0839891
-0.0839959
-0.0839985
-0.0839995
-0.0839998
-0.0839999
-0.084
-0.084
-0.084
-0.084
-0.0772262
-0.080739
-0.0823795
-0.0832354
-0.0836548
-0.0838523
-0.0839392
-0.0839759
-0.0839907
-0.0839965
-0.0839987
-0.0839995
-0.0839998
-0.0839999
-0.084
-0.084
-0.084
-0.084
-0.0784577
-0.0812914
-0.0826558
-0.0833685
-0.0837181
-0.08388
-0.0839509
-0.0839806
-0.0839926
-0.0839972
-0.083999
-0.0839996
-0.0839999
-0.084
-0.084
-0.084
-0.084
-0.084
-0.0797405
-0.0818647
-0.0829511
-0.0835109
-0.0837844
-0.0839088
-0.0839629
-0.0839854
-0.0839944
-0.0839979
-0.0839992
-0.0839997
-0.0839999
-0.084
-0.084
-0.084
-0.084
-0.084
-0.0809229
-0.0824314
-0.0832443
-0.083652
-0.0838481
-0.0839363
-0.0839743
-0.08399
-0.0839962
-0.0839986
-0.0839995
-0.0839998
-0.0839999
-0.084
-0.084
-0.084
-0.084
-0.084
-0.0819217
-0.0829541
-0.0835023
-0.0837761
-0.0839034
-0.0839599
-0.083984
-0.0839938
-0.0839976
-0.0839991
-0.0839997
-0.0839999
-0.084
-0.084
-0.084
-0.084
-0.084
-0.084
-0.0827271
-0.0833777
-0.0837108
-0.0838719
-0.0839455
-0.0839777
-0.0839911
-0.0839966
-0.0839987
-0.0839995
-0.0839998
-0.0839999
-0.084
-0.084
-0.084
-0.084
-0.084
-0.084
-0.0833286
-0.08368
-0.083855
-0.0839368
-0.0839735
-0.0839893
-0.0839958
-0.0839984
-0.0839994
-0.0839998
-0.0839999
-0.084
-0.084
-0.084
-0.084
-0.084
-0.084
-0.084
-0.0837041
-0.0838632
-0.0839391
-0.0839739
-0.0839892
-0.0839957
-0.0839983
-0.0839994
-0.0839998
-0.0839999
-0.084
-0.084
-0.084
-0.084
-0.084
-0.084
-0.084
-0.084
-0.083896
-0.0839527
-0.0839793
-0.0839912
-0.0839964
-0.0839985
-0.0839994
-0.0839998
-0.0839999
-0.084
-0.084
-0.084
-0.084
-0.084
-0.084
-0.084
-0.084
-0.084
-0.0839704
-0.0839866
-0.0839941
-0.0839975
-0.083999
-0.0839996
-0.0839998
-0.0839999
-0.084
-0.084
-0.084
-0.084
-0.084
-0.084
-0.084
-0.084
-0.084
-0.084
-0.0839916
-0.0839962
-0.0839983
-0.0839993
-0.0839997
-0.0839999
-0.0839999
-0.084
-0.084
-0.084
-0.084
-0.084
-0.084
-0.084
-0.084
-0.084
-0.084
-0.084
0.0074293
-0.0435492
-0.065992
-0.0749109
-0.0801242
-0.0824079
-0.0833654
-0.0837561
-0.0839096
-0.0839674
-0.0839885
-0.083996
-0.0839986
-0.0839995
-0.0839998
-0.084
-0.084
-0.084
0.00648258
-0.0449359
-0.0664214
-0.075154
-0.080243
-0.0824602
-0.0833868
-0.0837643
-0.0839126
-0.0839685
-0.0839889
-0.0839962
-0.0839987
-0.0839996
-0.0839999
-0.084
-0.084
-0.084
0.00224968
-0.0483884
-0.0673041
-0.0756856
-0.0804871
-0.082565
-0.0834272
-0.0837809
-0.0839188
-0.0839707
-0.0839897
-0.0839964
-0.0839988
-0.0839996
-0.0839999
-0.084
-0.084
-0.084
-0.00381887
-0.052618
-0.0686462
-0.0765181
-0.0808499
-0.082714
-0.0834872
-0.0838042
-0.0839276
-0.0839739
-0.0839908
-0.0839968
-0.0839989
-0.0839996
-0.0839999
-0.084
-0.084
-0.084
-0.0148008
-0.0573397
-0.0703482
-0.0775749
-0.0813057
-0.0829037
-0.0835641
-0.083834
-0.0839387
-0.083978
-0.0839923
-0.0839973
-0.0839991
-0.0839997
-0.0839999
-0.084
-0.084
-0.084
-0.0295929
-0.0620096
-0.0724787
-0.0788136
-0.0818214
-0.0831155
-0.0836496
-0.083867
-0.0839511
-0.0839825
-0.0839938
-0.0839979
-0.0839993
-0.0839998
-0.0839999
-0.084
-0.084
-0.084
-0.0466144
-0.0665389
-0.0749314
-0.0800677
-0.0823528
-0.0833299
-0.0837375
-0.083901
-0.0839637
-0.083987
-0.0839955
-0.0839984
-0.0839995
-0.0839998
-0.0839999
-0.084
-0.084
-0.084
-0.0589003
-0.0706936
-0.0775867
-0.0812569
-0.0828566
-0.0835359
-0.0838201
-0.0839326
-0.0839754
-0.0839912
-0.0839969
-0.0839989
-0.0839996
-0.0839999
-0.084
-0.084
-0.084
-0.084
-0.0669612
-0.0748747
-0.0799593
-0.0822686
-0.0832825
-0.0837122
-0.0838894
-0.0839588
-0.083985
-0.0839947
-0.0839981
-0.0839994
-0.0839998
-0.0839999
-0.084
-0.084
-0.084
-0.084
-0.0729519
-0.0788166
-0.0817284
-0.0830325
-0.0836001
-0.0838425
-0.08394
-0.0839778
-0.083992
-0.0839972
-0.083999
-0.0839997
-0.0839999
-0.084
-0.084
-0.084
-0.084
-0.084
-0.0782966
-0.0814615
-0.0828927
-0.083531
-0.0838108
-0.0839264
-0.0839722
-0.0839898
-0.0839963
-0.0839987
-0.0839995
-0.0839998
-0.0839999
-0.084
-0.084
-0.084
-0.084
-0.084
-0.0816653
-0.0829597
-0.0835495
-0.083814
-0.0839259
-0.0839714
-0.0839892
-0.083996
-0.0839986
-0.0839995
-0.0839998
-0.0839999
-0.084
-0.084
-0.084
-0.084
-0.084
-0.084
-0.0832294
-0.0836584
-0.0838552
-0.0839407
-0.0839764
-0.0839909
-0.0839965
-0.0839987
-0.0839995
-0.0839998
-0.0839999
-0.084
-0.084
-0.084
-0.084
-0.084
-0.084
-0.084
-0.0837968
-0.0839109
-0.0839622
-0.0839844
-0.0839937
-0.0839975
-0.083999
-0.0839996
-0.0839999
-0.084
-0.084
-0.084
-0.084
-0.084
-0.084
-0.084
-0.084
-0.084
-0.0839476
-0.0839769
-0.0839901
-0.0839958
-0.0839983
-0.0839993
-0.0839997
-0.0839999
-0.084
-0.084
-0.084
-0.084
-0.084
-0.084
-0.084
-0.084
-0.084
-0.084
0.0334531
0.0255572
0.000859856
-0.0524549
-0.0714983
-0.0793577
-0.0823567
-0.0834248
-0.0838033
-0.0839339
-0.0839781
-0.0839928
-0.0839977
-0.0839993
-0.0839998
-0.0839999
-0.084
0.0334902
0.0251349
-0.000135259
-0.0535092
-0.0719132
-0.0795238
-0.0824153
-0.083445
-0.0838101
-0.0839362
-0.0839789
-0.0839931
-0.0839978
-0.0839993
-0.0839998
-0.0839999
-0.084
0.0331428
0.0242766
-0.00442038
-0.0557429
-0.0727993
-0.0798735
-0.082538
-0.0834868
-0.0838241
-0.0839408
-0.0839804
-0.0839936
-0.0839979
-0.0839993
-0.0839998
-0.0839999
-0.084
0.0324673
0.0219357
-0.0117559
-0.0587498
-0.0740205
-0.0803312
-0.0827012
-0.0835442
-0.0838438
-0.0839475
-0.0839826
-0.0839943
-0.0839982
-0.0839994
-0.0839998
-0.0839999
-0.084
0.0314853
0.019457
-0.0225021
-0.0625178
-0.0755666
-0.0809135
-0.0829076
-0.0836165
-0.0838686
-0.0839559
-0.0839854
-0.0839952
-0.0839985
-0.0839995
-0.0839998
-0.084
-0.084
0.0294279
0.013455
-0.0371081
-0.0667531
-0.0772612
-0.0815429
-0.0831312
-0.0836956
-0.083896
-0.0839651
-0.0839885
-0.0839962
-0.0839988
-0.0839996
-0.0839999
-0.084
-0.084
0.0256789
0.00166658
-0.0515418
-0.0709463
-0.0790154
-0.0821944
-0.0833588
-0.0837765
-0.0839238
-0.0839745
-0.0839916
-0.0839972
-0.0839991
-0.0839997
-0.0839999
-0.084
-0.084
0.0191304
-0.021626
-0.0619178
-0.075004
-0.080634
-0.0827886
-0.0835685
-0.0838503
-0.0839491
-0.083983
-0.0839944
-0.0839982
-0.0839994
-0.0839998
-0.0839999
-0.084
-0.084
0.00287655
-0.0500383
-0.0701358
-0.0785335
-0.0819751
-0.0832709
-0.0837411
-0.0839104
-0.0839696
-0.0839898
-0.0839966
-0.0839989
-0.0839996
-0.0839999
-0.084
-0.084
-0.084
-0.0359493
-0.0657907
-0.0763551
-0.0810825
-0.0829302
-0.0836125
-0.0838634
-0.0839529
-0.083984
-0.0839947
-0.0839982
-0.0839994
-0.0839998
-0.0839999
-0.084
-0.084
-0.084
-0.0634787
-0.0751054
-0.0805078
-0.0826879
-0.0835146
-0.0838256
-0.0839387
-0.0839789
-0.0839928
-0.0839976
-0.0839992
-0.0839997
-0.0839999
-0.084
-0.084
-0.084
-0.084
-0.0756714
-0.080654
-0.0827111
-0.083511
-0.08382
-0.0839352
-0.0839771
-0.0839921
-0.0839973
-0.0839991
-0.0839997
-0.0839999
-0.084
-0.084
-0.084
-0.084
-0.084
-0.0815581
-0.0830264
-0.0836174
-0.0838543
-0.0839459
-0.0839803
-0.0839929
-0.0839975
-0.0839991
-0.0839997
-0.0839999
-0.084
-0.084
-0.084
-0.084
-0.084
-0.084
-0.0834331
-0.0837684
-0.0839078
-0.0839642
-0.0839864
-0.0839949
-0.0839981
-0.0839993
-0.0839998
-0.0839999
-0.084
-0.084
-0.084
-0.084
-0.084
-0.084
-0.084
-0.0838685
-0.0839451
-0.0839776
-0.0839911
-0.0839965
-0.0839987
-0.0839995
-0.0839998
-0.0839999
-0.084
-0.084
-0.084
-0.084
-0.084
-0.084
-0.084
-0.084
0.0379492
0.0377367
0.035263
0.0276313
0.00675183
-0.0506109
-0.0731619
-0.080572
-0.0829223
-0.0836566
-0.0838916
-0.083966
-0.0839894
-0.0839967
-0.083999
-0.0839997
0.0379007
0.0376143
0.0349977
0.0269408
0.00482842
-0.0519941
-0.0735574
-0.0806926
-0.0829593
-0.0836683
-0.0838953
-0.0839672
-0.0839898
-0.0839968
-0.083999
-0.0839997
0.0379442
0.0373853
0.0343735
0.0254023
0.000790727
-0.0549451
-0.074439
-0.0809572
-0.0830384
-0.0836928
-0.0839029
-0.0839696
-0.0839905
-0.0839971
-0.0839991
-0.0839997
0.0378537
0.037205
0.0338453
0.0237536
-0.00605263
-0.0580919
-0.0755667
-0.0813147
-0.0831494
-0.0837279
-0.083914
-0.083973
-0.0839916
-0.0839974
-0.0839992
-0.0839998
0.037921
0.0368499
0.0327888
0.0210035
-0.0161405
-0.0623198
-0.0769897
-0.0817623
-0.0832882
-0.0837721
-0.083928
-0.0839774
-0.083993
-0.0839978
-0.0839993
-0.0839998
0.0377684
0.0363115
0.0313663
0.017398
-0.030149
-0.0669259
-0.0784885
-0.082247
-0.0834377
-0.0838209
-0.0839434
-0.0839822
-0.0839945
-0.0839983
-0.0839995
-0.0839998
0.0375394
0.0351266
0.0281022
0.00904525
-0.0468524
-0.0717378
-0.080036
-0.0827363
-0.0835928
-0.08387
-0.0839589
-0.0839871
-0.083996
-0.0839988
-0.0839996
-0.0839999
0.0369847
0.0333115
0.0226506
-0.00971917
-0.059603
-0.0759734
-0.0814086
-0.083169
-0.0837312
-0.0839142
-0.0839728
-0.0839915
-0.0839973
-0.0839992
-0.0839997
-0.0839999
0.035466
0.0293035
0.0118797
-0.0412727
-0.0698662
-0.0793389
-0.0824936
-0.0835093
-0.0838417
-0.0839494
-0.083984
-0.083995
-0.0839984
-0.0839995
-0.0839998
-0.084
0.0319275
0.0195867
-0.01861
-0.0626094
-0.0768178
-0.0816371
-0.0832286
-0.0837473
-0.0839184
-0.0839739
-0.0839917
-0.0839974
-0.0839992
-0.0839997
-0.0839999
-0.084
0.0219792
-0.00789937
-0.0578548
-0.0749196
-0.0809519
-0.0829915
-0.0836643
-0.0838897
-0.0839642
-0.0839885
-0.0839963
-0.0839988
-0.0839996
-0.0839999
-0.084
-0.084
-0.0122399
-0.0589801
-0.0750812
-0.0809203
-0.0829533
-0.0836428
-0.0838799
-0.0839601
-0.0839869
-0.0839957
-0.0839986
-0.0839996
-0.0839999
-0.084
-0.084
-0.084
-0.0665395
-0.0775338
-0.0816689
-0.0831731
-0.0837065
-0.0838978
-0.0839649
-0.0839881
-0.083996
-0.0839987
-0.0839996
-0.0839999
-0.084
-0.084
-0.084
-0.084
-0.0806086
-0.082697
-0.0835021
-0.0838142
-0.083932
-0.0839755
-0.0839913
-0.083997
-0.083999
-0.0839996
-0.0839999
-0.084
-0.084
-0.084
-0.084
-0.084
-0.0833204
-0.0837253
-0.0838912
-0.0839578
-0.083984
-0.083994
-0.0839978
-0.0839992
-0.0839997
-0.0839999
-0.084
-0.084
-0.084
-0.084
-0.084
-0.084
0.0364464
0.0375438
0.0380842
0.0374709
0.0337857
0.0207557
-0.0222209
-0.0660416
-0.0787699
-0.0824635
-0.0835386
-0.0838612
-0.0839583
-0.0839875
-0.0839963
-0.0839989
0.0364509
0.0375622
0.0381843
0.0374532
0.0337571
0.0201771
-0.0242827
-0.0666756
-0.0789454
-0.0825147
-0.083554
-0.0838658
-0.0839597
-0.0839879
-0.0839964
-0.0839989
0.0365796
0.0376643
0.0381284
0.0372837
0.0329556
0.0185128
-0.0287394
-0.0680373
-0.0793188
-0.0826216
-0.0835856
-0.0838752
-0.0839625
-0.0839888
-0.0839966
-0.083999
0.0366423
0.0377532
0.0381145
0.0369036
0.0319833
0.0163572
-0.03574
-0.0700307
-0.0798811
-0.0827846
-0.0836335
-0.0838895
-0.0839668
-0.08399
-0.083997
-0.0839991
0.0369164
0.0378701
0.0380837
0.0365775
0.0301626
0.0120643
-0.0447566
-0.0724298
-0.0805802
-0.0829883
-0.0836937
-0.0839075
-0.0839722
-0.0839916
-0.0839975
-0.0839993
0.037128
0.0380406
0.0380209
0.0358355
0.027524
0.00449842
-0.053821
-0.0749633
-0.0813433
-0.083209
-0.0837601
-0.0839276
-0.0839782
-0.0839934
-0.083998
-0.0839994
0.037398
0.0381053
0.0376187
0.0344155
0.0229085
-0.0119283
-0.0621329
-0.0775873
-0.082105
-0.0834276
-0.0838267
-0.0839476
-0.0839842
-0.0839952
-0.0839986
-0.0839996
0.0377571
0.0381494
0.0368165
0.031412
0.0152308
-0.036671
-0.0701306
-0.0798682
-0.0827693
-0.0836258
-0.0838863
-0.0839655
-0.0839896
-0.0839969
-0.0839991
-0.0839997
0.0380403
0.0377134
0.0349198
0.0250861
-0.00244875
-0.0575345
-0.0760767
-0.0816408
-0.0832886
-0.0837818
-0.0839335
-0.0839798
-0.0839939
-0.0839981
-0.0839994
-0.0839998
0.0380779
0.0364135
0.0303378
0.0131123
-0.0407
-0.0710449
-0.0800939
-0.0828236
-0.0836381
-0.0838888
-0.0839659
-0.0839896
-0.0839968
-0.083999
-0.0839997
-0.0839999
0.0369084
0.0323407
0.018093
-0.025821
-0.0665142
-0.0786943
-0.0823842
-0.0834988
-0.0838443
-0.0839518
-0.0839851
-0.0839954
-0.0839986
-0.0839996
-0.0839999
-0.084
0.0312317
0.0169316
-0.0267367
-0.0662194
-0.0784472
-0.0822638
-0.0834485
-0.083825
-0.0839446
-0.0839826
-0.0839945
-0.0839983
-0.0839995
-0.0839998
-0.0839999
-0.084
0.00725028
-0.0453639
-0.0710751
-0.0797303
-0.0826027
-0.0835371
-0.0838475
-0.0839501
-0.0839838
-0.0839948
-0.0839983
-0.0839995
-0.0839998
-0.0839999
-0.084
-0.084
-0.0661577
-0.0774274
-0.0816397
-0.0831648
-0.083704
-0.083897
-0.0839646
-0.083988
-0.083996
-0.0839987
-0.0839996
-0.0839999
-0.084
-0.084
-0.084
-0.084
-0.0808902
-0.0828119
-0.0835428
-0.0838273
-0.0839359
-0.0839766
-0.0839916
-0.083997
-0.083999
-0.0839996
-0.0839999
-0.084
-0.084
-0.084
-0.084
-0.084
0.0343968
0.035951
0.037308
0.0381031
0.0380009
0.0353371
0.0234787
-0.0139077
-0.0639266
-0.0783764
-0.0824034
-0.0835349
-0.0838638
-0.0839601
-0.0839883
-0.0839966
0.0344047
0.0359659
0.0373393
0.0381979
0.0379364
0.0351024
0.0228387
-0.0156356
-0.0646546
-0.0785751
-0.0824563
-0.0835496
-0.0838681
-0.0839613
-0.0839887
-0.0839967
0.0344931
0.0361222
0.037478
0.0382188
0.0379326
0.0348466
0.0216113
-0.01986
-0.0659948
-0.0789373
-0.082559
-0.0835796
-0.0838768
-0.0839639
-0.0839894
-0.0839969
0.034696
0.0362811
0.0375098
0.0382364
0.0377074
0.0339887
0.0197919
-0.0270394
-0.0682173
-0.0795329
-0.0827247
-0.0836268
-0.0838905
-0.0839679
-0.0839906
-0.0839972
0.0349189
0.0364606
0.0376252
0.0382252
0.0372743
0.0325235
0.0164044
-0.0374684
-0.0710042
-0.0802931
-0.0829379
-0.0836878
-0.0839083
-0.0839731
-0.0839921
-0.0839977
0.0352735
0.0367019
0.0378458
0.038262
0.0366515
0.0302815
0.0109443
-0.0488017
-0.0738896
-0.0811203
-0.0831722
-0.0837558
-0.0839282
-0.0839789
-0.0839938
-0.0839982
0.0357484
0.0371471
0.0380298
0.0380946
0.0356373
0.025889
-0.00205134
-0.0586099
-0.0767917
-0.0819463
-0.0833994
-0.0838234
-0.083948
-0.0839847
-0.0839955
-0.0839987
0.0363067
0.0375966
0.0382069
0.037629
0.0338404
0.0196684
-0.0256258
-0.0676983
-0.0793599
-0.0826672
-0.0836079
-0.0838842
-0.0839658
-0.0839899
-0.083997
-0.0839991
0.0369763
0.0379442
0.0381798
0.0362066
0.0286502
0.00638259
-0.0522991
-0.0747765
-0.0813525
-0.0832299
-0.0837713
-0.0839323
-0.08398
-0.0839941
-0.0839982
-0.0839995
0.0377182
0.0381942
0.0373124
0.0332361
0.0179844
-0.0284648
-0.0682924
-0.0794698
-0.0826847
-0.0836091
-0.0838836
-0.0839654
-0.0839897
-0.0839969
-0.0839991
-0.0839997
0.0381695
0.0377496
0.0345911
0.0227939
-0.0106381
-0.0618192
-0.0775928
-0.082129
-0.083441
-0.0838322
-0.0839495
-0.0839849
-0.0839955
-0.0839986
-0.0839996
-0.0839999
0.037404
0.0341863
0.0225839
-0.00900682
-0.0604259
-0.0770117
-0.0819138
-0.0833661
-0.0838053
-0.0839404
-0.0839818
-0.0839945
-0.0839983
-0.0839995
-0.0839998
-0.084
0.0313321
0.0170178
-0.0265955
-0.0661961
-0.0784457
-0.0822648
-0.0834492
-0.0838253
-0.0839448
-0.0839826
-0.0839946
-0.0839983
-0.0839995
-0.0839998
-0.0839999
-0.084
-0.0101005
-0.0582689
-0.0749065
-0.0808786
-0.0829428
-0.08364
-0.0838791
-0.0839599
-0.0839868
-0.0839957
-0.0839986
-0.0839996
-0.0839999
-0.084
-0.084
-0.084
-0.0721219
-0.0796753
-0.0824186
-0.0834152
-0.0837868
-0.0839235
-0.083973
-0.0839906
-0.0839968
-0.0839989
-0.0839996
-0.0839999
-0.084
-0.084
-0.084
-0.084
0.0325065
0.0342679
0.0359398
0.0373599
0.0382542
0.0380487
0.0349492
0.021386
-0.0250811
-0.0679061
-0.0795257
-0.0827431
-0.0836374
-0.0838951
-0.0839696
0.0325504
0.0343782
0.0359724
0.037361
0.038216
0.0379243
0.0346477
0.0207165
-0.0267292
-0.0684503
-0.0796737
-0.0827837
-0.0836489
-0.0838984
-0.0839706
0.0326056
0.0344561
0.036138
0.0375201
0.0382987
0.0377149
0.0340342
0.0192943
-0.0308584
-0.0695087
-0.0799523
-0.0828612
-0.0836711
-0.0839048
-0.0839725
0.0328266
0.0346609
0.0362923
0.0375333
0.0382236
0.0375271
0.0333497
0.0174713
-0.0370448
-0.0711548
-0.0804045
-0.0829869
-0.0837068
-0.0839151
-0.0839754
0.0330848
0.0348939
0.0365035
0.0377631
0.0382387
0.0371019
0.0317422
0.0135896
-0.0455503
-0.0732688
-0.0809917
-0.0831497
-0.0837533
-0.0839285
-0.0839793
0.0335138
0.0352633
0.0367196
0.0378822
0.0382921
0.0366217
0.0292111
0.00642692
-0.0544827
-0.0756356
-0.0816643
-0.0833329
-0.0838065
-0.083944
-0.0839838
0.034004
0.0357235
0.0371561
0.0380536
0.0381069
0.035576
0.0245591
-0.00947973
-0.0625866
-0.0780669
-0.0823324
-0.0835184
-0.0838602
-0.0839594
-0.0839882
0.0346628
0.0362805
0.0375101
0.0382101
0.0375956
0.0336042
0.0181057
-0.0340781
-0.07035
-0.0801602
-0.0829124
-0.0836837
-0.0839079
-0.0839732
-0.0839922
0.035484
0.0368886
0.037981
0.0382521
0.0362135
0.0275575
0.00231159
-0.0563864
-0.076171
-0.0817955
-0.0833657
-0.0838147
-0.0839459
-0.0839842
-0.0839954
0.0364745
0.0376519
0.038276
0.0375114
0.0330662
0.0170357
-0.0345905
-0.0703442
-0.080127
-0.0828953
-0.0836766
-0.0839052
-0.0839722
-0.0839919
-0.0839976
0.0374548
0.0381466
0.0378623
0.0345663
0.0219401
-0.0151788
-0.0642218
-0.0783925
-0.0823902
-0.0835269
-0.0838602
-0.0839587
-0.0839878
-0.0839964
-0.0839989
0.0381682
0.0377397
0.0345612
0.0226837
-0.0110278
-0.0619746
-0.0776365
-0.0821412
-0.0834444
-0.0838332
-0.0839499
-0.083985
-0.0839955
-0.0839986
-0.0839996
0.0369634
0.0323811
0.0180385
-0.0261027
-0.0666219
-0.0787302
-0.0823963
-0.0835029
-0.0838457
-0.0839522
-0.0839853
-0.0839955
-0.0839986
-0.0839996
-0.0839999
0.0231444
-0.0060658
-0.057242
-0.0747894
-0.0809275
-0.0829874
-0.0836637
-0.0838897
-0.0839642
-0.0839885
-0.0839963
-0.0839988
-0.0839996
-0.0839999
-0.084
-0.0477593
-0.0712312
-0.0794817
-0.0823935
-0.0834216
-0.0837944
-0.083928
-0.0839751
-0.0839915
-0.0839971
-0.083999
-0.0839997
-0.0839999
-0.084
-0.084
0.030858
0.0328144
0.0346612
0.0363191
0.0376507
0.0383015
0.0372474
0.0317878
0.0131982
-0.047292
-0.07377
-0.0811534
-0.0831985
-0.0837693
-0.0839337
0.0309205
0.0328478
0.0346794
0.0363312
0.0376709
0.0383827
0.0371267
0.0313102
0.0120227
-0.048925
-0.0741374
-0.0812505
-0.0832246
-0.0837765
-0.0839358
0.031094
0.0330507
0.034888
0.0365249
0.0378226
0.0384194
0.0371966
0.0311491
0.0112884
-0.0504664
-0.0746318
-0.0814071
-0.0832716
-0.0837906
-0.0839399
0.0313409
0.0332884
0.0351022
0.0366845
0.0378472
0.038429
0.0368854
0.0294843
0.00722857
-0.0545088
-0.0757088
-0.0817033
-0.0833494
-0.083813
-0.0839463
0.0315973
0.0335287
0.0353238
0.0368885
0.0380576
0.0384243
0.036522
0.0276879
0.000178468
-0.0586822
-0.0770272
-0.0820704
-0.0834503
-0.0838425
-0.0839548
0.0319327
0.0338017
0.0355373
0.0370276
0.0380531
0.0381079
0.0354741
0.0237282
-0.0142511
-0.0645028
-0.0786314
-0.0825005
-0.08357
-0.0838763
-0.0839644
0.0325578
0.0343877
0.0359695
0.0373283
0.038121
0.0376089
0.0337082
0.0183474
-0.0339956
-0.0703483
-0.0801769
-0.0829232
-0.0836889
-0.0839102
-0.0839741
0.0332428
0.034946
0.0365108
0.0377467
0.0382402
0.0368037
0.0301355
0.00873884
-0.0521703
-0.0750177
-0.0814956
-0.0832908
-0.0837946
-0.0839407
-0.0839829
0.0340648
0.03575
0.0371972
0.038164
0.0381136
0.0352434
0.0229396
-0.0165738
-0.065337
-0.0788428
-0.0825523
-0.0835826
-0.0838792
-0.083965
-0.0839899
0.0351669
0.0367032
0.0379078
0.0383416
0.0367896
0.029877
0.00850131
-0.0516203
-0.0748146
-0.0814221
-0.083266
-0.0837862
-0.0839379
-0.0839819
-0.0839947
0.0364852
0.0376555
0.0382672
0.0374634
0.0329356
0.0167538
-0.0353201
-0.0705345
-0.0801807
-0.0829107
-0.0836811
-0.0839066
-0.0839726
-0.083992
-0.0839977
0.0377295
0.0382257
0.0374311
0.0331297
0.0176367
-0.0295051
-0.0685813
-0.079555
-0.0827105
-0.0836169
-0.083886
-0.0839661
-0.0839899
-0.083997
-0.0839991
0.0381355
0.0364183
0.0302194
0.01268
-0.0416484
-0.0712912
-0.0801674
-0.082847
-0.0836457
-0.0838912
-0.0839667
-0.0839898
-0.0839969
-0.0839991
-0.0839997
0.0334543
0.0205475
-0.017281
-0.0623241
-0.0767991
-0.0816454
-0.0832344
-0.0837499
-0.0839193
-0.0839742
-0.0839918
-0.0839974
-0.0839992
-0.0839997
-0.0839999
0.0032867
-0.0531674
-0.0732723
-0.0802895
-0.082707
-0.083543
-0.0838405
-0.0839451
-0.0839814
-0.0839938
-0.0839979
-0.0839993
-0.0839998
-0.0839999
-0.084
0.0297965
0.031816
0.0337485
0.035534
0.0370729
0.0381714
0.0383774
0.0360867
0.0251476
-0.0107973
-0.0635398
-0.0784353
-0.082464
-0.0835641
0.0298107
0.031822
0.0337495
0.0355315
0.037066
0.0381444
0.0382901
0.035864
0.0244601
-0.013287
-0.0643691
-0.0786452
-0.0825176
-0.0835783
0.0298488
0.0318571
0.0337772
0.035547
0.037066
0.0381346
0.0383353
0.0358123
0.0237975
-0.0173406
-0.0658583
-0.0790542
-0.0826297
-0.0836098
0.030083
0.0320863
0.0339971
0.0357439
0.0372152
0.0381672
0.0380047
0.0349152
0.0214178
-0.0256724
-0.0682123
-0.07964
-0.0827841
-0.0836524
0.0303552
0.0323483
0.034237
0.0359517
0.037372
0.0382089
0.0377456
0.034035
0.0193075
-0.0349924
-0.0708157
-0.0803452
-0.0829796
-0.0837075
0.0308313
0.0328024
0.0346612
0.0363326
0.0376838
0.0383778
0.0374481
0.0323143
0.0143422
-0.046064
-0.0735296
-0.0811017
-0.0831891
-0.0837679
0.0313578
0.0333013
0.0351126
0.0367099
0.0379298
0.0383678
0.0366681
0.0286798
0.00360295
-0.0566855
-0.0764127
-0.0819075
-0.0834065
-0.0838306
0.0320958
0.0339944
0.0357377
0.037216
0.0382113
0.0381957
0.0354056
0.0229734
-0.0184423
-0.0660963
-0.0790965
-0.0826359
-0.0836103
-0.0838882
0.0330491
0.0348691
0.0364725
0.0376529
0.038209
0.0370371
0.0312448
0.011804
-0.0484661
-0.0740009
-0.0812034
-0.0832092
-0.0837714
-0.0839341
0.0341759
0.0357881
0.0372044
0.038148
0.0380593
0.0351084
0.022499
-0.0181474
-0.065821
-0.0789738
-0.0825895
-0.0835935
-0.0838823
-0.0839659
0.0355313
0.0369997
0.0379955
0.0382354
0.0361717
0.0274485
0.000813228
-0.057276
-0.0764562
-0.0818771
-0.0833891
-0.0838217
-0.083948
-0.0839848
0.0369805
0.0379429
0.0381844
0.0362516
0.0282584
0.00582466
-0.0534466
-0.0751329
-0.0814635
-0.0832627
-0.083781
-0.0839352
-0.0839808
-0.0839943
0.038112
0.0377651
0.0350261
0.0245945
-0.00434391
-0.0584563
-0.0763833
-0.0817364
-0.0833158
-0.0837909
-0.0839363
-0.0839807
-0.0839941
-0.0839982
0.0367844
0.0303704
0.0123743
-0.0412174
-0.0699983
-0.0794233
-0.0825299
-0.083523
-0.0838465
-0.083951
-0.0839845
-0.0839951
-0.0839985
-0.0839995
0.0243862
-0.0167208
-0.0624194
-0.0767253
-0.081509
-0.0831414
-0.0837005
-0.0838971
-0.0839651
-0.0839883
-0.0839961
-0.0839987
-0.0839996
-0.0839999
0.0287937
0.0308332
0.0328122
0.0346768
0.0363454
0.0376859
0.0383744
0.0373841
0.0314221
0.0116151
-0.0510192
-0.074846
-0.0814862
-0.0832983
0.0288135
0.0308578
0.0328428
0.0347291
0.0364924
0.0378424
0.0384822
0.03727
0.0309414
0.0103315
-0.0521182
-0.0751296
-0.0815636
-0.0833167
0.0289726
0.0310425
0.0330293
0.0348828
0.0365269
0.0378159
0.0383757
0.0369253
0.0296616
0.00665815
-0.0549165
-0.0758522
-0.0817548
-0.0833675
0.0291002
0.0311681
0.0332294
0.0350913
0.0367105
0.0379462
0.0384157
0.036738
0.0284539
0.00231413
-0.0576141
-0.0767252
-0.082
-0.0834343
0.0293953
0.0315134
0.0334955
0.0353135
0.0368861
0.0380389
0.0383403
0.0362498
0.0261345
-0.00660096
-0.0617844
-0.0779348
-0.0823252
-0.0835246
0.0298336
0.0318529
0.0337821
0.0355638
0.0371048
0.0382471
0.0383076
0.0356659
0.0233277
-0.0194502
-0.0665199
-0.0792349
-0.0826814
-0.0836253
0.0303615
0.0323617
0.0342795
0.0360994
0.0375493
0.0383898
0.0378727
0.0339017
0.0182938
-0.0377392
-0.0715156
-0.0805519
-0.0830418
-0.0837264
0.0311114
0.0330706
0.0349029
0.0365268
0.0377951
0.0383485
0.0370285
0.0299179
0.00707213
-0.0548351
-0.0758547
-0.081758
-0.0833678
-0.0838189
0.0320939
0.0340011
0.0357442
0.0372115
0.038175
0.0380827
0.0351177
0.0221313
-0.0215021
-0.066992
-0.0793228
-0.0826952
-0.0836262
-0.0838926
0.0332969
0.0351021
0.0367001
0.0379374
0.0384155
0.0368959
0.0297806
0.00678338
-0.0539851
-0.0755051
-0.081638
-0.0833294
-0.0838066
-0.0839443
0.0347225
0.036329
0.0376367
0.0382878
0.0373728
0.032896
0.016493
-0.0379618
-0.0713077
-0.0804264
-0.0829881
-0.0837057
-0.0839144
-0.0839751
0.0363341
0.0375759
0.0381408
0.0374485
0.0334841
0.0182626
-0.0301619
-0.0689525
-0.0797024
-0.0827644
-0.083636
-0.0838925
-0.0839683
-0.0839907
0.0379138
0.0381445
0.0366103
0.0308095
0.0142934
-0.0401614
-0.0710946
-0.0801569
-0.0828558
-0.0836518
-0.0838941
-0.0839679
-0.0839903
-0.0839971
0.0379385
0.0345489
0.0228334
-0.0110888
-0.0602912
-0.076299
-0.0815321
-0.0832101
-0.0837455
-0.0839189
-0.0839744
-0.0839919
-0.0839975
-0.0839992
0.0319498
0.0121039
-0.0464149
-0.0715239
-0.0798007
-0.0825749
-0.0835073
-0.0838312
-0.0839428
-0.0839809
-0.0839937
-0.0839979
-0.0839993
-0.0839998
0.0280338
0.0300993
0.0321441
0.0341593
0.0359314
0.0373926
0.0382777
0.0378749
0.0342474
0.0194147
-0.035123
-0.0708062
-0.0803475
-0.0829845
0.0281017
0.030243
0.0322825
0.034203
0.0359439
0.037391
0.0382515
0.0377846
0.0340675
0.0193797
-0.0364594
-0.0712371
-0.0804831
-0.0830234
0.0282736
0.0303307
0.0323339
0.034238
0.0359914
0.0375299
0.0383897
0.0378157
0.0336891
0.0178668
-0.0400142
-0.0720853
-0.0807151
-0.0830879
0.0285016
0.0305616
0.0325597
0.0344431
0.0361446
0.0375491
0.0383443
0.0376657
0.0328497
0.0155924
-0.0453724
-0.0734279
-0.0810921
-0.0831908
0.0287794
0.0308338
0.0328176
0.0346801
0.0363503
0.0377071
0.0384707
0.0373128
0.0310493
0.0105666
-0.0519763
-0.0750986
-0.0815578
-0.0833159
0.0291409
0.031269
0.0332615
0.0350982
0.0367036
0.0379215
0.0383507
0.036552
0.0277019
-0.000294313
-0.058878
-0.0770868
-0.0820929
-0.0834591
0.0297536
0.0318118
0.0337567
0.0355408
0.0370612
0.0381019
0.0381579
0.0355496
0.0234715
-0.0171269
-0.0657621
-0.0790115
-0.0826135
-0.0836047
0.0305118
0.0325455
0.0344432
0.0361487
0.0375472
0.0383428
0.0377145
0.0334389
0.0172167
-0.0401106
-0.0720564
-0.0806898
-0.0830764
-0.0837357
0.0314058
0.0334579
0.0352969
0.0368661
0.0379771
0.0384668
0.036663
0.0279959
0.000637944
-0.05856
-0.0770105
-0.0820725
-0.0834526
-0.0838435
0.0325882
0.0344499
0.0361351
0.0375127
0.0382729
0.037638
0.0334177
0.0173049
-0.0381017
-0.0714908
-0.0805166
-0.0830237
-0.0837188
-0.0839189
0.0341641
0.0357715
0.0371946
0.0381533
0.0381342
0.0353977
0.0233054
-0.0157724
-0.0648403
-0.0786832
-0.0825045
-0.0835683
-0.0838748
-0.0839637
0.0358889
0.0371896
0.0380902
0.0379878
0.0354567
0.0247578
-0.00673193
-0.0610168
-0.0775266
-0.0821557
-0.083461
-0.0838417
-0.0839534
-0.0839863
0.0375957
0.0381329
0.0374532
0.0340082
0.0212646
-0.0174047
-0.0642549
-0.078209
-0.0822863
-0.0834824
-0.0838434
-0.0839527
-0.0839857
-0.0839957
0.0385293
0.0364227
0.0283094
0.00735488
-0.0492358
-0.0725251
-0.080318
-0.0828315
-0.0836246
-0.0838804
-0.0839622
-0.0839882
-0.0839963
-0.0839989
0.0359595
0.0229135
-0.0232645
-0.0649368
-0.0776978
-0.0818813
-0.0832799
-0.0837529
-0.0839164
-0.083972
-0.0839908
-0.083997
-0.083999
-0.0839997
0.0275336
0.0296261
0.0317533
0.0337341
0.0355317
0.0370602
0.0381044
0.0381795
0.0357159
0.0239291
-0.018552
-0.066318
-0.0791908
-0.0826706
0.0276688
0.0297666
0.0318104
0.0337537
0.0355412
0.0370717
0.0381365
0.0383069
0.0357821
0.0235013
-0.0204186
-0.0668784
-0.0793433
-0.0827142
0.0277693
0.0298284
0.0318524
0.0338094
0.0356907
0.0372394
0.0382436
0.0381557
0.035276
0.0221049
-0.0254727
-0.0682639
-0.079685
-0.0828051
0.0280054
0.0300652
0.0320779
0.0340021
0.0357911
0.0373816
0.0383454
0.0380875
0.0347983
0.0206631
-0.0316743
-0.0700025
-0.0801589
-0.0829371
0.0282803
0.0303381
0.0323458
0.03427
0.0360968
0.0375572
0.0383974
0.0377887
0.0335665
0.0175481
-0.0408559
-0.0722855
-0.0807705
-0.0831037
0.0287157
0.0307987
0.0327991
0.0346687
0.0363375
0.0376734
0.0383394
0.0372445
0.0314683
0.0118171
-0.0508817
-0.0748064
-0.0814734
-0.0832942
0.0292738
0.031327
0.0332934
0.0351161
0.0367092
0.0379144
0.0383576
0.0366988
0.0277652
-0.000933416
-0.0595027
-0.0773168
-0.0821639
-0.0834802
0.030006
0.0320584
0.0339902
0.0357524
0.0372372
0.0382034
0.0380761
0.0350749
0.0217462
-0.0249807
-0.0680617
-0.0796149
-0.0827804
-0.0836522
0.030907
0.0329835
0.0348692
0.0365285
0.0378429
0.0384681
0.0373062
0.0313486
0.0115597
-0.0504833
-0.0746558
-0.0814198
-0.0832769
-0.0837926
0.0321012
0.033997
0.0357364
0.037203
0.0381566
0.0380401
0.0350486
0.0219846
-0.0218742
-0.0670515
-0.0793242
-0.0826929
-0.0836248
-0.083892
0.0337029
0.0353612
0.0368683
0.0379994
0.038312
0.0363166
0.0274305
0.000430524
-0.0581506
-0.0768025
-0.0819894
-0.0834224
-0.083833
-0.0839516
0.035491
0.0368861
0.0379854
0.0383051
0.0364047
0.0288639
0.00689948
-0.0532843
-0.0751818
-0.081502
-0.0832801
-0.083788
-0.0839378
-0.0839817
0.0373369
0.0381059
0.0380177
0.0354748
0.0256232
-0.000890955
-0.0571588
-0.0760694
-0.0816723
-0.0833045
-0.0837899
-0.0839367
-0.083981
-0.0839943
0.0386592
0.0373275
0.0318916
0.0167008
-0.0345478
-0.0684399
-0.0790161
-0.0824245
-0.0834966
-0.0838402
-0.0839496
-0.0839842
-0.0839951
-0.0839985
0.0374967
0.0278696
-0.00375895
-0.0577934
-0.0753897
-0.0811371
-0.083038
-0.0836711
-0.0838888
-0.0839629
-0.0839877
-0.083996
-0.0839987
-0.0839996
0.027237
0.029314
0.0313943
0.03346
0.0353096
0.0368947
0.0380472
0.0383606
0.0363216
0.0260018
-0.00804401
-0.0624546
-0.0781306
-0.0823806
0.0272829
0.0293765
0.0315038
0.033493
0.0353155
0.0368901
0.0380288
0.038325
0.0362937
0.0260188
-0.00913139
-0.0631077
-0.0783453
-0.0824443
0.0274748
0.0295422
0.0315774
0.0335364
0.035377
0.0370465
0.0381853
0.0384077
0.0361709
0.0249623
-0.0133706
-0.0645401
-0.078722
-0.0825467
0.027687
0.0297766
0.0318075
0.0337447
0.0355348
0.0370819
0.0381679
0.0383588
0.0358633
0.023628
-0.0200761
-0.0667915
-0.0793276
-0.0827122
0.0279783
0.03005
0.0320707
0.0339927
0.0357603
0.037278
0.0383426
0.0381532
0.0349979
0.0211421
-0.0301925
-0.0696376
-0.0800678
-0.0829127
0.0283115
0.0304007
0.0325006
0.0344229
0.036139
0.0375434
0.038325
0.0375739
0.0329402
0.0161283
-0.0434351
-0.0728837
-0.0809213
-0.0831425
0.0288364
0.0309113
0.0329898
0.0348769
0.0365258
0.0378107
0.0383699
0.0369275
0.029653
0.00662316
-0.0549841
-0.0758733
-0.0817602
-0.0833689
0.0295838
0.0316204
0.0335944
0.0354913
0.0370624
0.0381607
0.0383412
0.0360005
0.0248226
-0.0124733
-0.0641283
-0.0785901
-0.0825043
-0.083575
0.0305835
0.0325727
0.0344505
0.0361442
0.0375228
0.0382651
0.0374981
0.0329451
0.0165609
-0.0426527
-0.0726878
-0.0808594
-0.0831214
-0.0837477
0.03183
0.0337518
0.0355278
0.037055
0.038141
0.0383286
0.0360035
0.0252914
-0.00895229
-0.0627177
-0.0781755
-0.0823827
-0.0835381
-0.0838674
0.03332
0.035109
0.0366969
0.0379221
0.0383705
0.0366864
0.0297035
0.00813724
-0.0525166
-0.0750755
-0.0815027
-0.08329
-0.0837938
-0.0839403
0.0351519
0.0366867
0.0378883
0.0383102
0.0370411
0.0313873
0.0129384
-0.0454436
-0.0730765
-0.0808943
-0.0831105
-0.0837386
-0.0839233
-0.0839775
0.0371583
0.038058
0.0381488
0.0362914
0.0285485
0.00751337
-0.0509161
-0.0741385
-0.0811023
-0.0831434
-0.083741
-0.083922
-0.0839766
-0.083993
0.0385637
0.0377131
0.033687
0.0203145
-0.0222715
-0.0646048
-0.0778182
-0.0820481
-0.0833807
-0.0838031
-0.083938
-0.0839806
-0.083994
-0.0839981
0.0381021
0.0308856
0.00729753
-0.0513319
-0.0732351
-0.0804423
-0.082812
-0.0835956
-0.0838635
-0.0839545
-0.083985
-0.0839951
-0.0839984
-0.0839995
0.0270153
0.0291103
0.0312481
0.0332536
0.0350987
0.0367103
0.0379363
0.03841
0.03675
0.0281549
-3.61564e-05
-0.0592779
-0.077279
-0.082159
0.0271441
0.0292406
0.0312992
0.0332736
0.0351121
0.0367175
0.0379311
0.0383983
0.0367853
0.0276622
-0.00196387
-0.0601073
-0.077514
-0.0822231
0.0272423
0.0293104
0.031353
0.0333404
0.0352665
0.0368895
0.0380759
0.0384374
0.0364881
0.0264604
-0.00640347
-0.0618646
-0.077986
-0.0823467
0.0274609
0.0295358
0.031572
0.0335243
0.0353412
0.036937
0.0381697
0.0384337
0.036241
0.0251596
-0.0126163
-0.0642973
-0.0786608
-0.0825308
0.0277414
0.0298128
0.0318384
0.0337762
0.0355825
0.0372106
0.0382638
0.0382546
0.0355537
0.0228532
-0.0228883
-0.0675744
-0.0795192
-0.0827621
0.0280998
0.0302455
0.0322885
0.0342041
0.0359405
0.0373886
0.0382476
0.0377716
0.0340444
0.01936
-0.0365698
-0.0712643
-0.0804903
-0.0830256
0.0287051
0.0307917
0.0327962
0.0346693
0.03634
0.0376734
0.0383213
0.0371654
0.0311981
0.0119855
-0.0506252
-0.0747197
-0.081442
-0.0832838
0.0293844
0.0315057
0.0334895
0.0353138
0.0368928
0.038057
0.0383923
0.0363797
0.0265243
-0.00524176
-0.0612748
-0.0778009
-0.0822905
-0.083515
0.030347
0.0323414
0.0342322
0.0359521
0.0373874
0.0382715
0.0379801
0.0343538
0.0194022
-0.0350315
-0.0708492
-0.0803662
-0.0829887
-0.0837107
0.0315949
0.0335219
0.035315
0.0368777
0.0380378
0.0383706
0.0363763
0.0271124
-0.00180266
-0.0595671
-0.0772807
-0.0821401
-0.0834703
-0.0838481
0.033116
0.0349054
0.0365199
0.0378074
0.0383906
0.0371765
0.0312909
0.0124039
-0.0473867
-0.0737059
-0.0811137
-0.0831817
-0.0837629
-0.0839315
0.0349366
0.0365018
0.0377564
0.0382742
0.0373157
0.0326467
0.0160044
-0.0388814
-0.0713898
-0.080412
-0.0829747
-0.0836992
-0.0839118
-0.0839741
0.036991
0.0379595
0.0381833
0.0366341
0.0300815
0.0116881
-0.0454963
-0.072649
-0.0806543
-0.0830131
-0.083702
-0.0839102
-0.083973
-0.0839919
0.0385405
0.0379676
0.034606
0.0225142
-0.0139153
-0.0616372
-0.0768741
-0.0817503
-0.0832894
-0.0837737
-0.0839287
-0.0839777
-0.0839931
-0.0839979
0.0384551
0.0326725
0.0134634
-0.0450925
-0.0714466
-0.0798713
-0.0826287
-0.0835349
-0.0838433
-0.0839477
-0.0839827
-0.0839944
-0.0839982
-0.0839994
0.0269528
0.0290229
0.03107
0.0330474
0.034905
0.0365696
0.0379558
0.038537
0.037029
0.0290457
0.00371572
-0.0571792
-0.0766411
-0.0819882
0.0269865
0.0290536
0.0311016
0.0331011
0.0350463
0.0367041
0.0379697
0.0384857
0.0368723
0.0284328
0.00167257
-0.0581653
-0.0769231
-0.0820609
0.0271443
0.0292411
0.0313002
0.0332757
0.0351163
0.0367253
0.0379461
0.0384254
0.0368336
0.0278292
-0.00127903
-0.0598068
-0.0774293
-0.0822014
0.0272748
0.0293712
0.0314992
0.0334877
0.0353163
0.0368963
0.0380453
0.0383428
0.0362692
0.0258378
-0.0081955
-0.0627184
-0.0782242
-0.0824082
0.0275719
0.0297187
0.0317789
0.0337325
0.0355313
0.0370735
0.0381302
0.0382253
0.0358082
0.0241311
-0.0178961
-0.0661333
-0.0791465
-0.0826597
0.0280072
0.0300712
0.0320867
0.0340098
0.0357934
0.0373798
0.03834
0.0380792
0.0348055
0.0207187
-0.0315518
-0.0699724
-0.0801496
-0.0829339
0.0285463
0.0305939
0.0325894
0.0344955
0.0362934
0.0377051
0.0384539
0.0375692
0.0324304
0.0145633
-0.0468707
-0.0737746
-0.081185
-0.0832157
0.0293143
0.0313451
0.0332992
0.0351197
0.0367185
0.0379326
0.0383918
0.0367658
0.0279752
-0.000185025
-0.0591674
-0.0772228
-0.0821395
-0.0834737
0.0303239
0.032317
0.0342124
0.0359434
0.0373948
0.0383004
0.0380264
0.0347012
0.0205081
-0.030045
-0.0695168
-0.0800128
-0.0828912
-0.0836834
0.0315191
0.0333537
0.0351194
0.0366853
0.0378682
0.0382426
0.0363556
0.0276274
0.00061301
-0.0580643
-0.076788
-0.0819937
-0.0834265
-0.0838352
0.0330436
0.0348286
0.0363569
0.0376473
0.0382888
0.0373289
0.0323868
0.0150202
-0.0436713
-0.0728215
-0.0808685
-0.0831154
-0.0837434
-0.0839257
0.0348512
0.0363525
0.0376282
0.038273
0.0373902
0.0332749
0.0179812
-0.0343043
-0.0702465
-0.0800914
-0.0828832
-0.0836726
-0.0839039
-0.0839718
0.0368688
0.0378725
0.0382599
0.0367928
0.0309699
0.0143648
-0.0415149
-0.0715887
-0.0803421
-0.0829214
-0.0836746
-0.083902
-0.0839706
-0.0839912
0.0386679
0.0383256
0.0354783
0.0245401
-0.00721494
-0.0591847
-0.0761312
-0.0815276
-0.0832212
-0.0837524
-0.0839221
-0.0839756
-0.0839924
-0.0839977
0.0387591
0.0338289
0.0174563
-0.0397503
-0.0699735
-0.0794148
-0.082487
-0.0834894
-0.0838284
-0.0839428
-0.0839811
-0.0839938
-0.083998
-0.0839994
0.0268952
0.0289963
0.0310526
0.033031
0.0348824
0.0365279
0.037833
0.0384605
0.0372091
0.0298243
0.00622953
-0.0558963
-0.0762641
-0.0818891
0.0269521
0.0290236
0.0310718
0.0330504
0.0349097
0.0365771
0.0379699
0.0385709
0.0371084
0.0293278
0.00464575
-0.0567046
-0.0765023
-0.0819524
0.0270136
0.0291067
0.0312414
0.033249
0.0351039
0.0367257
0.0379637
0.0384434
0.0367484
0.0279863
0.000192474
-0.0588351
-0.0771067
-0.0821066
0.0272296
0.0292957
0.0313472
0.0333436
0.0352782
0.0369056
0.0380971
0.038475
0.0365655
0.0267749
-0.00512187
-0.0613593
-0.0778502
-0.0823117
0.0275047
0.0295675
0.0316021
0.0335774
0.0354857
0.0370721
0.0381716
0.0383429
0.0360108
0.0244764
-0.0152651
-0.0651417
-0.0788704
-0.0825846
0.0279753
0.0300431
0.0320588
0.0339788
0.0357434
0.0372445
0.0382385
0.0382031
0.0352171
0.0216833
-0.0285644
-0.0692248
-0.0799606
-0.0828841
0.028524
0.0305748
0.0325653
0.0344458
0.0361472
0.0375475
0.0383483
0.0377071
0.0330093
0.0159833
-0.0448115
-0.073295
-0.0810553
-0.0831827
0.0292989
0.031335
0.0332926
0.035116
0.036718
0.0379401
0.0383927
0.0366657
0.028093
0.00102206
-0.0582647
-0.0769147
-0.0820487
-0.0834473
0.0302933
0.0323065
0.0342153
0.0359575
0.0374236
0.0383638
0.0381994
0.0351339
0.0215372
-0.0269291
-0.0687141
-0.0798058
-0.0828361
-0.0836683
0.0313676
0.0332976
0.0351048
0.0366972
0.0379155
0.0383561
0.0366507
0.028651
0.00372751
-0.0565103
-0.0763428
-0.0818802
-0.0833991
-0.0838271
0.0329864
0.0347149
0.0363337
0.0376676
0.0383672
0.0375644
0.0330582
0.0164886
-0.041187
-0.0722037
-0.080702
-0.0830703
-0.0837309
-0.0839222
0.0348287
0.0363426
0.037619
0.0382232
0.0375842
0.0338426
0.0191889
-0.0312812
-0.0694362
-0.0798821
-0.0828269
-0.0836567
-0.0838993
-0.0839705
0.0368301
0.0378604
0.0382097
0.0370011
0.0317221
0.0160234
-0.0382878
-0.0708176
-0.0801331
-0.0828636
-0.083658
-0.083897
-0.0839691
-0.0839907
0.0385478
0.038224
0.0354401
0.0248139
-0.00514518
-0.0579865
-0.0756823
-0.0813864
-0.0831797
-0.0837392
-0.0839179
-0.0839744
-0.083992
-0.0839975
0.0388063
0.0344097
0.0186342
-0.036456
-0.0690947
-0.0791385
-0.0823969
-0.0834596
-0.0838186
-0.0839396
-0.0839801
-0.0839935
-0.0839979
-0.0839993
0.0268007
0.0289602
0.0310417
0.0330294
0.0348824
0.0365248
0.0378213
0.0384341
0.0371046
0.0300816
0.00716066
-0.0553867
-0.0761036
-0.0818427
0.0269313
0.0290118
0.0310627
0.0330437
0.0348972
0.0365469
0.0378706
0.0385864
0.0372088
0.0297196
0.00588558
-0.0560731
-0.0763174
-0.081904
0.0269897
0.0290623
0.031139
0.0332152
0.0350932
0.0367306
0.0379847
0.0384979
0.0368804
0.0284797
0.00187133
-0.058059
-0.076891
-0.0820528
0.0272215
0.0292821
0.0313214
0.0332986
0.035167
0.0368856
0.0381181
0.0385413
0.0367186
0.0272674
-0.00338414
-0.0606845
-0.0776752
-0.0822682
0.027494
0.0295525
0.0315795
0.033534
0.0353731
0.0370482
0.0381861
0.0383989
0.0361497
0.0249126
-0.0135309
-0.0645901
-0.0787341
-0.0825499
0.0279408
0.0300301
0.0320539
0.0339741
0.0357325
0.0372214
0.0381777
0.0380038
0.0350167
0.0218239
-0.0279324
-0.0690449
-0.0799037
-0.0828649
0.0285074
0.0305699
0.0325645
0.0344442
0.0361406
0.037535
0.0383161
0.0375956
0.0331679
0.0164694
-0.0440861
-0.0731153
-0.0810015
-0.0831663
0.0292768
0.0313277
0.0332927
0.0351199
0.0367253
0.0379556
0.0384329
0.0367693
0.0285101
0.00241097
-0.0575922
-0.0767216
-0.0819988
-0.0834338
0.0301699
0.0322647
0.0342022
0.0359498
0.0374
0.038265
0.0382321
0.0352749
0.0218808
-0.0259393
-0.0684622
-0.0797383
-0.0828174
-0.083663
0.031343
0.0332876
0.0351058
0.0367067
0.0379372
0.0384005
0.0367595
0.0290019
0.00481247
-0.0559514
-0.0761821
-0.0818399
-0.083389
-0.0838245
0.0328732
0.0346788
0.036331
0.0376831
0.038401
0.0376246
0.0330963
0.0161601
-0.0404838
-0.0719938
-0.0806392
-0.0830528
-0.0837261
-0.0839209
0.0347201
0.0363198
0.0376297
0.0382562
0.0376478
0.0338707
0.0188807
-0.0304598
-0.0691654
-0.0797995
-0.0828033
-0.0836502
-0.0838975
-0.08397
0.0368368
0.0378892
0.0382699
0.0371236
0.0319332
0.0159095
-0.0372204
-0.0704993
-0.0800358
-0.0828356
-0.0836501
-0.0838948
-0.0839685
-0.0839906
0.0385617
0.038326
0.0356883
0.0254753
-0.00299151
-0.0571039
-0.0754096
-0.0813071
-0.0831565
-0.0837323
-0.0839159
-0.0839737
-0.0839919
-0.0839975
0.038935
0.0348557
0.0197418
-0.0342695
-0.0685083
-0.0789652
-0.0823443
-0.0834431
-0.0838134
-0.083938
-0.0839796
-0.0839933
-0.0839978
-0.0839993
)
;

boundaryField
{
    walls
    {
        type            zeroGradient;
    }
    procBoundary3to0
    {
        type            processor;
        value           nonuniform List<scalar> 
555
(
-0.084
-0.084
-0.084
-0.084
-0.084
-0.084
-0.084
-0.084
-0.084
-0.084
-0.084
-0.084
-0.084
-0.084
-0.084
-0.084
-0.084
-0.084
-0.084
-0.084
-0.084
-0.084
-0.084
-0.084
-0.084
-0.084
-0.084
-0.084
-0.084
-0.084
-0.084
-0.084
-0.084
-0.084
-0.084
-0.084
-0.084
-0.084
-0.084
-0.084
-0.084
-0.084
-0.084
-0.084
-0.084
-0.084
-0.084
-0.084
-0.084
-0.084
-0.084
-0.084
-0.084
-0.084
-0.084
-0.084
-0.084
-0.084
-0.084
-0.084
-0.084
-0.084
-0.084
-0.084
-0.084
-0.084
-0.084
-0.084
-0.084
-0.084
-0.084
-0.084
-0.084
-0.084
-0.084
-0.084
-0.084
-0.084
-0.084
-0.084
-0.084
-0.084
-0.084
-0.084
-0.084
-0.084
-0.084
-0.084
-0.084
-0.084
-0.084
-0.084
-0.084
-0.084
-0.084
-0.084
-0.084
-0.084
-0.084
-0.084
-0.084
-0.084
-0.084
-0.084
-0.084
-0.084
-0.084
-0.084
-0.084
-0.084
-0.084
-0.084
-0.084
-0.084
-0.084
-0.084
-0.084
-0.084
-0.084
-0.084
-0.084
-0.084
-0.084
-0.084
-0.084
-0.084
-0.084
-0.084
-0.084
-0.084
-0.084
-0.084
-0.084
-0.084
-0.084
-0.084
-0.084
-0.084
-0.084
-0.084
-0.084
-0.084
-0.084
-0.084
-0.084
-0.084
-0.084
-0.084
-0.084
-0.084
-0.084
-0.084
-0.084
-0.084
-0.084
-0.084
-0.084
-0.084
-0.084
-0.084
-0.084
-0.084
-0.084
-0.084
-0.084
-0.084
-0.084
-0.084
-0.084
-0.084
-0.084
-0.084
-0.084
-0.084
-0.084
-0.084
-0.084
-0.084
-0.084
-0.084
-0.0839999
-0.0839999
-0.0839999
-0.0839999
-0.0839999
-0.0839999
-0.0839999
-0.084
-0.084
-0.084
-0.084
-0.084
-0.084
-0.084
-0.084
-0.0839992
-0.0839992
-0.0839992
-0.0839993
-0.0839994
-0.0839995
-0.0839996
-0.0839997
-0.0839998
-0.0839999
-0.0839999
-0.084
-0.084
-0.084
-0.084
-0.0839935
-0.0839936
-0.083994
-0.0839944
-0.0839951
-0.0839958
-0.0839966
-0.0839975
-0.0839982
-0.0839989
-0.0839994
-0.0839997
-0.0839999
-0.084
-0.084
-0.0839483
-0.0839496
-0.083952
-0.0839557
-0.0839607
-0.0839666
-0.0839732
-0.0839798
-0.083986
-0.0839912
-0.0839951
-0.0839976
-0.083999
-0.0839997
-0.0839999
-0.0835914
-0.0836012
-0.0836198
-0.0836482
-0.0836868
-0.0837329
-0.0837844
-0.0838376
-0.0838877
-0.0839295
-0.0839608
-0.0839813
-0.0839926
-0.0839976
-0.0839992
-0.0807942
-0.0682539
-0.0808743
-0.0685775
-0.0810195
-0.0692
-0.0812374
-0.0701041
-0.0815275
-0.0714081
-0.0818701
-0.0730873
-0.0822577
-0.0752667
-0.0826751
-0.0777468
-0.0830899
-0.0799611
-0.083431
-0.0815533
-0.0836846
-0.0826527
-0.0838504
-0.0833884
-0.0839423
-0.0837791
-0.083982
-0.0839364
-0.0839944
-0.0839819
-0.0682539
-0.0685775
-0.0692
-0.0701041
-0.0714081
-0.0730873
-0.0752667
-0.0777468
-0.0799611
-0.0815533
-0.0826527
-0.0833884
-0.0837791
-0.0839364
-0.0839819
0.0276287
0.0364875
0.0270867
0.0364083
0.0256347
0.0362905
0.0239492
0.0359567
0.0206448
0.0354102
0.0154406
0.0344877
0.00358408
0.0335474
-0.0202302
0.0312087
-0.0493202
0.0257239
-0.0642101
0.0123398
-0.0723023
-0.0288476
-0.0788881
-0.0652025
-0.0823047
-0.0780891
-0.0835505
-0.0826593
-0.0838842
-0.0836925
0.0364875
0.0364083
0.0362905
0.0359567
0.0354102
0.0344877
0.0335474
0.0312087
0.0257239
0.0123398
-0.0288476
-0.0652025
-0.0780891
-0.0826593
-0.0836925
0.0372619
0.0372428
0.037378
0.0374792
0.0375978
0.0376646
0.0378904
0.0378073
0.0375902
0.0364256
0.0325856
0.0204975
-0.0362222
-0.0753644
-0.0823375
0.0350458
0.035057
0.0351062
0.0352775
0.0355153
0.0358715
0.0362545
0.0367731
0.0373846
0.0379657
0.0380854
0.0363296
0.0263107
-0.0348382
-0.0758809
0.0326199
0.0326322
0.0327741
0.0330007
0.0332462
0.0335827
0.034162
0.034726
0.0355486
0.0365232
0.0374517
0.0379977
0.0364048
0.0216835
-0.0515326
0.0305719
0.030603
0.0306759
0.0308888
0.0311792
0.0316191
0.0321325
0.0328465
0.033774
0.034898
0.0361631
0.0374541
0.0381642
0.0342005
0.00861121
0.0288444
0.0289896
0.0290774
0.0293221
0.0295935
0.0300356
0.0305999
0.0313402
0.0322902
0.0334941
0.0349331
0.0365324
0.0380426
0.0376539
0.0292187
0.0277342
0.0277661
0.0278018
0.0280389
0.0283162
0.0288042
0.0293411
0.0301025
0.0311019
0.0323307
0.0338284
0.0355661
0.0374539
0.0384944
0.036228
0.026736
0.0267548
0.0268356
0.0270312
0.0273143
0.0277819
0.0283165
0.0290827
0.0300956
0.0313673
0.0330027
0.0348451
0.0368691
0.0386406
0.0383004
0.0259793
0.0260181
0.0262069
0.0264143
0.0267037
0.0270471
0.027605
0.0283669
0.0293479
0.0306284
0.0323274
0.0342638
0.0364579
0.038513
0.0391235
0.0254742
0.0255382
0.0257099
0.0259332
0.0262059
0.0265696
0.0271715
0.0278575
0.0288373
0.0301216
0.0318321
0.033813
0.0360894
0.0383343
0.0394669
0.0251877
0.0252211
0.0254096
0.0255528
0.0258883
0.0262376
0.0267655
0.0275233
0.0285432
0.0298281
0.0314298
0.0334914
0.0357756
0.0380909
0.0395954
0.0249608
0.0250233
0.025182
0.0253772
0.0256699
0.0260114
0.026562
0.0272986
0.0283063
0.0295923
0.0312779
0.033259
0.0355728
0.0379642
0.039642
0.0248952
0.0249341
0.0250233
0.0252131
0.0254934
0.0259436
0.0264861
0.0272578
0.0282814
0.0295402
0.0311248
0.0331114
0.0355161
0.037982
0.0396195
0.0247709
0.0248921
0.0249596
0.0251832
0.0254538
0.0258869
0.0264508
0.0272256
0.0282243
0.0293697
0.0310753
0.0330582
0.0353759
0.0379528
0.0396519
0.0247213
0.0248552
0.0249443
0.0251754
0.0254423
0.0257995
0.0264084
0.0271814
0.0281156
0.029344
0.0310286
0.0330196
0.0353709
0.037856
0.0396694
)
;
    }
    procBoundary3to4
    {
        type            processor;
        value           nonuniform List<scalar> 
300
(
-0.084
-0.084
-0.084
-0.084
-0.084
-0.084
-0.084
-0.084
-0.084
-0.084
-0.084
-0.084
-0.084
-0.084
-0.084
-0.084
-0.084
-0.084
-0.084
-0.084
-0.084
-0.084
-0.084
-0.084
-0.084
-0.084
-0.084
-0.084
-0.084
-0.084
-0.084
-0.0839999
-0.084
-0.0839999
-0.084
-0.0839999
-0.084
-0.0839999
-0.084
-0.0839999
-0.084
-0.084
-0.084
-0.084
-0.084
-0.084
-0.084
-0.084
-0.084
-0.084
-0.084
-0.084
-0.084
-0.084
-0.084
-0.084
-0.084
-0.084
-0.084
-0.084
-0.0839999
-0.0839999
-0.0839999
-0.0839999
-0.0839999
-0.084
-0.084
-0.084
-0.084
-0.084
-0.084
-0.084
-0.084
-0.084
-0.084
-0.0839997
-0.0839997
-0.0839997
-0.0839997
-0.0839998
-0.0839998
-0.0839999
-0.0839999
-0.0839999
-0.084
-0.084
-0.084
-0.084
-0.084
-0.084
-0.083999
-0.0839912
-0.083999
-0.0839915
-0.0839991
-0.083992
-0.0839992
-0.0839929
-0.0839993
-0.083994
-0.0839995
-0.0839953
-0.0839996
-0.0839966
-0.0839997
-0.0839977
-0.0839998
-0.0839987
-0.0839999
-0.0839993
-0.084
-0.0839997
-0.084
-0.0839999
-0.084
-0.084
-0.084
-0.084
-0.084
-0.084
-0.0839912
-0.0839915
-0.083992
-0.0839929
-0.083994
-0.0839953
-0.0839966
-0.0839977
-0.0839987
-0.0839993
-0.0839997
-0.0839999
-0.084
-0.084
-0.084
-0.083981
-0.0838757
-0.0839816
-0.0838796
-0.0839828
-0.0838885
-0.0839846
-0.0839005
-0.083987
-0.0839162
-0.0839898
-0.0839337
-0.0839925
-0.0839515
-0.0839951
-0.0839679
-0.0839971
-0.083981
-0.0839985
-0.0839901
-0.0839993
-0.0839956
-0.0839997
-0.0839983
-0.0839999
-0.0839995
-0.084
-0.0839999
-0.084
-0.084
-0.0838757
-0.0838796
-0.0838885
-0.0839005
-0.0839162
-0.0839337
-0.0839515
-0.0839679
-0.083981
-0.0839901
-0.0839956
-0.0839983
-0.0839995
-0.0839999
-0.084
-0.0837995
-0.0838053
-0.0838194
-0.0838391
-0.0838645
-0.0838931
-0.0839218
-0.0839481
-0.0839692
-0.0839839
-0.0839928
-0.0839972
-0.0839991
-0.0839998
-0.0839999
-0.0837104
-0.0837214
-0.0837401
-0.0837695
-0.0838053
-0.0838459
-0.083887
-0.0839245
-0.0839552
-0.0839766
-0.0839895
-0.083996
-0.0839987
-0.0839996
-0.0839999
-0.0836224
-0.0836352
-0.0836607
-0.083698
-0.0837448
-0.0837982
-0.0838519
-0.0839006
-0.0839407
-0.0839689
-0.083986
-0.0839946
-0.0839983
-0.0839995
-0.0839999
-0.0835412
-0.0835595
-0.0835887
-0.0836353
-0.0836913
-0.0837551
-0.0838197
-0.0838789
-0.0839277
-0.0839619
-0.0839827
-0.0839934
-0.0839979
-0.0839994
-0.0839998
-0.0834802
-0.0834983
-0.0835327
-0.0835844
-0.0836489
-0.0837221
-0.083795
-0.0838618
-0.0839172
-0.0839564
-0.0839802
-0.0839924
-0.0839976
-0.0839993
-0.0839998
-0.0834338
-0.0834533
-0.0834929
-0.0835491
-0.0836197
-0.0836969
-0.0837764
-0.0838502
-0.0839095
-0.0839526
-0.0839785
-0.0839918
-0.0839974
-0.0839993
-0.0839998
-0.0834067
-0.0834243
-0.0834654
-0.0835234
-0.0835991
-0.0836832
-0.0837668
-0.0838426
-0.0839052
-0.0839504
-0.0839775
-0.0839914
-0.0839972
-0.0839992
-0.0839998
-0.0833952
-0.0834111
-0.0834514
-0.083512
-0.0835898
-0.0836768
-0.0837617
-0.0838389
-0.0839037
-0.0839496
-0.0839771
-0.0839912
-0.0839972
-0.0839992
-0.0839998
)
;
    }
    procBoundary3to5
    {
        type            processor;
        value           nonuniform List<scalar> 
285
(
-0.084
-0.084
-0.084
-0.084
-0.084
-0.084
-0.084
-0.084
-0.084
-0.084
-0.084
-0.084
-0.084
-0.084
-0.084
-0.084
-0.084
-0.084
-0.084
-0.084
-0.084
-0.084
-0.084
-0.084
-0.084
-0.084
-0.084
-0.084
-0.084
-0.084
-0.084
-0.084
-0.084
-0.084
-0.084
-0.084
-0.084
-0.084
-0.084
-0.084
-0.084
-0.084
-0.084
-0.084
-0.084
-0.084
-0.084
-0.084
-0.084
-0.084
-0.084
-0.084
-0.084
-0.084
-0.084
-0.084
-0.084
-0.084
-0.084
-0.084
-0.084
-0.084
-0.084
-0.084
-0.084
-0.084
-0.084
-0.084
-0.084
-0.084
-0.084
-0.084
-0.084
-0.084
-0.084
-0.084
-0.084
-0.084
-0.084
-0.084
-0.084
-0.084
-0.084
-0.084
-0.084
-0.084
-0.084
-0.084
-0.084
-0.084
-0.084
-0.084
-0.084
-0.084
-0.084
-0.084
-0.084
-0.084
-0.084
-0.084
-0.084
-0.084
-0.084
-0.084
-0.084
-0.084
-0.084
-0.084
-0.084
-0.084
-0.084
-0.084
-0.084
-0.084
-0.084
-0.084
-0.084
-0.084
-0.084
-0.084
-0.084
-0.084
-0.084
-0.084
-0.084
-0.084
-0.084
-0.084
-0.084
-0.084
-0.084
-0.084
-0.084
-0.084
-0.084
-0.084
-0.084
-0.084
-0.084
-0.084
-0.084
-0.084
-0.084
-0.084
-0.084
-0.084
-0.084
-0.084
-0.084
-0.084
-0.084
-0.084
-0.084
-0.084
-0.084
-0.084
-0.084
-0.084
-0.084
-0.084
-0.084
-0.084
-0.084
-0.084
-0.084
-0.084
-0.084
-0.084
-0.084
-0.084
-0.084
-0.084
-0.084
-0.084
-0.084
-0.084
-0.084
-0.084
-0.084
-0.084
-0.084
-0.084
-0.084
-0.084
-0.084
-0.084
-0.084
-0.084
-0.084
-0.084
-0.084
-0.084
-0.084
-0.084
-0.084
-0.084
-0.084
-0.084
-0.084
-0.084
-0.084
-0.084
-0.084
-0.084
-0.084
-0.084
-0.084
-0.084
-0.084
-0.084
-0.084
-0.084
-0.084
-0.084
-0.084
-0.084
-0.084
-0.084
-0.084
-0.084
-0.084
-0.084
-0.084
-0.084
-0.084
-0.084
-0.084
-0.084
-0.084
-0.084
-0.084
-0.084
-0.084
-0.084
-0.084
-0.084
-0.084
-0.084
-0.084
-0.084
-0.084
-0.084
-0.084
-0.084
-0.084
-0.084
-0.084
-0.084
-0.084
-0.084
-0.084
-0.084
-0.084
-0.084
-0.084
-0.084
-0.084
-0.084
-0.084
-0.084
-0.084
-0.084
-0.084
-0.084
-0.084
-0.084
-0.084
-0.084
-0.084
-0.084
-0.084
-0.084
-0.084
-0.084
-0.084
-0.084
-0.084
-0.084
-0.084
-0.084
-0.084
-0.084
-0.084
-0.084
-0.084
)
;
    }
}


// ************************************************************************* //
