/*--------------------------------*- C++ -*----------------------------------*\
| =========                 |                                                 |
| \\      /  F ield         | OpenFOAM: The Open Source CFD Toolbox           |
|  \\    /   O peration     | Version:  2312                                  |
|   \\  /    A nd           | Website:  www.openfoam.com                      |
|    \\/     M anipulation  |                                                 |
\*---------------------------------------------------------------------------*/
FoamFile
{
    version     2.0;
    format      ascii;
    arch        "LSB;label=32;scalar=64";
    class       volScalarField;
    location    "0";
    object      alphaRadians;
}
// * * * * * * * * * * * * * * * * * * * * * * * * * * * * * * * * * * * * * //

dimensions      [0 0 0 0 0 0 0];

internalField   nonuniform List<scalar> 
1620
(
-0.724458
-0.724458
-0.724457
-0.72446
-0.724461
-0.72446
-0.724457
-0.724458
-0.724458
-0.724458
-0.724458
-0.724457
-0.72446
-0.724461
-0.72446
-0.724457
-0.724458
-0.724458
-0.724458
-0.724458
-0.724457
-0.72446
-0.724461
-0.72446
-0.724457
-0.724458
-0.724458
-0.724458
-0.724458
-0.724457
-0.72446
-0.724461
-0.72446
-0.724457
-0.724458
-0.724458
-0.092856
-0.092856
-0.0928555
-0.0928582
-0.0928604
-0.0928582
-0.0928555
-0.092856
-0.092856
-0.092856
-0.092856
-0.0928555
-0.0928582
-0.0928604
-0.0928582
-0.0928555
-0.092856
-0.092856
-0.092856
-0.092856
-0.0928555
-0.0928582
-0.0928604
-0.0928582
-0.0928555
-0.092856
-0.092856
-0.092856
-0.092856
-0.0928555
-0.0928582
-0.0928604
-0.0928582
-0.0928555
-0.092856
-0.092856
0.624536
0.624536
0.624537
0.624536
0.624533
0.624536
0.624537
0.624536
0.624536
0.624536
0.624536
0.624537
0.624536
0.624533
0.624536
0.624537
0.624536
0.624536
0.624536
0.624536
0.624537
0.624536
0.624533
0.624536
0.624537
0.624536
0.624536
0.624536
0.624536
0.624537
0.624536
0.624533
0.624536
0.624537
0.624536
0.624536
-0.776826
-0.776828
-0.776826
-0.776831
-0.77683
-0.776831
-0.776826
-0.776828
-0.776826
-0.776826
-0.776828
-0.776826
-0.776831
-0.77683
-0.776831
-0.776826
-0.776828
-0.776826
-0.776826
-0.776828
-0.776826
-0.776831
-0.77683
-0.776831
-0.776826
-0.776828
-0.776826
-0.776826
-0.776828
-0.776826
-0.776831
-0.77683
-0.776831
-0.776826
-0.776828
-0.776826
-0.122787
-0.12279
-0.122789
-0.122791
-0.12279
-0.122791
-0.122789
-0.12279
-0.122787
-0.122787
-0.12279
-0.122789
-0.122791
-0.12279
-0.122791
-0.122789
-0.12279
-0.122787
-0.122787
-0.12279
-0.122789
-0.122791
-0.12279
-0.122791
-0.122789
-0.12279
-0.122787
-0.122787
-0.12279
-0.122789
-0.122791
-0.12279
-0.122791
-0.122789
-0.12279
-0.122787
0.61365
0.613649
0.61365
0.613651
0.613649
0.613651
0.61365
0.613649
0.61365
0.61365
0.613649
0.61365
0.613651
0.613649
0.613651
0.61365
0.613649
0.61365
0.61365
0.613649
0.61365
0.613651
0.613649
0.613651
0.61365
0.613649
0.61365
0.61365
0.613649
0.61365
0.613651
0.613649
0.613651
0.61365
0.613649
0.61365
-0.777064
-0.777065
-0.777065
-0.777067
-0.777063
-0.777067
-0.777065
-0.777065
-0.777064
-0.777064
-0.777065
-0.777065
-0.777067
-0.777063
-0.777067
-0.777065
-0.777065
-0.777064
-0.777064
-0.777065
-0.777065
-0.777067
-0.777063
-0.777067
-0.777065
-0.777065
-0.777064
-0.777064
-0.777065
-0.777065
-0.777067
-0.777063
-0.777067
-0.777065
-0.777065
-0.777064
-0.128157
-0.128158
-0.128158
-0.128159
-0.128155
-0.128159
-0.128158
-0.128158
-0.128157
-0.128157
-0.128158
-0.128158
-0.128159
-0.128155
-0.128159
-0.128158
-0.128158
-0.128157
-0.128157
-0.128158
-0.128158
-0.128159
-0.128155
-0.128159
-0.128158
-0.128158
-0.128157
-0.128157
-0.128158
-0.128158
-0.128159
-0.128155
-0.128159
-0.128158
-0.128158
-0.128157
0.609137
0.609136
0.609136
0.609136
0.609136
0.609136
0.609136
0.609136
0.609137
0.609137
0.609136
0.609136
0.609136
0.609136
0.609136
0.609136
0.609136
0.609137
0.609137
0.609136
0.609136
0.609136
0.609136
0.609136
0.609136
0.609136
0.609137
0.609137
0.609136
0.609136
0.609136
0.609136
0.609136
0.609136
0.609136
0.609137
-0.772551
-0.772549
-0.772548
-0.77255
-0.77255
-0.77255
-0.772548
-0.772549
-0.772551
-0.772551
-0.772549
-0.772548
-0.77255
-0.77255
-0.77255
-0.772548
-0.772549
-0.772551
-0.772551
-0.772549
-0.772548
-0.77255
-0.77255
-0.77255
-0.772548
-0.772549
-0.772551
-0.772551
-0.772549
-0.772548
-0.77255
-0.77255
-0.77255
-0.772548
-0.772549
-0.772551
-0.130047
-0.130046
-0.130046
-0.130047
-0.130047
-0.130047
-0.130046
-0.130046
-0.130047
-0.130047
-0.130046
-0.130046
-0.130047
-0.130047
-0.130047
-0.130046
-0.130046
-0.130047
-0.130047
-0.130046
-0.130046
-0.130047
-0.130047
-0.130047
-0.130046
-0.130046
-0.130047
-0.130047
-0.130046
-0.130046
-0.130047
-0.130047
-0.130047
-0.130046
-0.130046
-0.130047
0.605733
0.605733
0.605733
0.605733
0.605732
0.605733
0.605733
0.605733
0.605733
0.605733
0.605733
0.605733
0.605733
0.605732
0.605733
0.605733
0.605733
0.605733
0.605733
0.605733
0.605733
0.605733
0.605732
0.605733
0.605733
0.605733
0.605733
0.605733
0.605733
0.605733
0.605733
0.605732
0.605733
0.605733
0.605733
0.605733
-0.768341
-0.768339
-0.76834
-0.768338
-0.768342
-0.768338
-0.76834
-0.768339
-0.768341
-0.768341
-0.768339
-0.76834
-0.768338
-0.768342
-0.768338
-0.76834
-0.768339
-0.768341
-0.768341
-0.768339
-0.76834
-0.768338
-0.768342
-0.768338
-0.76834
-0.768339
-0.768341
-0.768341
-0.768339
-0.76834
-0.768338
-0.768342
-0.768338
-0.76834
-0.768339
-0.768341
-0.13265
-0.13265
-0.132649
-0.132649
-0.132651
-0.132649
-0.132649
-0.13265
-0.13265
-0.13265
-0.13265
-0.132649
-0.132649
-0.132651
-0.132649
-0.132649
-0.13265
-0.13265
-0.13265
-0.13265
-0.132649
-0.132649
-0.132651
-0.132649
-0.132649
-0.13265
-0.13265
-0.13265
-0.13265
-0.132649
-0.132649
-0.132651
-0.132649
-0.132649
-0.13265
-0.13265
0.601826
0.601828
0.601827
0.601828
0.601827
0.601828
0.601827
0.601828
0.601826
0.601826
0.601828
0.601827
0.601828
0.601827
0.601828
0.601827
0.601828
0.601826
0.601826
0.601828
0.601827
0.601828
0.601827
0.601828
0.601827
0.601828
0.601826
0.601826
0.601828
0.601827
0.601828
0.601827
0.601828
0.601827
0.601828
0.601826
-0.765087
-0.765088
-0.765089
-0.765086
-0.765088
-0.765086
-0.765089
-0.765088
-0.765087
-0.765087
-0.765088
-0.765089
-0.765086
-0.765088
-0.765086
-0.765089
-0.765088
-0.765087
-0.765087
-0.765088
-0.765089
-0.765086
-0.765088
-0.765086
-0.765089
-0.765088
-0.765087
-0.765087
-0.765088
-0.765089
-0.765086
-0.765088
-0.765086
-0.765089
-0.765088
-0.765087
-0.137022
-0.137022
-0.137023
-0.137022
-0.137022
-0.137022
-0.137023
-0.137022
-0.137022
-0.137022
-0.137022
-0.137023
-0.137022
-0.137022
-0.137022
-0.137023
-0.137022
-0.137022
-0.137022
-0.137022
-0.137023
-0.137022
-0.137022
-0.137022
-0.137023
-0.137022
-0.137022
-0.137022
-0.137022
-0.137023
-0.137022
-0.137022
-0.137022
-0.137023
-0.137022
-0.137022
0.596969
0.59697
0.596969
0.596969
0.59697
0.596969
0.596969
0.59697
0.596969
0.596969
0.59697
0.596969
0.596969
0.59697
0.596969
0.596969
0.59697
0.596969
0.596969
0.59697
0.596969
0.596969
0.59697
0.596969
0.596969
0.59697
0.596969
0.596969
0.59697
0.596969
0.596969
0.59697
0.596969
0.596969
0.59697
0.596969
-0.76314
-0.763141
-0.763142
-0.763139
-0.76314
-0.763139
-0.763142
-0.763141
-0.76314
-0.76314
-0.763141
-0.763142
-0.763139
-0.76314
-0.763139
-0.763142
-0.763141
-0.76314
-0.76314
-0.763141
-0.763142
-0.763139
-0.76314
-0.763139
-0.763142
-0.763141
-0.76314
-0.76314
-0.763141
-0.763142
-0.763139
-0.76314
-0.763139
-0.763142
-0.763141
-0.76314
-0.144241
-0.144243
-0.144243
-0.144242
-0.144242
-0.144242
-0.144243
-0.144243
-0.144241
-0.144241
-0.144243
-0.144243
-0.144242
-0.144242
-0.144242
-0.144243
-0.144243
-0.144241
-0.144241
-0.144243
-0.144243
-0.144242
-0.144242
-0.144242
-0.144243
-0.144243
-0.144241
-0.144241
-0.144243
-0.144243
-0.144242
-0.144242
-0.144242
-0.144243
-0.144243
-0.144241
0.590856
0.590855
0.590855
0.590856
0.590856
0.590856
0.590855
0.590855
0.590856
0.590856
0.590855
0.590855
0.590856
0.590856
0.590856
0.590855
0.590855
0.590856
0.590856
0.590855
0.590855
0.590856
0.590856
0.590856
0.590855
0.590855
0.590856
0.590856
0.590855
0.590855
0.590856
0.590856
0.590856
0.590855
0.590855
0.590856
-0.762831
-0.762834
-0.762833
-0.762832
-0.762832
-0.762832
-0.762833
-0.762834
-0.762831
-0.762831
-0.762834
-0.762833
-0.762832
-0.762832
-0.762832
-0.762833
-0.762834
-0.762831
-0.762831
-0.762834
-0.762833
-0.762832
-0.762832
-0.762832
-0.762833
-0.762834
-0.762831
-0.762831
-0.762834
-0.762833
-0.762832
-0.762832
-0.762832
-0.762833
-0.762834
-0.762831
-0.155877
-0.155879
-0.155878
-0.155878
-0.155878
-0.155878
-0.155878
-0.155879
-0.155877
-0.155877
-0.155879
-0.155878
-0.155878
-0.155878
-0.155878
-0.155878
-0.155879
-0.155877
-0.155877
-0.155879
-0.155878
-0.155878
-0.155878
-0.155878
-0.155878
-0.155879
-0.155877
-0.155877
-0.155879
-0.155878
-0.155878
-0.155878
-0.155878
-0.155878
-0.155879
-0.155877
0.582936
0.582936
0.582936
0.582937
0.582937
0.582937
0.582936
0.582936
0.582936
0.582936
0.582936
0.582936
0.582937
0.582937
0.582937
0.582936
0.582936
0.582936
0.582936
0.582936
0.582936
0.582937
0.582937
0.582937
0.582936
0.582936
0.582936
0.582936
0.582936
0.582936
0.582937
0.582937
0.582937
0.582936
0.582936
0.582936
-0.765005
-0.765008
-0.765006
-0.765008
-0.765008
-0.765008
-0.765006
-0.765008
-0.765005
-0.765005
-0.765008
-0.765006
-0.765008
-0.765008
-0.765008
-0.765006
-0.765008
-0.765005
-0.765005
-0.765008
-0.765006
-0.765008
-0.765008
-0.765008
-0.765006
-0.765008
-0.765005
-0.765005
-0.765008
-0.765006
-0.765008
-0.765008
-0.765008
-0.765006
-0.765008
-0.765005
-0.173562
-0.173562
-0.173561
-0.173564
-0.173563
-0.173564
-0.173561
-0.173562
-0.173562
-0.173562
-0.173562
-0.173561
-0.173564
-0.173563
-0.173564
-0.173561
-0.173562
-0.173562
-0.173562
-0.173562
-0.173561
-0.173564
-0.173563
-0.173564
-0.173561
-0.173562
-0.173562
-0.173562
-0.173562
-0.173561
-0.173564
-0.173563
-0.173564
-0.173561
-0.173562
-0.173562
0.572637
0.572637
0.572638
0.572637
0.572636
0.572637
0.572638
0.572637
0.572637
0.572637
0.572637
0.572638
0.572637
0.572636
0.572637
0.572638
0.572637
0.572637
0.572637
0.572637
0.572638
0.572637
0.572636
0.572637
0.572638
0.572637
0.572637
0.572637
0.572637
0.572638
0.572637
0.572636
0.572637
0.572638
0.572637
0.572637
-0.771564
-0.771564
-0.771562
-0.771565
-0.771565
-0.771565
-0.771562
-0.771564
-0.771564
-0.771564
-0.771564
-0.771562
-0.771565
-0.771565
-0.771565
-0.771562
-0.771564
-0.771564
-0.771564
-0.771564
-0.771562
-0.771565
-0.771565
-0.771565
-0.771562
-0.771564
-0.771564
-0.771564
-0.771564
-0.771562
-0.771565
-0.771565
-0.771565
-0.771562
-0.771564
-0.771564
-0.198327
-0.198326
-0.198325
-0.198326
-0.198327
-0.198326
-0.198325
-0.198326
-0.198327
-0.198327
-0.198326
-0.198325
-0.198326
-0.198327
-0.198326
-0.198325
-0.198326
-0.198327
-0.198327
-0.198326
-0.198325
-0.198326
-0.198327
-0.198326
-0.198325
-0.198326
-0.198327
-0.198327
-0.198326
-0.198325
-0.198326
-0.198327
-0.198326
-0.198325
-0.198326
-0.198327
0.559784
0.559783
0.559785
0.559783
0.559783
0.559783
0.559785
0.559783
0.559784
0.559784
0.559783
0.559785
0.559783
0.559783
0.559783
0.559785
0.559783
0.559784
0.559784
0.559783
0.559785
0.559783
0.559783
0.559783
0.559785
0.559783
0.559784
0.559784
0.559783
0.559785
0.559783
0.559783
0.559783
0.559785
0.559783
0.559784
-0.785927
-0.785923
-0.785922
-0.785926
-0.785924
-0.785926
-0.785922
-0.785923
-0.785927
-0.785927
-0.785923
-0.785922
-0.785926
-0.785924
-0.785926
-0.785922
-0.785923
-0.785927
-0.785927
-0.785923
-0.785922
-0.785926
-0.785924
-0.785926
-0.785922
-0.785923
-0.785927
-0.785927
-0.785923
-0.785922
-0.785926
-0.785924
-0.785926
-0.785922
-0.785923
-0.785927
-0.229438
-0.229436
-0.229435
-0.229435
-0.229435
-0.229435
-0.229435
-0.229436
-0.229438
-0.229438
-0.229436
-0.229435
-0.229435
-0.229435
-0.229435
-0.229435
-0.229436
-0.229438
-0.229438
-0.229436
-0.229435
-0.229435
-0.229435
-0.229435
-0.229435
-0.229436
-0.229438
-0.229438
-0.229436
-0.229435
-0.229435
-0.229435
-0.229435
-0.229435
-0.229436
-0.229438
0.54467
0.54467
0.544671
0.54467
0.54467
0.54467
0.544671
0.54467
0.54467
0.54467
0.54467
0.544671
0.54467
0.54467
0.54467
0.544671
0.54467
0.54467
0.54467
0.54467
0.544671
0.54467
0.54467
0.54467
0.544671
0.54467
0.54467
0.54467
0.54467
0.544671
0.54467
0.54467
0.54467
0.544671
0.54467
0.54467
-0.813976
-0.813974
-0.813976
-0.813975
-0.813975
-0.813975
-0.813976
-0.813974
-0.813976
-0.813976
-0.813974
-0.813976
-0.813975
-0.813975
-0.813975
-0.813976
-0.813974
-0.813976
-0.813976
-0.813974
-0.813976
-0.813975
-0.813975
-0.813975
-0.813976
-0.813974
-0.813976
-0.813976
-0.813974
-0.813976
-0.813975
-0.813975
-0.813975
-0.813976
-0.813974
-0.813976
-0.264603
-0.264602
-0.264602
-0.2646
-0.2646
-0.2646
-0.264602
-0.264602
-0.264603
-0.264603
-0.264602
-0.264602
-0.2646
-0.264601
-0.2646
-0.264602
-0.264602
-0.264603
-0.264603
-0.264602
-0.264602
-0.2646
-0.2646
-0.2646
-0.264602
-0.264602
-0.264603
-0.264603
-0.264602
-0.264602
-0.2646
-0.2646
-0.2646
-0.264602
-0.264602
-0.264603
0.528243
0.528242
0.528243
0.528243
0.528243
0.528243
0.528243
0.528242
0.528243
0.528243
0.528242
0.528243
0.528243
0.528243
0.528243
0.528243
0.528242
0.528243
0.528243
0.528242
0.528243
0.528243
0.528243
0.528243
0.528243
0.528242
0.528243
0.528243
0.528242
0.528243
0.528243
0.528243
0.528243
0.528243
0.528242
0.528243
-0.863275
-0.863275
-0.863278
-0.863276
-0.863276
-0.863276
-0.863278
-0.863275
-0.863275
-0.863275
-0.863275
-0.863278
-0.863276
-0.863276
-0.863276
-0.863278
-0.863275
-0.863275
-0.863275
-0.863275
-0.863278
-0.863276
-0.863276
-0.863276
-0.863278
-0.863275
-0.863275
-0.863275
-0.863275
-0.863278
-0.863276
-0.863276
-0.863276
-0.863278
-0.863275
-0.863275
-0.300052
-0.300053
-0.300053
-0.30005
-0.300052
-0.30005
-0.300053
-0.300053
-0.300052
-0.300052
-0.300053
-0.300053
-0.30005
-0.300052
-0.30005
-0.300053
-0.300053
-0.300052
-0.300052
-0.300053
-0.300053
-0.30005
-0.300052
-0.30005
-0.300053
-0.300053
-0.300052
-0.300052
-0.300053
-0.300053
-0.30005
-0.300052
-0.30005
-0.300053
-0.300053
-0.300052
0.511738
0.511738
0.511738
0.511737
0.511739
0.511737
0.511738
0.511738
0.511738
0.511738
0.511738
0.511738
0.511737
0.511739
0.511737
0.511738
0.511738
0.511738
0.511738
0.511738
0.511738
0.511737
0.511739
0.511737
0.511738
0.511738
0.511738
0.511738
0.511738
0.511738
0.511737
0.511739
0.511737
0.511738
0.511738
0.511738
-0.934138
-0.934141
-0.934139
-0.934141
-0.934141
-0.934141
-0.934139
-0.934141
-0.934138
-0.934138
-0.934141
-0.934139
-0.934141
-0.934141
-0.934141
-0.934139
-0.934141
-0.934138
-0.934138
-0.934141
-0.934139
-0.934141
-0.934141
-0.934141
-0.934139
-0.934141
-0.934138
-0.934138
-0.934141
-0.934139
-0.934141
-0.934141
-0.934141
-0.934139
-0.934141
-0.934138
-0.332336
-0.332337
-0.332337
-0.332336
-0.332337
-0.332336
-0.332337
-0.332337
-0.332336
-0.332336
-0.332337
-0.332337
-0.332336
-0.332337
-0.332336
-0.332337
-0.332337
-0.332336
-0.332336
-0.332337
-0.332337
-0.332336
-0.332337
-0.332336
-0.332337
-0.332337
-0.332336
-0.332336
-0.332337
-0.332337
-0.332336
-0.332337
-0.332335
-0.332337
-0.332337
-0.332336
0.495408
0.495407
0.495407
0.495407
0.495408
0.495407
0.495407
0.495407
0.495408
0.495408
0.495407
0.495407
0.495407
0.495408
0.495407
0.495407
0.495407
0.495408
0.495408
0.495407
0.495407
0.495407
0.495408
0.495407
0.495407
0.495407
0.495408
0.495408
0.495407
0.495407
0.495407
0.495408
0.495407
0.495407
0.495407
0.495408
-1.04324
-1.04324
-1.04323
-1.04324
-1.04324
-1.04324
-1.04323
-1.04324
-1.04324
-1.04324
-1.04324
-1.04323
-1.04324
-1.04324
-1.04324
-1.04323
-1.04324
-1.04324
-1.04324
-1.04324
-1.04323
-1.04324
-1.04324
-1.04324
-1.04323
-1.04324
-1.04324
-1.04324
-1.04324
-1.04323
-1.04324
-1.04324
-1.04324
-1.04323
-1.04324
-1.04324
-0.369427
-0.369427
-0.369427
-0.369427
-0.369427
-0.369427
-0.369427
-0.369427
-0.369427
-0.369427
-0.369427
-0.369427
-0.369427
-0.369427
-0.369427
-0.369427
-0.369427
-0.369427
-0.369427
-0.369427
-0.369427
-0.369427
-0.369427
-0.369427
-0.369427
-0.369427
-0.369427
-0.369427
-0.369427
-0.369427
-0.369427
-0.369427
-0.369427
-0.369427
-0.369427
-0.369427
0.479102
0.479102
0.479102
0.479102
0.479102
0.479102
0.479102
0.479102
0.479101
0.479101
0.479102
0.479102
0.479102
0.479102
0.479102
0.479102
0.479102
0.479101
0.479101
0.479102
0.479102
0.479102
0.479102
0.479102
0.479102
0.479102
0.479102
0.479102
0.479102
0.479102
0.479102
0.479102
0.479102
0.479102
0.479102
0.479102
)
;

boundaryField
{
    fixed
    {
        type            calculated;
        value           nonuniform List<scalar> 
108
(
-0.724458
-0.724458
-0.724457
-0.72446
-0.724461
-0.72446
-0.724457
-0.724458
-0.724458
-0.724458
-0.724458
-0.724457
-0.72446
-0.724461
-0.72446
-0.724457
-0.724458
-0.724458
-0.724458
-0.724458
-0.724457
-0.72446
-0.724461
-0.72446
-0.724457
-0.724458
-0.724458
-0.724458
-0.724458
-0.724457
-0.72446
-0.724461
-0.72446
-0.724457
-0.724458
-0.724458
-0.092856
-0.092856
-0.0928555
-0.0928582
-0.0928604
-0.0928582
-0.0928555
-0.092856
-0.092856
-0.092856
-0.092856
-0.0928555
-0.0928582
-0.0928604
-0.0928582
-0.0928555
-0.092856
-0.092856
-0.092856
-0.092856
-0.0928555
-0.0928582
-0.0928604
-0.0928582
-0.0928555
-0.092856
-0.092856
-0.092856
-0.092856
-0.0928555
-0.0928582
-0.0928604
-0.0928582
-0.0928555
-0.092856
-0.092856
0.624536
0.624536
0.624537
0.624536
0.624533
0.624536
0.624537
0.624536
0.624536
0.624536
0.624536
0.624537
0.624536
0.624533
0.624536
0.624537
0.624536
0.624536
0.624536
0.624536
0.624537
0.624536
0.624533
0.624536
0.624537
0.624536
0.624536
0.624536
0.624536
0.624537
0.624536
0.624533
0.624536
0.624537
0.624536
0.624536
)
;
    }
    inside
    {
        type            calculated;
        value           uniform 1.0472;
    }
    outside
    {
        type            calculated;
        value           uniform -1.0472;
    }
}


// ************************************************************************* //
