/*--------------------------------*- C++ -*----------------------------------*\
| =========                 |                                                 |
| \\      /  F ield         | OpenFOAM: The Open Source CFD Toolbox           |
|  \\    /   O peration     | Version:  2312                                  |
|   \\  /    A nd           | Website:  www.openfoam.com                      |
|    \\/     M anipulation  |                                                 |
\*---------------------------------------------------------------------------*/
FoamFile
{
    version     2.0;
    format      ascii;
    arch        "LSB;label=32;scalar=64";
    class       pointVectorField;
    location    "0.8";
    object      pointD;
}
// * * * * * * * * * * * * * * * * * * * * * * * * * * * * * * * * * * * * * //

dimensions      [0 1 0 0 0 0 0];

internalField   nonuniform List<vector> 
2164
(
(0 0 0)
(0 0 0)
(0 0 0)
(0 0 0)
(0 0 0)
(0 0 0)
(0 0 0)
(0 0 0)
(0 0 0)
(0 0 0)
(0 0 0)
(0 0 0)
(0 0 0)
(0 0 0)
(0 0 0)
(0 0 0)
(0 0 0)
(0 0 0)
(0 0 0)
(0 0 0)
(0 0 0)
(0 0 0)
(0 0 0)
(0 0 0)
(0 0 0)
(0 0 0)
(0 0 0)
(0 0 0)
(0 0 0)
(0 0 0)
(0 0 0)
(0 0 0)
(0 0 0)
(0 0 0)
(0 0 0)
(0 0 0)
(-0.000482925 0.000291899 -0.000356836)
(-0.000526276 0.000203606 -0.000356836)
(-0.000553637 0.000109126 -0.000356835)
(-0.000564175 1.13308e-05 -0.000356835)
(-0.000557572 -8.68087e-05 -0.000356835)
(-0.000534027 -0.00018231 -0.000356834)
(-0.000494257 -0.000272274 -0.000356834)
(-0.000439466 -0.000353965 -0.000356835)
(-0.000371324 -0.0004249 -0.000356835)
(-0.000291899 -0.000482925 -0.000356836)
(-0.000203606 -0.000526276 -0.000356836)
(-0.000109126 -0.000553637 -0.000356835)
(-1.13307e-05 -0.000564175 -0.000356835)
(8.68088e-05 -0.000557572 -0.000356835)
(0.00018231 -0.000534027 -0.000356834)
(0.000272274 -0.000494257 -0.000356834)
(0.000353965 -0.000439466 -0.000356835)
(0.0004249 -0.000371324 -0.000356835)
(0.000482925 -0.000291899 -0.000356836)
(0.000526276 -0.000203606 -0.000356836)
(0.000553637 -0.000109126 -0.000356835)
(0.000564176 -1.13307e-05 -0.000356835)
(0.000557572 8.68088e-05 -0.000356835)
(0.000534027 0.00018231 -0.000356834)
(0.000494257 0.000272274 -0.000356834)
(0.000439466 0.000353965 -0.000356835)
(0.000371324 0.0004249 -0.000356835)
(0.000291899 0.000482925 -0.000356836)
(0.000203606 0.000526276 -0.000356836)
(0.000109126 0.000553637 -0.000356835)
(1.13308e-05 0.000564176 -0.000356834)
(-8.68087e-05 0.000557572 -0.000356835)
(-0.00018231 0.000534027 -0.000356834)
(-0.000272274 0.000494257 -0.000356834)
(-0.000353965 0.000439466 -0.000356835)
(-0.0004249 0.000371324 -0.000356835)
(-0.00041664 0.00046725 -0.000268595)
(-0.000491448 0.000387802 -0.000268596)
(-0.000551323 0.000296572 -0.000268595)
(-0.000594447 0.000196332 -0.000268594)
(-0.000619508 9.01239e-05 -0.000268594)
(-0.000625746 -1.88225e-05 -0.000268595)
(-0.000612971 -0.000127196 -0.000268595)
(-0.000581572 -0.000231705 -0.000268595)
(-0.0005325 -0.000329174 -0.000268595)
(-0.00046725 -0.00041664 -0.000268595)
(-0.000387802 -0.000491448 -0.000268596)
(-0.000296572 -0.000551323 -0.000268595)
(-0.000196332 -0.000594447 -0.000268594)
(-9.01239e-05 -0.000619508 -0.000268594)
(1.88225e-05 -0.000625746 -0.000268595)
(0.000127196 -0.000612971 -0.000268595)
(0.000231705 -0.000581572 -0.000268595)
(0.000329174 -0.0005325 -0.000268595)
(0.00041664 -0.00046725 -0.000268595)
(0.000491448 -0.000387802 -0.000268596)
(0.000551323 -0.000296572 -0.000268595)
(0.000594447 -0.000196332 -0.000268594)
(0.000619508 -9.01239e-05 -0.000268594)
(0.000625746 1.88225e-05 -0.000268595)
(0.000612971 0.000127196 -0.000268595)
(0.000581572 0.000231705 -0.000268595)
(0.0005325 0.000329174 -0.000268595)
(0.00046725 0.00041664 -0.000268595)
(0.000387802 0.000491448 -0.000268596)
(0.000296572 0.000551323 -0.000268595)
(0.000196332 0.000594447 -0.000268594)
(9.01239e-05 0.000619508 -0.000268594)
(-1.88225e-05 0.000625746 -0.000268595)
(-0.000127196 0.000612971 -0.000268595)
(-0.000231705 0.000581572 -0.000268595)
(-0.000329174 0.000532501 -0.000268595)
(0 0 0)
(0 0 0)
(0 0 0)
(0 0 0)
(0 0 0)
(0 0 0)
(0 0 0)
(0 0 0)
(0 0 0)
(0 0 0)
(0 0 0)
(0 0 0)
(0 0 0)
(0 0 0)
(0 0 0)
(0 0 0)
(0 0 0)
(0 0 0)
(0 0 0)
(0 0 0)
(0 0 0)
(0 0 0)
(0 0 0)
(0 0 0)
(0 0 0)
(0 0 0)
(0 0 0)
(0 0 0)
(0 0 0)
(0 0 0)
(0 0 0)
(0 0 0)
(0 0 0)
(0 0 0)
(0 0 0)
(0 0 0)
(-0.000371415 0.000645802 -0.000182696)
(-0.000477915 0.000571494 -0.000182696)
(-0.000569893 0.000479824 -0.000182696)
(-0.000644556 0.000373573 -0.000182696)
(-0.000699634 0.000255971 -0.000182696)
(-0.000733455 0.000130593 -0.000182696)
(-0.000744988 1.24541e-06 -0.000182696)
(-0.000733887 -0.000128139 -0.000182696)
(-0.000700486 -0.000253631 -0.000182696)
(-0.000645802 -0.000371415 -0.000182696)
(-0.000571494 -0.000477915 -0.000182696)
(-0.000479824 -0.000569893 -0.000182696)
(-0.000373573 -0.000644556 -0.000182696)
(-0.000255971 -0.000699634 -0.000182696)
(-0.000130593 -0.000733455 -0.000182696)
(-1.24538e-06 -0.000744988 -0.000182696)
(0.000128139 -0.000733887 -0.000182696)
(0.000253631 -0.000700486 -0.000182696)
(0.000371415 -0.000645802 -0.000182696)
(0.000477915 -0.000571494 -0.000182696)
(0.000569893 -0.000479824 -0.000182696)
(0.000644556 -0.000373573 -0.000182696)
(0.000699634 -0.000255971 -0.000182696)
(0.000733455 -0.000130593 -0.000182696)
(0.000744988 -1.24536e-06 -0.000182696)
(0.000733887 0.000128139 -0.000182696)
(0.000700486 0.000253631 -0.000182696)
(0.000645802 0.000371415 -0.000182696)
(0.000571494 0.000477915 -0.000182696)
(0.000479824 0.000569893 -0.000182696)
(0.000373573 0.000644556 -0.000182696)
(0.000255971 0.000699634 -0.000182696)
(0.000130593 0.000733455 -0.000182695)
(1.24538e-06 0.000744988 -0.000182696)
(-0.000128139 0.000733887 -0.000182696)
(-0.000253631 0.000700486 -0.000182696)
(0 0 0)
(0 0 0)
(0 0 0)
(0 0 0)
(0 0 0)
(0 0 0)
(0 0 0)
(0 0 0)
(0 0 0)
(0 0 0)
(0 0 0)
(0 0 0)
(0 0 0)
(0 0 0)
(0 0 0)
(0 0 0)
(0 0 0)
(0 0 0)
(0 0 0)
(0 0 0)
(0 0 0)
(0 0 0)
(0 0 0)
(0 0 0)
(0 0 0)
(0 0 0)
(0 0 0)
(0 0 0)
(0 0 0)
(0 0 0)
(0 0 0)
(0 0 0)
(0 0 0)
(0 0 0)
(0 0 0)
(0 0 0)
(-0.000349502 0.000816751 -0.000104752)
(-0.000486019 0.000743651 -0.000104752)
(-0.000607769 0.000647958 -0.000104753)
(-0.000711053 0.000532576 -0.000104753)
(-0.000792731 0.000401012 -0.000104752)
(-0.000850323 0.000257262 -0.000104753)
(-0.000882078 0.000105696 -0.000104753)
(-0.000887032 -4.908e-05 -0.000104753)
(-0.000865032 -0.000202366 -0.000104753)
(-0.000816751 -0.000349502 -0.000104752)
(-0.000743651 -0.000486019 -0.000104752)
(-0.000647958 -0.000607769 -0.000104753)
(-0.000532576 -0.000711053 -0.000104753)
(-0.000401012 -0.000792731 -0.000104753)
(-0.000257262 -0.000850323 -0.000104753)
(-0.000105696 -0.000882078 -0.000104753)
(4.908e-05 -0.000887032 -0.000104753)
(0.000202366 -0.000865032 -0.000104753)
(0.000349502 -0.000816751 -0.000104752)
(0.000486019 -0.000743651 -0.000104752)
(0.000607769 -0.000647958 -0.000104753)
(0.000711053 -0.000532576 -0.000104753)
(0.000792731 -0.000401012 -0.000104753)
(0.000850323 -0.000257262 -0.000104753)
(0.000882078 -0.000105696 -0.000104753)
(0.000887032 4.90801e-05 -0.000104753)
(0.000865032 0.000202366 -0.000104753)
(0.000816751 0.000349502 -0.000104752)
(0.000743651 0.000486019 -0.000104752)
(0.000647958 0.000607769 -0.000104753)
(0.000532576 0.000711053 -0.000104753)
(0.000401012 0.000792731 -0.000104752)
(0.000257262 0.000850323 -0.000104753)
(0.000105696 0.000882078 -0.000104753)
(-4.90801e-05 0.000887032 -0.000104753)
(-0.000202366 0.000865032 -0.000104753)
(0 0 0)
(0 0 0)
(0 0 0)
(0 0 0)
(0 0 0)
(0 0 0)
(0 0 0)
(0 0 0)
(0 0 0)
(0 0 0)
(0 0 0)
(0 0 0)
(0 0 0)
(0 0 0)
(0 0 0)
(0 0 0)
(0 0 0)
(0 0 0)
(0 0 0)
(0 0 0)
(0 0 0)
(0 0 0)
(0 0 0)
(0 0 0)
(0 0 0)
(0 0 0)
(0 0 0)
(0 0 0)
(0 0 0)
(0 0 0)
(0 0 0)
(0 0 0)
(0 0 0)
(0 0 0)
(0 0 0)
(0 0 0)
(-0.000825316 0.000718103 -0.000732357)
(-0.000937476 0.000563878 -0.000732358)
(-0.00102115 0.000392522 -0.000732356)
(-0.0010738 0.00020924 -0.000732354)
(-0.00109382 1.9599e-05 -0.000732354)
(-0.0010806 -0.000170638 -0.000732354)
(-0.00103456 -0.000355691 -0.000732355)
(-0.000957072 -0.000529937 -0.000732356)
(-0.00085051 -0.00068808 -0.000732356)
(-0.000718103 -0.000825316 -0.000732357)
(-0.000563878 -0.000937476 -0.000732358)
(-0.000392522 -0.00102115 -0.000732356)
(-0.00020924 -0.0010738 -0.000732354)
(-1.95989e-05 -0.00109382 -0.000732354)
(0.000170638 -0.0010806 -0.000732354)
(0.000355691 -0.00103456 -0.000732355)
(0.000529937 -0.000957072 -0.000732356)
(0.00068808 -0.00085051 -0.000732356)
(0.000825316 -0.000718103 -0.000732357)
(0.000937476 -0.000563878 -0.000732358)
(0.00102115 -0.000392522 -0.000732356)
(0.0010738 -0.00020924 -0.000732354)
(0.00109382 -1.95988e-05 -0.000732354)
(0.0010806 0.000170638 -0.000732354)
(0.00103456 0.000355691 -0.000732355)
(0.000957072 0.000529937 -0.000732356)
(0.00085051 0.00068808 -0.000732356)
(0.000718103 0.000825316 -0.000732357)
(0.000563878 0.000937476 -0.000732358)
(0.000392522 0.00102115 -0.000732356)
(0.00020924 0.0010738 -0.000732354)
(1.95989e-05 0.00109382 -0.000732354)
(-0.000170638 0.0010806 -0.000732354)
(-0.000355691 0.00103456 -0.000732354)
(-0.000529937 0.000957072 -0.000732356)
(-0.00068808 0.00085051 -0.000732356)
(-0.000789383 0.000985825 -0.000579815)
(-0.000948577 0.000833774 -0.000579814)
(-0.00107895 0.000656386 -0.000579815)
(-0.00117654 0.000459059 -0.000579813)
(-0.00123838 0.000247782 -0.000579813)
(-0.00126259 2.89737e-05 -0.000579814)
(-0.00124844 -0.000190712 -0.000579813)
(-0.00119636 -0.000404606 -0.000579814)
(-0.00110792 -0.000606204 -0.000579814)
(-0.000985825 -0.000789383 -0.000579815)
(-0.000833774 -0.000948577 -0.000579814)
(-0.000656386 -0.00107895 -0.000579815)
(-0.000459059 -0.00117654 -0.000579813)
(-0.000247782 -0.00123838 -0.000579813)
(-2.89736e-05 -0.00126259 -0.000579814)
(0.000190712 -0.00124844 -0.000579813)
(0.000404606 -0.00119636 -0.000579814)
(0.000606204 -0.00110792 -0.000579814)
(0.000789383 -0.000985825 -0.000579815)
(0.000948577 -0.000833774 -0.000579814)
(0.00107895 -0.000656386 -0.000579815)
(0.00117654 -0.000459059 -0.000579813)
(0.00123838 -0.000247782 -0.000579813)
(0.00126259 -2.89736e-05 -0.000579814)
(0.00124844 0.000190712 -0.000579813)
(0.00119636 0.000404606 -0.000579814)
(0.00110792 0.000606204 -0.000579814)
(0.000985825 0.000789383 -0.000579815)
(0.000833774 0.000948578 -0.000579814)
(0.000656386 0.00107895 -0.000579815)
(0.000459059 0.00117654 -0.000579813)
(0.000247782 0.00123838 -0.000579813)
(2.89737e-05 0.00126259 -0.000579814)
(-0.000190712 0.00124844 -0.000579813)
(-0.000404606 0.00119636 -0.000579814)
(-0.000606204 0.00110792 -0.000579814)
(-0.000780175 0.00125444 -0.000425399)
(-0.000986152 0.00109991 -0.000425399)
(-0.00116217 0.000911956 -0.000425399)
(-0.00130287 0.000696294 -0.000425398)
(-0.00140399 0.000459473 -0.000425398)
(-0.00146244 0.000208691 -0.000425399)
(-0.00147647 -4.84306e-05 -0.000425399)
(-0.00144563 -0.000304079 -0.000425399)
(-0.00137086 -0.00055049 -0.0004254)
(-0.00125444 -0.000780175 -0.000425399)
(-0.00109991 -0.000986152 -0.000425399)
(-0.000911956 -0.00116217 -0.000425399)
(-0.000696294 -0.00130287 -0.000425399)
(-0.000459473 -0.00140399 -0.000425398)
(-0.000208691 -0.00146244 -0.000425399)
(4.84307e-05 -0.00147647 -0.000425399)
(0.000304079 -0.00144563 -0.000425399)
(0.00055049 -0.00137086 -0.0004254)
(0.000780175 -0.00125444 -0.000425399)
(0.000986152 -0.00109991 -0.0004254)
(0.00116217 -0.000911956 -0.000425399)
(0.00130287 -0.000696294 -0.000425399)
(0.00140399 -0.000459473 -0.000425398)
(0.00146244 -0.000208691 -0.000425399)
(0.00147647 4.84308e-05 -0.000425399)
(0.00144563 0.000304079 -0.000425399)
(0.00137086 0.00055049 -0.000425399)
(0.00125444 0.000780175 -0.000425399)
(0.00109991 0.000986152 -0.000425399)
(0.000911956 0.00116217 -0.000425399)
(0.000696294 0.00130287 -0.000425398)
(0.000459473 0.00140399 -0.000425398)
(0.000208691 0.00146244 -0.000425399)
(-4.84307e-05 0.00147647 -0.000425399)
(-0.000304079 0.00144563 -0.000425399)
(-0.00055049 0.00137086 -0.000425399)
(-0.000797875 0.00150297 -0.000278084)
(-0.00104674 0.00134158 -0.000278084)
(-0.0012638 0.00113944 -0.000278085)
(-0.00144246 0.00090267 -0.000278086)
(-0.00157729 0.000638475 -0.000278086)
(-0.0016642 0.000354881 -0.000278086)
(-0.00170054 6.05049e-05 -0.000278085)
(-0.00168522 -0.000235711 -0.000278084)
(-0.00161868 -0.000524766 -0.000278085)
(-0.00150297 -0.000797875 -0.000278084)
(-0.00134158 -0.00104674 -0.000278084)
(-0.00113944 -0.0012638 -0.000278085)
(-0.00090267 -0.00144246 -0.000278086)
(-0.000638475 -0.00157729 -0.000278086)
(-0.000354881 -0.0016642 -0.000278086)
(-6.05049e-05 -0.00170054 -0.000278085)
(0.000235711 -0.00168522 -0.000278085)
(0.000524766 -0.00161868 -0.000278085)
(0.000797875 -0.00150297 -0.000278084)
(0.00104674 -0.00134158 -0.000278084)
(0.0012638 -0.00113944 -0.000278085)
(0.00144246 -0.00090267 -0.000278086)
(0.00157729 -0.000638475 -0.000278086)
(0.0016642 -0.000354881 -0.000278086)
(0.00170054 -6.05048e-05 -0.000278085)
(0.00168522 0.000235711 -0.000278085)
(0.00161868 0.000524766 -0.000278085)
(0.00150297 0.000797875 -0.000278084)
(0.00134158 0.00104674 -0.000278084)
(0.00113944 0.0012638 -0.000278085)
(0.00090267 0.00144246 -0.000278086)
(0.000638475 0.00157729 -0.000278086)
(0.000354881 0.0016642 -0.000278086)
(6.05049e-05 0.00170054 -0.000278085)
(-0.000235711 0.00168522 -0.000278084)
(-0.000524766 0.00161868 -0.000278085)
(-0.00114765 0.00121565 -0.001168)
(-0.00134131 0.000997897 -0.001168)
(-0.00149421 0.000749823 -0.001168)
(-0.00160172 0.000478966 -0.001168)
(-0.00166056 0.000193554 -0.001168)
(-0.00166894 -9.77389e-05 -0.00116799)
(-0.00162661 -0.000386064 -0.001168)
(-0.00153486 -0.000662657 -0.001168)
(-0.00139647 -0.000919115 -0.001168)
(-0.00121565 -0.00114765 -0.001168)
(-0.000997897 -0.00134131 -0.001168)
(-0.000749823 -0.00149421 -0.001168)
(-0.000478966 -0.00160172 -0.001168)
(-0.000193553 -0.00166056 -0.001168)
(9.7739e-05 -0.00166894 -0.001168)
(0.000386064 -0.00162661 -0.001168)
(0.000662657 -0.00153486 -0.001168)
(0.000919115 -0.00139647 -0.001168)
(0.00114765 -0.00121565 -0.001168)
(0.00134131 -0.000997897 -0.001168)
(0.00149421 -0.000749822 -0.001168)
(0.00160172 -0.000478966 -0.001168)
(0.00166056 -0.000193553 -0.001168)
(0.00166894 9.77391e-05 -0.00116799)
(0.00162661 0.000386064 -0.001168)
(0.00153486 0.000662657 -0.001168)
(0.00139647 0.000919115 -0.001168)
(0.00121565 0.00114765 -0.001168)
(0.000997897 0.00134131 -0.001168)
(0.000749823 0.00149421 -0.001168)
(0.000478966 0.00160172 -0.001168)
(0.000193554 0.00166056 -0.00116799)
(-9.77389e-05 0.00166894 -0.00116799)
(-0.000386064 0.00162661 -0.001168)
(-0.000662657 0.00153486 -0.001168)
(-0.000919115 0.00139647 -0.001168)
(-0.00114966 0.00153001 -0.000965394)
(-0.00139788 0.00130713 -0.000965394)
(-0.00160362 0.00104454 -0.000965394)
(-0.00176064 0.000750203 -0.000965393)
(-0.00186416 0.000433075 -0.000965392)
(-0.00191105 0.000102786 -0.000965393)
(-0.00189986 -0.000230625 -0.000965392)
(-0.00183095 -0.00055703 -0.000965393)
(-0.00170641 -0.000866509 -0.000965393)
(-0.00153001 -0.00114966 -0.000965394)
(-0.00130713 -0.00139788 -0.000965394)
(-0.00104454 -0.00160362 -0.000965394)
(-0.000750203 -0.00176064 -0.000965393)
(-0.000433075 -0.00186416 -0.000965392)
(-0.000102786 -0.00191105 -0.000965393)
(0.000230626 -0.00189986 -0.000965392)
(0.00055703 -0.00183095 -0.000965393)
(0.000866509 -0.00170641 -0.000965393)
(0.00114966 -0.00153001 -0.000965394)
(0.00139788 -0.00130713 -0.000965394)
(0.00160362 -0.00104454 -0.000965394)
(0.00176064 -0.000750203 -0.000965393)
(0.00186416 -0.000433075 -0.000965392)
(0.00191105 -0.000102786 -0.000965393)
(0.00189986 0.000230626 -0.000965392)
(0.00183095 0.00055703 -0.000965393)
(0.00170641 0.000866509 -0.000965393)
(0.00153001 0.00114966 -0.000965394)
(0.00130713 0.00139788 -0.000965394)
(0.00104454 0.00160362 -0.000965394)
(0.000750203 0.00176064 -0.000965393)
(0.000433075 0.00186417 -0.000965392)
(0.000102786 0.00191105 -0.000965393)
(-0.000230625 0.00189986 -0.000965392)
(-0.00055703 0.00183095 -0.000965393)
(-0.000866509 0.00170641 -0.000965393)
(-0.00118369 0.00183777 -0.000763027)
(-0.00148483 0.0016043 -0.000763028)
(-0.00174085 0.0013221 -0.000763027)
(-0.00194399 0.000999713 -0.000763028)
(-0.00208805 0.000646954 -0.000763027)
(-0.00216867 0.000274539 -0.000763027)
(-0.0021834 -0.000106217 -0.000763027)
(-0.00213178 -0.000483747 -0.000763027)
(-0.00201539 -0.000846578 -0.000763028)
(-0.00183777 -0.00118369 -0.000763027)
(-0.0016043 -0.00148483 -0.000763028)
(-0.00132209 -0.00174085 -0.000763027)
(-0.000999713 -0.00194398 -0.000763028)
(-0.000646954 -0.00208805 -0.000763028)
(-0.000274539 -0.00216867 -0.000763027)
(0.000106217 -0.0021834 -0.000763027)
(0.000483748 -0.00213178 -0.000763027)
(0.000846578 -0.00201539 -0.000763028)
(0.00118369 -0.00183777 -0.000763027)
(0.00148483 -0.0016043 -0.000763028)
(0.00174085 -0.00132209 -0.000763027)
(0.00194399 -0.000999713 -0.000763028)
(0.00208805 -0.000646954 -0.000763028)
(0.00216867 -0.000274539 -0.000763027)
(0.0021834 0.000106217 -0.000763027)
(0.00213178 0.000483748 -0.000763027)
(0.00201539 0.000846578 -0.000763028)
(0.00183777 0.00118369 -0.000763027)
(0.0016043 0.00148483 -0.000763028)
(0.00132209 0.00174085 -0.000763027)
(0.000999713 0.00194399 -0.000763027)
(0.000646954 0.00208805 -0.000763027)
(0.000274539 0.00216867 -0.000763027)
(-0.000106217 0.0021834 -0.000763027)
(-0.000483748 0.00213178 -0.000763027)
(-0.000846578 0.00201539 -0.000763028)
(-0.00124497 0.00211355 -0.000570355)
(-0.00159307 0.00186526 -0.000570355)
(-0.00189277 0.00156029 -0.000570354)
(-0.00213495 0.00120791 -0.000570355)
(-0.00231227 0.000818827 -0.000570355)
(-0.00241933 0.000404865 -0.000570355)
(-0.00245288 -2.13987e-05 -0.000570356)
(-0.0024119 -0.00044701 -0.000570355)
(-0.00229763 -0.000859042 -0.000570354)
(-0.00211355 -0.00124497 -0.000570355)
(-0.00186526 -0.00159307 -0.000570355)
(-0.00156029 -0.00189277 -0.000570354)
(-0.00120791 -0.00213495 -0.000570355)
(-0.000818827 -0.00231227 -0.000570355)
(-0.000404865 -0.00241933 -0.000570355)
(2.13988e-05 -0.00245288 -0.000570356)
(0.00044701 -0.0024119 -0.000570356)
(0.000859042 -0.00229763 -0.000570354)
(0.00124497 -0.00211355 -0.000570355)
(0.00159307 -0.00186526 -0.000570355)
(0.00189277 -0.00156029 -0.000570354)
(0.00213495 -0.00120791 -0.000570355)
(0.00231227 -0.000818827 -0.000570355)
(0.00241933 -0.000404865 -0.000570355)
(0.00245288 2.13988e-05 -0.000570356)
(0.0024119 0.00044701 -0.000570355)
(0.00229763 0.000859042 -0.000570354)
(0.00211355 0.00124497 -0.000570355)
(0.00186526 0.00159307 -0.000570355)
(0.00156029 0.00189277 -0.000570354)
(0.00120791 0.00213495 -0.000570355)
(0.000818827 0.00231227 -0.000570355)
(0.000404865 0.00241933 -0.000570355)
(-2.13987e-05 0.00245288 -0.000570356)
(-0.00044701 0.0024119 -0.000570355)
(-0.000859042 0.00229763 -0.000570354)
(-0.0014613 0.00178788 -0.00162213)
(-0.00174957 0.00150697 -0.00162213)
(-0.00198467 0.00118027 -0.00162213)
(-0.00215947 0.000817702 -0.00162213)
(-0.00226865 0.000430292 -0.00162213)
(-0.00230891 2.9808e-05 -0.00162213)
(-0.00227901 -0.000371582 -0.00162213)
(-0.00217985 -0.000761685 -0.00162213)
(-0.00201448 -0.00112864 -0.00162213)
(-0.00178788 -0.0014613 -0.00162213)
(-0.00150697 -0.00174957 -0.00162213)
(-0.00118027 -0.00198467 -0.00162213)
(-0.000817702 -0.00215947 -0.00162213)
(-0.000430292 -0.00226865 -0.00162213)
(-2.98079e-05 -0.00230891 -0.00162213)
(0.000371582 -0.00227901 -0.00162213)
(0.000761685 -0.00217985 -0.00162213)
(0.00112864 -0.00201448 -0.00162213)
(0.0014613 -0.00178788 -0.00162213)
(0.00174957 -0.00150697 -0.00162213)
(0.00198467 -0.00118027 -0.00162213)
(0.00215947 -0.000817702 -0.00162213)
(0.00226865 -0.000430292 -0.00162213)
(0.00230891 -2.98078e-05 -0.00162213)
(0.00227901 0.000371582 -0.00162213)
(0.00217985 0.000761685 -0.00162213)
(0.00201448 0.00112864 -0.00162213)
(0.00178788 0.0014613 -0.00162213)
(0.00150697 0.00174957 -0.00162213)
(0.00118027 0.00198467 -0.00162213)
(0.000817702 0.00215947 -0.00162213)
(0.000430292 0.00226865 -0.00162213)
(2.9808e-05 0.00230891 -0.00162213)
(-0.000371582 0.00227901 -0.00162212)
(-0.000761685 0.00217985 -0.00162213)
(-0.00112864 0.00201448 -0.00162213)
(-0.00149847 0.00209555 -0.00138627)
(-0.00183959 0.00180351 -0.00138627)
(-0.00212482 0.00145667 -0.00138627)
(-0.00234549 0.00106557 -0.00138627)
(-0.00249489 0.00064209 -0.00138627)
(-0.00256849 0.000199103 -0.00138627)
(-0.00256404 -0.000249935 -0.00138627)
(-0.00248168 -0.000691379 -0.00138627)
(-0.00232392 -0.00111181 -0.00138627)
(-0.00209555 -0.00149847 -0.00138627)
(-0.00180351 -0.00183959 -0.00138627)
(-0.00145667 -0.00212482 -0.00138627)
(-0.00106557 -0.00234549 -0.00138627)
(-0.000642089 -0.00249489 -0.00138627)
(-0.000199103 -0.00256849 -0.00138627)
(0.000249935 -0.00256404 -0.00138627)
(0.000691379 -0.00248168 -0.00138627)
(0.00111181 -0.00232392 -0.00138627)
(0.00149847 -0.00209555 -0.00138627)
(0.00183959 -0.00180351 -0.00138627)
(0.00212482 -0.00145667 -0.00138627)
(0.00234549 -0.00106557 -0.00138627)
(0.00249489 -0.000642089 -0.00138627)
(0.00256849 -0.000199103 -0.00138627)
(0.00256404 0.000249935 -0.00138627)
(0.00248168 0.000691379 -0.00138627)
(0.00232392 0.00111182 -0.00138627)
(0.00209555 0.00149847 -0.00138627)
(0.00180351 0.00183959 -0.00138627)
(0.00145667 0.00212482 -0.00138627)
(0.00106557 0.00234549 -0.00138627)
(0.00064209 0.00249489 -0.00138627)
(0.000199103 0.00256849 -0.00138627)
(-0.000249935 0.00256404 -0.00138627)
(-0.000691379 0.00248168 -0.00138627)
(-0.00111181 0.00232392 -0.00138627)
(-0.00157045 0.00238657 -0.00115423)
(-0.00196102 0.0020776 -0.00115423)
(-0.002292 0.00170551 -0.00115423)
(-0.00255333 0.0012816 -0.00115423)
(-0.00273709 0.000818753 -0.00115423)
(-0.00283768 0.000331023 -0.00115423)
(-0.00285205 -0.000166766 -0.00115423)
(-0.00277976 -0.000659486 -0.00115423)
(-0.00262302 -0.00113217 -0.00115423)
(-0.00238657 -0.00157045 -0.00115423)
(-0.0020776 -0.00196102 -0.00115423)
(-0.00170551 -0.002292 -0.00115423)
(-0.0012816 -0.00255333 -0.00115423)
(-0.000818753 -0.00273709 -0.00115423)
(-0.000331023 -0.00283768 -0.00115423)
(0.000166766 -0.00285205 -0.00115423)
(0.000659486 -0.00277976 -0.00115423)
(0.00113217 -0.00262302 -0.00115423)
(0.00157045 -0.00238657 -0.00115423)
(0.00196102 -0.0020776 -0.00115423)
(0.002292 -0.00170551 -0.00115423)
(0.00255333 -0.0012816 -0.00115423)
(0.00273709 -0.000818753 -0.00115423)
(0.00283768 -0.000331023 -0.00115423)
(0.00285205 0.000166766 -0.00115423)
(0.00277976 0.000659486 -0.00115423)
(0.00262302 0.00113217 -0.00115423)
(0.00238657 0.00157045 -0.00115423)
(0.0020776 0.00196102 -0.00115423)
(0.00170551 0.002292 -0.00115423)
(0.0012816 0.00255333 -0.00115423)
(0.000818753 0.00273709 -0.00115423)
(0.000331023 0.00283768 -0.00115423)
(-0.000166766 0.00285205 -0.00115423)
(-0.000659486 0.00277976 -0.00115423)
(-0.00113217 0.00262302 -0.00115423)
(-0.00166773 0.00263628 -0.000934358)
(-0.00210018 0.00230663 -0.000934357)
(-0.00246881 0.0019069 -0.000934358)
(-0.00276243 0.00144922 -0.000934357)
(-0.00297212 0.000947515 -0.000934358)
(-0.0030915 0.000417013 -0.000934359)
(-0.00311695 -0.000126155 -0.000934357)
(-0.00304769 -0.00066549 -0.000934358)
(-0.00288582 -0.00118461 -0.000934357)
(-0.00263628 -0.00166773 -0.000934358)
(-0.00230663 -0.00210018 -0.000934357)
(-0.0019069 -0.00246881 -0.000934358)
(-0.00144922 -0.00276243 -0.000934358)
(-0.000947514 -0.00297212 -0.000934358)
(-0.000417013 -0.0030915 -0.000934359)
(0.000126155 -0.00311695 -0.000934357)
(0.00066549 -0.00304769 -0.000934358)
(0.00118461 -0.00288582 -0.000934357)
(0.00166773 -0.00263628 -0.000934358)
(0.00210018 -0.00230663 -0.000934357)
(0.00246881 -0.00190689 -0.000934358)
(0.00276243 -0.00144922 -0.000934358)
(0.00297212 -0.000947514 -0.000934358)
(0.0030915 -0.000417013 -0.000934359)
(0.00311695 0.000126155 -0.000934357)
(0.00304769 0.00066549 -0.000934358)
(0.00288582 0.00118461 -0.000934357)
(0.00263628 0.00166773 -0.000934358)
(0.00230663 0.00210018 -0.000934357)
(0.0019069 0.00246881 -0.000934358)
(0.00144922 0.00276243 -0.000934357)
(0.000947515 0.00297212 -0.000934358)
(0.000417013 0.0030915 -0.000934358)
(-0.000126155 0.00311695 -0.000934357)
(-0.00066549 0.00304769 -0.000934358)
(-0.00118461 0.00288583 -0.000934357)
(-0.00178625 0.0024078 -0.00208805)
(-0.00217722 0.00206104 -0.00208805)
(-0.00250204 0.00165166 -0.00208805)
(-0.00275084 0.00119209 -0.00208805)
(-0.00291605 0.000696304 -0.00208805)
(-0.00299266 0.000179357 -0.00208805)
(-0.00297834 -0.000343036 -0.00208805)
(-0.00287352 -0.000855009 -0.00208805)
(-0.0026814 -0.001341 -0.00208805)
(-0.0024078 -0.00178625 -0.00208805)
(-0.00206104 -0.00217722 -0.00208805)
(-0.00165166 -0.00250204 -0.00208805)
(-0.00119209 -0.00275084 -0.00208805)
(-0.000696304 -0.00291605 -0.00208805)
(-0.000179357 -0.00299266 -0.00208805)
(0.000343037 -0.00297834 -0.00208805)
(0.000855009 -0.00287352 -0.00208805)
(0.001341 -0.0026814 -0.00208805)
(0.00178625 -0.0024078 -0.00208805)
(0.00217722 -0.00206104 -0.00208805)
(0.00250204 -0.00165166 -0.00208805)
(0.00275084 -0.00119209 -0.00208805)
(0.00291605 -0.000696304 -0.00208805)
(0.00299266 -0.000179357 -0.00208805)
(0.00297834 0.000343037 -0.00208805)
(0.00287352 0.000855009 -0.00208805)
(0.0026814 0.001341 -0.00208805)
(0.0024078 0.00178625 -0.00208805)
(0.00206104 0.00217722 -0.00208805)
(0.00165166 0.00250204 -0.00208805)
(0.00119209 0.00275084 -0.00208805)
(0.000696304 0.00291605 -0.00208805)
(0.000179357 0.00299266 -0.00208805)
(-0.000343037 0.00297834 -0.00208805)
(-0.000855009 0.00287352 -0.00208805)
(-0.001341 0.0026814 -0.00208805)
(-0.00184533 0.00266514 -0.00183067)
(-0.00228009 0.00230421 -0.00183067)
(-0.00264558 0.00187327 -0.00183067)
(-0.00293067 0.00138541 -0.00183067)
(-0.00312672 0.000855459 -0.00183067)
(-0.00322777 0.000299513 -0.00183067)
(-0.00323074 -0.000265535 -0.00183067)
(-0.00313555 -0.000822513 -0.00183067)
(-0.00294509 -0.0013545 -0.00183067)
(-0.00266514 -0.00184533 -0.00183067)
(-0.00230421 -0.00228009 -0.00183067)
(-0.00187327 -0.00264558 -0.00183067)
(-0.00138541 -0.00293067 -0.00183067)
(-0.000855459 -0.00312672 -0.00183067)
(-0.000299513 -0.00322777 -0.00183067)
(0.000265535 -0.00323074 -0.00183067)
(0.000822513 -0.00313555 -0.00183067)
(0.0013545 -0.00294509 -0.00183067)
(0.00184533 -0.00266514 -0.00183067)
(0.00228009 -0.00230421 -0.00183067)
(0.00264558 -0.00187327 -0.00183067)
(0.00293067 -0.00138541 -0.00183067)
(0.00312672 -0.000855459 -0.00183067)
(0.00322777 -0.000299513 -0.00183067)
(0.00323074 0.000265535 -0.00183067)
(0.00313555 0.000822513 -0.00183067)
(0.00294509 0.0013545 -0.00183067)
(0.00266514 0.00184533 -0.00183067)
(0.00230421 0.00228009 -0.00183067)
(0.00187327 0.00264558 -0.00183067)
(0.00138541 0.00293067 -0.00183067)
(0.000855459 0.00312672 -0.00183067)
(0.000299513 0.00322777 -0.00183067)
(-0.000265535 0.00323074 -0.00183067)
(-0.000822513 0.00313555 -0.00183067)
(-0.0013545 0.00294509 -0.00183067)
(-0.00193898 0.00289681 -0.00158095)
(-0.00241255 0.00251611 -0.00158095)
(-0.00281282 0.00205894 -0.00158095)
(-0.00312762 0.00153923 -0.00158095)
(-0.00334738 0.000972735 -0.00158095)
(-0.00346544 0.000376691 -0.00158095)
(-0.00347821 -0.000230802 -0.00158095)
(-0.00338529 -0.000831277 -0.00158095)
(-0.00318951 -0.0014065 -0.00158095)
(-0.00289681 -0.00193898 -0.00158095)
(-0.00251611 -0.00241255 -0.00158095)
(-0.00205894 -0.00281282 -0.00158095)
(-0.00153923 -0.00312762 -0.00158095)
(-0.000972735 -0.00334738 -0.00158095)
(-0.000376691 -0.00346544 -0.00158095)
(0.000230802 -0.00347821 -0.00158095)
(0.000831277 -0.00338529 -0.00158095)
(0.0014065 -0.00318951 -0.00158095)
(0.00193898 -0.00289681 -0.00158095)
(0.00241255 -0.00251611 -0.00158095)
(0.00281282 -0.00205894 -0.00158095)
(0.00312762 -0.00153923 -0.00158095)
(0.00334738 -0.000972735 -0.00158095)
(0.00346544 -0.000376691 -0.00158095)
(0.00347821 0.000230802 -0.00158095)
(0.00338529 0.000831277 -0.00158095)
(0.00318951 0.0014065 -0.00158095)
(0.00289681 0.00193898 -0.00158095)
(0.00251611 0.00241255 -0.00158095)
(0.00205894 0.00281282 -0.00158095)
(0.00153923 0.00312762 -0.00158095)
(0.000972735 0.00334738 -0.00158095)
(0.000376691 0.00346544 -0.00158095)
(-0.000230802 0.00347821 -0.00158095)
(-0.000831277 0.00338529 -0.00158095)
(-0.0014065 0.00318951 -0.00158095)
(-0.00205448 0.00308078 -0.00134537)
(-0.00255825 0.00267722 -0.00134537)
(-0.00298428 0.00219231 -0.00134537)
(-0.00331963 0.0016408 -0.00134537)
(-0.00355412 0.00103942 -0.00134537)
(-0.00368061 0.000406466 -0.00134537)
(-0.00369528 -0.000238842 -0.00134537)
(-0.00359766 -0.000876895 -0.00134537)
(-0.00339074 -0.0014883 -0.00134537)
(-0.00308078 -0.00205448 -0.00134537)
(-0.00267722 -0.00255825 -0.00134537)
(-0.00219231 -0.00298428 -0.00134537)
(-0.0016408 -0.00331963 -0.00134537)
(-0.00103942 -0.00355412 -0.00134537)
(-0.000406466 -0.00368061 -0.00134537)
(0.000238843 -0.00369528 -0.00134537)
(0.000876895 -0.00359766 -0.00134537)
(0.0014883 -0.00339074 -0.00134537)
(0.00205448 -0.00308078 -0.00134537)
(0.00255825 -0.00267722 -0.00134537)
(0.00298428 -0.00219231 -0.00134537)
(0.00331963 -0.0016408 -0.00134537)
(0.00355412 -0.00103942 -0.00134537)
(0.00368061 -0.000406466 -0.00134537)
(0.00369528 0.000238843 -0.00134537)
(0.00359766 0.000876895 -0.00134537)
(0.00339074 0.0014883 -0.00134537)
(0.00308078 0.00205448 -0.00134537)
(0.00267722 0.00255825 -0.00134537)
(0.00219231 0.00298428 -0.00134537)
(0.0016408 0.00331963 -0.00134537)
(0.00103942 0.00355412 -0.00134537)
(0.000406466 0.00368061 -0.00134537)
(-0.000238842 0.00369528 -0.00134537)
(-0.000876895 0.00359766 -0.00134537)
(-0.0014883 0.00339074 -0.00134537)
(-0.00213622 0.00303232 -0.00257027)
(-0.00263032 0.0026153 -0.00257027)
(-0.00304451 0.00211881 -0.00257027)
(-0.00336618 0.00155795 -0.00257027)
(-0.00358558 0.000949751 -0.00257027)
(-0.00369603 0.000312694 -0.00257027)
(-0.00369417 -0.000333864 -0.00257027)
(-0.00358008 -0.000970279 -0.00257027)
(-0.0033572 -0.00157721 -0.00257027)
(-0.00303232 -0.00213622 -0.00257027)
(-0.0026153 -0.00263032 -0.00257027)
(-0.00211881 -0.00304451 -0.00257027)
(-0.00155795 -0.00336618 -0.00257027)
(-0.000949751 -0.00358558 -0.00257027)
(-0.000312694 -0.00369603 -0.00257027)
(0.000333864 -0.00369417 -0.00257027)
(0.000970279 -0.00358008 -0.00257027)
(0.00157721 -0.0033572 -0.00257027)
(0.00213622 -0.00303232 -0.00257027)
(0.00263032 -0.0026153 -0.00257027)
(0.00304451 -0.00211881 -0.00257027)
(0.00336618 -0.00155795 -0.00257027)
(0.00358558 -0.000949751 -0.00257027)
(0.00369603 -0.000312694 -0.00257027)
(0.00369417 0.000333864 -0.00257027)
(0.00358008 0.000970279 -0.00257027)
(0.0033572 0.00157721 -0.00257027)
(0.00303232 0.00213622 -0.00257027)
(0.0026153 0.00263032 -0.00257027)
(0.00211881 0.00304451 -0.00257027)
(0.00155795 0.00336618 -0.00257027)
(0.000949751 0.00358558 -0.00257027)
(0.000312694 0.00369603 -0.00257027)
(-0.000333864 0.00369417 -0.00257027)
(-0.000970279 0.00358008 -0.00257027)
(-0.00157721 0.0033572 -0.00257027)
(-0.00219854 0.00321086 -0.00229508)
(-0.0027227 0.0027803 -0.00229508)
(-0.00316413 0.00226528 -0.00229508)
(-0.00350942 0.00168142 -0.00229508)
(-0.00374808 0.00104647 -0.00229508)
(-0.00387285 0.000379723 -0.00229508)
(-0.00387995 -0.000298559 -0.00229508)
(-0.00376916 -0.000967772 -0.00229508)
(-0.00354385 -0.00160758 -0.00229508)
(-0.00321086 -0.00219854 -0.00229508)
(-0.0027803 -0.0027227 -0.00229508)
(-0.00226528 -0.00316413 -0.00229508)
(-0.00168142 -0.00350942 -0.00229508)
(-0.00104647 -0.00374808 -0.00229508)
(-0.000379723 -0.00387285 -0.00229508)
(0.000298559 -0.00387995 -0.00229508)
(0.000967772 -0.00376916 -0.00229508)
(0.00160758 -0.00354385 -0.00229508)
(0.00219854 -0.00321086 -0.00229508)
(0.0027227 -0.0027803 -0.00229508)
(0.00316413 -0.00226528 -0.00229508)
(0.00350942 -0.00168142 -0.00229508)
(0.00374808 -0.00104647 -0.00229508)
(0.00387285 -0.000379723 -0.00229508)
(0.00387995 0.000298559 -0.00229508)
(0.00376917 0.000967772 -0.00229508)
(0.00354385 0.00160758 -0.00229508)
(0.00321086 0.00219854 -0.00229508)
(0.0027803 0.0027227 -0.00229508)
(0.00226528 0.00316413 -0.00229508)
(0.00168142 0.00350942 -0.00229508)
(0.00104647 0.00374808 -0.00229508)
(0.000379723 0.00387285 -0.00229508)
(-0.000298559 0.00387995 -0.00229508)
(-0.000967772 0.00376917 -0.00229508)
(-0.00160758 0.00354385 -0.00229508)
(-0.00229301 0.00335777 -0.00203072)
(-0.00284125 0.00290858 -0.00203072)
(-0.00330315 0.00237102 -0.00203072)
(-0.00366469 0.00176141 -0.00203072)
(-0.00391488 0.00109828 -0.00203072)
(-0.00404612 0.000401786 -0.00203072)
(-0.00405442 -0.000306917 -0.00203072)
(-0.00393953 -0.0010063 -0.00203072)
(-0.00370494 -0.0016751 -0.00203072)
(-0.00335777 -0.00229301 -0.00203072)
(-0.00290858 -0.00284125 -0.00203072)
(-0.00237102 -0.00330315 -0.00203072)
(-0.00176141 -0.00366469 -0.00203072)
(-0.00109828 -0.00391488 -0.00203072)
(-0.000401786 -0.00404612 -0.00203072)
(0.000306917 -0.00405442 -0.00203072)
(0.0010063 -0.00393953 -0.00203072)
(0.0016751 -0.00370494 -0.00203072)
(0.00229301 -0.00335777 -0.00203072)
(0.00284125 -0.00290858 -0.00203072)
(0.00330315 -0.00237102 -0.00203072)
(0.00366469 -0.00176141 -0.00203072)
(0.00391488 -0.00109828 -0.00203072)
(0.00404612 -0.000401786 -0.00203072)
(0.00405442 0.000306917 -0.00203072)
(0.00393953 0.0010063 -0.00203072)
(0.00370494 0.0016751 -0.00203072)
(0.00335777 0.00229301 -0.00203072)
(0.00290858 0.00284125 -0.00203072)
(0.00237102 0.00330315 -0.00203072)
(0.00176141 0.00366469 -0.00203072)
(0.00109828 0.00391488 -0.00203072)
(0.000401786 0.00404612 -0.00203072)
(-0.000306917 0.00405442 -0.00203072)
(-0.0010063 0.00393953 -0.00203072)
(-0.0016751 0.00370494 -0.00203072)
(-0.00240489 0.00345349 -0.00178224)
(-0.00296805 0.00298342 -0.00178224)
(-0.00344103 0.0024227 -0.00178224)
(-0.00380945 0.00178837 -0.00178224)
(-0.00406212 0.0010997 -0.00178224)
(-0.00419137 0.000377608 -0.00178224)
(-0.00419326 -0.000355948 -0.00178224)
(-0.00406775 -0.00107869 -0.00178224)
(-0.00381863 -0.00176867 -0.00178224)
(-0.00345349 -0.00240489 -0.00178224)
(-0.00298342 -0.00296805 -0.00178224)
(-0.0024227 -0.00344103 -0.00178224)
(-0.00178837 -0.00380945 -0.00178224)
(-0.0010997 -0.00406212 -0.00178224)
(-0.000377607 -0.00419137 -0.00178224)
(0.000355948 -0.00419326 -0.00178224)
(0.00107869 -0.00406775 -0.00178224)
(0.00176867 -0.00381863 -0.00178224)
(0.0024049 -0.00345349 -0.00178224)
(0.00296805 -0.00298342 -0.00178224)
(0.00344103 -0.0024227 -0.00178224)
(0.00380945 -0.00178837 -0.00178224)
(0.00406212 -0.0010997 -0.00178224)
(0.00419137 -0.000377607 -0.00178224)
(0.00419326 0.000355949 -0.00178224)
(0.00406775 0.00107869 -0.00178224)
(0.00381863 0.00176867 -0.00178224)
(0.00345349 0.0024049 -0.00178224)
(0.00298342 0.00296805 -0.00178224)
(0.0024227 0.00344103 -0.00178224)
(0.00178837 0.00380945 -0.00178224)
(0.0010997 0.00406212 -0.00178224)
(0.000377608 0.00419137 -0.00178224)
(-0.000355948 0.00419326 -0.00178224)
(-0.00107869 0.00406775 -0.00178224)
(-0.00176867 0.00381863 -0.00178224)
(-0.00251485 0.00361036 -0.00307336)
(-0.00310357 0.00311881 -0.00307336)
(-0.003598 0.0025325 -0.00307336)
(-0.0039831 0.00186923 -0.00307336)
(-0.00424718 0.00114918 -0.00307336)
(-0.00438221 0.000394203 -0.00307336)
(-0.00438408 -0.000372745 -0.00307336)
(-0.00425275 -0.00112837 -0.00307336)
(-0.0039922 -0.00184971 -0.00307336)
(-0.00361036 -0.00251485 -0.00307336)
(-0.00311881 -0.00310357 -0.00307336)
(-0.0025325 -0.003598 -0.00307336)
(-0.00186923 -0.0039831 -0.00307336)
(-0.00114918 -0.00424718 -0.00307336)
(-0.000394203 -0.00438221 -0.00307336)
(0.000372746 -0.00438408 -0.00307336)
(0.00112837 -0.00425275 -0.00307336)
(0.00184971 -0.0039922 -0.00307336)
(0.00251485 -0.00361036 -0.00307336)
(0.00310357 -0.00311881 -0.00307336)
(0.003598 -0.0025325 -0.00307336)
(0.0039831 -0.00186923 -0.00307336)
(0.00424718 -0.00114918 -0.00307336)
(0.00438221 -0.000394203 -0.00307336)
(0.00438408 0.000372746 -0.00307336)
(0.00425275 0.00112837 -0.00307336)
(0.0039922 0.00184971 -0.00307336)
(0.00361036 0.00251485 -0.00307336)
(0.00311881 0.00310357 -0.00307336)
(0.0025325 0.003598 -0.00307336)
(0.00186923 0.0039831 -0.00307336)
(0.00114918 0.00424718 -0.00307336)
(0.000394203 0.00438221 -0.00307336)
(-0.000372745 0.00438408 -0.00307336)
(-0.00112837 0.00425275 -0.00307336)
(-0.00184971 0.0039922 -0.00307336)
(-0.00256008 0.00369541 -0.00277825)
(-0.00316289 0.00319471 -0.00277825)
(-0.0036696 0.00259695 -0.00277825)
(-0.0040648 0.00192027 -0.00277825)
(-0.0043365 0.00118526 -0.00277825)
(-0.00447644 0.000414223 -0.00277825)
(-0.00448036 -0.000369396 -0.00277825)
(-0.00434815 -0.00114179 -0.00277825)
(-0.00408382 -0.00187949 -0.00277825)
(-0.00369541 -0.00256008 -0.00277825)
(-0.00319471 -0.00316289 -0.00277825)
(-0.00259695 -0.0036696 -0.00277825)
(-0.00192027 -0.0040648 -0.00277825)
(-0.00118526 -0.0043365 -0.00277825)
(-0.000414223 -0.00447644 -0.00277825)
(0.000369397 -0.00448036 -0.00277825)
(0.00114179 -0.00434815 -0.00277825)
(0.00187949 -0.00408382 -0.00277825)
(0.00256008 -0.00369541 -0.00277825)
(0.00316289 -0.00319471 -0.00277825)
(0.0036696 -0.00259695 -0.00277825)
(0.0040648 -0.00192027 -0.00277825)
(0.0043365 -0.00118526 -0.00277825)
(0.00447644 -0.000414223 -0.00277825)
(0.00448036 0.000369397 -0.00277825)
(0.00434815 0.00114179 -0.00277825)
(0.00408382 0.00187949 -0.00277825)
(0.00369541 0.00256008 -0.00277825)
(0.00319471 0.00316289 -0.00277825)
(0.00259695 0.0036696 -0.00277825)
(0.00192027 0.0040648 -0.00277825)
(0.00118526 0.0043365 -0.00277825)
(0.000414223 0.00447644 -0.00277825)
(-0.000369396 0.00448036 -0.00277825)
(-0.00114179 0.00434815 -0.00277825)
(-0.00187949 0.00408382 -0.00277825)
(-0.00263375 0.00374715 -0.00249608)
(-0.00324442 0.00323288 -0.00249608)
(-0.00375652 0.00262037 -0.00249608)
(-0.00415447 0.00192825 -0.00249608)
(-0.00442619 0.00117754 -0.00249608)
(-0.00456343 0.000391054 -0.00249608)
(-0.004562 -0.000407321 -0.00249608)
(-0.00442197 -0.00119331 -0.00249608)
(-0.00414757 -0.00194305 -0.00249608)
(-0.00374715 -0.00263375 -0.00249608)
(-0.00323288 -0.00324442 -0.00249608)
(-0.00262037 -0.00375652 -0.00249608)
(-0.00192825 -0.00415447 -0.00249608)
(-0.00117754 -0.00442619 -0.00249608)
(-0.000391054 -0.00456343 -0.00249608)
(0.000407321 -0.004562 -0.00249608)
(0.00119331 -0.00442197 -0.00249608)
(0.00194305 -0.00414757 -0.00249608)
(0.00263375 -0.00374715 -0.00249608)
(0.00324442 -0.00323288 -0.00249608)
(0.00375652 -0.00262037 -0.00249608)
(0.00415447 -0.00192825 -0.00249608)
(0.00442619 -0.00117754 -0.00249608)
(0.00456343 -0.000391054 -0.00249608)
(0.004562 0.000407321 -0.00249608)
(0.00442197 0.00119331 -0.00249608)
(0.00414757 0.00194305 -0.00249608)
(0.00374715 0.00263375 -0.00249608)
(0.00323288 0.00324442 -0.00249608)
(0.00262037 0.00375652 -0.00249608)
(0.00192825 0.00415447 -0.00249608)
(0.00117754 0.00442619 -0.00249608)
(0.000391054 0.00456343 -0.00249608)
(-0.000407321 0.004562 -0.00249608)
(-0.00119331 0.00442197 -0.00249608)
(-0.00194305 0.00414757 -0.00249608)
(-0.00271974 0.00374792 -0.00223153)
(-0.00332924 0.0032187 -0.00223153)
(-0.00383758 0.00259169 -0.00223153)
(-0.00422932 0.00188592 -0.00223153)
(-0.00449255 0.00112286 -0.00223153)
(-0.00461928 0.000325676 -0.00223153)
(-0.00460566 -0.000481403 -0.00223153)
(-0.00445209 -0.00127385 -0.00223153)
(-0.00416325 -0.0020276 -0.00223153)
(-0.00374792 -0.00271974 -0.00223153)
(-0.0032187 -0.00332924 -0.00223153)
(-0.00259169 -0.00383758 -0.00223153)
(-0.00188592 -0.00422932 -0.00223153)
(-0.00112286 -0.00449255 -0.00223153)
(-0.000325675 -0.00461928 -0.00223153)
(0.000481404 -0.00460566 -0.00223153)
(0.00127385 -0.00445209 -0.00223153)
(0.0020276 -0.00416325 -0.00223153)
(0.00271974 -0.00374792 -0.00223153)
(0.00332924 -0.0032187 -0.00223153)
(0.00383758 -0.00259169 -0.00223153)
(0.00422932 -0.00188592 -0.00223153)
(0.00449255 -0.00112286 -0.00223153)
(0.00461928 -0.000325675 -0.00223153)
(0.00460566 0.000481404 -0.00223153)
(0.00445209 0.00127385 -0.00223153)
(0.00416325 0.0020276 -0.00223153)
(0.00374792 0.00271974 -0.00223153)
(0.0032187 0.00332924 -0.00223153)
(0.00259169 0.00383758 -0.00223153)
(0.00188592 0.00422932 -0.00223153)
(0.00112286 0.00449255 -0.00223153)
(0.000325676 0.00461928 -0.00223153)
(-0.000481403 0.00460566 -0.00223153)
(-0.00127385 0.00445209 -0.00223153)
(-0.0020276 0.00416326 -0.00223153)
(-0.00290731 0.0040846 -0.00359433)
(-0.00357243 0.0035177 -0.00359433)
(-0.004129 0.00284391 -0.00359433)
(-0.00456011 0.00208371 -0.00359433)
(-0.00485266 0.0012602 -0.00359433)
(-0.00499777 0.000398399 -0.00359433)
(-0.00499102 -0.000475509 -0.00359433)
(-0.00483263 -0.00133497 -0.00359433)
(-0.00452739 -0.00215386 -0.00359433)
(-0.0040846 -0.00290731 -0.00359433)
(-0.0035177 -0.00357243 -0.00359433)
(-0.00284391 -0.004129 -0.00359433)
(-0.00208371 -0.00456011 -0.00359433)
(-0.0012602 -0.00485266 -0.00359433)
(-0.000398399 -0.00499777 -0.00359433)
(0.00047551 -0.00499102 -0.00359433)
(0.00133497 -0.00483263 -0.00359433)
(0.00215386 -0.00452739 -0.00359433)
(0.00290731 -0.0040846 -0.00359433)
(0.00357243 -0.00351769 -0.00359433)
(0.004129 -0.00284391 -0.00359433)
(0.00456011 -0.00208371 -0.00359433)
(0.00485266 -0.0012602 -0.00359433)
(0.00499777 -0.000398399 -0.00359433)
(0.00499102 0.000475509 -0.00359433)
(0.00483263 0.00133497 -0.00359433)
(0.00452739 0.00215386 -0.00359433)
(0.0040846 0.00290731 -0.00359433)
(0.0035177 0.00357243 -0.00359433)
(0.00284391 0.004129 -0.00359433)
(0.00208371 0.00456011 -0.00359433)
(0.0012602 0.00485266 -0.00359433)
(0.000398399 0.00499777 -0.00359433)
(-0.000475509 0.00499102 -0.00359433)
(-0.00133497 0.00483263 -0.00359433)
(-0.00215386 0.00452739 -0.00359433)
(-0.00291669 0.0040735 -0.00327523)
(-0.00357974 0.00350513 -0.00327523)
(-0.00413401 0.00283027 -0.00327523)
(-0.00456268 0.0020694 -0.00327523)
(-0.00485271 0.00124567 -0.00327523)
(-0.00499529 0.000384078 -0.00327523)
(-0.0049861 -0.000489179 -0.00327523)
(-0.0048254 -0.00134758 -0.00327523)
(-0.00451809 -0.00216503 -0.00327523)
(-0.0040735 -0.00291669 -0.00327523)
(-0.00350513 -0.00357974 -0.00327523)
(-0.00283026 -0.00413401 -0.00327523)
(-0.0020694 -0.00456268 -0.00327523)
(-0.00124567 -0.00485271 -0.00327523)
(-0.000384078 -0.00499529 -0.00327523)
(0.000489179 -0.0049861 -0.00327523)
(0.00134758 -0.0048254 -0.00327523)
(0.00216503 -0.00451809 -0.00327523)
(0.00291669 -0.0040735 -0.00327523)
(0.00357974 -0.00350513 -0.00327523)
(0.00413401 -0.00283026 -0.00327523)
(0.00456268 -0.0020694 -0.00327523)
(0.00485271 -0.00124567 -0.00327523)
(0.00499529 -0.000384078 -0.00327523)
(0.0049861 0.000489179 -0.00327523)
(0.0048254 0.00134758 -0.00327523)
(0.00451809 0.00216503 -0.00327523)
(0.0040735 0.00291669 -0.00327523)
(0.00350513 0.00357974 -0.00327523)
(0.00283027 0.00413401 -0.00327523)
(0.0020694 0.00456268 -0.00327523)
(0.00124567 0.00485271 -0.00327523)
(0.000384078 0.00499529 -0.00327523)
(-0.000489179 0.0049861 -0.00327523)
(-0.00134758 0.0048254 -0.00327523)
(-0.00216503 0.00451809 -0.00327523)
(-0.00295031 0.00403276 -0.00297026)
(-0.00360577 0.00345918 -0.00297026)
(-0.00415167 0.00278049 -0.00297027)
(-0.00457142 0.00201732 -0.00297027)
(-0.00485228 0.00119285 -0.00297027)
(-0.0049857 0.000332145 -0.00297027)
(-0.00496763 -0.000538659 -0.00297026)
(-0.00479862 -0.0013931 -0.00297026)
(-0.00448381 -0.0022052 -0.00297027)
(-0.00403276 -0.00295031 -0.00297026)
(-0.00345918 -0.00360577 -0.00297027)
(-0.00278049 -0.00415167 -0.00297027)
(-0.00201732 -0.00457142 -0.00297027)
(-0.00119285 -0.00485228 -0.00297027)
(-0.000332145 -0.0049857 -0.00297027)
(0.00053866 -0.00496763 -0.00297026)
(0.0013931 -0.00479862 -0.00297026)
(0.0022052 -0.00448381 -0.00297027)
(0.00295031 -0.00403276 -0.00297026)
(0.00360577 -0.00345918 -0.00297027)
(0.00415167 -0.00278049 -0.00297027)
(0.00457142 -0.00201732 -0.00297027)
(0.00485228 -0.00119285 -0.00297027)
(0.0049857 -0.000332145 -0.00297027)
(0.00496763 0.00053866 -0.00297026)
(0.00479862 0.0013931 -0.00297026)
(0.00448381 0.0022052 -0.00297027)
(0.00403276 0.00295031 -0.00297026)
(0.00345918 0.00360577 -0.00297026)
(0.00278049 0.00415167 -0.00297027)
(0.00201732 0.00457142 -0.00297027)
(0.00119285 0.00485228 -0.00297027)
(0.000332145 0.0049857 -0.00297027)
(-0.000538659 0.00496763 -0.00297026)
(-0.0013931 0.00479862 -0.00297026)
(-0.0022052 0.00448381 -0.00297027)
(-0.00299121 0.00394628 -0.00268523)
(-0.00363104 0.00336691 -0.00268523)
(-0.00416053 0.00268523 -0.00268523)
(-0.00456361 0.00192197 -0.00268523)
(-0.00482802 0.00110031 -0.00268523)
(-0.00494574 0.000245217 -0.00268523)
(-0.00491319 -0.000617329 -0.00268523)
(-0.00473135 -0.00146112 -0.00268523)
(-0.00440575 -0.00226051 -0.00268523)
(-0.00394628 -0.00299121 -0.00268523)
(-0.00336691 -0.00363104 -0.00268523)
(-0.00268523 -0.00416053 -0.00268523)
(-0.00192197 -0.00456361 -0.00268523)
(-0.00110031 -0.00482802 -0.00268523)
(-0.000245217 -0.00494574 -0.00268523)
(0.00061733 -0.00491319 -0.00268523)
(0.00146112 -0.00473135 -0.00268523)
(0.00226051 -0.00440575 -0.00268523)
(0.00299121 -0.00394628 -0.00268523)
(0.00363104 -0.00336691 -0.00268523)
(0.00416053 -0.00268523 -0.00268523)
(0.00456361 -0.00192197 -0.00268523)
(0.00482802 -0.00110031 -0.00268523)
(0.00494574 -0.000245217 -0.00268523)
(0.00491319 0.00061733 -0.00268523)
(0.00473135 0.00146112 -0.00268523)
(0.00440575 0.00226051 -0.00268523)
(0.00394628 0.00299121 -0.00268523)
(0.00336691 0.00363104 -0.00268523)
(0.00268523 0.00416053 -0.00268523)
(0.00192197 0.00456361 -0.00268523)
(0.00110031 0.00482802 -0.00268523)
(0.000245217 0.00494574 -0.00268523)
(-0.000617329 0.00491319 -0.00268523)
(-0.00146112 0.00473135 -0.00268523)
(-0.00226051 0.00440575 -0.00268523)
(-0.00326541 0.0043905 -0.0041139)
(-0.00397821 0.00375677 -0.0041139)
(-0.00457012 0.00300888 -0.0041139)
(-0.00502318 0.00216958 -0.0041139)
(-0.00532361 0.00126435 -0.0041139)
(-0.00546229 0.000320709 -0.0041139)
(-0.00543499 -0.000632679 -0.0041139)
(-0.00524256 -0.00156684 -0.0041139)
(-0.00489083 -0.0024534 -0.0041139)
(-0.0043905 -0.00326541 -0.0041139)
(-0.00375677 -0.00397821 -0.0041139)
(-0.00300888 -0.00457012 -0.0041139)
(-0.00216958 -0.00502318 -0.0041139)
(-0.00126435 -0.00532361 -0.0041139)
(-0.000320708 -0.00546229 -0.0041139)
(0.00063268 -0.00543499 -0.0041139)
(0.00156684 -0.00524256 -0.0041139)
(0.0024534 -0.00489083 -0.0041139)
(0.00326542 -0.0043905 -0.0041139)
(0.00397821 -0.00375677 -0.0041139)
(0.00457013 -0.00300888 -0.0041139)
(0.00502318 -0.00216958 -0.0041139)
(0.00532361 -0.00126435 -0.0041139)
(0.00546229 -0.000320709 -0.0041139)
(0.00543499 0.000632679 -0.0041139)
(0.00524256 0.00156684 -0.0041139)
(0.00489083 0.0024534 -0.0041139)
(0.0043905 0.00326542 -0.0041139)
(0.00375677 0.00397821 -0.0041139)
(0.00300888 0.00457013 -0.0041139)
(0.00216958 0.00502318 -0.0041139)
(0.00126435 0.00532361 -0.0041139)
(0.000320709 0.00546229 -0.0041139)
(-0.000632679 0.00543499 -0.0041139)
(-0.00156684 0.00524256 -0.0041139)
(-0.0024534 0.00489083 -0.0041139)
(-0.00322715 0.00429351 -0.0037706)
(-0.00392368 0.00366789 -0.0037706)
(-0.00450099 0.00293083 -0.0037706)
(-0.00494154 0.00210471 -0.0037706)
(-0.00523195 0.00121464 -0.0037706)
(-0.00536339 0.000287672 -0.0037706)
(-0.00533186 -0.000648038 -0.0037706)
(-0.00513833 -0.00156406 -0.0037706)
(-0.00478867 -0.00243256 -0.0037706)
(-0.00429351 -0.00322715 -0.0037706)
(-0.00366789 -0.00392368 -0.0037706)
(-0.00293083 -0.00450099 -0.0037706)
(-0.00210471 -0.00494154 -0.0037706)
(-0.00121464 -0.00523195 -0.0037706)
(-0.000287671 -0.00536339 -0.0037706)
(0.000648038 -0.00533186 -0.0037706)
(0.00156406 -0.00513833 -0.0037706)
(0.00243256 -0.00478867 -0.0037706)
(0.00322715 -0.00429351 -0.0037706)
(0.00392368 -0.00366789 -0.0037706)
(0.00450099 -0.00293083 -0.0037706)
(0.00494154 -0.00210471 -0.0037706)
(0.00523195 -0.00121464 -0.0037706)
(0.00536339 -0.000287671 -0.0037706)
(0.00533186 0.000648038 -0.0037706)
(0.00513833 0.00156406 -0.0037706)
(0.00478867 0.00243256 -0.0037706)
(0.00429351 0.00322715 -0.0037706)
(0.00366789 0.00392368 -0.0037706)
(0.00293083 0.00450099 -0.0037706)
(0.00210471 0.00494154 -0.0037706)
(0.00121464 0.00523195 -0.0037706)
(0.000287672 0.00536339 -0.0037706)
(-0.000648038 0.00533186 -0.0037706)
(-0.00156406 0.00513833 -0.0037706)
(-0.00243256 0.00478867 -0.0037706)
(-0.0032096 0.00417688 -0.00344259)
(-0.00388615 0.00355608 -0.00344259)
(-0.00444462 0.00282723 -0.00344259)
(-0.00486804 0.00201248 -0.00344259)
(-0.00514354 0.00113658 -0.00344259)
(-0.00526277 0.000226147 -0.00344259)
(-0.00522208 -0.00069116 -0.00344259)
(-0.00502273 -0.00158747 -0.00344259)
(-0.00467076 -0.00243554 -0.00344259)
(-0.00417688 -0.0032096 -0.00344259)
(-0.00355608 -0.00388615 -0.00344259)
(-0.00282723 -0.00444462 -0.00344259)
(-0.00201248 -0.00486804 -0.00344259)
(-0.00113658 -0.00514354 -0.00344259)
(-0.000226146 -0.00526277 -0.00344259)
(0.000691161 -0.00522208 -0.00344259)
(0.00158747 -0.00502273 -0.00344259)
(0.00243554 -0.00467076 -0.00344259)
(0.0032096 -0.00417688 -0.00344259)
(0.00388615 -0.00355608 -0.00344259)
(0.00444462 -0.00282723 -0.00344259)
(0.00486804 -0.00201248 -0.00344259)
(0.00514354 -0.00113658 -0.00344259)
(0.00526277 -0.000226146 -0.00344259)
(0.00522208 0.000691161 -0.00344259)
(0.00502273 0.00158747 -0.00344259)
(0.00467076 0.00243554 -0.00344259)
(0.00417688 0.0032096 -0.00344259)
(0.00355608 0.00388615 -0.00344259)
(0.00282723 0.00444462 -0.00344259)
(0.00201248 0.00486804 -0.00344259)
(0.00113658 0.00514354 -0.00344259)
(0.000226147 0.00526277 -0.00344259)
(-0.00069116 0.00522208 -0.00344259)
(-0.00158747 0.00502273 -0.00344259)
(-0.00243554 0.00467076 -0.00344259)
(-0.00319567 0.00402557 -0.00313864)
(-0.00384616 0.00340949 -0.00313864)
(-0.00437978 0.00268981 -0.00313864)
(-0.00478032 0.00188841 -0.00313864)
(-0.00503562 0.00102963 -0.00313864)
(-0.00513791 0.000139564 -0.00313864)
(-0.00508408 -0.000754752 -0.00313864)
(-0.00487579 -0.00162612 -0.00313864)
(-0.00451934 -0.00244809 -0.00313864)
(-0.00402557 -0.00319567 -0.00313864)
(-0.00340949 -0.00384616 -0.00313864)
(-0.00268981 -0.00437978 -0.00313864)
(-0.00188841 -0.00478032 -0.00313864)
(-0.00102963 -0.00503562 -0.00313864)
(-0.000139563 -0.00513791 -0.00313864)
(0.000754752 -0.00508408 -0.00313864)
(0.00162612 -0.00487579 -0.00313864)
(0.00244809 -0.00451934 -0.00313864)
(0.00319567 -0.00402557 -0.00313864)
(0.00384616 -0.00340949 -0.00313864)
(0.00437978 -0.00268981 -0.00313864)
(0.00478032 -0.00188841 -0.00313864)
(0.00503562 -0.00102963 -0.00313864)
(0.00513791 -0.000139563 -0.00313864)
(0.00508408 0.000754752 -0.00313864)
(0.00487579 0.00162612 -0.00313864)
(0.00451934 0.00244809 -0.00313864)
(0.00402557 0.00319567 -0.00313864)
(0.00340949 0.00384616 -0.00313864)
(0.00268981 0.00437978 -0.00313864)
(0.00188841 0.00478032 -0.00313864)
(0.00102963 0.00503562 -0.00313864)
(0.000139564 0.00513791 -0.00313864)
(-0.000754752 0.00508408 -0.00313864)
(-0.00162612 0.00487579 -0.00313864)
(-0.00244809 0.00451934 -0.00313864)
(-0.00349311 0.00446058 -0.00458364)
(-0.00421462 0.00378624 -0.00458364)
(-0.00480806 0.00299686 -0.00458364)
(-0.00525542 0.00211642 -0.00458364)
(-0.00554309 0.00117167 -0.00458364)
(-0.00566233 0.000191328 -0.00458364)
(-0.00560953 -0.000794834 -0.00458364)
(-0.00538629 -0.00175685 -0.00458364)
(-0.00499939 -0.00266547 -0.00458364)
(-0.00446058 -0.00349311 -0.00458364)
(-0.00378624 -0.00421462 -0.00458364)
(-0.00299686 -0.00480806 -0.00458364)
(-0.00211642 -0.00525542 -0.00458364)
(-0.00117167 -0.00554309 -0.00458364)
(-0.000191327 -0.00566233 -0.00458364)
(0.000794834 -0.00560953 -0.00458364)
(0.00175685 -0.00538629 -0.00458364)
(0.00266547 -0.00499939 -0.00458364)
(0.00349311 -0.00446058 -0.00458364)
(0.00421462 -0.00378624 -0.00458364)
(0.00480806 -0.00299686 -0.00458364)
(0.00525542 -0.00211642 -0.00458364)
(0.00554309 -0.00117167 -0.00458364)
(0.00566233 -0.000191327 -0.00458364)
(0.00560953 0.000794834 -0.00458364)
(0.00538629 0.00175685 -0.00458364)
(0.00499939 0.00266547 -0.00458364)
(0.00446058 0.00349311 -0.00458364)
(0.00378624 0.00421462 -0.00458364)
(0.00299686 0.00480806 -0.00458364)
(0.00211642 0.00525542 -0.00458364)
(0.00117167 0.00554309 -0.00458364)
(0.000191328 0.00566233 -0.00458364)
(-0.000794834 0.00560953 -0.00458364)
(-0.00175685 0.00538629 -0.00458364)
(-0.00266547 0.00499939 -0.00458364)
(-0.0034129 0.00430303 -0.0042305)
(-0.00410827 0.00364501 -0.0042305)
(-0.0046788 0.00287624 -0.0042305)
(-0.00510718 0.00202008 -0.0042305)
(-0.00538037 0.00110254 -0.0042305)
(-0.00549009 0.000151502 -0.0042305)
(-0.00543299 -0.000804142 -0.0042305)
(-0.00521081 -0.00173535 -0.0042305)
(-0.0048303 -0.00261384 -0.0042305)
(-0.00430303 -0.0034129 -0.0042305)
(-0.00364501 -0.00410827 -0.0042305)
(-0.00287624 -0.0046788 -0.0042305)
(-0.00202008 -0.00510718 -0.0042305)
(-0.00110254 -0.00538037 -0.0042305)
(-0.000151501 -0.00549009 -0.0042305)
(0.000804142 -0.00543299 -0.0042305)
(0.00173536 -0.00521081 -0.0042305)
(0.00261384 -0.0048303 -0.0042305)
(0.00341291 -0.00430303 -0.0042305)
(0.00410827 -0.00364501 -0.0042305)
(0.00467881 -0.00287624 -0.0042305)
(0.00510718 -0.00202008 -0.0042305)
(0.00538037 -0.00110254 -0.0042305)
(0.00549009 -0.000151501 -0.0042305)
(0.00543299 0.000804142 -0.0042305)
(0.00521081 0.00173536 -0.0042305)
(0.0048303 0.00261384 -0.0042305)
(0.00430303 0.00341291 -0.0042305)
(0.00364501 0.00410827 -0.0042305)
(0.00287624 0.0046788 -0.0042305)
(0.00202008 0.00510718 -0.0042305)
(0.00110254 0.00538037 -0.0042305)
(0.000151502 0.00549009 -0.0042305)
(-0.000804142 0.00543299 -0.0042305)
(-0.00173535 0.00521081 -0.0042305)
(-0.00261384 0.0048303 -0.0042305)
(-0.00335185 0.00414232 -0.00389508)
(-0.00402023 0.00349734 -0.00389508)
(-0.00456646 0.00274611 -0.00389508)
(-0.00497394 0.00191143 -0.00389508)
(-0.0052303 0.00101867 -0.00389508)
(-0.00532773 9.49635e-05 -0.00389508)
(-0.00526328 -0.000831624 -0.00389508)
(-0.00503891 -0.00173295 -0.00389508)
(-0.00466143 -0.00258162 -0.00389508)
(-0.00414232 -0.00335185 -0.00389508)
(-0.00349734 -0.00402023 -0.00389508)
(-0.00274611 -0.00456646 -0.00389508)
(-0.00191143 -0.00497394 -0.00389508)
(-0.00101867 -0.0052303 -0.00389508)
(-9.4963e-05 -0.00532773 -0.00389508)
(0.000831625 -0.00526328 -0.00389508)
(0.00173295 -0.00503891 -0.00389508)
(0.00258162 -0.00466143 -0.00389508)
(0.00335185 -0.00414232 -0.00389508)
(0.00402023 -0.00349734 -0.00389508)
(0.00456646 -0.00274611 -0.00389508)
(0.00497395 -0.00191143 -0.00389508)
(0.0052303 -0.00101867 -0.00389508)
(0.00532773 -9.49631e-05 -0.00389508)
(0.00526328 0.000831624 -0.00389508)
(0.00503891 0.00173295 -0.00389508)
(0.00466143 0.00258162 -0.00389508)
(0.00414232 0.00335185 -0.00389508)
(0.00349734 0.00402023 -0.00389508)
(0.00274611 0.00456646 -0.00389508)
(0.00191143 0.00497395 -0.00389508)
(0.00101867 0.0052303 -0.00389508)
(9.49635e-05 0.00532773 -0.00389508)
(-0.000831624 0.00526328 -0.00389508)
(-0.00173295 0.00503891 -0.00389508)
(-0.00258162 0.00466143 -0.00389508)
(-0.00329321 0.00396277 -0.00359097)
(-0.00393131 0.00333071 -0.00359098)
(-0.00444995 0.00259745 -0.00359097)
(-0.00483339 0.00178526 -0.00359098)
(-0.00506997 0.000918824 -0.00359098)
(-0.0051525 2.44776e-05 -0.00359097)
(-0.00507847 -0.000870614 -0.00359097)
(-0.00485013 -0.00173926 -0.00359097)
(-0.00447443 -0.00255505 -0.00359097)
(-0.00396277 -0.00329321 -0.00359097)
(-0.00333071 -0.00393131 -0.00359098)
(-0.00259745 -0.00444995 -0.00359097)
(-0.00178526 -0.00483339 -0.00359098)
(-0.000918824 -0.00506997 -0.00359098)
(-2.44771e-05 -0.0051525 -0.00359097)
(0.000870614 -0.00507847 -0.00359097)
(0.00173926 -0.00485013 -0.00359097)
(0.00255505 -0.00447443 -0.00359097)
(0.00329321 -0.00396277 -0.00359097)
(0.00393131 -0.00333071 -0.00359098)
(0.00444995 -0.00259745 -0.00359097)
(0.00483339 -0.00178526 -0.00359098)
(0.00506997 -0.000918824 -0.00359098)
(0.0051525 -2.44772e-05 -0.00359097)
(0.00507847 0.000870614 -0.00359097)
(0.00485013 0.00173926 -0.00359097)
(0.00447443 0.00255505 -0.00359097)
(0.00396277 0.00329321 -0.00359097)
(0.00333071 0.00393131 -0.00359098)
(0.00259745 0.00444995 -0.00359097)
(0.00178526 0.00483339 -0.00359098)
(0.000918824 0.00506997 -0.00359098)
(2.44776e-05 0.0051525 -0.00359097)
(-0.000870613 0.00507847 -0.00359097)
(-0.00173926 0.00485013 -0.00359097)
(-0.00255505 0.00447443 -0.00359097)
(-0.00345087 0.0042402 -0.00492307)
(-0.00413476 0.00357654 -0.00492307)
(-0.004693 0.00280421 -0.00492307)
(-0.00510865 0.00194668 -0.00492307)
(-0.00536907 0.00102999 -0.00492307)
(-0.00546636 8.20209e-05 -0.00492307)
(-0.00539756 -0.000868444 -0.00492307)
(-0.00516475 -0.00179253 -0.00492307)
(-0.00477502 -0.00266215 -0.00492307)
(-0.0042402 -0.00345087 -0.00492307)
(-0.00357654 -0.00413476 -0.00492307)
(-0.00280421 -0.004693 -0.00492307)
(-0.00194668 -0.00510865 -0.00492307)
(-0.00102999 -0.00536907 -0.00492307)
(-8.20202e-05 -0.00546636 -0.00492307)
(0.000868445 -0.00539756 -0.00492307)
(0.00179253 -0.00516475 -0.00492307)
(0.00266215 -0.00477502 -0.00492307)
(0.00345087 -0.0042402 -0.00492307)
(0.00413476 -0.00357654 -0.00492307)
(0.004693 -0.00280421 -0.00492307)
(0.00510865 -0.00194668 -0.00492307)
(0.00536907 -0.00102999 -0.00492307)
(0.00546636 -8.20205e-05 -0.00492307)
(0.00539756 0.000868444 -0.00492307)
(0.00516475 0.00179253 -0.00492307)
(0.00477502 0.00266215 -0.00492307)
(0.0042402 0.00345087 -0.00492307)
(0.00357654 0.00413476 -0.00492307)
(0.00280421 0.004693 -0.00492307)
(0.00194668 0.00510865 -0.00492307)
(0.00102999 0.00536907 -0.00492307)
(8.20208e-05 0.00546636 -0.00492307)
(-0.000868444 0.00539756 -0.00492307)
(-0.00179253 0.00516475 -0.00492307)
(-0.00266215 0.00477502 -0.00492307)
(-0.0033648 0.00405971 -0.00460123)
(-0.00401865 0.00341374 -0.00460123)
(-0.00455038 0.00266405 -0.00460123)
(-0.00494386 0.00183341 -0.00460123)
(-0.00518712 0.000947064 -0.00460123)
(-0.00527278 3.1942e-05 -0.00460123)
(-0.00519822 -0.000884145 -0.00460123)
(-0.00496571 -0.00177338 -0.00460123)
(-0.00458233 -0.00260872 -0.00460123)
(-0.00405971 -0.0033648 -0.00460123)
(-0.00341374 -0.00401865 -0.00460123)
(-0.00266405 -0.00455038 -0.00460123)
(-0.00183341 -0.00494386 -0.00460123)
(-0.000947063 -0.00518712 -0.00460123)
(-3.19414e-05 -0.00527278 -0.00460123)
(0.000884146 -0.00519822 -0.00460123)
(0.00177338 -0.00496571 -0.00460123)
(0.00260872 -0.00458233 -0.00460123)
(0.0033648 -0.00405971 -0.00460123)
(0.00401865 -0.00341374 -0.00460123)
(0.00455039 -0.00266405 -0.00460123)
(0.00494386 -0.00183341 -0.00460123)
(0.00518712 -0.000947063 -0.00460123)
(0.00527278 -3.19416e-05 -0.00460123)
(0.00519822 0.000884146 -0.00460123)
(0.00496572 0.00177338 -0.00460123)
(0.00458233 0.00260872 -0.00460123)
(0.00405971 0.0033648 -0.00460123)
(0.00341374 0.00401865 -0.00460123)
(0.00266405 0.00455039 -0.00460123)
(0.00183341 0.00494386 -0.00460123)
(0.000947064 0.00518712 -0.00460123)
(3.1942e-05 0.00527278 -0.00460123)
(-0.000884145 0.00519822 -0.00460123)
(-0.00177338 0.00496572 -0.00460123)
(-0.00260872 0.00458233 -0.00460123)
(-0.00329933 0.00389742 -0.00430288)
(-0.00392599 0.00326528 -0.00430288)
(-0.00443335 0.00253394 -0.00430288)
(-0.00480601 0.0017256 -0.00430288)
(-0.00503265 0.000864818 -0.00430288)
(-0.00510637 -2.22292e-05 -0.00430288)
(-0.00502493 -0.000908598 -0.00430288)
(-0.00479081 -0.00176736 -0.00430288)
(-0.00441113 -0.00257243 -0.00430288)
(-0.00389741 -0.00329933 -0.00430288)
(-0.00326528 -0.00392599 -0.00430288)
(-0.00253394 -0.00443335 -0.00430288)
(-0.0017256 -0.00480601 -0.00430288)
(-0.000864818 -0.00503265 -0.00430288)
(2.22297e-05 -0.00510637 -0.00430288)
(0.000908598 -0.00502493 -0.00430288)
(0.00176736 -0.00479081 -0.00430288)
(0.00257243 -0.00441113 -0.00430288)
(0.00329933 -0.00389741 -0.00430288)
(0.00392599 -0.00326528 -0.00430288)
(0.00443335 -0.00253394 -0.00430288)
(0.00480601 -0.0017256 -0.00430288)
(0.00503265 -0.000864818 -0.00430288)
(0.00510637 2.22296e-05 -0.00430288)
(0.00502493 0.000908598 -0.00430288)
(0.00479081 0.00176736 -0.00430288)
(0.00441113 0.00257243 -0.00430288)
(0.00389742 0.00329933 -0.00430288)
(0.00326528 0.00392599 -0.00430288)
(0.00253394 0.00443335 -0.00430288)
(0.0017256 0.00480601 -0.00430288)
(0.000864818 0.00503265 -0.00430288)
(-2.22291e-05 0.00510637 -0.00430288)
(-0.000908598 0.00502493 -0.00430288)
(-0.00176736 0.00479081 -0.00430288)
(-0.00257243 0.00441113 -0.00430288)
(-0.00323573 0.00373273 -0.0040446)
(-0.00383475 0.00311415 -0.0040446)
(-0.00431726 0.00240094 -0.0040446)
(-0.00466859 0.00161477 -0.0040446)
(-0.00487806 0.000779557 -0.0040446)
(-0.00493933 -7.93566e-05 -0.0040446)
(-0.00485051 -0.000935857 -0.0040446)
(-0.00461431 -0.00176392 -0.0040446)
(-0.0042379 -0.00253839 -0.0040446)
(-0.00373273 -0.00323573 -0.0040446)
(-0.00311414 -0.00383475 -0.0040446)
(-0.00240094 -0.00431726 -0.0040446)
(-0.00161477 -0.00466859 -0.0040446)
(-0.000779556 -0.00487806 -0.0040446)
(7.93571e-05 -0.00493933 -0.0040446)
(0.000935857 -0.00485051 -0.0040446)
(0.00176392 -0.00461431 -0.0040446)
(0.00253839 -0.0042379 -0.0040446)
(0.00323573 -0.00373273 -0.0040446)
(0.00383475 -0.00311414 -0.0040446)
(0.00431726 -0.00240094 -0.0040446)
(0.00466859 -0.00161477 -0.0040446)
(0.00487807 -0.000779556 -0.0040446)
(0.00493933 7.9357e-05 -0.0040446)
(0.00485051 0.000935857 -0.0040446)
(0.00461431 0.00176392 -0.0040446)
(0.0042379 0.00253839 -0.0040446)
(0.00373273 0.00323573 -0.0040446)
(0.00311415 0.00383475 -0.0040446)
(0.00240094 0.00431726 -0.0040446)
(0.00161477 0.00466859 -0.0040446)
(0.000779557 0.00487806 -0.0040446)
(-7.93566e-05 0.00493933 -0.0040446)
(-0.000935856 0.00485051 -0.0040446)
(-0.00176392 0.00461431 -0.0040446)
(-0.00253839 0.0042379 -0.0040446)
(-0.00300086 0.00370855 -0.00505569)
(-0.00359926 0.00313111 -0.00505569)
(-0.00408829 0.00245853 -0.00505569)
(-0.0044531 0.00171125 -0.00505569)
(-0.00468261 0.000911993 -0.00505569)
(-0.00476983 8.5012e-05 -0.00505569)
(-0.00471214 -0.000744544 -0.00505569)
(-0.00451126 -0.00155148 -0.00505569)
(-0.00417331 -0.00231128 -0.00505569)
(-0.00370855 -0.00300086 -0.00505569)
(-0.00313111 -0.00359926 -0.00505569)
(-0.00245853 -0.00408829 -0.00505569)
(-0.00171125 -0.0044531 -0.00505569)
(-0.000911992 -0.00468261 -0.00505569)
(-8.50113e-05 -0.00476983 -0.00505569)
(0.000744544 -0.00471214 -0.00505569)
(0.00155148 -0.00451126 -0.00505569)
(0.00231128 -0.00417331 -0.00505569)
(0.00300086 -0.00370855 -0.00505569)
(0.00359926 -0.00313111 -0.00505569)
(0.00408829 -0.00245853 -0.00505569)
(0.0044531 -0.00171125 -0.00505569)
(0.00468261 -0.000911993 -0.00505569)
(0.00476984 -8.50116e-05 -0.00505569)
(0.00471214 0.000744544 -0.00505569)
(0.00451126 0.00155148 -0.00505569)
(0.00417331 0.00231128 -0.00505569)
(0.00370855 0.00300086 -0.00505569)
(0.00313111 0.00359926 -0.00505569)
(0.00245853 0.00408829 -0.00505569)
(0.00171125 0.0044531 -0.00505569)
(0.000911993 0.00468261 -0.00505569)
(8.50119e-05 0.00476984 -0.00505569)
(-0.000744544 0.00471214 -0.00505569)
(-0.00155148 0.00451126 -0.00505569)
(-0.00231128 0.00417331 -0.00505569)
(-0.00297657 0.00354215 -0.00482956)
(-0.00354643 0.00297146 -0.00482956)
(-0.00400855 0.00231048 -0.00482956)
(-0.00434886 0.0015793 -0.00482956)
(-0.00455704 0.000800138 -0.00482956)
(-0.00462675 -3.33726e-06 -0.00482956)
(-0.00455588 -0.000806715 -0.00482956)
(-0.00434658 -0.00158557 -0.00482956)
(-0.00400522 -0.00231626 -0.00482956)
(-0.00354215 -0.00297657 -0.00482956)
(-0.00297146 -0.00354643 -0.00482956)
(-0.00231048 -0.00400855 -0.00482956)
(-0.0015793 -0.00434886 -0.00482956)
(-0.000800137 -0.00455704 -0.00482956)
(3.33793e-06 -0.00462675 -0.00482956)
(0.000806715 -0.00455588 -0.00482956)
(0.00158557 -0.00434658 -0.00482956)
(0.00231626 -0.00400522 -0.00482956)
(0.00297657 -0.00354215 -0.00482956)
(0.00354643 -0.00297146 -0.00482956)
(0.00400855 -0.00231048 -0.00482956)
(0.00434886 -0.0015793 -0.00482956)
(0.00455704 -0.000800138 -0.00482956)
(0.00462675 3.33769e-06 -0.00482956)
(0.00455588 0.000806715 -0.00482956)
(0.00434659 0.00158557 -0.00482956)
(0.00400522 0.00231626 -0.00482956)
(0.00354215 0.00297657 -0.00482956)
(0.00297146 0.00354643 -0.00482956)
(0.00231048 0.00400855 -0.00482956)
(0.0015793 0.00434886 -0.00482956)
(0.000800138 0.00455704 -0.00482956)
(-3.33724e-06 0.00462675 -0.00482956)
(-0.000806715 0.00455588 -0.00482956)
(-0.00158557 0.00434659 -0.00482956)
(-0.00231626 0.00400522 -0.00482956)
(-0.00297674 0.00341504 -0.004639)
(-0.00352454 0.00284625 -0.004639)
(-0.00396523 0.00219098 -0.004639)
(-0.00428545 0.00146913 -0.004639)
(-0.00447546 0.000702664 -0.004639)
(-0.00452949 -8.51739e-05 -0.004639)
(-0.00444589 -0.000870412 -0.004639)
(-0.00422719 -0.00162921 -0.004639)
(-0.00388006 -0.0023385 -0.004639)
(-0.00341504 -0.00297674 -0.004639)
(-0.00284625 -0.00352454 -0.004639)
(-0.00219098 -0.00396523 -0.004639)
(-0.00146913 -0.00428545 -0.004639)
(-0.000702663 -0.00447546 -0.004639)
(8.51745e-05 -0.00452949 -0.004639)
(0.000870412 -0.00444589 -0.004639)
(0.00162921 -0.00422719 -0.004639)
(0.0023385 -0.00388006 -0.004639)
(0.00297674 -0.00341504 -0.004639)
(0.00352454 -0.00284625 -0.004639)
(0.00396523 -0.00219098 -0.004639)
(0.00428546 -0.00146913 -0.004639)
(0.00447546 -0.000702664 -0.004639)
(0.00452949 8.51743e-05 -0.004639)
(0.00444589 0.000870412 -0.004639)
(0.00422719 0.00162921 -0.004639)
(0.00388006 0.0023385 -0.004639)
(0.00341504 0.00297674 -0.004639)
(0.00284625 0.00352454 -0.004639)
(0.00219098 0.00396523 -0.004639)
(0.00146913 0.00428545 -0.004639)
(0.000702664 0.00447546 -0.004639)
(-8.51738e-05 0.00452949 -0.004639)
(-0.000870412 0.00444589 -0.004639)
(-0.00162921 0.00422719 -0.004639)
(-0.0023385 0.00388006 -0.004639)
(-0.00297242 0.00329618 -0.00449704)
(-0.00349963 0.00272996 -0.00449704)
(-0.00392052 0.00208078 -0.00449704)
(-0.00422228 0.00136837 -0.00449704)
(-0.00439575 0.000614389 -0.00449704)
(-0.00443566 -0.000158261 -0.00449704)
(-0.00434079 -0.000926102 -0.00449704)
(-0.00411403 -0.0016658 -0.00449704)
(-0.00376226 -0.00235489 -0.00449704)
(-0.00329618 -0.00297242 -0.00449704)
(-0.00272996 -0.00349963 -0.00449704)
(-0.00208078 -0.00392052 -0.00449704)
(-0.00136837 -0.00422228 -0.00449704)
(-0.000614388 -0.00439575 -0.00449704)
(0.000158262 -0.00443566 -0.00449704)
(0.000926103 -0.00434079 -0.00449704)
(0.0016658 -0.00411403 -0.00449704)
(0.00235489 -0.00376226 -0.00449704)
(0.00297242 -0.00329618 -0.00449704)
(0.00349964 -0.00272996 -0.00449704)
(0.00392052 -0.00208078 -0.00449704)
(0.00422228 -0.00136837 -0.00449704)
(0.00439575 -0.000614388 -0.00449704)
(0.00443566 0.000158262 -0.00449704)
(0.00434079 0.000926103 -0.00449704)
(0.00411403 0.0016658 -0.00449704)
(0.00376226 0.00235489 -0.00449704)
(0.00329618 0.00297242 -0.00449704)
(0.00272996 0.00349964 -0.00449704)
(0.00208078 0.00392052 -0.00449704)
(0.00136837 0.00422228 -0.00449704)
(0.000614389 0.00439575 -0.00449704)
(-0.000158261 0.00443566 -0.00449704)
(-0.000926102 0.00434079 -0.00449704)
(-0.0016658 0.00411403 -0.00449704)
(-0.00235489 0.00376226 -0.00449704)
(-0.00209427 0.00287871 -0.00497117)
(-0.00256235 0.0024713 -0.00497117)
(-0.00295256 0.00198881 -0.00497117)
(-0.00325306 0.00144589 -0.00497118)
(-0.00345472 0.000859036 -0.00497118)
(-0.00355141 0.000246082 -0.00497117)
(-0.00354019 -0.000374332 -0.00497117)
(-0.00342141 -0.000983384 -0.00497117)
(-0.00319866 -0.00156256 -0.00497117)
(-0.00287871 -0.00209427 -0.00497117)
(-0.0024713 -0.00256234 -0.00497117)
(-0.00198881 -0.00295256 -0.00497117)
(-0.00144589 -0.00325306 -0.00497118)
(-0.000859035 -0.00345472 -0.00497118)
(-0.000246081 -0.00355141 -0.00497117)
(0.000374333 -0.00354019 -0.00497117)
(0.000983385 -0.00342141 -0.00497117)
(0.00156256 -0.00319866 -0.00497117)
(0.00209427 -0.00287871 -0.00497117)
(0.00256235 -0.0024713 -0.00497117)
(0.00295256 -0.00198881 -0.00497117)
(0.00325306 -0.00144589 -0.00497118)
(0.00345472 -0.000859035 -0.00497118)
(0.00355141 -0.000246081 -0.00497117)
(0.00354019 0.000374333 -0.00497117)
(0.00342141 0.000983385 -0.00497117)
(0.00319866 0.00156256 -0.00497117)
(0.00287872 0.00209427 -0.00497117)
(0.0024713 0.00256235 -0.00497117)
(0.00198881 0.00295256 -0.00497117)
(0.00144589 0.00325306 -0.00497118)
(0.000859036 0.00345472 -0.00497118)
(0.000246082 0.00355141 -0.00497117)
(-0.000374333 0.00354019 -0.00497117)
(-0.000983385 0.00342141 -0.00497117)
(-0.00156256 0.00319866 -0.00497117)
(-0.00219896 0.00274535 -0.00490098)
(-0.00264228 0.00232179 -0.00490098)
(-0.00300532 0.00182769 -0.00490098)
(-0.00327704 0.00127806 -0.00490098)
(-0.00344919 0.000689581 -0.00490098)
(-0.00351653 8.01698e-05 -0.00490098)
(-0.00347703 -0.000531682 -0.00490098)
(-0.00333188 -0.00112738 -0.00490098)
(-0.00308549 -0.00168882 -0.00490098)
(-0.00274535 -0.00219896 -0.00490098)
(-0.00232179 -0.00264228 -0.00490098)
(-0.00182769 -0.00300532 -0.00490098)
(-0.00127806 -0.00327704 -0.00490098)
(-0.00068958 -0.00344919 -0.00490098)
(-8.0169e-05 -0.00351653 -0.00490098)
(0.000531682 -0.00347703 -0.00490098)
(0.00112738 -0.00333188 -0.00490098)
(0.00168883 -0.00308549 -0.00490098)
(0.00219896 -0.00274535 -0.00490098)
(0.00264228 -0.00232179 -0.00490098)
(0.00300532 -0.00182769 -0.00490098)
(0.00327704 -0.00127806 -0.00490098)
(0.00344919 -0.00068958 -0.00490098)
(0.00351654 -8.01693e-05 -0.00490098)
(0.00347703 0.000531682 -0.00490098)
(0.00333188 0.00112738 -0.00490098)
(0.00308549 0.00168882 -0.00490098)
(0.00274535 0.00219896 -0.00490098)
(0.00232179 0.00264228 -0.00490098)
(0.00182769 0.00300532 -0.00490098)
(0.00127806 0.00327704 -0.00490098)
(0.000689581 0.00344919 -0.00490098)
(8.01699e-05 0.00351654 -0.00490098)
(-0.000531682 0.00347703 -0.00490098)
(-0.00112738 0.00333188 -0.00490098)
(-0.00168882 0.00308549 -0.00490098)
(-0.00233058 0.00266196 -0.00488773)
(-0.00275742 0.00221683 -0.00488773)
(-0.00310047 0.00170433 -0.00488773)
(-0.00334932 0.00114004 -0.00488773)
(-0.00349641 0.000541115 -0.00488773)
(-0.00353726 -7.4255e-05 -0.00488773)
(-0.00347063 -0.000687361 -0.00488773)
(-0.00329853 -0.00127958 -0.00488773)
(-0.00302622 -0.00183293 -0.00488773)
(-0.00266196 -0.00233058 -0.00488773)
(-0.00221683 -0.00275742 -0.00488773)
(-0.00170433 -0.00310047 -0.00488773)
(-0.00114003 -0.00334932 -0.00488773)
(-0.000541114 -0.00349641 -0.00488773)
(7.42557e-05 -0.00353726 -0.00488773)
(0.000687362 -0.00347063 -0.00488773)
(0.00127958 -0.00329853 -0.00488773)
(0.00183293 -0.00302622 -0.00488773)
(0.00233058 -0.00266196 -0.00488773)
(0.00275742 -0.00221683 -0.00488773)
(0.00310047 -0.00170433 -0.00488773)
(0.00334932 -0.00114003 -0.00488773)
(0.00349641 -0.000541114 -0.00488773)
(0.00353726 7.42555e-05 -0.00488773)
(0.00347063 0.000687362 -0.00488773)
(0.00329853 0.00127958 -0.00488773)
(0.00302622 0.00183293 -0.00488773)
(0.00266196 0.00233058 -0.00488773)
(0.00221683 0.00275742 -0.00488773)
(0.00170433 0.00310047 -0.00488773)
(0.00114004 0.00334932 -0.00488773)
(0.000541115 0.00349641 -0.00488773)
(-7.42549e-05 0.00353726 -0.00488773)
(-0.000687361 0.00347063 -0.00488773)
(-0.00127958 0.00329853 -0.00488773)
(-0.00183293 0.00302622 -0.00488773)
(-0.00243794 0.0025848 -0.00493136)
(-0.00284975 0.00212219 -0.00493136)
(-0.00317497 0.0015951 -0.00493136)
(-0.00340372 0.00101953 -0.00493136)
(-0.00352905 0.000413003 -0.00493136)
(-0.00354716 -0.000206087 -0.00493136)
(-0.00345747 -0.000818916 -0.00493136)
(-0.00326275 -0.00140686 -0.00493136)
(-0.00296887 -0.00195206 -0.00493136)
(-0.0025848 -0.00243794 -0.00493136)
(-0.00212219 -0.00284975 -0.00493136)
(-0.0015951 -0.00317497 -0.00493136)
(-0.00101953 -0.00340372 -0.00493136)
(-0.000413003 -0.00352905 -0.00493136)
(0.000206087 -0.00354716 -0.00493136)
(0.000818916 -0.00345747 -0.00493136)
(0.00140686 -0.00326275 -0.00493136)
(0.00195206 -0.00296887 -0.00493136)
(0.00243794 -0.0025848 -0.00493136)
(0.00284975 -0.00212219 -0.00493136)
(0.00317497 -0.0015951 -0.00493136)
(0.00340372 -0.00101953 -0.00493136)
(0.00352905 -0.000413003 -0.00493136)
(0.00354716 0.000206087 -0.00493136)
(0.00345748 0.000818916 -0.00493136)
(0.00326275 0.00140686 -0.00493136)
(0.00296887 0.00195206 -0.00493136)
(0.0025848 0.00243794 -0.00493136)
(0.00212219 0.00284975 -0.00493136)
(0.0015951 0.00317497 -0.00493136)
(0.00101953 0.00340372 -0.00493136)
(0.000413003 0.00352905 -0.00493136)
(-0.000206087 0.00354716 -0.00493136)
(-0.000818916 0.00345747 -0.00493136)
(-0.00140686 0.00326275 -0.00493136)
(-0.00195206 0.00296887 -0.00493136)
(-0.000865901 0.00178108 -0.00470908)
(-0.00116204 0.00160362 -0.00470908)
(-0.0014229 0.00137746 -0.0047091)
(-0.00164047 0.00110948 -0.0047091)
(-0.00180818 0.000807769 -0.00470909)
(-0.00192098 0.000481479 -0.00470909)
(-0.00197544 0.000140589 -0.0047091)
(-0.00196986 -0.000204539 -0.0047091)
(-0.00190441 -0.00054347 -0.00470909)
(-0.00178108 -0.0008659 -0.00470908)
(-0.00160362 -0.00116204 -0.00470908)
(-0.00137746 -0.0014229 -0.0047091)
(-0.00110948 -0.00164047 -0.0047091)
(-0.000807768 -0.00180818 -0.00470909)
(-0.000481478 -0.00192098 -0.00470909)
(-0.000140588 -0.00197544 -0.0047091)
(0.00020454 -0.00196986 -0.0047091)
(0.000543471 -0.00190441 -0.00470909)
(0.000865901 -0.00178108 -0.00470908)
(0.00116205 -0.00160362 -0.00470908)
(0.0014229 -0.00137746 -0.0047091)
(0.00164047 -0.00110948 -0.0047091)
(0.00180818 -0.000807769 -0.00470909)
(0.00192099 -0.000481478 -0.00470909)
(0.00197544 -0.000140589 -0.0047091)
(0.00196986 0.00020454 -0.0047091)
(0.00190441 0.00054347 -0.00470909)
(0.00178109 0.000865901 -0.00470908)
(0.00160362 0.00116204 -0.00470908)
(0.00137746 0.0014229 -0.0047091)
(0.00110948 0.00164047 -0.0047091)
(0.00080777 0.00180818 -0.00470909)
(0.000481479 0.00192098 -0.00470909)
(0.000140589 0.00197544 -0.0047091)
(-0.000204539 0.00196986 -0.0047091)
(-0.00054347 0.00190441 -0.00470909)
(-0.00109804 0.0016731 -0.00486906)
(-0.0013719 0.00145699 -0.00486906)
(-0.00160407 0.00119662 -0.00486906)
(-0.0017875 0.000899908 -0.00486906)
(-0.0019166 0.000575845 -0.00486906)
(-0.00198747 0.000234275 -0.00486906)
(-0.00199798 -0.000114408 -0.00486906)
(-0.00194776 -0.000459601 -0.00486906)
(-0.00183835 -0.000790832 -0.00486906)
(-0.00167309 -0.00109804 -0.00486906)
(-0.00145699 -0.0013719 -0.00486906)
(-0.00119662 -0.00160407 -0.00486906)
(-0.000899908 -0.0017875 -0.00486906)
(-0.000575844 -0.0019166 -0.00486906)
(-0.000234274 -0.00198747 -0.00486906)
(0.000114409 -0.00199798 -0.00486906)
(0.000459602 -0.00194776 -0.00486906)
(0.000790833 -0.00183836 -0.00486906)
(0.00109804 -0.0016731 -0.00486906)
(0.0013719 -0.00145699 -0.00486906)
(0.00160407 -0.00119662 -0.00486906)
(0.0017875 -0.000899908 -0.00486906)
(0.0019166 -0.000575845 -0.00486906)
(0.00198747 -0.000234275 -0.00486906)
(0.00199798 0.000114409 -0.00486906)
(0.00194776 0.000459601 -0.00486906)
(0.00183836 0.000790833 -0.00486906)
(0.0016731 0.00109804 -0.00486906)
(0.001457 0.0013719 -0.00486906)
(0.00119662 0.00160407 -0.00486906)
(0.000899909 0.0017875 -0.00486906)
(0.000575845 0.0019166 -0.00486906)
(0.000234275 0.00198747 -0.00486906)
(-0.000114408 0.00199798 -0.00486906)
(-0.000459601 0.00194776 -0.00486906)
(-0.000790832 0.00183836 -0.00486906)
(-0.00132968 0.00158291 -0.00507811)
(-0.00158435 0.00132796 -0.00507811)
(-0.00179088 0.00103267 -0.00507811)
(-0.00194299 0.000705993 -0.00507811)
(-0.00203607 0.000357877 -0.00507812)
(-0.00206729 -1.12312e-06 -0.00507811)
(-0.00203568 -0.000360082 -0.00507811)
(-0.00194223 -0.000708106 -0.00507811)
(-0.00178976 -0.00103461 -0.00507811)
(-0.00158291 -0.00132968 -0.00507811)
(-0.00132796 -0.00158435 -0.00507811)
(-0.00103267 -0.00179088 -0.00507811)
(-0.000705992 -0.00194299 -0.00507811)
(-0.000357876 -0.00203607 -0.00507812)
(1.12382e-06 -0.00206729 -0.00507811)
(0.000360083 -0.00203568 -0.00507811)
(0.000708107 -0.00194223 -0.00507811)
(0.00103461 -0.00178976 -0.00507811)
(0.00132968 -0.00158291 -0.00507811)
(0.00158435 -0.00132796 -0.00507811)
(0.00179088 -0.00103267 -0.00507811)
(0.00194299 -0.000705993 -0.00507811)
(0.00203607 -0.000357877 -0.00507812)
(0.00206729 1.12352e-06 -0.00507811)
(0.00203568 0.000360082 -0.00507811)
(0.00194223 0.000708106 -0.00507811)
(0.00178976 0.00103461 -0.00507811)
(0.00158291 0.00132968 -0.00507811)
(0.00132796 0.00158435 -0.00507811)
(0.00103267 0.00179088 -0.00507811)
(0.000705993 0.00194299 -0.00507811)
(0.000357877 0.00203607 -0.00507812)
(-1.12287e-06 0.00206729 -0.00507811)
(-0.000360082 0.00203568 -0.00507811)
(-0.000708106 0.00194223 -0.00507811)
(-0.00103461 0.00178976 -0.00507811)
(-0.00151895 0.00148762 -0.00532139)
(-0.00175419 0.00120126 -0.00532139)
(-0.00193614 0.000878401 -0.00532139)
(-0.00205926 0.00052885 -0.00532139)
(-0.00211981 0.000163224 -0.00532139)
(-0.00211595 -0.000207355 -0.00532139)
(-0.00204779 -0.000571635 -0.00532139)
(-0.00191742 -0.000918549 -0.00532139)
(-0.00172878 -0.00123755 -0.00532139)
(-0.00148762 -0.00151895 -0.00532139)
(-0.00120126 -0.00175419 -0.00532139)
(-0.0008784 -0.00193614 -0.00532139)
(-0.00052885 -0.00205926 -0.00532139)
(-0.000163224 -0.00211981 -0.00532139)
(0.000207356 -0.00211595 -0.00532139)
(0.000571636 -0.00204779 -0.00532139)
(0.000918549 -0.00191742 -0.00532139)
(0.00123755 -0.00172878 -0.00532139)
(0.00151895 -0.00148762 -0.00532139)
(0.0017542 -0.00120126 -0.00532139)
(0.00193614 -0.000878401 -0.00532139)
(0.00205926 -0.00052885 -0.00532139)
(0.00211981 -0.000163224 -0.00532139)
(0.00211595 0.000207356 -0.00532139)
(0.00204779 0.000571636 -0.00532139)
(0.00191742 0.000918549 -0.00532139)
(0.00172878 0.00123755 -0.00532139)
(0.00148762 0.00151895 -0.00532139)
(0.00120126 0.00175419 -0.00532139)
(0.000878401 0.00193614 -0.00532139)
(0.00052885 0.00205926 -0.00532139)
(0.000163225 0.00211981 -0.00532139)
(-0.000207355 0.00211595 -0.00532139)
(-0.000571635 0.00204779 -0.00532139)
(-0.000918548 0.00191742 -0.00532139)
(-0.00123755 0.00172878 -0.00532139)
(8.10812e-10 6.08729e-11 -0.00457979)
(6.72315e-10 1.1891e-10 -0.00491504)
(5.32589e-10 1.80321e-10 -0.00533916)
(4.28537e-10 2.27101e-10 -0.0056858)
)
;

boundaryField
{
    fixed
    {
        type            fixedValue;
        value           uniform (0 0 0);
    }
    inside
    {
        type            calculated;
    }
    outside
    {
        type            calculated;
    }
}


// ************************************************************************* //
