/*--------------------------------*- C++ -*----------------------------------*\
| =========                 |                                                 |
| \\      /  F ield         | OpenFOAM: The Open Source CFD Toolbox           |
|  \\    /   O peration     | Version:  2312                                  |
|   \\  /    A nd           | Website:  www.openfoam.com                      |
|    \\/     M anipulation  |                                                 |
\*---------------------------------------------------------------------------*/
FoamFile
{
    version     2.0;
    format      ascii;
    arch        "LSB;label=32;scalar=64";
    class       pointVectorField;
    location    "0.6";
    object      pointD;
}
// * * * * * * * * * * * * * * * * * * * * * * * * * * * * * * * * * * * * * //

dimensions      [0 1 0 0 0 0 0];

internalField   nonuniform List<vector> 
2164
(
(0 0 0)
(0 0 0)
(0 0 0)
(0 0 0)
(0 0 0)
(0 0 0)
(0 0 0)
(0 0 0)
(0 0 0)
(0 0 0)
(0 0 0)
(0 0 0)
(0 0 0)
(0 0 0)
(0 0 0)
(0 0 0)
(0 0 0)
(0 0 0)
(0 0 0)
(0 0 0)
(0 0 0)
(0 0 0)
(0 0 0)
(0 0 0)
(0 0 0)
(0 0 0)
(0 0 0)
(0 0 0)
(0 0 0)
(0 0 0)
(0 0 0)
(0 0 0)
(0 0 0)
(0 0 0)
(0 0 0)
(0 0 0)
(0.00016376 0.000580669 8.17834e-05)
(6.04396e-05 0.000600284 8.17835e-05)
(-4.47167e-05 0.00060166 8.17844e-05)
(-0.000148514 0.000584755 8.17851e-05)
(-0.000247799 0.000550082 8.17849e-05)
(-0.000339555 0.000498695 8.17849e-05)
(-0.000420995 0.000432155 8.17848e-05)
(-0.000489641 0.000352485 8.17841e-05)
(-0.000543411 0.000262104 8.17839e-05)
(-0.000580669 0.00016376 8.17834e-05)
(-0.000600284 6.04396e-05 8.17835e-05)
(-0.00060166 -4.47167e-05 8.17844e-05)
(-0.000584755 -0.000148514 8.17851e-05)
(-0.000550082 -0.000247799 8.17849e-05)
(-0.000498695 -0.000339555 8.17849e-05)
(-0.000432155 -0.000420995 8.17848e-05)
(-0.000352485 -0.000489641 8.17841e-05)
(-0.000262104 -0.000543411 8.17839e-05)
(-0.00016376 -0.000580669 8.17834e-05)
(-6.04396e-05 -0.000600284 8.17835e-05)
(4.47168e-05 -0.00060166 8.17844e-05)
(0.000148514 -0.000584755 8.17851e-05)
(0.000247799 -0.000550082 8.17849e-05)
(0.000339555 -0.000498695 8.17849e-05)
(0.000420995 -0.000432155 8.17848e-05)
(0.000489641 -0.000352485 8.17841e-05)
(0.000543411 -0.000262104 8.17839e-05)
(0.000580669 -0.00016376 8.17834e-05)
(0.000600284 -6.04396e-05 8.17835e-05)
(0.00060166 4.47167e-05 8.17844e-05)
(0.000584755 0.000148514 8.17851e-05)
(0.000550082 0.000247799 8.1785e-05)
(0.000498695 0.000339555 8.17849e-05)
(0.000432155 0.000420995 8.17849e-05)
(0.000352485 0.000489641 8.17841e-05)
(0.000262104 0.000543411 8.17839e-05)
(8.21372e-05 0.000623057 0.000128701)
(-2.7303e-05 0.000627854 0.000128701)
(-0.000135913 0.000613575 0.000128701)
(-0.000240395 0.000580652 0.000128702)
(-0.000337573 0.000530087 0.000128702)
(-0.000424492 0.000463414 0.000128702)
(-0.000498514 0.000382662 0.000128701)
(-0.00055739 0.000290282 0.000128701)
(-0.000599328 0.000189082 0.000128701)
(-0.000623057 8.21372e-05 0.000128701)
(-0.000627854 -2.73031e-05 0.000128701)
(-0.000613575 -0.000135913 0.000128701)
(-0.000580652 -0.000240395 0.000128702)
(-0.000530087 -0.000337573 0.000128702)
(-0.000463414 -0.000424492 0.000128702)
(-0.000382662 -0.000498514 0.000128701)
(-0.000290282 -0.00055739 0.000128701)
(-0.000189082 -0.000599329 0.000128701)
(-8.21371e-05 -0.000623057 0.000128701)
(2.73031e-05 -0.000627854 0.000128701)
(0.000135913 -0.000613575 0.000128701)
(0.000240395 -0.000580652 0.000128702)
(0.000337573 -0.000530087 0.000128702)
(0.000424493 -0.000463414 0.000128702)
(0.000498514 -0.000382662 0.000128701)
(0.00055739 -0.000290282 0.000128701)
(0.000599329 -0.000189082 0.000128701)
(0.000623057 -8.21372e-05 0.000128701)
(0.000627854 2.73031e-05 0.000128701)
(0.000613575 0.000135913 0.000128701)
(0.000580652 0.000240395 0.000128702)
(0.000530087 0.000337573 0.000128702)
(0.000463415 0.000424492 0.000128702)
(0.000382662 0.000498514 0.000128701)
(0.000290282 0.00055739 0.000128701)
(0.000189082 0.000599329 0.000128701)
(0 0 0)
(0 0 0)
(0 0 0)
(0 0 0)
(0 0 0)
(0 0 0)
(0 0 0)
(0 0 0)
(0 0 0)
(0 0 0)
(0 0 0)
(0 0 0)
(0 0 0)
(0 0 0)
(0 0 0)
(0 0 0)
(0 0 0)
(0 0 0)
(0 0 0)
(0 0 0)
(0 0 0)
(0 0 0)
(0 0 0)
(0 0 0)
(0 0 0)
(0 0 0)
(0 0 0)
(0 0 0)
(0 0 0)
(0 0 0)
(0 0 0)
(0 0 0)
(0 0 0)
(0 0 0)
(0 0 0)
(0 0 0)
(-1.85891e-05 0.000659523 0.000168273)
(-0.000132831 0.000646275 0.000168273)
(-0.000243038 0.000613391 0.000168274)
(-0.000345859 0.000561869 0.000168274)
(-0.000438172 0.000493275 0.000168274)
(-0.000517172 0.000409693 0.000168274)
(-0.000580457 0.000313663 0.000168273)
(-0.000626106 0.000208102 0.000168273)
(-0.000652731 9.62186e-05 0.000168273)
(-0.000659523 -1.85892e-05 0.000168273)
(-0.000646275 -0.000132831 0.000168273)
(-0.000613391 -0.000243038 0.000168274)
(-0.000561869 -0.000345859 0.000168274)
(-0.000493275 -0.000438172 0.000168274)
(-0.000409693 -0.000517172 0.000168274)
(-0.000313663 -0.000580457 0.000168273)
(-0.000208102 -0.000626106 0.000168273)
(-9.62186e-05 -0.000652731 0.000168273)
(1.85892e-05 -0.000659523 0.000168273)
(0.000132831 -0.000646275 0.000168273)
(0.000243038 -0.000613391 0.000168274)
(0.000345859 -0.000561869 0.000168274)
(0.000438172 -0.000493275 0.000168274)
(0.000517172 -0.000409693 0.000168274)
(0.000580457 -0.000313663 0.000168273)
(0.000626106 -0.000208102 0.000168273)
(0.000652731 -9.62186e-05 0.000168273)
(0.000659523 1.85892e-05 0.000168273)
(0.000646275 0.000132831 0.000168273)
(0.000613391 0.000243038 0.000168274)
(0.000561869 0.000345859 0.000168274)
(0.000493275 0.000438172 0.000168274)
(0.000409693 0.000517172 0.000168274)
(0.000313664 0.000580457 0.000168273)
(0.000208102 0.000626106 0.000168273)
(9.62187e-05 0.000652731 0.000168273)
(0 0 0)
(0 0 0)
(0 0 0)
(0 0 0)
(0 0 0)
(0 0 0)
(0 0 0)
(0 0 0)
(0 0 0)
(0 0 0)
(0 0 0)
(0 0 0)
(0 0 0)
(0 0 0)
(0 0 0)
(0 0 0)
(0 0 0)
(0 0 0)
(0 0 0)
(0 0 0)
(0 0 0)
(0 0 0)
(0 0 0)
(0 0 0)
(0 0 0)
(0 0 0)
(0 0 0)
(0 0 0)
(0 0 0)
(0 0 0)
(0 0 0)
(0 0 0)
(0 0 0)
(0 0 0)
(0 0 0)
(0 0 0)
(-0.000135658 0.000683839 0.000198246)
(-0.000252343 0.000649894 0.000198246)
(-0.000361363 0.000596201 0.000198246)
(-0.000459403 0.000524393 0.000198246)
(-0.000543483 0.000436652 0.000198246)
(-0.00061105 0.000335643 0.000198246)
(-0.00066005 0.000224436 0.000198246)
(-0.000688996 0.00010641 0.000198246)
(-0.000697006 -1.48489e-05 0.000198246)
(-0.000683839 -0.000135658 0.000198246)
(-0.000649894 -0.000252343 0.000198246)
(-0.000596201 -0.000361363 0.000198246)
(-0.000524393 -0.000459403 0.000198246)
(-0.000436652 -0.000543483 0.000198246)
(-0.000335643 -0.00061105 0.000198246)
(-0.000224436 -0.00066005 0.000198246)
(-0.00010641 -0.000688996 0.000198246)
(1.48489e-05 -0.000697006 0.000198246)
(0.000135658 -0.000683839 0.000198246)
(0.000252343 -0.000649894 0.000198246)
(0.000361363 -0.000596201 0.000198246)
(0.000459403 -0.000524393 0.000198246)
(0.000543483 -0.000436652 0.000198246)
(0.00061105 -0.000335643 0.000198246)
(0.00066005 -0.000224436 0.000198246)
(0.000688996 -0.00010641 0.000198246)
(0.000697006 1.48489e-05 0.000198246)
(0.000683839 0.000135658 0.000198246)
(0.000649894 0.000252343 0.000198246)
(0.000596201 0.000361363 0.000198246)
(0.000524393 0.000459403 0.000198246)
(0.000436652 0.000543483 0.000198246)
(0.000335643 0.00061105 0.000198246)
(0.000224436 0.00066005 0.000198246)
(0.00010641 0.000688996 0.000198246)
(-1.48489e-05 0.000697006 0.000198246)
(0 0 0)
(0 0 0)
(0 0 0)
(0 0 0)
(0 0 0)
(0 0 0)
(0 0 0)
(0 0 0)
(0 0 0)
(0 0 0)
(0 0 0)
(0 0 0)
(0 0 0)
(0 0 0)
(0 0 0)
(0 0 0)
(0 0 0)
(0 0 0)
(0 0 0)
(0 0 0)
(0 0 0)
(0 0 0)
(0 0 0)
(0 0 0)
(0 0 0)
(0 0 0)
(0 0 0)
(0 0 0)
(0 0 0)
(0 0 0)
(0 0 0)
(0 0 0)
(0 0 0)
(0 0 0)
(0 0 0)
(0 0 0)
(0.000221041 0.00116257 0.000244509)
(1.5805e-05 0.00118329 0.000244509)
(-0.000189912 0.00116806 0.00024451)
(-0.000389857 0.00111734 0.000244512)
(-0.000577957 0.00103266 0.000244512)
(-0.000748497 0.000916613 0.000244512)
(-0.000896294 0.000772713 0.000244511)
(-0.00101686 0.000605333 0.00024451)
(-0.00110652 0.00041956 0.000244509)
(-0.00116257 0.000221041 0.000244509)
(-0.00118329 1.58049e-05 0.000244509)
(-0.00116806 -0.000189912 0.00024451)
(-0.00111734 -0.000389857 0.000244512)
(-0.00103266 -0.000577957 0.000244512)
(-0.000916613 -0.000748497 0.000244512)
(-0.000772713 -0.000896294 0.000244511)
(-0.000605333 -0.00101686 0.00024451)
(-0.00041956 -0.00110652 0.000244509)
(-0.000221041 -0.00116257 0.000244509)
(-1.58048e-05 -0.00118329 0.000244509)
(0.000189912 -0.00116806 0.00024451)
(0.000389857 -0.00111734 0.000244512)
(0.000577957 -0.00103266 0.000244512)
(0.000748497 -0.000916613 0.000244512)
(0.000896294 -0.000772713 0.000244511)
(0.00101686 -0.000605333 0.00024451)
(0.00110652 -0.00041956 0.000244509)
(0.00116257 -0.000221041 0.000244509)
(0.00118329 -1.58049e-05 0.000244509)
(0.00116806 0.000189912 0.00024451)
(0.00111734 0.000389857 0.000244512)
(0.00103266 0.000577957 0.000244512)
(0.000916614 0.000748497 0.000244512)
(0.000772713 0.000896294 0.000244511)
(0.000605333 0.00101686 0.00024451)
(0.00041956 0.00110652 0.000244509)
(9.64423e-05 0.00123087 0.000324229)
(-0.000118761 0.00122891 0.000324229)
(-0.000330354 0.00118962 0.000324229)
(-0.000531911 0.00111418 0.000324231)
(-0.000717306 0.00100489 0.000324231)
(-0.000880905 0.000865065 0.00032423)
(-0.00101774 0.000698954 0.000324231)
(-0.00112365 0.000511606 0.00032423)
(-0.00119542 0.000308714 0.000324229)
(-0.00123087 9.64422e-05 0.000324229)
(-0.00122891 -0.000118761 0.000324229)
(-0.00118962 -0.000330354 0.000324229)
(-0.00111418 -0.000531912 0.000324231)
(-0.00100489 -0.000717306 0.000324231)
(-0.000865065 -0.000880905 0.00032423)
(-0.000698954 -0.00101774 0.000324231)
(-0.000511606 -0.00112365 0.00032423)
(-0.000308714 -0.00119542 0.000324229)
(-9.64421e-05 -0.00123087 0.000324229)
(0.000118762 -0.00122891 0.000324229)
(0.000330354 -0.00118962 0.000324229)
(0.000531912 -0.00111418 0.000324231)
(0.000717306 -0.00100489 0.000324231)
(0.000880905 -0.000865065 0.00032423)
(0.00101774 -0.000698954 0.000324231)
(0.00112365 -0.000511606 0.00032423)
(0.00119542 -0.000308714 0.000324229)
(0.00123087 -9.64422e-05 0.000324229)
(0.00122891 0.000118761 0.000324229)
(0.00118962 0.000330354 0.000324229)
(0.00111418 0.000531912 0.000324231)
(0.00100489 0.000717306 0.000324231)
(0.000865065 0.000880905 0.00032423)
(0.000698954 0.00101774 0.000324231)
(0.000511606 0.00112365 0.00032423)
(0.000308714 0.00119542 0.000324229)
(-4.881e-05 0.00129378 0.000396049)
(-0.00027273 0.00126565 0.000396049)
(-0.000488365 0.00119907 0.00039605)
(-0.000689161 0.00109605 0.00039605)
(-0.000869019 0.000959722 0.000396051)
(-0.00102247 0.000794238 0.00039605)
(-0.00114485 0.000604621 0.00039605)
(-0.00123245 0.000396635 0.000396049)
(-0.0012826 0.000176595 0.000396049)
(-0.00129378 -4.88101e-05 0.000396049)
(-0.00126565 -0.00027273 0.000396049)
(-0.00119907 -0.000488365 0.00039605)
(-0.00109605 -0.000689162 0.00039605)
(-0.000959722 -0.000869019 0.00039605)
(-0.000794237 -0.00102247 0.00039605)
(-0.000604621 -0.00114485 0.00039605)
(-0.000396634 -0.00123245 0.000396049)
(-0.000176595 -0.0012826 0.000396049)
(4.88101e-05 -0.00129378 0.000396049)
(0.00027273 -0.00126565 0.000396049)
(0.000488365 -0.00119907 0.00039605)
(0.000689162 -0.00109605 0.00039605)
(0.000869019 -0.000959722 0.00039605)
(0.00102247 -0.000794238 0.00039605)
(0.00114485 -0.000604621 0.00039605)
(0.00123245 -0.000396634 0.000396049)
(0.0012826 -0.000176595 0.000396049)
(0.00129378 4.88101e-05 0.000396049)
(0.00126565 0.00027273 0.000396049)
(0.00119907 0.000488365 0.00039605)
(0.00109605 0.000689162 0.00039605)
(0.000959722 0.000869019 0.000396051)
(0.000794238 0.00102247 0.00039605)
(0.000604621 0.00114485 0.00039605)
(0.000396635 0.00123245 0.00039605)
(0.000176595 0.0012826 0.000396049)
(-0.000208112 0.00134003 0.000455396)
(-0.000437643 0.00128353 0.000455396)
(-0.000653875 0.00118804 0.000455395)
(-0.000850241 0.00105644 0.000455395)
(-0.00102077 0.00089275 0.000455395)
(-0.00116029 0.000701932 0.000455395)
(-0.00126455 0.000489785 0.000455395)
(-0.00133039 0.000262756 0.000455395)
(-0.00135581 2.77447e-05 0.000455395)
(-0.00134003 -0.000208112 0.000455396)
(-0.00128353 -0.000437643 0.000455396)
(-0.00118804 -0.000653875 0.000455395)
(-0.00105644 -0.000850241 0.000455395)
(-0.00089275 -0.00102077 0.000455395)
(-0.000701931 -0.00116029 0.000455395)
(-0.000489785 -0.00126455 0.000455395)
(-0.000262756 -0.00133039 0.000455395)
(-2.77447e-05 -0.00135581 0.000455395)
(0.000208112 -0.00134003 0.000455396)
(0.000437643 -0.00128353 0.000455396)
(0.000653875 -0.00118804 0.000455395)
(0.000850241 -0.00105644 0.000455395)
(0.00102077 -0.00089275 0.000455395)
(0.00116029 -0.000701932 0.000455395)
(0.00126455 -0.000489785 0.000455395)
(0.00133039 -0.000262756 0.000455395)
(0.00135581 -2.77447e-05 0.000455395)
(0.00134003 0.000208112 0.000455396)
(0.00128353 0.000437643 0.000455396)
(0.00118804 0.000653875 0.000455395)
(0.00105644 0.000850241 0.000455395)
(0.00089275 0.00102077 0.000455395)
(0.000701932 0.00116029 0.000455395)
(0.000489785 0.00126455 0.000455395)
(0.000262756 0.00133039 0.000455395)
(2.77448e-05 0.00135581 0.000455395)
(0.000202232 0.00174863 0.000498006)
(-0.000104487 0.00175718 0.000498006)
(-0.000408032 0.00171234 0.000498008)
(-0.000699177 0.00161547 0.000498009)
(-0.000969079 0.00146952 0.000498009)
(-0.00120953 0.00127892 0.000498009)
(-0.00141324 0.00104945 0.000498009)
(-0.00157401 0.000788101 0.000498007)
(-0.00168695 0.000502805 0.000498006)
(-0.00174863 0.000202232 0.000498006)
(-0.00175718 -0.000104487 0.000498006)
(-0.00171234 -0.000408032 0.000498008)
(-0.00161547 -0.000699177 0.000498009)
(-0.00146952 -0.000969079 0.000498009)
(-0.00127892 -0.00120953 0.000498009)
(-0.00104945 -0.00141324 0.000498009)
(-0.000788101 -0.00157401 0.000498007)
(-0.000502805 -0.00168695 0.000498006)
(-0.000202232 -0.00174863 0.000498006)
(0.000104487 -0.00175718 0.000498006)
(0.000408032 -0.00171234 0.000498008)
(0.000699177 -0.00161547 0.000498009)
(0.000969079 -0.00146952 0.000498009)
(0.00120953 -0.00127892 0.000498009)
(0.00141324 -0.00104945 0.000498009)
(0.00157401 -0.000788101 0.000498007)
(0.00168695 -0.000502805 0.000498006)
(0.00174863 -0.000202232 0.000498006)
(0.00175718 0.000104487 0.000498006)
(0.00171234 0.000408032 0.000498008)
(0.00161547 0.000699177 0.000498009)
(0.00146952 0.000969079 0.000498009)
(0.00127892 0.00120953 0.000498009)
(0.00104945 0.00141324 0.000498009)
(0.000788101 0.00157401 0.000498007)
(0.000502805 0.00168695 0.000498006)
(4.91836e-05 0.00181509 0.000591037)
(-0.000266751 0.00179606 0.000591037)
(-0.00057458 0.00172245 0.000591038)
(-0.000864951 0.00159651 0.000591038)
(-0.00112904 0.00142206 0.000591039)
(-0.00135882 0.0012044 0.000591039)
(-0.00154732 0.00095014 0.000591039)
(-0.00168881 0.000667016 0.000591038)
(-0.00177898 0.000363623 0.000591038)
(-0.00181509 4.91834e-05 0.000591037)
(-0.00179606 -0.000266751 0.000591037)
(-0.00172245 -0.00057458 0.000591038)
(-0.00159651 -0.000864951 0.000591038)
(-0.00142206 -0.00112904 0.000591039)
(-0.0012044 -0.00135882 0.000591039)
(-0.00095014 -0.00154732 0.000591039)
(-0.000667016 -0.00168881 0.000591038)
(-0.000363623 -0.00177898 0.000591038)
(-4.91834e-05 -0.00181509 0.000591037)
(0.000266751 -0.00179606 0.000591037)
(0.00057458 -0.00172245 0.000591038)
(0.000864951 -0.00159651 0.000591038)
(0.00112904 -0.00142206 0.000591039)
(0.00135882 -0.0012044 0.000591039)
(0.00154732 -0.00095014 0.000591039)
(0.00168881 -0.000667016 0.000591038)
(0.00177898 -0.000363623 0.000591038)
(0.00181509 -4.91834e-05 0.000591037)
(0.00179606 0.000266751 0.000591038)
(0.00172245 0.00057458 0.000591038)
(0.00159651 0.000864951 0.000591039)
(0.00142206 0.00112904 0.000591039)
(0.0012044 0.00135882 0.000591039)
(0.00095014 0.00154732 0.000591039)
(0.000667016 0.00168881 0.000591038)
(0.000363623 0.00177898 0.000591038)
(-0.000122061 0.00187581 0.00067599)
(-0.000445939 0.00182612 0.00067599)
(-0.000756266 0.00172094 0.00067599)
(-0.00104361 0.00156347 0.00067599)
(-0.00129925 0.0013585 0.00067599)
(-0.00151542 0.00111224 0.000675991)
(-0.00168553 0.000832199 0.00067599)
(-0.00180444 0.000526865 0.00067599)
(-0.00186851 0.000205525 0.00067599)
(-0.00187581 -0.000122062 0.00067599)
(-0.00182612 -0.000445939 0.00067599)
(-0.00172094 -0.000756266 0.00067599)
(-0.00156347 -0.00104361 0.00067599)
(-0.0013585 -0.00129925 0.00067599)
(-0.00111224 -0.00151542 0.00067599)
(-0.000832199 -0.00168553 0.00067599)
(-0.000526865 -0.00180444 0.00067599)
(-0.000205524 -0.00186851 0.00067599)
(0.000122062 -0.00187581 0.00067599)
(0.000445939 -0.00182612 0.00067599)
(0.000756266 -0.00172094 0.00067599)
(0.00104361 -0.00156347 0.00067599)
(0.00129925 -0.0013585 0.00067599)
(0.00151542 -0.00111224 0.000675991)
(0.00168553 -0.000832199 0.00067599)
(0.00180444 -0.000526865 0.00067599)
(0.00186851 -0.000205525 0.00067599)
(0.00187581 0.000122062 0.00067599)
(0.00182612 0.000445939 0.00067599)
(0.00172094 0.000756266 0.00067599)
(0.00156347 0.00104361 0.00067599)
(0.0013585 0.00129925 0.00067599)
(0.00111225 0.00151542 0.000675991)
(0.000832199 0.00168553 0.00067599)
(0.000526865 0.00180444 0.00067599)
(0.000205525 0.00186851 0.00067599)
(-0.000303454 0.00191814 0.000748815)
(-0.000631924 0.00183631 0.000748815)
(-0.000941196 0.00169868 0.000748815)
(-0.00122187 0.00150944 0.000748815)
(-0.00146542 0.00127433 0.000748815)
(-0.00166444 0.0010005 0.000748815)
(-0.00181289 0.000696274 0.000748815)
(-0.00190625 0.000370892 0.000748815)
(-0.0019417 3.42387e-05 0.000748815)
(-0.00191814 -0.000303454 0.000748815)
(-0.00183631 -0.000631924 0.000748815)
(-0.00169868 -0.000941196 0.000748815)
(-0.00150943 -0.00122187 0.000748815)
(-0.00127433 -0.00146542 0.000748815)
(-0.0010005 -0.00166444 0.000748815)
(-0.000696274 -0.00181289 0.000748815)
(-0.000370892 -0.00190625 0.000748815)
(-3.42386e-05 -0.0019417 0.000748815)
(0.000303454 -0.00191814 0.000748815)
(0.000631924 -0.00183631 0.000748815)
(0.000941196 -0.00169868 0.000748815)
(0.00122187 -0.00150943 0.000748815)
(0.00146542 -0.00127433 0.000748815)
(0.00166444 -0.0010005 0.000748815)
(0.00181289 -0.000696274 0.000748815)
(0.00190625 -0.000370892 0.000748815)
(0.0019417 -3.42386e-05 0.000748816)
(0.00191814 0.000303454 0.000748815)
(0.00183631 0.000631924 0.000748815)
(0.00169868 0.000941196 0.000748815)
(0.00150944 0.00122187 0.000748815)
(0.00127433 0.00146542 0.000748815)
(0.0010005 0.00166444 0.000748815)
(0.000696274 0.00181289 0.000748815)
(0.000370892 0.00190625 0.000748815)
(3.42387e-05 0.0019417 0.000748816)
(9.97317e-05 0.00231472 0.00078963)
(-0.000303733 0.00229687 0.000789631)
(-0.000697964 0.00220923 0.000789631)
(-0.00107099 0.00205447 0.000789632)
(-0.00141147 0.00183728 0.000789633)
(-0.00170907 0.00156427 0.000789633)
(-0.00195474 0.00124373 0.000789633)
(-0.00214101 0.000885395 0.000789632)
(-0.00226223 0.000500161 0.000789632)
(-0.00231472 9.97315e-05 0.00078963)
(-0.00229687 -0.000303733 0.000789631)
(-0.00220923 -0.000697964 0.000789631)
(-0.00205447 -0.00107099 0.000789632)
(-0.00183728 -0.00141147 0.000789633)
(-0.00156427 -0.00170907 0.000789633)
(-0.00124373 -0.00195474 0.000789633)
(-0.000885395 -0.00214101 0.000789632)
(-0.000500161 -0.00226223 0.000789632)
(-9.97314e-05 -0.00231472 0.00078963)
(0.000303733 -0.00229687 0.000789631)
(0.000697964 -0.00220923 0.000789631)
(0.00107099 -0.00205447 0.000789632)
(0.00141147 -0.00183728 0.000789633)
(0.00170907 -0.00156427 0.000789633)
(0.00195474 -0.00124373 0.000789633)
(0.00214101 -0.000885395 0.000789632)
(0.00226223 -0.000500161 0.000789632)
(0.00231472 -9.97315e-05 0.00078963)
(0.00229687 0.000303733 0.000789631)
(0.00220923 0.000697964 0.000789631)
(0.00205447 0.00107099 0.000789632)
(0.00183728 0.00141147 0.000789633)
(0.00156427 0.00170907 0.000789633)
(0.00124373 0.00195474 0.000789633)
(0.000885395 0.00214101 0.000789632)
(0.000500161 0.00226223 0.000789632)
(-6.09314e-05 0.00235565 0.000883575)
(-0.00046906 0.00230928 0.000883574)
(-0.000862935 0.00219274 0.000883575)
(-0.00123059 0.00200959 0.000883575)
(-0.00156086 0.00176536 0.000883575)
(-0.0018437 0.0014675 0.000883576)
(-0.00207051 0.00112506 0.000883576)
(-0.00223442 0.000748422 0.000883576)
(-0.00233044 0.000349048 0.000883575)
(-0.00235565 -6.09315e-05 0.000883575)
(-0.00230928 -0.00046906 0.000883574)
(-0.00219274 -0.000862935 0.000883575)
(-0.00200959 -0.00123059 0.000883575)
(-0.00176536 -0.00156086 0.000883575)
(-0.0014675 -0.0018437 0.000883576)
(-0.00112506 -0.00207051 0.000883576)
(-0.000748422 -0.00223442 0.000883576)
(-0.000349048 -0.00233044 0.000883575)
(6.09317e-05 -0.00235565 0.000883574)
(0.00046906 -0.00230928 0.000883574)
(0.000862935 -0.00219274 0.000883575)
(0.00123059 -0.00200959 0.000883575)
(0.00156086 -0.00176536 0.000883575)
(0.0018437 -0.0014675 0.000883576)
(0.00207051 -0.00112506 0.000883576)
(0.00223442 -0.000748422 0.000883576)
(0.00233044 -0.000349048 0.000883575)
(0.00235565 6.09315e-05 0.000883575)
(0.00230928 0.00046906 0.000883574)
(0.00219275 0.000862935 0.000883575)
(0.00200959 0.00123059 0.000883575)
(0.00176536 0.00156086 0.000883576)
(0.0014675 0.0018437 0.000883576)
(0.00112506 0.00207051 0.000883576)
(0.000748422 0.00223442 0.000883576)
(0.000349049 0.00233044 0.000883575)
(-0.00023665 0.00239136 0.000969086)
(-0.00064831 0.00231394 0.000969086)
(-0.00104027 0.0021662 0.000969086)
(-0.00140063 0.00195265 0.000969087)
(-0.00171842 0.00167977 0.000969087)
(-0.001984 0.00135585 0.000969087)
(-0.0021893 0.000990735 0.000969087)
(-0.00232808 0.000595516 0.000969086)
(-0.00239612 0.0001822 0.000969087)
(-0.00239136 -0.00023665 0.000969086)
(-0.00231394 -0.00064831 0.000969086)
(-0.0021662 -0.00104027 0.000969086)
(-0.00195265 -0.00140063 0.000969086)
(-0.00167977 -0.00171842 0.000969087)
(-0.00135585 -0.001984 0.000969087)
(-0.000990735 -0.0021893 0.000969087)
(-0.000595516 -0.00232808 0.000969086)
(-0.0001822 -0.00239612 0.000969087)
(0.000236651 -0.00239136 0.000969086)
(0.00064831 -0.00231394 0.000969086)
(0.00104027 -0.0021662 0.000969086)
(0.00140063 -0.00195265 0.000969087)
(0.00171842 -0.00167977 0.000969087)
(0.001984 -0.00135585 0.000969087)
(0.0021893 -0.000990735 0.000969087)
(0.00232808 -0.000595516 0.000969086)
(0.00239612 -0.0001822 0.000969087)
(0.00239136 0.00023665 0.000969086)
(0.00231394 0.00064831 0.000969086)
(0.0021662 0.00104027 0.000969087)
(0.00195265 0.00140063 0.000969087)
(0.00167977 0.00171842 0.000969087)
(0.00135585 0.001984 0.000969087)
(0.000990735 0.0021893 0.000969087)
(0.000595516 0.00232808 0.000969087)
(0.0001822 0.00239612 0.000969087)
(-0.000420343 0.00240912 0.00104275)
(-0.000832296 0.00229952 0.00104276)
(-0.00121896 0.00212006 0.00104275)
(-0.00156859 0.00187618 0.00104275)
(-0.00187055 0.0015753 0.00104275)
(-0.00211568 0.00122655 0.00104275)
(-0.00229653 0.000840529 0.00104275)
(-0.00240759 0.000428973 0.00104275)
(-0.00244551 4.38079e-06 0.00104276)
(-0.00240911 -0.000420343 0.00104275)
(-0.00229952 -0.000832296 0.00104276)
(-0.00212006 -0.00121896 0.00104275)
(-0.00187618 -0.00156859 0.00104275)
(-0.0015753 -0.00187055 0.00104275)
(-0.00122655 -0.00211568 0.00104275)
(-0.000840529 -0.00229653 0.00104275)
(-0.000428973 -0.00240759 0.00104275)
(-4.38067e-06 -0.00244551 0.00104276)
(0.000420343 -0.00240912 0.00104275)
(0.000832296 -0.00229952 0.00104276)
(0.00121896 -0.00212006 0.00104275)
(0.00156859 -0.00187618 0.00104275)
(0.00187055 -0.0015753 0.00104275)
(0.00211568 -0.00122655 0.00104275)
(0.00229653 -0.000840529 0.00104275)
(0.00240759 -0.000428973 0.00104275)
(0.00244551 -4.38076e-06 0.00104276)
(0.00240912 0.000420343 0.00104275)
(0.00229952 0.000832296 0.00104276)
(0.00212006 0.00121896 0.00104275)
(0.00187618 0.00156859 0.00104275)
(0.0015753 0.00187055 0.00104275)
(0.00122655 0.00211568 0.00104275)
(0.00084053 0.00229653 0.00104275)
(0.000428973 0.00240759 0.00104275)
(4.3809e-06 0.00244551 0.00104276)
(-6.37551e-05 0.00283284 0.00110174)
(-0.000554705 0.00277873 0.00110174)
(-0.0010288 0.0026402 0.00110174)
(-0.00147163 0.00242144 0.00110174)
(-0.00186975 0.0021291 0.00110174)
(-0.00221106 0.00177207 0.00110174)
(-0.00248519 0.00136121 0.00110174)
(-0.0026838 0.000908977 0.00110174)
(-0.00280087 0.00042913 0.00110174)
(-0.00283284 -6.37553e-05 0.00110174)
(-0.00277873 -0.000554705 0.00110174)
(-0.0026402 -0.0010288 0.00110174)
(-0.00242144 -0.00147163 0.00110174)
(-0.0021291 -0.00186975 0.00110174)
(-0.00177207 -0.00221106 0.00110174)
(-0.00136121 -0.00248519 0.00110174)
(-0.000908977 -0.0026838 0.00110174)
(-0.00042913 -0.00280087 0.00110174)
(6.37555e-05 -0.00283284 0.00110174)
(0.000554705 -0.00277873 0.00110174)
(0.0010288 -0.0026402 0.00110174)
(0.00147163 -0.00242144 0.00110174)
(0.00186975 -0.0021291 0.00110174)
(0.00221106 -0.00177207 0.00110174)
(0.00248519 -0.00136121 0.00110174)
(0.0026838 -0.000908977 0.00110174)
(0.00280088 -0.00042913 0.00110174)
(0.00283284 6.37553e-05 0.00110174)
(0.00277873 0.000554705 0.00110174)
(0.0026402 0.0010288 0.00110174)
(0.00242144 0.00147163 0.00110174)
(0.0021291 0.00186975 0.00110174)
(0.00177207 0.00221106 0.00110174)
(0.00136121 0.00248519 0.00110174)
(0.000908977 0.0026838 0.00110174)
(0.000429131 0.00280087 0.00110174)
(-0.000218959 0.00283215 0.00118788)
(-0.000707428 0.0027511 0.00118788)
(-0.0011744 0.00258646 0.00118788)
(-0.0016057 0.00234323 0.00118788)
(-0.0019882 0.00202881 0.00118788)
(-0.00231029 0.00165274 0.00118788)
(-0.00256219 0.00122645 0.00118788)
(-0.00273623 0.000762899 0.00118788)
(-0.00282714 0.000276165 0.00118788)
(-0.00283215 -0.000218959 0.00118788)
(-0.0027511 -0.000707429 0.00118788)
(-0.00258646 -0.0011744 0.00118788)
(-0.00234323 -0.0016057 0.00118788)
(-0.00202881 -0.0019882 0.00118788)
(-0.00165274 -0.00231029 0.00118788)
(-0.00122645 -0.00256219 0.00118788)
(-0.000762898 -0.00273623 0.00118788)
(-0.000276165 -0.00282714 0.00118788)
(0.000218959 -0.00283215 0.00118788)
(0.000707429 -0.0027511 0.00118788)
(0.0011744 -0.00258646 0.00118788)
(0.0016057 -0.00234323 0.00118788)
(0.0019882 -0.00202881 0.00118788)
(0.00231029 -0.00165274 0.00118788)
(0.00256219 -0.00122645 0.00118788)
(0.00273623 -0.000762899 0.00118788)
(0.00282714 -0.000276165 0.00118788)
(0.00283215 0.000218959 0.00118788)
(0.0027511 0.000707429 0.00118788)
(0.00258646 0.0011744 0.00118788)
(0.00234323 0.0016057 0.00118788)
(0.00202881 0.0019882 0.00118788)
(0.00165274 0.00231029 0.00118788)
(0.00122645 0.00256219 0.00118788)
(0.000762899 0.00273623 0.00118788)
(0.000276165 0.00282714 0.00118788)
(-0.000386382 0.0028278 0.00126535)
(-0.000871552 0.00271774 0.00126535)
(-0.00133024 0.00252511 0.00126535)
(-0.00174851 0.00225575 0.00126535)
(-0.00211366 0.00191786 0.00126535)
(-0.00241458 0.00152169 0.00126535)
(-0.00264213 0.00107928 0.00126535)
(-0.00278941 0.000604085 0.00126535)
(-0.00285193 0.00011053 0.00126535)
(-0.0028278 -0.000386382 0.00126535)
(-0.00271774 -0.000871552 0.00126535)
(-0.00252511 -0.00133024 0.00126535)
(-0.00225575 -0.00174851 0.00126535)
(-0.00191786 -0.00211366 0.00126535)
(-0.00152169 -0.00241458 0.00126535)
(-0.00107928 -0.00264213 0.00126535)
(-0.000604085 -0.00278941 0.00126535)
(-0.00011053 -0.00285193 0.00126535)
(0.000386382 -0.0028278 0.00126535)
(0.000871552 -0.00271774 0.00126535)
(0.00133024 -0.00252511 0.00126535)
(0.00174851 -0.00225575 0.00126535)
(0.00211366 -0.00191786 0.00126535)
(0.00241458 -0.00152169 0.00126535)
(0.00264213 -0.00107928 0.00126535)
(0.00278941 -0.000604085 0.00126535)
(0.00285193 -0.00011053 0.00126535)
(0.0028278 0.000386382 0.00126535)
(0.00271774 0.000871552 0.00126535)
(0.00252511 0.00133024 0.00126535)
(0.00225575 0.00174851 0.00126535)
(0.00191786 0.00211366 0.00126535)
(0.00152169 0.00241458 0.00126535)
(0.00107928 0.00264213 0.00126535)
(0.000604085 0.00278941 0.00126535)
(0.000110531 0.00285193 0.00126535)
(-0.000559771 0.0028071 0.00133113)
(-0.00103872 0.00266725 0.00133113)
(-0.0014861 0.00244636 0.00133113)
(-0.00188833 0.00215114 0.00133113)
(-0.00223318 0.00179055 0.00133113)
(-0.00251018 0.00137556 0.00133113)
(-0.00271091 0.000918775 0.00133113)
(-0.00282927 0.000434071 0.00133113)
(-0.00286166 -6.38207e-05 0.00133113)
(-0.0028071 -0.000559772 0.00133113)
(-0.00266725 -0.00103872 0.00133113)
(-0.00244636 -0.0014861 0.00133113)
(-0.00215114 -0.00188833 0.00133113)
(-0.00179055 -0.00223318 0.00133113)
(-0.00137556 -0.00251018 0.00133113)
(-0.000918775 -0.00271091 0.00133113)
(-0.000434071 -0.00282927 0.00133113)
(6.38208e-05 -0.00286166 0.00133113)
(0.000559772 -0.0028071 0.00133113)
(0.00103872 -0.00266725 0.00133113)
(0.0014861 -0.00244636 0.00133113)
(0.00188833 -0.00215114 0.00133113)
(0.00223318 -0.00179055 0.00133113)
(0.00251018 -0.00137556 0.00133113)
(0.00271091 -0.000918775 0.00133113)
(0.00282927 -0.000434071 0.00133113)
(0.00286166 6.38207e-05 0.00133113)
(0.0028071 0.000559772 0.00133113)
(0.00266725 0.00103872 0.00133113)
(0.00244636 0.0014861 0.00133113)
(0.00215114 0.00188833 0.00133113)
(0.00179055 0.00223318 0.00133113)
(0.00137556 0.00251018 0.00133113)
(0.000918776 0.00271091 0.00133113)
(0.000434071 0.00282927 0.00133113)
(-6.38205e-05 0.00286166 0.00133113)
(-0.000261079 0.00327826 0.00142814)
(-0.000826377 0.00318312 0.00142814)
(-0.00136656 0.00299126 0.00142814)
(-0.00186523 0.00270851 0.00142814)
(-0.00230722 0.00234347 0.00142814)
(-0.00267911 0.00190722 0.00142814)
(-0.00296959 0.00141303 0.00142814)
(-0.00316985 0.000875895 0.00142814)
(-0.00327379 0.000312149 0.00142814)
(-0.00327826 -0.000261079 0.00142814)
(-0.00318312 -0.000826377 0.00142814)
(-0.00299126 -0.00136656 0.00142814)
(-0.00270851 -0.00186523 0.00142814)
(-0.00234347 -0.00230722 0.00142814)
(-0.00190722 -0.00267911 0.00142814)
(-0.00141303 -0.00296959 0.00142814)
(-0.000875894 -0.00316985 0.00142814)
(-0.000312149 -0.00327379 0.00142814)
(0.00026108 -0.00327826 0.00142814)
(0.000826377 -0.00318312 0.00142814)
(0.00136656 -0.00299126 0.00142814)
(0.00186523 -0.00270851 0.00142814)
(0.00230722 -0.00234347 0.00142814)
(0.00267911 -0.00190722 0.00142814)
(0.00296959 -0.00141303 0.00142814)
(0.00316985 -0.000875894 0.00142814)
(0.00327379 -0.000312149 0.00142814)
(0.00327826 0.000261079 0.00142814)
(0.00318312 0.000826377 0.00142814)
(0.00299126 0.00136656 0.00142814)
(0.00270851 0.00186523 0.00142814)
(0.00234347 0.00230722 0.00142814)
(0.00190722 0.00267911 0.00142814)
(0.00141303 0.00296959 0.00142814)
(0.000875895 0.00316985 0.00142814)
(0.000312149 0.00327379 0.00142814)
(-0.000404511 0.00322576 0.00149982)
(-0.000958513 0.00310652 0.00149982)
(-0.00148339 0.00289288 0.00149982)
(-0.0019632 0.00259134 0.00149982)
(-0.00238335 0.00221106 0.00149982)
(-0.00273109 0.00176361 0.00149982)
(-0.00299585 0.00126257 0.00149982)
(-0.00316958 0.00072316 0.00149982)
(-0.003247 0.000161783 0.00149982)
(-0.00322576 -0.000404511 0.00149982)
(-0.00310652 -0.000958514 0.00149982)
(-0.00289288 -0.00148339 0.00149982)
(-0.00259134 -0.0019632 0.00149982)
(-0.00221106 -0.00238335 0.00149982)
(-0.00176361 -0.00273109 0.00149982)
(-0.00126257 -0.00299585 0.00149982)
(-0.00072316 -0.00316958 0.00149982)
(-0.000161782 -0.003247 0.00149982)
(0.000404512 -0.00322576 0.00149982)
(0.000958514 -0.00310652 0.00149982)
(0.00148339 -0.00289288 0.00149982)
(0.0019632 -0.00259134 0.00149982)
(0.00238335 -0.00221106 0.00149982)
(0.00273109 -0.00176361 0.00149982)
(0.00299585 -0.00126257 0.00149982)
(0.00316958 -0.00072316 0.00149982)
(0.003247 -0.000161783 0.00149982)
(0.00322576 0.000404511 0.00149982)
(0.00310652 0.000958514 0.00149982)
(0.00289288 0.00148339 0.00149982)
(0.00259134 0.0019632 0.00149982)
(0.00221106 0.00238335 0.00149982)
(0.00176361 0.00273109 0.00149982)
(0.00126257 0.00299585 0.00149982)
(0.00072316 0.00316958 0.00149982)
(0.000161783 0.003247 0.00149982)
(-0.000557587 0.0031724 0.00156247)
(-0.0011 0.00302738 0.00156247)
(-0.00160899 0.00279037 0.00156247)
(-0.00206908 0.00246858 0.00156247)
(-0.00246631 0.00207179 0.00156247)
(-0.00278861 0.00161204 0.00156247)
(-0.00302617 0.00110331 0.00156247)
(-0.00317178 0.000561061 0.00156247)
(-0.00322102 1.76296e-06 0.00156247)
(-0.0031724 -0.000557587 0.00156247)
(-0.00302738 -0.0011 0.00156247)
(-0.00279037 -0.00160899 0.00156247)
(-0.00246858 -0.00206908 0.00156247)
(-0.00207179 -0.00246631 0.00156247)
(-0.00161204 -0.00278861 0.00156247)
(-0.00110331 -0.00302617 0.00156247)
(-0.000561061 -0.00317178 0.00156247)
(-1.76274e-06 -0.00322102 0.00156247)
(0.000557587 -0.0031724 0.00156247)
(0.0011 -0.00302738 0.00156247)
(0.00160899 -0.00279037 0.00156247)
(0.00206908 -0.00246858 0.00156247)
(0.00246631 -0.00207179 0.00156247)
(0.00278861 -0.00161204 0.00156247)
(0.00302617 -0.00110331 0.00156247)
(0.00317178 -0.000561061 0.00156247)
(0.00322103 -1.76292e-06 0.00156247)
(0.0031724 0.000557587 0.00156247)
(0.00302738 0.0011 0.00156247)
(0.00279037 0.00160899 0.00156247)
(0.00246858 0.00206908 0.00156247)
(0.00207179 0.00246631 0.00156247)
(0.00161204 0.00278861 0.00156247)
(0.00110331 0.00302617 0.00156247)
(0.000561061 0.00317178 0.00156247)
(1.76316e-06 0.00322103 0.00156247)
(-0.000714139 0.00310526 0.0016133)
(-0.00124251 0.00293407 0.0016133)
(-0.00173313 0.00267374 0.0016133)
(-0.00217109 0.00233216 0.0016133)
(-0.00254308 0.00191972 0.0016133)
(-0.0028378 0.00144896 0.0016133)
(-0.0030463 0.000934168 0.0016133)
(-0.00316224 0.00039099 0.0016133)
(-0.00318209 -0.000164067 0.0016133)
(-0.00310526 -0.00071414 0.0016133)
(-0.00293407 -0.00124251 0.0016133)
(-0.00267374 -0.00173313 0.0016133)
(-0.00233216 -0.00217109 0.0016133)
(-0.00191972 -0.00254308 0.0016133)
(-0.00144896 -0.0028378 0.0016133)
(-0.000934168 -0.0030463 0.0016133)
(-0.00039099 -0.00316224 0.0016133)
(0.000164068 -0.00318209 0.0016133)
(0.00071414 -0.00310526 0.0016133)
(0.00124251 -0.00293407 0.0016133)
(0.00173313 -0.00267374 0.0016133)
(0.00217109 -0.00233216 0.0016133)
(0.00254308 -0.00191972 0.0016133)
(0.0028378 -0.00144896 0.0016133)
(0.0030463 -0.000934168 0.0016133)
(0.00316224 -0.00039099 0.0016133)
(0.00318209 0.000164067 0.0016133)
(0.00310526 0.00071414 0.0016133)
(0.00293407 0.00124251 0.0016133)
(0.00267374 0.00173313 0.0016133)
(0.00233216 0.00217109 0.0016133)
(0.00191972 0.00254308 0.0016133)
(0.00144896 0.0028378 0.0016133)
(0.000934168 0.0030463 0.0016133)
(0.00039099 0.00316224 0.0016133)
(-0.000164067 0.00318209 0.0016133)
(-0.000463333 0.00363157 0.00177307)
(-0.00108691 0.00349594 0.00177307)
(-0.00167746 0.00325409 0.00177307)
(-0.00221705 0.00291336 0.00177307)
(-0.00268926 0.00248412 0.00177307)
(-0.00307977 0.00197939 0.00177307)
(-0.0033767 0.00141453 0.00177307)
(-0.00357103 0.000806675 0.00177307)
(-0.00365686 0.00017432 0.00177307)
(-0.00363157 -0.000463334 0.00177307)
(-0.00349594 -0.00108691 0.00177307)
(-0.00325409 -0.00167746 0.00177307)
(-0.00291336 -0.00221705 0.00177307)
(-0.00248412 -0.00268926 0.00177307)
(-0.00197939 -0.00307977 0.00177307)
(-0.00141452 -0.0033767 0.00177307)
(-0.000806675 -0.00357103 0.00177307)
(-0.000174319 -0.00365686 0.00177307)
(0.000463334 -0.00363157 0.00177307)
(0.00108691 -0.00349594 0.00177307)
(0.00167746 -0.00325409 0.00177307)
(0.00221705 -0.00291336 0.00177307)
(0.00268926 -0.00248412 0.00177307)
(0.00307977 -0.00197939 0.00177307)
(0.0033767 -0.00141453 0.00177307)
(0.00357103 -0.000806675 0.00177307)
(0.00365686 -0.00017432 0.00177307)
(0.00363157 0.000463334 0.00177307)
(0.00349594 0.00108691 0.00177307)
(0.00325409 0.00167746 0.00177307)
(0.00291337 0.00221705 0.00177307)
(0.00248412 0.00268926 0.00177307)
(0.00197939 0.00307977 0.00177307)
(0.00141453 0.0033767 0.00177307)
(0.000806675 0.00357103 0.00177307)
(0.00017432 0.00365686 0.00177307)
(-0.000593271 0.00352037 0.00182401)
(-0.00119556 0.00336387 0.00182401)
(-0.00176153 0.00310515 0.00182401)
(-0.00227397 0.00275209 0.001824)
(-0.00271732 0.00231541 0.001824)
(-0.0030781 0.00180837 0.00182401)
(-0.00334536 0.00124639 0.00182401)
(-0.00351097 0.00064654 0.00182401)
(-0.0035699 2.70443e-05 0.00182401)
(-0.00352037 -0.000593271 0.00182401)
(-0.00336387 -0.00119556 0.00182401)
(-0.00310515 -0.00176153 0.00182401)
(-0.00275209 -0.00227397 0.001824)
(-0.00231541 -0.00271732 0.001824)
(-0.00180837 -0.00307811 0.00182401)
(-0.00124639 -0.00334536 0.001824)
(-0.00064654 -0.00351097 0.00182401)
(-2.7044e-05 -0.00356991 0.00182401)
(0.000593271 -0.00352037 0.00182401)
(0.00119556 -0.00336387 0.00182401)
(0.00176153 -0.00310515 0.00182401)
(0.00227397 -0.00275209 0.001824)
(0.00271732 -0.00231541 0.001824)
(0.00307811 -0.00180837 0.00182401)
(0.00334536 -0.00124639 0.00182401)
(0.00351097 -0.00064654 0.00182401)
(0.00356991 -2.70442e-05 0.00182401)
(0.00352037 0.000593271 0.00182401)
(0.00336387 0.00119556 0.00182401)
(0.00310515 0.00176153 0.00182401)
(0.00275209 0.00227397 0.001824)
(0.00231541 0.00271732 0.001824)
(0.00180837 0.00307811 0.00182401)
(0.00124639 0.00334536 0.00182401)
(0.00064654 0.00351097 0.00182401)
(2.70445e-05 0.00356991 0.00182401)
(-0.000730441 0.00341229 0.00186528)
(-0.00131188 0.00323361 0.00186528)
(-0.00185346 0.00295668 0.00186528)
(-0.00233873 0.00258991 0.00186528)
(-0.00275293 0.00214445 0.00186528)
(-0.00308348 0.00163383 0.00186528)
(-0.00332035 0.00107357 0.00186528)
(-0.00345633 0.000480686 0.00186528)
(-0.00348729 -0.000126806 0.00186528)
(-0.00341229 -0.000730441 0.00186528)
(-0.00323361 -0.00131188 0.00186528)
(-0.00295668 -0.00185346 0.00186528)
(-0.00258991 -0.00233873 0.00186528)
(-0.00214445 -0.00275293 0.00186528)
(-0.00163383 -0.00308348 0.00186528)
(-0.00107357 -0.00332035 0.00186528)
(-0.000480685 -0.00345633 0.00186528)
(0.000126806 -0.00348729 0.00186528)
(0.000730442 -0.00341229 0.00186528)
(0.00131188 -0.00323361 0.00186528)
(0.00185346 -0.00295668 0.00186528)
(0.00233873 -0.00258991 0.00186528)
(0.00275293 -0.00214445 0.00186528)
(0.00308348 -0.00163383 0.00186528)
(0.00332035 -0.00107357 0.00186528)
(0.00345633 -0.000480686 0.00186528)
(0.00348729 0.000126806 0.00186528)
(0.00341229 0.000730441 0.00186528)
(0.00323361 0.00131188 0.00186528)
(0.00295668 0.00185346 0.00186528)
(0.00258991 0.00233873 0.00186528)
(0.00214445 0.00275293 0.00186528)
(0.00163383 0.00308348 0.00186528)
(0.00107357 0.00332035 0.00186528)
(0.000480686 0.00345633 0.00186528)
(-0.000126805 0.00348729 0.00186528)
(-0.000867897 0.00329435 0.00189419)
(-0.00142677 0.0030936 0.00189419)
(-0.00194229 0.00279884 0.00189419)
(-0.0023988 0.00241905 0.00189419)
(-0.00278242 0.00196575 0.00189419)
(-0.00308149 0.00145272 0.00189419)
(-0.00328694 0.000895555 0.00189419)
(-0.00339252 0.000311179 0.00189419)
(-0.00339501 -0.000282653 0.00189419)
(-0.00329435 -0.000867897 0.00189419)
(-0.0030936 -0.00142677 0.00189419)
(-0.00279884 -0.00194229 0.00189419)
(-0.00241905 -0.0023988 0.00189419)
(-0.00196575 -0.00278242 0.00189419)
(-0.00145272 -0.00308149 0.00189419)
(-0.000895555 -0.00328694 0.00189419)
(-0.000311179 -0.00339252 0.00189419)
(0.000282653 -0.00339501 0.00189419)
(0.000867897 -0.00329435 0.00189419)
(0.00142677 -0.0030936 0.00189419)
(0.00194229 -0.00279884 0.00189419)
(0.0023988 -0.00241905 0.00189419)
(0.00278242 -0.00196575 0.00189419)
(0.00308149 -0.00145272 0.00189419)
(0.00328694 -0.000895555 0.00189419)
(0.00339252 -0.000311179 0.00189419)
(0.00339501 0.000282653 0.00189419)
(0.00329435 0.000867897 0.00189419)
(0.0030936 0.00142677 0.00189419)
(0.00279884 0.00194229 0.00189419)
(0.00241905 0.0023988 0.00189419)
(0.00196575 0.00278242 0.00189419)
(0.00145272 0.00308149 0.00189419)
(0.000895555 0.00328694 0.00189419)
(0.000311179 0.00339252 0.00189419)
(-0.000282652 0.00339501 0.00189419)
(-0.000641333 0.00387608 0.00214695)
(-0.00130466 0.00370583 0.00214695)
(-0.00192835 0.00342297 0.00214694)
(-0.00249345 0.00303612 0.00214694)
(-0.00298278 0.00255701 0.00214694)
(-0.00338149 0.00200021 0.00214694)
(-0.00367745 0.00138263 0.00214695)
(-0.00386167 0.000723041 0.00214695)
(-0.00392856 4.14834e-05 0.00214695)
(-0.00387608 -0.000641333 0.00214695)
(-0.00370583 -0.00130466 0.00214695)
(-0.00342297 -0.00192835 0.00214694)
(-0.00303612 -0.00249345 0.00214694)
(-0.00255701 -0.00298278 0.00214694)
(-0.00200021 -0.00338149 0.00214694)
(-0.00138263 -0.00367745 0.00214695)
(-0.000723041 -0.00386167 0.00214695)
(-4.1483e-05 -0.00392856 0.00214695)
(0.000641334 -0.00387608 0.00214695)
(0.00130466 -0.00370583 0.00214695)
(0.00192835 -0.00342297 0.00214694)
(0.00249345 -0.00303612 0.00214694)
(0.00298278 -0.00255701 0.00214694)
(0.00338149 -0.00200021 0.00214694)
(0.00367745 -0.00138263 0.00214695)
(0.00386167 -0.000723041 0.00214695)
(0.00392856 -4.14833e-05 0.00214695)
(0.00387608 0.000641333 0.00214695)
(0.00370583 0.00130466 0.00214695)
(0.00342298 0.00192835 0.00214694)
(0.00303612 0.00249345 0.00214694)
(0.00255701 0.00298278 0.00214694)
(0.00200021 0.00338149 0.00214694)
(0.00138263 0.00367745 0.00214695)
(0.000723041 0.00386167 0.00214695)
(4.14837e-05 0.00392856 0.00214695)
(-0.000758426 0.00370173 0.00216999)
(-0.0013897 0.00351379 0.00216999)
(-0.00197875 0.00321909 0.00216999)
(-0.00250768 0.00282658 0.00216999)
(-0.00296041 0.00234818 0.00216999)
(-0.00332319 0.00179844 0.00216999)
(-0.003585 0.00119405 0.00216999)
(-0.00373788 0.000553376 0.00216999)
(-0.00377719 -0.000104106 0.00216999)
(-0.00370173 -0.000758426 0.00216999)
(-0.00351379 -0.0013897 0.00216999)
(-0.00321909 -0.00197875 0.00216999)
(-0.00282658 -0.00250768 0.00216999)
(-0.00234818 -0.00296041 0.00216999)
(-0.00179844 -0.0033232 0.00216999)
(-0.00119405 -0.003585 0.00216999)
(-0.000553376 -0.00373788 0.00216999)
(0.000104107 -0.00377719 0.00216999)
(0.000758427 -0.00370173 0.00216999)
(0.00138971 -0.00351379 0.00216999)
(0.00197875 -0.00321909 0.00216999)
(0.00250768 -0.00282658 0.00216999)
(0.00296041 -0.00234818 0.00216999)
(0.0033232 -0.00179844 0.00216999)
(0.003585 -0.00119405 0.00216999)
(0.00373788 -0.000553376 0.00216999)
(0.00377719 0.000104106 0.00216999)
(0.00370173 0.000758426 0.00216999)
(0.00351379 0.0013897 0.00216999)
(0.00321909 0.00197875 0.00216999)
(0.00282658 0.00250768 0.00216999)
(0.00234818 0.00296041 0.00216999)
(0.00179844 0.0033232 0.00216999)
(0.00119405 0.003585 0.00216999)
(0.000553376 0.00373788 0.00216999)
(-0.000104106 0.00377719 0.00216999)
(-0.000880451 0.00353551 0.00218236)
(-0.00148101 0.00332891 0.00218236)
(-0.00203657 0.00302116 0.00218235)
(-0.00253025 0.00262162 0.00218235)
(-0.00294705 0.00214241 0.00218235)
(-0.0032743 0.00159812 0.00218235)
(-0.00350207 0.00100526 0.00218236)
(-0.00362343 0.000381859 0.00218236)
(-0.00363469 -0.000253141 0.00218236)
(-0.00353551 -0.000880452 0.00218236)
(-0.00332891 -0.00148101 0.00218236)
(-0.00302116 -0.00203657 0.00218235)
(-0.00262162 -0.00253025 0.00218235)
(-0.00214241 -0.00294705 0.00218235)
(-0.00159812 -0.0032743 0.00218235)
(-0.00100526 -0.00350207 0.00218236)
(-0.000381858 -0.00362343 0.00218236)
(0.000253141 -0.00363469 0.00218235)
(0.000880452 -0.00353551 0.00218236)
(0.00148101 -0.00332891 0.00218236)
(0.00203657 -0.00302116 0.00218235)
(0.00253025 -0.00262162 0.00218235)
(0.00294705 -0.00214241 0.00218235)
(0.0032743 -0.00159812 0.00218235)
(0.00350207 -0.00100526 0.00218236)
(0.00362343 -0.000381859 0.00218236)
(0.00363469 0.000253141 0.00218236)
(0.00353551 0.000880452 0.00218236)
(0.00332891 0.00148101 0.00218236)
(0.00302116 0.00203657 0.00218235)
(0.00262162 0.00253025 0.00218235)
(0.00214241 0.00294705 0.00218236)
(0.00159812 0.0032743 0.00218235)
(0.00100526 0.00350207 0.00218236)
(0.000381859 0.00362343 0.00218236)
(-0.000253141 0.00363469 0.00218236)
(-0.000999163 0.00336504 0.00218123)
(-0.00156832 0.00314042 0.00218123)
(-0.00208982 0.00282037 0.00218123)
(-0.00254782 0.00241463 0.00218123)
(-0.00292841 0.00193552 0.00218123)
(-0.00322002 0.0013976 0.00218123)
(-0.00341379 0.000817217 0.00218123)
(-0.00350384 0.000212004 0.00218123)
(-0.00348742 -0.000399652 0.00218123)
(-0.00336504 -0.000999163 0.00218123)
(-0.00314042 -0.00156832 0.00218123)
(-0.00282037 -0.00208982 0.00218123)
(-0.00241463 -0.00254782 0.00218123)
(-0.00193552 -0.00292841 0.00218123)
(-0.0013976 -0.00322002 0.00218123)
(-0.000817217 -0.00341379 0.00218123)
(-0.000212004 -0.00350384 0.00218123)
(0.000399652 -0.00348742 0.00218123)
(0.000999163 -0.00336504 0.00218123)
(0.00156832 -0.00314042 0.00218123)
(0.00208982 -0.00282037 0.00218123)
(0.00254782 -0.00241463 0.00218123)
(0.00292841 -0.00193552 0.00218123)
(0.00322002 -0.0013976 0.00218123)
(0.00341379 -0.000817217 0.00218123)
(0.00350384 -0.000212004 0.00218123)
(0.00348742 0.000399652 0.00218123)
(0.00336504 0.000999163 0.00218123)
(0.00314042 0.00156832 0.00218123)
(0.00282037 0.00208982 0.00218123)
(0.00241463 0.00254782 0.00218123)
(0.00193552 0.00292841 0.00218123)
(0.0013976 0.00322002 0.00218123)
(0.000817217 0.00341379 0.00218123)
(0.000212004 0.00350384 0.00218123)
(-0.000399652 0.00348742 0.00218123)
(-0.000765455 0.00399228 0.00256189)
(-0.00144708 0.00379871 0.00256189)
(-0.00208473 0.00348972 0.00256189)
(-0.00265904 0.00307469 0.00256189)
(-0.00315256 0.00256624 0.00256189)
(-0.00355029 0.00197982 0.00256189)
(-0.00384014 0.00133324 0.00256189)
(-0.00401332 0.000646151 0.00256189)
(-0.00406455 -6.05724e-05 0.00256189)
(-0.00399228 -0.000765455 0.00256189)
(-0.00379871 -0.00144708 0.00256189)
(-0.00348972 -0.00208473 0.00256189)
(-0.00307469 -0.00265904 0.00256189)
(-0.00256624 -0.00315256 0.00256189)
(-0.00197982 -0.00355029 0.00256189)
(-0.00133324 -0.00384014 0.00256189)
(-0.00064615 -0.00401332 0.00256189)
(6.05728e-05 -0.00406455 0.00256189)
(0.000765455 -0.00399228 0.00256189)
(0.00144708 -0.00379871 0.00256189)
(0.00208473 -0.00348972 0.00256189)
(0.00265904 -0.00307469 0.00256189)
(0.00315256 -0.00256624 0.00256189)
(0.00355029 -0.00197982 0.00256189)
(0.00384014 -0.00133324 0.00256189)
(0.00401332 -0.000646151 0.00256189)
(0.00406455 6.05724e-05 0.00256189)
(0.00399228 0.000765455 0.00256189)
(0.00379871 0.00144708 0.00256189)
(0.00348972 0.00208473 0.00256189)
(0.00307469 0.00265904 0.00256189)
(0.00256624 0.00315256 0.00256189)
(0.00197982 0.00355029 0.00256189)
(0.00133324 0.00384014 0.00256189)
(0.000646151 0.00401332 0.00256189)
(-6.0572e-05 0.00406455 0.00256189)
(-0.000871693 0.00375514 0.00254792)
(-0.00151052 0.00354672 0.00254792)
(-0.00210346 0.00323054 0.00254792)
(-0.00263248 0.0028162 0.00254792)
(-0.00308151 0.00231629 0.00254792)
(-0.00343692 0.001746 0.00254792)
(-0.00368789 0.00112266 0.00254792)
(-0.00382681 0.000465207 0.00254792)
(-0.00384946 -0.000206378 0.00254792)
(-0.00375514 -0.000871694 0.00254792)
(-0.00354672 -0.00151053 0.00254792)
(-0.00323054 -0.00210346 0.00254792)
(-0.0028162 -0.00263248 0.00254792)
(-0.00231629 -0.00308151 0.00254792)
(-0.001746 -0.00343692 0.00254792)
(-0.00112266 -0.00368789 0.00254792)
(-0.000465206 -0.00382681 0.00254792)
(0.000206379 -0.00384946 0.00254792)
(0.000871694 -0.00375514 0.00254792)
(0.00151053 -0.00354672 0.00254792)
(0.00210346 -0.00323054 0.00254792)
(0.00263248 -0.0028162 0.00254792)
(0.00308151 -0.00231629 0.00254792)
(0.00343692 -0.001746 0.00254792)
(0.00368789 -0.00112266 0.00254792)
(0.00382681 -0.000465207 0.00254792)
(0.00384946 0.000206378 0.00254792)
(0.00375514 0.000871694 0.00254792)
(0.00354672 0.00151053 0.00254792)
(0.00323054 0.00210346 0.00254792)
(0.0028162 0.00263248 0.00254792)
(0.00231629 0.00308151 0.00254792)
(0.001746 0.00343692 0.00254792)
(0.00112266 0.00368789 0.00254792)
(0.000465207 0.00382681 0.00254792)
(-0.000206378 0.00384946 0.00254792)
(-0.000980785 0.00353152 0.00252195)
(-0.00157913 0.00330756 0.00252195)
(-0.00212949 0.00298309 0.00252195)
(-0.00261515 0.002568 0.00252195)
(-0.00302134 0.00207486 0.00252195)
(-0.00333574 0.00151869 0.00252195)
(-0.00354878 0.000916375 0.00252195)
(-0.00365399 0.000286211 0.00252195)
(-0.00364818 -0.000352644 0.00252195)
(-0.00353152 -0.000980785 0.00252195)
(-0.00330756 -0.00157913 0.00252195)
(-0.00298309 -0.00212949 0.00252195)
(-0.002568 -0.00261515 0.00252195)
(-0.00207486 -0.00302135 0.00252195)
(-0.00151869 -0.00333574 0.00252195)
(-0.000916375 -0.00354878 0.00252195)
(-0.000286211 -0.00365399 0.00252195)
(0.000352644 -0.00364818 0.00252195)
(0.000980786 -0.00353152 0.00252195)
(0.00157913 -0.00330756 0.00252195)
(0.00212949 -0.00298309 0.00252195)
(0.00261515 -0.002568 0.00252195)
(0.00302135 -0.00207486 0.00252195)
(0.00333574 -0.00151869 0.00252195)
(0.00354878 -0.000916375 0.00252195)
(0.00365399 -0.000286211 0.00252195)
(0.00364818 0.000352644 0.00252195)
(0.00353152 0.000980785 0.00252195)
(0.00330756 0.00157913 0.00252195)
(0.00298309 0.00212949 0.00252195)
(0.002568 0.00261515 0.00252195)
(0.00207486 0.00302135 0.00252195)
(0.00151869 0.00333574 0.00252195)
(0.000916375 0.00354878 0.00252195)
(0.000286211 0.00365399 0.00252195)
(-0.000352643 0.00364818 0.00252195)
(-0.00108317 0.00331068 0.0024807)
(-0.00164161 0.0030723 0.0024807)
(-0.00215017 0.00274056 0.0024807)
(-0.0025934 0.00232555 0.0024807)
(-0.00295782 0.00183988 0.0024807)
(-0.00323238 0.00129831 0.0024807)
(-0.00340872 0.000717284 0.0024807)
(-0.00348149 0.000114471 0.0024807)
(-0.00344848 -0.000491824 0.0024807)
(-0.00331068 -0.00108317 0.0024807)
(-0.0030723 -0.00164161 0.0024807)
(-0.00274055 -0.00215017 0.0024807)
(-0.00232555 -0.0025934 0.0024807)
(-0.00183988 -0.00295782 0.0024807)
(-0.00129831 -0.00323238 0.0024807)
(-0.000717284 -0.00340872 0.0024807)
(-0.00011447 -0.00348149 0.0024807)
(0.000491824 -0.00344848 0.0024807)
(0.00108317 -0.00331068 0.0024807)
(0.00164161 -0.0030723 0.0024807)
(0.00215017 -0.00274056 0.0024807)
(0.0025934 -0.00232555 0.0024807)
(0.00295782 -0.00183988 0.0024807)
(0.00323238 -0.00129831 0.0024807)
(0.00340872 -0.000717284 0.0024807)
(0.00348149 -0.000114471 0.0024807)
(0.00344848 0.000491824 0.0024807)
(0.00331068 0.00108317 0.0024807)
(0.0030723 0.00164161 0.0024807)
(0.00274056 0.00215017 0.0024807)
(0.00232555 0.0025934 0.0024807)
(0.00183988 0.00295782 0.0024807)
(0.00129831 0.00323238 0.0024807)
(0.000717285 0.00340872 0.0024807)
(0.000114471 0.00348149 0.0024807)
(-0.000491823 0.00344848 0.0024807)
(-0.0008062 0.00395285 0.00302665)
(-0.00148036 0.0037528 0.00302665)
(-0.00210954 0.00343873 0.00302665)
(-0.00267462 0.00302017 0.00302665)
(-0.00315843 0.00250984 0.00302665)
(-0.00354628 0.00192326 0.00302665)
(-0.00382637 0.00127824 0.00302665)
(-0.0039902 0.000594374 0.00302665)
(-0.00403279 -0.000107547 0.00302665)
(-0.00395285 -0.0008062 0.00302665)
(-0.0037528 -0.00148036 0.00302665)
(-0.00343873 -0.00210954 0.00302665)
(-0.00302017 -0.00267462 0.00302665)
(-0.00250984 -0.00315843 0.00302665)
(-0.00192326 -0.00354628 0.00302665)
(-0.00127824 -0.00382637 0.00302665)
(-0.000594373 -0.0039902 0.00302665)
(0.000107547 -0.00403279 0.00302665)
(0.000806201 -0.00395285 0.00302665)
(0.00148036 -0.0037528 0.00302665)
(0.00210954 -0.00343873 0.00302665)
(0.00267462 -0.00302017 0.00302665)
(0.00315843 -0.00250984 0.00302665)
(0.00354628 -0.00192326 0.00302665)
(0.00382637 -0.00127824 0.00302665)
(0.0039902 -0.000594374 0.00302665)
(0.0040328 0.000107547 0.00302665)
(0.00395285 0.0008062 0.00302665)
(0.0037528 0.00148036 0.00302665)
(0.00343873 0.00210954 0.00302665)
(0.00302017 0.00267462 0.00302665)
(0.00250984 0.00315843 0.00302665)
(0.00192326 0.00354628 0.00302665)
(0.00127824 0.00382637 0.00302665)
(0.000594374 0.0039902 0.00302665)
(-0.000107547 0.00403279 0.00302665)
(-0.000905601 0.0036628 0.00296344)
(-0.00152788 0.00344989 0.00296344)
(-0.00210374 0.00313217 0.00296344)
(-0.00261567 0.00271928 0.00296344)
(-0.00304813 0.00222376 0.00296344)
(-0.00338797 0.00166067 0.00296344)
(-0.00362488 0.00104713 0.00296344)
(-0.00375164 0.000401766 0.00296344)
(-0.00376441 -0.000255804 0.00296344)
(-0.0036628 -0.000905602 0.00296344)
(-0.00344989 -0.00152788 0.00296344)
(-0.00313217 -0.00210374 0.00296344)
(-0.00271928 -0.00261567 0.00296344)
(-0.00222376 -0.00304813 0.00296344)
(-0.00166067 -0.00338798 0.00296344)
(-0.00104713 -0.00362488 0.00296344)
(-0.000401766 -0.00375164 0.00296344)
(0.000255805 -0.00376441 0.00296344)
(0.000905602 -0.0036628 0.00296344)
(0.00152788 -0.00344989 0.00296344)
(0.00210374 -0.00313217 0.00296344)
(0.00261567 -0.00271928 0.00296344)
(0.00304813 -0.00222376 0.00296344)
(0.00338798 -0.00166067 0.00296344)
(0.00362488 -0.00104713 0.00296344)
(0.00375164 -0.000401766 0.00296344)
(0.00376441 0.000255804 0.00296344)
(0.0036628 0.000905602 0.00296344)
(0.0034499 0.00152788 0.00296344)
(0.00313217 0.00210374 0.00296344)
(0.00271928 0.00261567 0.00296344)
(0.00222376 0.00304813 0.00296344)
(0.00166067 0.00338798 0.00296344)
(0.00104713 0.00362488 0.00296344)
(0.000401767 0.00375164 0.00296344)
(-0.000255804 0.00376441 0.00296344)
(-0.00100624 0.00339084 0.00288693)
(-0.00157977 0.00316459 0.00288693)
(-0.00210529 0.00284219 0.00288693)
(-0.00256685 0.00243343 0.00288693)
(-0.00295042 0.00195073 0.00288693)
(-0.00324433 0.00140876 0.00288693)
(-0.00343968 0.00082399 0.00288693)
(-0.0035305 0.000214177 0.00288693)
(-0.00351406 -0.000402142 0.00288693)
(-0.00339084 -0.00100624 0.00288693)
(-0.00316459 -0.00157977 0.00288692)
(-0.00284219 -0.00210529 0.00288693)
(-0.00243343 -0.00256685 0.00288692)
(-0.00195073 -0.00295042 0.00288692)
(-0.00140876 -0.00324433 0.00288693)
(-0.00082399 -0.00343968 0.00288693)
(-0.000214177 -0.0035305 0.00288693)
(0.000402142 -0.00351406 0.00288693)
(0.00100624 -0.00339084 0.00288693)
(0.00157977 -0.00316459 0.00288692)
(0.00210529 -0.00284219 0.00288693)
(0.00256685 -0.00243343 0.00288692)
(0.00295042 -0.00195073 0.00288693)
(0.00324434 -0.00140876 0.00288693)
(0.00343968 -0.00082399 0.00288693)
(0.0035305 -0.000214177 0.00288693)
(0.00351406 0.000402142 0.00288693)
(0.00339084 0.00100624 0.00288693)
(0.00316459 0.00157977 0.00288693)
(0.00284219 0.00210529 0.00288693)
(0.00243343 0.00256685 0.00288693)
(0.00195074 0.00295042 0.00288693)
(0.00140876 0.00324433 0.00288693)
(0.000823991 0.00343968 0.00288693)
(0.000214178 0.0035305 0.00288693)
(-0.000402141 0.00351406 0.00288693)
(-0.00109779 0.00312863 0.00279333)
(-0.0016244 0.00289047 0.00279333)
(-0.00210164 0.00256449 0.00279333)
(-0.00251503 0.00216058 0.00279333)
(-0.00285201 0.00169102 0.00279333)
(-0.00310232 0.00117009 0.00279333)
(-0.00325837 0.0006136 0.00279333)
(-0.00331542 3.84663e-05 0.00279333)
(-0.00327173 -0.000537835 0.00279333)
(-0.00312863 -0.00109779 0.00279333)
(-0.00289047 -0.0016244 0.00279333)
(-0.00256449 -0.00210165 0.00279333)
(-0.00216058 -0.00251503 0.00279333)
(-0.00169102 -0.00285201 0.00279333)
(-0.00117009 -0.00310232 0.00279333)
(-0.0006136 -0.00325837 0.00279333)
(-3.84658e-05 -0.00331542 0.00279333)
(0.000537836 -0.00327173 0.00279333)
(0.0010978 -0.00312863 0.00279333)
(0.0016244 -0.00289047 0.00279333)
(0.00210165 -0.00256449 0.00279333)
(0.00251503 -0.00216058 0.00279333)
(0.00285201 -0.00169102 0.00279333)
(0.00310232 -0.00117009 0.00279333)
(0.00325837 -0.0006136 0.00279333)
(0.00331542 -3.84662e-05 0.00279333)
(0.00327173 0.000537836 0.00279333)
(0.00312863 0.00109779 0.00279333)
(0.00289047 0.0016244 0.00279333)
(0.00256449 0.00210165 0.00279333)
(0.00216058 0.00251503 0.00279333)
(0.00169102 0.00285201 0.00279333)
(0.00117009 0.00310232 0.00279333)
(0.000613601 0.00325837 0.00279333)
(3.84666e-05 0.00331542 0.00279333)
(-0.000537835 0.00327173 0.00279333)
(-0.000736983 0.00372056 0.00353939)
(-0.00137186 0.00353606 0.00353939)
(-0.00196505 0.00324412 0.00353939)
(-0.00249853 0.00285361 0.00353939)
(-0.0029561 0.00237639 0.00353939)
(-0.00332384 0.00182697 0.00353939)
(-0.0035906 0.00122204 0.00353939)
(-0.00374825 0.000579968 0.00353939)
(-0.00379202 -7.97185e-05 0.00353939)
(-0.00372056 -0.000736984 0.00353939)
(-0.00353606 -0.00137186 0.00353939)
(-0.00324412 -0.00196505 0.00353939)
(-0.00285361 -0.00249853 0.00353939)
(-0.00237639 -0.0029561 0.00353939)
(-0.00182697 -0.00332384 0.00353939)
(-0.00122204 -0.0035906 0.00353939)
(-0.000579967 -0.00374825 0.00353939)
(7.97192e-05 -0.00379202 0.00353939)
(0.000736984 -0.00372056 0.00353939)
(0.00137186 -0.00353606 0.00353939)
(0.00196505 -0.00324412 0.00353939)
(0.00249853 -0.00285361 0.00353939)
(0.0029561 -0.00237639 0.00353939)
(0.00332384 -0.00182697 0.00353939)
(0.0035906 -0.00122204 0.00353939)
(0.00374825 -0.000579968 0.00353939)
(0.00379202 7.97186e-05 0.00353939)
(0.00372056 0.000736984 0.00353939)
(0.00353606 0.00137186 0.00353939)
(0.00324412 0.00196505 0.00353939)
(0.00285361 0.00249853 0.00353939)
(0.00237639 0.0029561 0.00353939)
(0.00182697 0.00332384 0.00353939)
(0.00122204 0.0035906 0.00353939)
(0.000579968 0.00374825 0.00353939)
(-7.97182e-05 0.00379202 0.00353939)
(-0.000837647 0.00340171 0.00341111)
(-0.00141563 0.00320457 0.00341111)
(-0.00195059 0.00291007 0.00341111)
(-0.00242628 0.00252714 0.00341111)
(-0.00282825 0.00206743 0.00341111)
(-0.00314429 0.0015449 0.00341111)
(-0.00336479 0.000975435 0.00341111)
(-0.00348306 0.000376325 0.00341112)
(-0.00349549 -0.000234219 0.00341111)
(-0.00340171 -0.000837648 0.00341111)
(-0.00320457 -0.00141563 0.00341111)
(-0.00291007 -0.00195059 0.00341111)
(-0.00252714 -0.00242628 0.00341111)
(-0.00206743 -0.00282825 0.00341111)
(-0.0015449 -0.00314429 0.00341111)
(-0.000975434 -0.00336479 0.00341111)
(-0.000376324 -0.00348306 0.00341111)
(0.00023422 -0.00349549 0.00341111)
(0.000837648 -0.00340171 0.00341111)
(0.00141563 -0.00320457 0.00341111)
(0.00195059 -0.00291007 0.00341111)
(0.00242628 -0.00252714 0.00341111)
(0.00282826 -0.00206743 0.00341111)
(0.00314429 -0.0015449 0.00341111)
(0.00336479 -0.000975435 0.00341111)
(0.00348306 -0.000376325 0.00341112)
(0.00349549 0.000234219 0.00341111)
(0.00340171 0.000837648 0.00341111)
(0.00320457 0.00141563 0.00341111)
(0.00291007 0.00195059 0.00341111)
(0.00252714 0.00242628 0.00341111)
(0.00206743 0.00282825 0.00341111)
(0.0015449 0.00314429 0.00341111)
(0.000975435 0.00336479 0.00341112)
(0.000376325 0.00348306 0.00341112)
(-0.000234219 0.00349549 0.00341111)
(-0.000938724 0.00310276 0.0032695)
(-0.00146325 0.00289262 0.0032695)
(-0.00194332 0.00259458 0.0032695)
(-0.00236434 0.00221771 0.0032695)
(-0.00271352 0.00177345 0.0032695)
(-0.00298026 0.00127531 0.0032695)
(-0.00315644 0.000738424 0.0032695)
(-0.00323671 0.000179096 0.0032695)
(-0.00321863 -0.000385673 0.0032695)
(-0.00310276 -0.000938724 0.0032695)
(-0.00289262 -0.00146325 0.0032695)
(-0.00259458 -0.00194332 0.0032695)
(-0.00221771 -0.00236434 0.0032695)
(-0.00177345 -0.00271353 0.0032695)
(-0.00127531 -0.00298026 0.0032695)
(-0.000738424 -0.00315644 0.0032695)
(-0.000179095 -0.00323671 0.0032695)
(0.000385673 -0.00321864 0.0032695)
(0.000938725 -0.00310276 0.0032695)
(0.00146325 -0.00289262 0.0032695)
(0.00194332 -0.00259458 0.0032695)
(0.00236434 -0.00221771 0.0032695)
(0.00271353 -0.00177345 0.0032695)
(0.00298026 -0.00127531 0.0032695)
(0.00315644 -0.000738424 0.0032695)
(0.00323671 -0.000179096 0.0032695)
(0.00321864 0.000385673 0.0032695)
(0.00310276 0.000938724 0.0032695)
(0.00289262 0.00146325 0.0032695)
(0.00259458 0.00194332 0.0032695)
(0.00221771 0.00236434 0.0032695)
(0.00177345 0.00271353 0.0032695)
(0.00127531 0.00298026 0.0032695)
(0.000738425 0.00315644 0.0032695)
(0.000179096 0.00323671 0.0032695)
(-0.000385672 0.00321864 0.0032695)
(-0.00102983 0.00281742 0.00311049)
(-0.00150342 0.00259579 0.00311049)
(-0.00193134 0.00229529 0.00311049)
(-0.00230057 0.00192504 0.00311049)
(-0.0025999 0.00149631 0.00311049)
(-0.00282023 0.00102211 0.00311049)
(-0.00295487 0.000516854 0.00311049)
(-0.00299973 -4.10631e-06 0.00311049)
(-0.00295345 -0.000524942 0.00311049)
(-0.00281742 -0.00102983 0.00311049)
(-0.00259579 -0.00150342 0.00311049)
(-0.00229529 -0.00193134 0.00311049)
(-0.00192504 -0.00230057 0.00311049)
(-0.00149631 -0.0025999 0.00311049)
(-0.00102211 -0.00282023 0.00311049)
(-0.000516853 -0.00295487 0.00311049)
(4.10684e-06 -0.00299973 0.00311049)
(0.000524943 -0.00295345 0.00311049)
(0.00102983 -0.00281742 0.00311049)
(0.00150342 -0.00259579 0.00311049)
(0.00193134 -0.00229529 0.00311049)
(0.00230057 -0.00192504 0.00311049)
(0.0025999 -0.00149631 0.00311049)
(0.00282023 -0.00102211 0.00311049)
(0.00295487 -0.000516853 0.00311049)
(0.00299973 4.10641e-06 0.00311049)
(0.00295345 0.000524942 0.00311049)
(0.00281742 0.00102983 0.00311049)
(0.00259579 0.00150342 0.00311049)
(0.00229529 0.00193134 0.00311049)
(0.00192504 0.00230057 0.00311049)
(0.00149631 0.0025999 0.00311049)
(0.00102211 0.00282023 0.00311049)
(0.000516854 0.00295487 0.00311049)
(-4.10589e-06 0.00299973 0.00311049)
(-0.000524942 0.00295345 0.00311049)
(-0.000542772 0.00325213 0.00407596)
(-0.00109926 0.00310847 0.00407595)
(-0.00162234 0.00287036 0.00407595)
(-0.00209613 0.00254504 0.00407596)
(-0.00250622 0.00214239 0.00407596)
(-0.00284017 0.00167464 0.00407596)
(-0.00308782 0.00115602 0.00407596)
(-0.00324165 0.000602262 0.00407596)
(-0.00329698 3.02054e-05 0.00407596)
(-0.00325213 -0.000542772 0.00407596)
(-0.00310847 -0.00109926 0.00407595)
(-0.00287036 -0.00162234 0.00407595)
(-0.00254503 -0.00209613 0.00407596)
(-0.00214239 -0.00250622 0.00407596)
(-0.00167464 -0.00284017 0.00407596)
(-0.00115602 -0.00308782 0.00407596)
(-0.000602261 -0.00324165 0.00407596)
(-3.02046e-05 -0.00329698 0.00407596)
(0.000542773 -0.00325213 0.00407596)
(0.00109926 -0.00310847 0.00407595)
(0.00162234 -0.00287036 0.00407595)
(0.00209613 -0.00254503 0.00407595)
(0.00250622 -0.00214239 0.00407596)
(0.00284017 -0.00167464 0.00407596)
(0.00308782 -0.00115602 0.00407596)
(0.00324165 -0.000602261 0.00407596)
(0.00329698 -3.02053e-05 0.00407596)
(0.00325213 0.000542772 0.00407596)
(0.00310847 0.00109926 0.00407595)
(0.00287036 0.00162234 0.00407595)
(0.00254504 0.00209613 0.00407596)
(0.00214239 0.00250622 0.00407596)
(0.00167464 0.00284017 0.00407596)
(0.00115602 0.00308782 0.00407596)
(0.000602262 0.00324165 0.00407596)
(3.02056e-05 0.00329698 0.00407596)
(-0.000658186 0.00294343 0.00386584)
(-0.00115931 0.00278442 0.00386584)
(-0.00162521 0.0025408 0.00386583)
(-0.00204172 0.00221999 0.00386584)
(-0.0023962 0.00183172 0.00386584)
(-0.00267788 0.0013878 0.00386584)
(-0.00287818 0.000901707 0.00386584)
(-0.00299104 0.000388222 0.00386584)
(-0.00301301 -0.000137064 0.00386584)
(-0.00294343 -0.000658186 0.00386584)
(-0.00278442 -0.00115931 0.00386583)
(-0.0025408 -0.00162521 0.00386583)
(-0.00221999 -0.00204172 0.00386584)
(-0.00183172 -0.0023962 0.00386584)
(-0.0013878 -0.00267788 0.00386584)
(-0.000901706 -0.00287818 0.00386584)
(-0.000388221 -0.00299104 0.00386584)
(0.000137065 -0.00301301 0.00386584)
(0.000658187 -0.00294343 0.00386584)
(0.00115931 -0.00278442 0.00386583)
(0.00162521 -0.0025408 0.00386583)
(0.00204173 -0.00221999 0.00386584)
(0.0023962 -0.00183172 0.00386584)
(0.00267788 -0.0013878 0.00386584)
(0.00287818 -0.000901706 0.00386584)
(0.00299104 -0.000388221 0.00386584)
(0.00301301 0.000137064 0.00386584)
(0.00294343 0.000658186 0.00386584)
(0.00278442 0.00115931 0.00386583)
(0.0025408 0.00162521 0.00386583)
(0.00221999 0.00204172 0.00386584)
(0.00183172 0.0023962 0.00386584)
(0.0013878 0.00267788 0.00386584)
(0.000901707 0.00287818 0.00386584)
(0.000388222 0.00299104 0.00386584)
(-0.000137064 0.00301301 0.00386584)
(-0.000774095 0.00265122 0.00364556)
(-0.00122272 0.00247653 0.00364556)
(-0.00163418 0.00222658 0.00364556)
(-0.001996 0.00190898 0.00364556)
(-0.00229717 0.00153338 0.00364556)
(-0.00252854 0.00111118 0.00364556)
(-0.00268308 0.00065523 0.00364556)
(-0.00275609 0.000179361 0.00364556)
(-0.00274537 -0.000301955 0.00364556)
(-0.00265122 -0.000774096 0.00364556)
(-0.00247653 -0.00122272 0.00364556)
(-0.00222658 -0.00163419 0.00364556)
(-0.00190898 -0.001996 0.00364556)
(-0.00153338 -0.00229717 0.00364556)
(-0.00111118 -0.00252854 0.00364556)
(-0.000655229 -0.00268308 0.00364556)
(-0.00017936 -0.00275609 0.00364556)
(0.000301955 -0.00274537 0.00364556)
(0.000774096 -0.00265122 0.00364556)
(0.00122272 -0.00247653 0.00364556)
(0.00163419 -0.00222658 0.00364556)
(0.001996 -0.00190898 0.00364556)
(0.00229717 -0.00153338 0.00364556)
(0.00252854 -0.00111118 0.00364556)
(0.00268308 -0.00065523 0.00364556)
(0.0027561 -0.000179361 0.00364556)
(0.00274537 0.000301955 0.00364556)
(0.00265123 0.000774096 0.00364556)
(0.00247653 0.00122272 0.00364556)
(0.00222658 0.00163419 0.00364556)
(0.00190898 0.001996 0.00364556)
(0.00153338 0.00229717 0.00364556)
(0.00111118 0.00252854 0.00364556)
(0.00065523 0.00268308 0.00364556)
(0.000179361 0.00275609 0.00364556)
(-0.000301954 0.00274537 0.00364556)
(-0.000879997 0.00236965 0.00341204)
(-0.00127811 0.00218085 0.00341204)
(-0.00163739 0.00192577 0.00341204)
(-0.00194692 0.00161218 0.00341204)
(-0.0021973 0.00124961 0.00341203)
(-0.00238091 0.000849063 0.00341203)
(-0.00249218 0.000422724 0.00341203)
(-0.00252772 -1.64595e-05 0.00341203)
(-0.00248646 -0.000455143 0.00341203)
(-0.00236965 -0.000879998 0.00341203)
(-0.00218084 -0.00127811 0.00341204)
(-0.00192577 -0.00163739 0.00341204)
(-0.00161218 -0.00194692 0.00341204)
(-0.00124961 -0.0021973 0.00341203)
(-0.000849063 -0.00238091 0.00341203)
(-0.000422723 -0.00249218 0.00341203)
(1.646e-05 -0.00252772 0.00341203)
(0.000455144 -0.00248646 0.00341203)
(0.000879998 -0.00236965 0.00341203)
(0.00127811 -0.00218085 0.00341204)
(0.00163739 -0.00192577 0.00341204)
(0.00194693 -0.00161218 0.00341204)
(0.0021973 -0.00124961 0.00341203)
(0.00238091 -0.000849063 0.00341203)
(0.00249218 -0.000422724 0.00341203)
(0.00252772 1.64596e-05 0.00341203)
(0.00248646 0.000455143 0.00341203)
(0.00236965 0.000879998 0.00341204)
(0.00218085 0.00127811 0.00341204)
(0.00192577 0.00163739 0.00341204)
(0.00161218 0.00194692 0.00341204)
(0.00124961 0.0021973 0.00341203)
(0.000849064 0.00238091 0.00341203)
(0.000422724 0.00249218 0.00341203)
(-1.6459e-05 0.00252772 0.00341203)
(-0.000455142 0.00248646 0.00341203)
(-0.000242564 0.00250654 0.00456988)
(-0.000674145 0.00242633 0.00456989)
(-0.00108523 0.00227241 0.00456989)
(-0.00146335 0.00204944 0.00456988)
(-0.001797 0.00176419 0.00456988)
(-0.00207605 0.00142535 0.00456989)
(-0.00229202 0.00104321 0.00456989)
(-0.00243835 0.000629358 0.00456988)
(-0.00251058 0.000196384 0.00456988)
(-0.00250653 -0.000242564 0.00456988)
(-0.00242633 -0.000674146 0.00456988)
(-0.00227241 -0.00108523 0.00456989)
(-0.00204944 -0.00146335 0.00456988)
(-0.00176419 -0.001797 0.00456988)
(-0.00142535 -0.00207605 0.00456989)
(-0.00104321 -0.00229202 0.00456989)
(-0.000629357 -0.00243835 0.00456988)
(-0.000196383 -0.00251058 0.00456988)
(0.000242565 -0.00250654 0.00456988)
(0.000674146 -0.00242633 0.00456988)
(0.00108524 -0.00227241 0.00456989)
(0.00146335 -0.00204944 0.00456988)
(0.001797 -0.00176419 0.00456988)
(0.00207605 -0.00142535 0.00456989)
(0.00229202 -0.00104321 0.00456989)
(0.00243835 -0.000629358 0.00456988)
(0.00251059 -0.000196384 0.00456988)
(0.00250654 0.000242564 0.00456988)
(0.00242633 0.000674145 0.00456989)
(0.00227241 0.00108523 0.00456989)
(0.00204944 0.00146335 0.00456988)
(0.00176419 0.001797 0.00456988)
(0.00142535 0.00207605 0.00456989)
(0.00104321 0.00229202 0.00456989)
(0.000629358 0.00243835 0.00456988)
(0.000196384 0.00251058 0.00456988)
(-0.000385856 0.0022559 0.00427245)
(-0.000771733 0.00215462 0.00427245)
(-0.00113416 0.00198788 0.00427245)
(-0.00146212 0.00176074 0.00427245)
(-0.00174566 0.00148009 0.00427245)
(-0.00197615 0.00115448 0.00427245)
(-0.00214661 0.000793792 0.00427245)
(-0.00225183 0.000408979 0.00427245)
(-0.00228863 1.1741e-05 0.00427245)
(-0.0022559 -0.000385856 0.00427245)
(-0.00215462 -0.000771733 0.00427245)
(-0.00198788 -0.00113416 0.00427245)
(-0.00176074 -0.00146212 0.00427245)
(-0.00148009 -0.00174566 0.00427245)
(-0.00115448 -0.00197615 0.00427245)
(-0.000793791 -0.00214661 0.00427245)
(-0.000408979 -0.00225183 0.00427245)
(-1.17402e-05 -0.00228863 0.00427245)
(0.000385857 -0.0022559 0.00427245)
(0.000771734 -0.00215462 0.00427245)
(0.00113416 -0.00198788 0.00427245)
(0.00146212 -0.00176074 0.00427245)
(0.00174566 -0.00148009 0.00427245)
(0.00197616 -0.00115448 0.00427245)
(0.00214661 -0.000793791 0.00427245)
(0.00225183 -0.000408979 0.00427245)
(0.00228864 -1.1741e-05 0.00427245)
(0.0022559 0.000385856 0.00427245)
(0.00215462 0.000771733 0.00427245)
(0.00198788 0.00113416 0.00427245)
(0.00176074 0.00146212 0.00427245)
(0.00148009 0.00174566 0.00427245)
(0.00115448 0.00197615 0.00427245)
(0.000793792 0.00214661 0.00427245)
(0.00040898 0.00225183 0.00427245)
(1.17413e-05 0.00228863 0.00427245)
(-0.000529314 0.00201151 0.00397064)
(-0.000870568 0.00188904 0.00397064)
(-0.00118537 0.00170917 0.00397064)
(-0.00146416 0.00147736 0.00397064)
(-0.00169845 0.00120067 0.00397064)
(-0.00188115 0.000887494 0.00397064)
(-0.00200668 0.000547355 0.00397064)
(-0.00207124 0.000190583 0.00397064)
(-0.00207286 -0.000171978 0.00397064)
(-0.00201151 -0.000529315 0.00397064)
(-0.00188904 -0.000870569 0.00397064)
(-0.00170917 -0.00118537 0.00397064)
(-0.00147736 -0.00146416 0.00397064)
(-0.00120067 -0.00169845 0.00397064)
(-0.000887493 -0.00188115 0.00397064)
(-0.000547354 -0.00200668 0.00397064)
(-0.000190582 -0.00207124 0.00397064)
(0.000171979 -0.00207287 0.00397064)
(0.000529315 -0.00201151 0.00397064)
(0.00087057 -0.00188904 0.00397064)
(0.00118537 -0.00170917 0.00397064)
(0.00146416 -0.00147736 0.00397064)
(0.00169846 -0.00120067 0.00397064)
(0.00188115 -0.000887494 0.00397064)
(0.00200668 -0.000547355 0.00397064)
(0.00207124 -0.000190583 0.00397064)
(0.00207287 0.000171979 0.00397064)
(0.00201151 0.000529315 0.00397064)
(0.00188904 0.000870569 0.00397064)
(0.00170917 0.00118537 0.00397064)
(0.00147736 0.00146416 0.00397064)
(0.00120067 0.00169845 0.00397064)
(0.000887494 0.00188115 0.00397064)
(0.000547355 0.00200668 0.00397064)
(0.000190584 0.00207124 0.00397064)
(-0.000171978 0.00207287 0.00397064)
(-0.000662667 0.0017636 0.00366505)
(-0.000958844 0.00162173 0.00366505)
(-0.00122589 0.00143059 0.00366505)
(-0.00145569 0.00119599 0.00366505)
(-0.00164125 0.000925043 0.00366505)
(-0.00177695 0.000625988 0.00366505)
(-0.00185865 0.000307911 0.00366504)
(-0.00188388 -1.95192e-05 0.00366505)
(-0.00185187 -0.000346356 0.00366504)
(-0.0017636 -0.000662667 0.00366505)
(-0.00162173 -0.000958844 0.00366505)
(-0.00143059 -0.00122589 0.00366505)
(-0.00119599 -0.00145569 0.00366505)
(-0.000925043 -0.00164125 0.00366505)
(-0.000625988 -0.00177695 0.00366505)
(-0.00030791 -0.00185865 0.00366504)
(1.95198e-05 -0.00188388 0.00366505)
(0.000346357 -0.00185187 0.00366504)
(0.000662668 -0.0017636 0.00366505)
(0.000958845 -0.00162173 0.00366505)
(0.00122589 -0.00143059 0.00366505)
(0.00145569 -0.00119599 0.00366505)
(0.00164125 -0.000925043 0.00366505)
(0.00177695 -0.000625988 0.00366505)
(0.00185865 -0.000307911 0.00366504)
(0.00188389 1.95193e-05 0.00366505)
(0.00185187 0.000346356 0.00366505)
(0.0017636 0.000662667 0.00366505)
(0.00162173 0.000958844 0.00366505)
(0.0014306 0.00122589 0.00366505)
(0.00119599 0.00145569 0.00366505)
(0.000925044 0.00164125 0.00366505)
(0.000625989 0.00177695 0.00366505)
(0.000307912 0.00185865 0.00366505)
(-1.95186e-05 0.00188388 0.00366505)
(-0.000346355 0.00185187 0.00366505)
(0.000122122 0.00148448 0.00495286)
(-0.000137544 0.00148309 0.00495286)
(-0.00039304 0.00143668 0.00495286)
(-0.000636529 0.00134664 0.00495285)
(-0.000860662 0.00121565 0.00495286)
(-0.0010587 0.00104769 0.00495286)
(-0.00122458 0.000847939 0.00495285)
(-0.00135322 0.00062246 0.00495285)
(-0.00144074 0.000378044 0.00495285)
(-0.00148448 0.000122123 0.00495286)
(-0.00148309 -0.000137544 0.00495286)
(-0.00143668 -0.00039304 0.00495286)
(-0.00134664 -0.000636529 0.00495285)
(-0.00121565 -0.000860663 0.00495286)
(-0.00104768 -0.0010587 0.00495286)
(-0.000847938 -0.00122458 0.00495285)
(-0.000622459 -0.00135323 0.00495285)
(-0.000378043 -0.00144075 0.00495285)
(-0.000122121 -0.00148448 0.00495286)
(0.000137545 -0.00148309 0.00495286)
(0.000393041 -0.00143668 0.00495286)
(0.000636531 -0.00134664 0.00495285)
(0.000860664 -0.00121565 0.00495286)
(0.0010587 -0.00104769 0.00495286)
(0.00122458 -0.000847939 0.00495285)
(0.00135323 -0.00062246 0.00495285)
(0.00144075 -0.000378044 0.00495285)
(0.00148448 -0.000122123 0.00495286)
(0.00148309 0.000137544 0.00495286)
(0.00143668 0.00039304 0.00495286)
(0.00134665 0.000636529 0.00495285)
(0.00121565 0.000860663 0.00495286)
(0.00104769 0.0010587 0.00495286)
(0.000847939 0.00122458 0.00495286)
(0.00062246 0.00135322 0.00495285)
(0.000378044 0.00144074 0.00495285)
(-7.69834e-05 0.00132665 0.00454384)
(-0.000306194 0.00129312 0.00454384)
(-0.000526104 0.0012203 0.00454384)
(-0.000730015 0.00111042 0.00454384)
(-0.000911737 0.00096678 0.00454384)
(-0.00106576 0.000793758 0.00454384)
(-0.00118742 0.000596635 0.00454384)
(-0.00127299 0.000381392 0.00454384)
(-0.00131987 0.000154555 0.00454384)
(-0.00132665 -7.69836e-05 0.00454384)
(-0.00129312 -0.000306194 0.00454384)
(-0.0012203 -0.000526105 0.00454384)
(-0.00111041 -0.000730016 0.00454384)
(-0.000966779 -0.000911737 0.00454384)
(-0.000793757 -0.00106577 0.00454384)
(-0.000596634 -0.00118743 0.00454384)
(-0.000381391 -0.00127299 0.00454384)
(-0.000154555 -0.00131987 0.00454384)
(7.69845e-05 -0.00132665 0.00454384)
(0.000306195 -0.00129312 0.00454384)
(0.000526106 -0.0012203 0.00454384)
(0.000730017 -0.00111042 0.00454384)
(0.000911738 -0.00096678 0.00454384)
(0.00106577 -0.000793758 0.00454384)
(0.00118743 -0.000596635 0.00454384)
(0.00127299 -0.000381392 0.00454384)
(0.00131987 -0.000154555 0.00454384)
(0.00132665 7.69835e-05 0.00454384)
(0.00129312 0.000306194 0.00454384)
(0.0012203 0.000526105 0.00454384)
(0.00111042 0.000730016 0.00454384)
(0.000966781 0.000911737 0.00454384)
(0.000793759 0.00106577 0.00454384)
(0.000596636 0.00118743 0.00454384)
(0.000381393 0.00127299 0.00454384)
(0.000154556 0.00131987 0.00454384)
(-0.000261078 0.001148 0.00415963)
(-0.000456459 0.00108522 0.00415963)
(-0.000637972 0.000989471 0.00415963)
(-0.000800101 0.000863652 0.00415963)
(-0.000937916 0.000711599 0.00415963)
(-0.00104724 0.00053792 0.00415963)
(-0.00112473 0.000347898 0.00415963)
(-0.00116806 0.000147303 0.00415963)
(-0.00117589 -5.77655e-05 0.00415963)
(-0.001148 -0.000261079 0.00415963)
(-0.00108522 -0.00045646 0.00415963)
(-0.00098947 -0.000637972 0.00415963)
(-0.000863651 -0.000800101 0.00415963)
(-0.000711598 -0.000937916 0.00415963)
(-0.00053792 -0.00104724 0.00415963)
(-0.000347897 -0.00112473 0.00415963)
(-0.000147302 -0.00116806 0.00415963)
(5.77663e-05 -0.00117589 0.00415963)
(0.000261079 -0.001148 0.00415963)
(0.000456461 -0.00108522 0.00415963)
(0.000637973 -0.000989471 0.00415963)
(0.000800102 -0.000863652 0.00415963)
(0.000937917 -0.000711599 0.00415963)
(0.00104724 -0.00053792 0.00415963)
(0.00112473 -0.000347898 0.00415963)
(0.00116806 -0.000147303 0.00415963)
(0.0011759 5.77655e-05 0.00415963)
(0.001148 0.000261079 0.00415963)
(0.00108522 0.00045646 0.00415963)
(0.000989472 0.000637972 0.00415963)
(0.000863653 0.000800101 0.00415963)
(0.000711599 0.000937916 0.00415963)
(0.000537921 0.00104724 0.00415963)
(0.000347899 0.00112473 0.00415963)
(0.000147304 0.00116806 0.00415963)
(-5.77649e-05 0.00117589 0.00415963)
(-0.000417506 0.000943553 0.00381015)
(-0.000575008 0.000856717 0.00381015)
(-0.000715039 0.000743856 0.00381015)
(-0.000833344 0.000608391 0.00381015)
(-0.000926331 0.000454437 0.00381015)
(-0.000991169 0.000286677 0.00381015)
(-0.00102589 0.000110205 0.00381015)
(-0.00102944 -6.96141e-05 0.00381015)
(-0.00100171 -0.000247319 0.00381014)
(-0.000943552 -0.000417507 0.00381015)
(-0.000856716 -0.000575008 0.00381015)
(-0.000743856 -0.000715039 0.00381015)
(-0.00060839 -0.000833345 0.00381015)
(-0.000454436 -0.000926331 0.00381015)
(-0.000286677 -0.00099117 0.00381015)
(-0.000110205 -0.00102589 0.00381015)
(6.96147e-05 -0.00102944 0.00381015)
(0.000247319 -0.00100171 0.00381014)
(0.000417508 -0.000943553 0.00381015)
(0.000575009 -0.000856717 0.00381015)
(0.00071504 -0.000743856 0.00381015)
(0.000833345 -0.000608391 0.00381015)
(0.000926332 -0.000454437 0.00381015)
(0.00099117 -0.000286677 0.00381015)
(0.00102589 -0.000110205 0.00381015)
(0.00102944 6.96141e-05 0.00381015)
(0.00100171 0.000247319 0.00381015)
(0.000943553 0.000417507 0.00381015)
(0.000856718 0.000575008 0.00381015)
(0.000743857 0.000715039 0.00381015)
(0.000608391 0.000833345 0.00381015)
(0.000454437 0.000926331 0.00381015)
(0.000286678 0.00099117 0.00381015)
(0.000110206 0.00102589 0.00381015)
(-6.96134e-05 0.00102944 0.00381015)
(-0.000247318 0.00100171 0.00381015)
(1.01026e-09 -2.09858e-10 0.00506765)
(8.8845e-10 -1.4452e-10 0.00458528)
(7.63768e-10 -7.02814e-11 0.00414481)
(6.64577e-10 -1.1891e-11 0.00379102)
)
;

boundaryField
{
    fixed
    {
        type            fixedValue;
        value           uniform (0 0 0);
    }
    inside
    {
        type            calculated;
    }
    outside
    {
        type            calculated;
    }
}


// ************************************************************************* //
