/*--------------------------------*- C++ -*----------------------------------*\
| =========                 |                                                 |
| \\      /  F ield         | OpenFOAM: The Open Source CFD Toolbox           |
|  \\    /   O peration     | Version:  2312                                  |
|   \\  /    A nd           | Website:  www.openfoam.com                      |
|    \\/     M anipulation  |                                                 |
\*---------------------------------------------------------------------------*/
FoamFile
{
    version     2.0;
    format      ascii;
    arch        "LSB;label=32;scalar=64";
    class       volScalarField;
    location    "0.3";
    object      sigmaHyd;
}
// * * * * * * * * * * * * * * * * * * * * * * * * * * * * * * * * * * * * * //

dimensions      [1 -1 -2 0 0 0 0];

internalField   nonuniform List<scalar> 
1620
(
2326.56
2326.55
2326.58
2326.56
2326.52
2326.56
2326.58
2326.55
2326.56
2326.56
2326.55
2326.58
2326.56
2326.52
2326.56
2326.58
2326.55
2326.56
2326.56
2326.55
2326.58
2326.56
2326.52
2326.56
2326.58
2326.55
2326.56
2326.56
2326.55
2326.58
2326.56
2326.52
2326.56
2326.58
2326.55
2326.56
6952.26
6952.2
6952.18
6952.2
6952.2
6952.2
6952.18
6952.2
6952.26
6952.26
6952.2
6952.18
6952.2
6952.2
6952.2
6952.18
6952.2
6952.26
6952.26
6952.2
6952.18
6952.2
6952.2
6952.2
6952.18
6952.2
6952.26
6952.26
6952.2
6952.18
6952.2
6952.2
6952.2
6952.18
6952.2
6952.26
16023.8
16023.8
16023.8
16023.8
16023.8
16023.8
16023.8
16023.8
16023.8
16023.8
16023.8
16023.8
16023.8
16023.8
16023.8
16023.8
16023.8
16023.8
16023.8
16023.8
16023.8
16023.8
16023.8
16023.8
16023.8
16023.8
16023.8
16023.8
16023.8
16023.8
16023.8
16023.8
16023.8
16023.8
16023.8
16023.8
-4572.92
-4572.93
-4572.91
-4572.99
-4573.01
-4572.99
-4572.91
-4572.93
-4572.92
-4572.92
-4572.93
-4572.91
-4572.99
-4573.01
-4572.99
-4572.91
-4572.93
-4572.92
-4572.92
-4572.93
-4572.91
-4572.99
-4573.01
-4572.99
-4572.91
-4572.93
-4572.92
-4572.92
-4572.93
-4572.91
-4572.99
-4573.01
-4572.99
-4572.91
-4572.93
-4572.92
-447.911
-447.899
-447.888
-447.819
-447.851
-447.819
-447.888
-447.899
-447.911
-447.911
-447.899
-447.888
-447.819
-447.851
-447.819
-447.888
-447.899
-447.911
-447.911
-447.899
-447.888
-447.819
-447.851
-447.819
-447.888
-447.899
-447.911
-447.911
-447.899
-447.888
-447.819
-447.851
-447.819
-447.888
-447.899
-447.911
11669.7
11669.6
11669.7
11669.6
11669.6
11669.6
11669.7
11669.6
11669.7
11669.7
11669.6
11669.7
11669.6
11669.6
11669.6
11669.7
11669.6
11669.7
11669.7
11669.6
11669.7
11669.6
11669.6
11669.6
11669.7
11669.6
11669.7
11669.7
11669.6
11669.7
11669.6
11669.6
11669.6
11669.7
11669.6
11669.7
-4145.15
-4145.15
-4145.1
-4145.12
-4145.09
-4145.12
-4145.1
-4145.15
-4145.15
-4145.15
-4145.15
-4145.1
-4145.12
-4145.09
-4145.12
-4145.1
-4145.15
-4145.15
-4145.15
-4145.15
-4145.1
-4145.12
-4145.09
-4145.12
-4145.1
-4145.15
-4145.15
-4145.15
-4145.15
-4145.1
-4145.12
-4145.09
-4145.12
-4145.1
-4145.15
-4145.15
-585.826
-585.796
-585.811
-585.801
-585.895
-585.801
-585.811
-585.796
-585.826
-585.826
-585.796
-585.811
-585.801
-585.895
-585.801
-585.811
-585.796
-585.826
-585.826
-585.796
-585.811
-585.801
-585.895
-585.801
-585.811
-585.796
-585.826
-585.826
-585.796
-585.811
-585.801
-585.895
-585.801
-585.811
-585.796
-585.826
13349
13349
13349.1
13349.1
13349.1
13349.1
13349.1
13349
13349
13349
13349
13349.1
13349.1
13349.1
13349.1
13349.1
13349
13349
13349
13349
13349.1
13349.1
13349.1
13349.1
13349.1
13349
13349
13349
13349
13349.1
13349.1
13349.1
13349.1
13349.1
13349
13349
-3955.03
-3954.97
-3955
-3955.04
-3955
-3955.04
-3955
-3954.97
-3955.03
-3955.03
-3954.97
-3955
-3955.04
-3955
-3955.04
-3955
-3954.97
-3955.03
-3955.03
-3954.97
-3955
-3955.04
-3955
-3955.04
-3955
-3954.97
-3955.03
-3955.03
-3954.97
-3955
-3955.04
-3955
-3955.04
-3955
-3954.97
-3955.03
-662.622
-662.614
-662.617
-662.639
-662.567
-662.639
-662.617
-662.614
-662.622
-662.622
-662.614
-662.617
-662.639
-662.567
-662.639
-662.617
-662.614
-662.622
-662.622
-662.614
-662.617
-662.639
-662.567
-662.639
-662.617
-662.614
-662.622
-662.622
-662.614
-662.617
-662.639
-662.567
-662.639
-662.617
-662.614
-662.622
14575.7
14575.8
14575.7
14575.7
14575.8
14575.7
14575.7
14575.8
14575.7
14575.7
14575.8
14575.7
14575.7
14575.8
14575.7
14575.7
14575.8
14575.7
14575.7
14575.8
14575.7
14575.7
14575.8
14575.7
14575.7
14575.8
14575.7
14575.7
14575.8
14575.7
14575.7
14575.8
14575.7
14575.7
14575.8
14575.7
-3893.72
-3893.68
-3893.72
-3893.69
-3893.74
-3893.69
-3893.72
-3893.68
-3893.72
-3893.72
-3893.68
-3893.72
-3893.69
-3893.74
-3893.69
-3893.72
-3893.68
-3893.72
-3893.72
-3893.68
-3893.72
-3893.69
-3893.74
-3893.69
-3893.72
-3893.68
-3893.72
-3893.72
-3893.68
-3893.72
-3893.69
-3893.74
-3893.69
-3893.72
-3893.68
-3893.72
-580.749
-580.678
-580.754
-580.755
-580.722
-580.755
-580.754
-580.678
-580.749
-580.749
-580.678
-580.754
-580.755
-580.722
-580.755
-580.754
-580.678
-580.749
-580.749
-580.678
-580.754
-580.755
-580.722
-580.755
-580.754
-580.678
-580.749
-580.749
-580.678
-580.754
-580.755
-580.722
-580.755
-580.754
-580.678
-580.749
15666.2
15666.3
15666.3
15666.3
15666.2
15666.3
15666.3
15666.3
15666.2
15666.2
15666.3
15666.3
15666.3
15666.2
15666.3
15666.3
15666.3
15666.2
15666.2
15666.3
15666.3
15666.3
15666.2
15666.3
15666.3
15666.3
15666.2
15666.2
15666.3
15666.3
15666.3
15666.2
15666.3
15666.3
15666.3
15666.2
-4021.1
-4021.04
-4021.05
-4021.03
-4021.02
-4021.03
-4021.05
-4021.04
-4021.1
-4021.1
-4021.04
-4021.05
-4021.03
-4021.02
-4021.03
-4021.05
-4021.04
-4021.1
-4021.1
-4021.04
-4021.05
-4021.03
-4021.02
-4021.03
-4021.05
-4021.04
-4021.1
-4021.1
-4021.04
-4021.05
-4021.03
-4021.02
-4021.03
-4021.05
-4021.04
-4021.1
-499.021
-499.035
-498.999
-499.008
-499.056
-499.008
-498.999
-499.035
-499.021
-499.021
-499.035
-498.999
-499.008
-499.056
-499.008
-498.999
-499.035
-499.021
-499.021
-499.035
-498.999
-499.008
-499.056
-499.008
-498.999
-499.035
-499.021
-499.021
-499.035
-498.999
-499.008
-499.056
-499.008
-498.999
-499.035
-499.021
16560.8
16560.8
16560.8
16560.7
16560.8
16560.7
16560.8
16560.8
16560.8
16560.8
16560.8
16560.8
16560.7
16560.8
16560.7
16560.8
16560.8
16560.8
16560.8
16560.8
16560.8
16560.7
16560.8
16560.7
16560.8
16560.8
16560.8
16560.8
16560.8
16560.8
16560.7
16560.8
16560.7
16560.8
16560.8
16560.8
-4282.92
-4282.86
-4282.91
-4282.93
-4282.85
-4282.93
-4282.91
-4282.86
-4282.92
-4282.92
-4282.86
-4282.91
-4282.93
-4282.85
-4282.93
-4282.91
-4282.86
-4282.92
-4282.92
-4282.86
-4282.91
-4282.93
-4282.85
-4282.93
-4282.91
-4282.86
-4282.92
-4282.92
-4282.86
-4282.91
-4282.93
-4282.85
-4282.93
-4282.91
-4282.86
-4282.92
-443.855
-443.776
-443.835
-443.839
-443.761
-443.839
-443.835
-443.776
-443.855
-443.855
-443.776
-443.835
-443.839
-443.761
-443.839
-443.835
-443.776
-443.855
-443.855
-443.776
-443.835
-443.839
-443.761
-443.839
-443.835
-443.776
-443.855
-443.855
-443.776
-443.835
-443.839
-443.761
-443.839
-443.835
-443.776
-443.855
17290.9
17290.9
17290.9
17290.9
17290.9
17290.9
17290.9
17290.9
17290.9
17290.9
17290.9
17290.9
17290.9
17290.9
17290.9
17290.9
17290.9
17290.9
17290.9
17290.9
17290.9
17290.9
17290.9
17290.9
17290.9
17290.9
17290.9
17290.9
17290.9
17290.9
17290.9
17290.9
17290.9
17290.9
17290.9
17290.9
-4643.55
-4643.56
-4643.53
-4643.53
-4643.51
-4643.53
-4643.53
-4643.56
-4643.55
-4643.55
-4643.56
-4643.53
-4643.53
-4643.51
-4643.53
-4643.53
-4643.56
-4643.55
-4643.55
-4643.56
-4643.53
-4643.53
-4643.51
-4643.53
-4643.53
-4643.56
-4643.55
-4643.55
-4643.56
-4643.53
-4643.53
-4643.51
-4643.53
-4643.53
-4643.56
-4643.55
-423.036
-422.951
-423.065
-423.011
-423.052
-423.011
-423.065
-422.951
-423.036
-423.036
-422.951
-423.065
-423.011
-423.052
-423.011
-423.065
-422.951
-423.036
-423.036
-422.951
-423.065
-423.011
-423.052
-423.011
-423.065
-422.951
-423.036
-423.036
-422.951
-423.065
-423.011
-423.052
-423.011
-423.065
-422.951
-423.036
17925.5
17925.5
17925.5
17925.6
17925.4
17925.6
17925.5
17925.5
17925.5
17925.5
17925.5
17925.5
17925.6
17925.4
17925.6
17925.5
17925.5
17925.5
17925.5
17925.5
17925.5
17925.6
17925.4
17925.6
17925.5
17925.5
17925.5
17925.5
17925.5
17925.5
17925.6
17925.4
17925.6
17925.5
17925.5
17925.5
-5080.89
-5080.92
-5080.85
-5080.9
-5080.85
-5080.9
-5080.85
-5080.92
-5080.89
-5080.89
-5080.92
-5080.85
-5080.9
-5080.85
-5080.9
-5080.85
-5080.92
-5080.89
-5080.89
-5080.92
-5080.85
-5080.9
-5080.85
-5080.9
-5080.85
-5080.92
-5080.89
-5080.89
-5080.92
-5080.85
-5080.9
-5080.85
-5080.9
-5080.85
-5080.92
-5080.89
-445.249
-445.28
-445.293
-445.178
-445.303
-445.178
-445.293
-445.28
-445.249
-445.249
-445.28
-445.293
-445.178
-445.303
-445.178
-445.293
-445.28
-445.249
-445.249
-445.28
-445.293
-445.178
-445.303
-445.178
-445.293
-445.28
-445.249
-445.249
-445.28
-445.293
-445.178
-445.303
-445.178
-445.293
-445.28
-445.249
18558.1
18558.1
18558
18558.1
18558.1
18558.1
18558
18558.1
18558.1
18558.1
18558.1
18558
18558.1
18558.1
18558.1
18558
18558.1
18558.1
18558.1
18558.1
18558
18558.1
18558.1
18558.1
18558
18558.1
18558.1
18558.1
18558.1
18558
18558.1
18558.1
18558.1
18558
18558.1
18558.1
-5576.13
-5576.15
-5576.16
-5576.13
-5576.13
-5576.13
-5576.16
-5576.15
-5576.13
-5576.13
-5576.15
-5576.16
-5576.13
-5576.13
-5576.13
-5576.16
-5576.15
-5576.13
-5576.13
-5576.15
-5576.16
-5576.13
-5576.13
-5576.13
-5576.16
-5576.15
-5576.13
-5576.13
-5576.15
-5576.16
-5576.13
-5576.13
-5576.13
-5576.16
-5576.15
-5576.13
-528.426
-528.456
-528.474
-528.452
-528.387
-528.452
-528.474
-528.456
-528.426
-528.426
-528.456
-528.474
-528.452
-528.387
-528.452
-528.474
-528.456
-528.426
-528.426
-528.456
-528.474
-528.452
-528.387
-528.452
-528.474
-528.456
-528.426
-528.426
-528.456
-528.474
-528.452
-528.387
-528.452
-528.474
-528.456
-528.426
19296
19296.1
19295.9
19296
19296
19296
19295.9
19296.1
19296
19296
19296.1
19295.9
19296
19296
19296
19295.9
19296.1
19296
19296
19296.1
19295.9
19296
19296
19296
19295.9
19296.1
19296
19296
19296.1
19295.9
19296
19296
19296
19295.9
19296.1
19296
-6096.79
-6096.8
-6096.79
-6096.81
-6096.75
-6096.81
-6096.79
-6096.8
-6096.79
-6096.79
-6096.8
-6096.79
-6096.81
-6096.75
-6096.81
-6096.79
-6096.8
-6096.79
-6096.79
-6096.8
-6096.79
-6096.81
-6096.75
-6096.81
-6096.79
-6096.8
-6096.79
-6096.79
-6096.8
-6096.79
-6096.81
-6096.75
-6096.81
-6096.79
-6096.8
-6096.79
-718.187
-718.206
-718.204
-718.225
-718.174
-718.225
-718.204
-718.206
-718.187
-718.187
-718.206
-718.204
-718.225
-718.174
-718.225
-718.204
-718.206
-718.187
-718.187
-718.206
-718.204
-718.225
-718.174
-718.225
-718.204
-718.206
-718.187
-718.187
-718.206
-718.204
-718.225
-718.174
-718.225
-718.204
-718.206
-718.187
20266.1
20266.1
20266
20266
20266.1
20266
20266
20266.1
20266.1
20266.1
20266.1
20266
20266
20266.1
20266
20266
20266.1
20266.1
20266.1
20266.1
20266
20266
20266.1
20266
20266
20266.1
20266.1
20266.1
20266.1
20266
20266
20266.1
20266
20266
20266.1
20266.1
-6582.05
-6582.02
-6582.09
-6582.08
-6582.07
-6582.08
-6582.09
-6582.02
-6582.05
-6582.05
-6582.02
-6582.09
-6582.08
-6582.07
-6582.08
-6582.09
-6582.02
-6582.05
-6582.05
-6582.02
-6582.09
-6582.08
-6582.07
-6582.08
-6582.09
-6582.02
-6582.05
-6582.05
-6582.02
-6582.09
-6582.08
-6582.07
-6582.08
-6582.09
-6582.02
-6582.05
-1089.83
-1089.87
-1089.8
-1089.88
-1089.79
-1089.88
-1089.8
-1089.87
-1089.83
-1089.83
-1089.87
-1089.8
-1089.88
-1089.79
-1089.88
-1089.8
-1089.87
-1089.83
-1089.83
-1089.87
-1089.8
-1089.88
-1089.79
-1089.88
-1089.8
-1089.87
-1089.83
-1089.83
-1089.87
-1089.8
-1089.88
-1089.79
-1089.88
-1089.8
-1089.87
-1089.83
21644.3
21644.3
21644.4
21644.3
21644.3
21644.3
21644.4
21644.3
21644.3
21644.3
21644.3
21644.4
21644.3
21644.3
21644.3
21644.4
21644.3
21644.3
21644.3
21644.3
21644.4
21644.3
21644.3
21644.3
21644.4
21644.3
21644.3
21644.3
21644.3
21644.4
21644.3
21644.3
21644.3
21644.4
21644.3
21644.3
-6950
-6949.98
-6950.04
-6949.93
-6950.06
-6949.93
-6950.04
-6949.98
-6950
-6950
-6949.98
-6950.04
-6949.93
-6950.06
-6949.93
-6950.04
-6949.98
-6950
-6950
-6949.98
-6950.04
-6949.93
-6950.06
-6949.93
-6950.04
-6949.98
-6950
-6950
-6949.98
-6950.04
-6949.93
-6950.06
-6949.93
-6950.04
-6949.98
-6950
-1777.81
-1777.88
-1777.72
-1778.01
-1777.59
-1778.01
-1777.72
-1777.88
-1777.81
-1777.81
-1777.88
-1777.72
-1778.01
-1777.59
-1778.01
-1777.72
-1777.88
-1777.81
-1777.81
-1777.88
-1777.72
-1778.01
-1777.59
-1778.01
-1777.72
-1777.88
-1777.81
-1777.81
-1777.88
-1777.72
-1778.01
-1777.59
-1778.01
-1777.72
-1777.88
-1777.81
23586.8
23586.8
23586.8
23586.8
23586.8
23586.8
23586.8
23586.8
23586.8
23586.8
23586.8
23586.8
23586.8
23586.8
23586.8
23586.8
23586.8
23586.8
23586.8
23586.8
23586.8
23586.8
23586.8
23586.8
23586.8
23586.8
23586.8
23586.8
23586.8
23586.8
23586.8
23586.8
23586.8
23586.8
23586.8
23586.8
-6865.35
-6865.31
-6865.39
-6865.28
-6865.37
-6865.28
-6865.39
-6865.31
-6865.35
-6865.35
-6865.31
-6865.39
-6865.28
-6865.37
-6865.28
-6865.39
-6865.31
-6865.35
-6865.35
-6865.31
-6865.39
-6865.28
-6865.37
-6865.28
-6865.39
-6865.31
-6865.35
-6865.35
-6865.31
-6865.39
-6865.28
-6865.37
-6865.28
-6865.39
-6865.31
-6865.35
-2674.55
-2674.58
-2674.41
-2674.81
-2674.22
-2674.81
-2674.41
-2674.58
-2674.55
-2674.55
-2674.58
-2674.41
-2674.81
-2674.22
-2674.81
-2674.41
-2674.58
-2674.55
-2674.55
-2674.58
-2674.41
-2674.81
-2674.22
-2674.81
-2674.41
-2674.58
-2674.55
-2674.55
-2674.58
-2674.41
-2674.81
-2674.22
-2674.81
-2674.41
-2674.58
-2674.55
26721.9
26721.9
26721.9
26721.9
26721.9
26721.9
26721.9
26721.9
26721.9
26721.9
26721.9
26721.9
26721.9
26721.9
26721.9
26721.9
26721.9
26721.9
26721.9
26721.9
26721.9
26721.9
26721.9
26721.9
26721.9
26721.9
26721.9
26721.9
26721.9
26721.9
26721.9
26721.9
26721.9
26721.9
26721.9
26721.9
-8111.97
-8112.01
-8111.99
-8111.99
-8112.05
-8111.99
-8111.99
-8112.01
-8111.97
-8111.97
-8112.01
-8111.99
-8111.99
-8112.05
-8111.99
-8111.99
-8112.01
-8111.97
-8111.97
-8112.01
-8111.99
-8111.99
-8112.05
-8111.99
-8111.99
-8112.01
-8111.97
-8111.97
-8112.01
-8111.99
-8111.99
-8112.05
-8111.99
-8111.99
-8112.01
-8111.97
-4323.71
-4323.97
-4323.32
-4324.31
-4323.19
-4324.31
-4323.32
-4323.97
-4323.71
-4323.71
-4323.97
-4323.32
-4324.31
-4323.19
-4324.31
-4323.32
-4323.97
-4323.71
-4323.71
-4323.97
-4323.32
-4324.31
-4323.19
-4324.31
-4323.32
-4323.97
-4323.71
-4323.71
-4323.97
-4323.32
-4324.31
-4323.19
-4324.31
-4323.32
-4323.97
-4323.71
27153.6
27153.7
27153.2
27154.3
27152.6
27154.3
27153.2
27153.7
27153.6
27153.6
27153.7
27153.2
27154.3
27152.6
27154.3
27153.2
27153.7
27153.6
27153.6
27153.7
27153.2
27154.3
27152.6
27154.3
27153.2
27153.7
27153.6
27153.6
27153.7
27153.2
27154.3
27152.6
27154.3
27153.2
27153.7
27153.6
)
;

boundaryField
{
    fixed
    {
        type            zeroGradient;
    }
    inside
    {
        type            zeroGradient;
    }
    outside
    {
        type            zeroGradient;
    }
}


// ************************************************************************* //
