/*--------------------------------*- C++ -*----------------------------------*\
| =========                 |                                                 |
| \\      /  F ield         | OpenFOAM: The Open Source CFD Toolbox           |
|  \\    /   O peration     | Version:  2312                                  |
|   \\  /    A nd           | Website:  www.openfoam.com                      |
|    \\/     M anipulation  |                                                 |
\*---------------------------------------------------------------------------*/
FoamFile
{
    version     2.0;
    format      ascii;
    arch        "LSB;label=32;scalar=64";
    class       volVectorField;
    location    "0.6";
    object      U;
}
// * * * * * * * * * * * * * * * * * * * * * * * * * * * * * * * * * * * * * //

dimensions      [0 1 -1 0 0 0 0];

internalField   nonuniform List<vector> 
1620
(
(0.000155807 -0.00259105 -0.00172703)
(0.000562638 -0.00229624 -0.00208031)
(0.000726989 -0.00180153 -0.00219722)
(0.000712247 -0.00123716 -0.00211888)
(0.000605051 -0.000668307 -0.00195068)
(0.000445317 -0.000125545 -0.00177529)
(0.000250796 0.000363069 -0.00163076)
(3.7447e-05 0.000782739 -0.00152384)
(-0.000183444 0.00114168 -0.00144059)
(-0.000409928 0.00145814 -0.00135265)
(-0.000645192 0.00173878 -0.00122632)
(-0.000885932 0.00196717 -0.00103413)
(-0.00111024 0.00211284 -0.000765734)
(-0.00127515 0.00216535 -0.000433906)
(-0.0013284 0.00217685 -6.57428e-05)
(-0.00121873 0.0022517 0.000325025)
(-0.000900603 0.00243582 0.000754477)
(-0.000391797 0.00261218 0.00123842)
(0.000155807 0.00259105 0.00172703)
(0.000562638 0.00229624 0.00208031)
(0.000726989 0.00180153 0.00219722)
(0.000712247 0.00123716 0.00211888)
(0.000605051 0.000668307 0.00195068)
(0.000445317 0.000125545 0.00177529)
(0.000250796 -0.000363069 0.00163076)
(3.7447e-05 -0.000782739 0.00152384)
(-0.000183444 -0.00114168 0.00144059)
(-0.000409928 -0.00145814 0.00135265)
(-0.000645192 -0.00173878 0.00122632)
(-0.000885932 -0.00196717 0.00103413)
(-0.00111024 -0.00211284 0.000765734)
(-0.00127515 -0.00216535 0.000433906)
(-0.0013284 -0.00217685 6.57428e-05)
(-0.00121873 -0.0022517 -0.000325025)
(-0.000900603 -0.00243582 -0.000754477)
(-0.000391797 -0.00261218 -0.00123842)
(-0.000101534 -0.00190399 -0.00189048)
(8.65678e-05 -0.00173377 -0.00211218)
(0.000186444 -0.00139256 -0.00224718)
(0.000189176 -0.000904234 -0.00227574)
(0.000105855 -0.000330654 -0.00221264)
(-4.02448e-05 0.000262659 -0.00208621)
(-0.00021958 0.000821464 -0.00191836)
(-0.000404145 0.00131256 -0.00171851)
(-0.000575705 0.00172434 -0.00148555)
(-0.000727018 0.00205643 -0.00121292)
(-0.000855537 0.00230669 -0.000894112)
(-0.000954721 0.00246362 -0.000527731)
(-0.0010094 0.00250943 -0.000122854)
(-0.00100124 0.00243753 0.000295792)
(-0.000923036 0.0022794 0.000691735)
(-0.000782768 0.00211119 0.00103826)
(-0.000585816 0.00200697 0.00133978)
(-0.00034226 0.00196505 0.00162074)
(-0.000101534 0.00190399 0.00189048)
(8.65678e-05 0.00173377 0.00211218)
(0.000186444 0.00139256 0.00224718)
(0.000189176 0.000904234 0.00227574)
(0.000105855 0.000330654 0.00221264)
(-4.02448e-05 -0.000262659 0.00208621)
(-0.00021958 -0.000821464 0.00191836)
(-0.000404145 -0.00131256 0.00171851)
(-0.000575705 -0.00172434 0.00148555)
(-0.000727018 -0.00205643 0.00121292)
(-0.000855537 -0.00230669 0.000894112)
(-0.000954721 -0.00246362 0.000527731)
(-0.0010094 -0.00250943 0.000122854)
(-0.00100124 -0.00243753 -0.000295792)
(-0.000923036 -0.0022794 -0.000691735)
(-0.000782768 -0.00211119 -0.00103826)
(-0.000585816 -0.00200697 -0.00133978)
(-0.00034226 -0.00196505 -0.00162074)
(-0.000260504 -0.00147166 -0.00202945)
(-0.000196883 -0.00136197 -0.00215985)
(-0.000136051 -0.0011065 -0.00230547)
(-0.00012012 -0.000645713 -0.00241283)
(-0.000188049 -2.29959e-05 -0.00243234)
(-0.000338105 0.000669283 -0.0023406)
(-0.000535013 0.00134387 -0.00213595)
(-0.000736795 0.0019405 -0.00182773)
(-0.000913268 0.00242401 -0.00143077)
(-0.00104742 0.00277614 -0.000965816)
(-0.00112739 0.00298927 -0.00045952)
(-0.00113987 0.00306168 5.84224e-05)
(-0.00107204 0.00299403 0.00055745)
(-0.000924944 0.00279133 0.00100509)
(-0.000730254 0.00247544 0.00136871)
(-0.000545325 0.00210574 0.00162988)
(-0.000411277 0.0017801 0.00180204)
(-0.000324598 0.00157528 0.00192162)
(-0.000260504 0.00147166 0.00202945)
(-0.000196883 0.00136197 0.00215985)
(-0.000136051 0.0011065 0.00230547)
(-0.00012012 0.000645713 0.00241283)
(-0.000188049 2.29959e-05 0.00243234)
(-0.000338105 -0.000669283 0.0023406)
(-0.000535013 -0.00134387 0.00213595)
(-0.000736795 -0.0019405 0.00182773)
(-0.000913268 -0.00242401 0.00143077)
(-0.00104742 -0.00277614 0.000965816)
(-0.00112739 -0.00298927 0.00045952)
(-0.00113987 -0.00306168 -5.84224e-05)
(-0.00107204 -0.00299403 -0.00055745)
(-0.000924944 -0.00279133 -0.00100509)
(-0.000730254 -0.00247544 -0.00136871)
(-0.000545324 -0.00210574 -0.00162988)
(-0.000411277 -0.0017801 -0.00180204)
(-0.000324598 -0.00157528 -0.00192162)
(0.000435756 -0.00683725 -0.00511434)
(0.00155529 -0.0061396 -0.00583137)
(0.0018833 -0.00496485 -0.00609362)
(0.00161938 -0.00348014 -0.006058)
(0.00105919 -0.00179151 -0.00587193)
(0.000388419 -5.79622e-05 -0.00561341)
(-0.00029944 0.00155301 -0.00531778)
(-0.000959573 0.00295727 -0.004997)
(-0.00157757 0.00416214 -0.00463336)
(-0.00216052 0.00520801 -0.00417934)
(-0.00272313 0.00610666 -0.00357487)
(-0.00326576 0.00681075 -0.00277319)
(-0.00374838 0.00722484 -0.00176986)
(-0.00407175 0.00727009 -0.000625867)
(-0.00408672 0.00700771 0.000546714)
(-0.00364028 0.00672855 0.00167576)
(-0.00263354 0.00675186 0.00281151)
(-0.00113639 0.00696709 0.00399153)
(0.000435756 0.00683725 0.00511434)
(0.00155529 0.0061396 0.00583137)
(0.0018833 0.00496485 0.00609362)
(0.00161938 0.00348014 0.006058)
(0.00105919 0.00179151 0.00587193)
(0.000388419 5.79622e-05 0.00561341)
(-0.00029944 -0.00155301 0.00531778)
(-0.000959573 -0.00295727 0.004997)
(-0.00157757 -0.00416214 0.00463336)
(-0.00216052 -0.00520801 0.00417934)
(-0.00272313 -0.00610666 0.00357487)
(-0.00326576 -0.00681075 0.00277319)
(-0.00374838 -0.00722484 0.00176986)
(-0.00407175 -0.00727009 0.000625867)
(-0.00408672 -0.00700771 -0.000546714)
(-0.00364028 -0.00672855 -0.00167576)
(-0.00263354 -0.00675186 -0.00281151)
(-0.00113639 -0.00696709 -0.00399153)
(0.000169723 -0.00547915 -0.00523423)
(0.000885888 -0.00501754 -0.00588993)
(0.00118592 -0.00406901 -0.006316)
(0.00105441 -0.00269152 -0.00646861)
(0.000614269 -0.00103507 -0.0063616)
(1.43208e-05 0.000690901 -0.00604904)
(-0.000623342 0.00230291 -0.00559031)
(-0.00122471 0.00370299 -0.0050215)
(-0.00176075 0.00486897 -0.00435111)
(-0.00222873 0.00581021 -0.00357264)
(-0.00263009 0.00652954 -0.00267923)
(-0.00295042 0.00700546 -0.00167352)
(-0.00314521 0.00719513 -0.000575584)
(-0.00314219 0.00706357 0.000567446)
(-0.00287671 0.00664944 0.00167837)
(-0.00234777 0.0061357 0.00268324)
(-0.00161254 0.00577907 0.00358312)
(-0.000729607 0.00564732 0.00443398)
(0.000169723 0.00547915 0.00523423)
(0.000885888 0.00501754 0.00588993)
(0.00118592 0.00406901 0.006316)
(0.00105441 0.00269152 0.00646861)
(0.000614269 0.00103507 0.0063616)
(1.43208e-05 -0.000690901 0.00604904)
(-0.000623342 -0.00230291 0.00559031)
(-0.00122471 -0.00370299 0.0050215)
(-0.00176075 -0.00486897 0.00435111)
(-0.00222873 -0.00581021 0.00357264)
(-0.00263009 -0.00652954 0.00267923)
(-0.00295042 -0.00700546 0.00167352)
(-0.00314521 -0.00719513 0.000575584)
(-0.00314219 -0.00706357 -0.000567446)
(-0.00287671 -0.00664944 -0.00167837)
(-0.00234777 -0.0061357 -0.00268324)
(-0.00161254 -0.00577907 -0.00358312)
(-0.000729607 -0.00564732 -0.00443398)
(9.37713e-07 -0.00440043 -0.00525813)
(0.000431602 -0.00407938 -0.00589153)
(0.000722518 -0.00330478 -0.00646042)
(0.000718472 -0.00201388 -0.00677669)
(0.000392001 -0.000360072 -0.0067483)
(-0.000153266 0.00140465 -0.00639625)
(-0.000772531 0.00306773 -0.00578911)
(-0.00136109 0.00450602 -0.00498069)
(-0.00187101 0.00566036 -0.00400569)
(-0.00228547 0.00650443 -0.00290428)
(-0.00258918 0.00703339 -0.00173199)
(-0.00275014 0.00725873 -0.000549052)
(-0.00271714 0.00719887 0.000595605)
(-0.00244334 0.0068702 0.00166913)
(-0.00194539 0.00630103 0.00263904)
(-0.00135735 0.0055924 0.00345975)
(-0.000851368 0.00495962 0.0041188)
(-0.000436506 0.00459608 0.00469153)
(9.37706e-07 0.00440043 0.00525813)
(0.000431602 0.00407938 0.00589153)
(0.000722518 0.00330478 0.00646042)
(0.000718472 0.00201388 0.00677669)
(0.000392001 0.000360072 0.0067483)
(-0.000153266 -0.00140465 0.00639625)
(-0.000772531 -0.00306773 0.00578911)
(-0.00136109 -0.00450602 0.00498069)
(-0.00187101 -0.00566036 0.00400569)
(-0.00228547 -0.00650443 0.00290428)
(-0.00258918 -0.00703339 0.00173199)
(-0.00275014 -0.00725873 0.000549052)
(-0.00271714 -0.00719887 -0.000595605)
(-0.00244334 -0.0068702 -0.00166913)
(-0.00194539 -0.00630103 -0.00263904)
(-0.00135735 -0.0055924 -0.00345975)
(-0.000851368 -0.00495962 -0.0041188)
(-0.000436506 -0.00459608 -0.00469153)
(0.00166992 -0.00963219 -0.00778724)
(0.00318401 -0.0086907 -0.00892077)
(0.00312725 -0.00713899 -0.00945381)
(0.00214354 -0.0050494 -0.00962856)
(0.000838528 -0.00255511 -0.0095896)
(-0.000450541 4.98557e-05 -0.00937118)
(-0.00160721 0.00248794 -0.0089853)
(-0.00261977 0.00462876 -0.00844418)
(-0.00350441 0.00647016 -0.00774365)
(-0.00428232 0.00804938 -0.00685486)
(-0.00497781 0.0093695 -0.00573858)
(-0.00561407 0.0103705 -0.00437142)
(-0.0061928 0.0109443 -0.00277666)
(-0.00664014 0.0109973 -0.00104438)
(-0.00671204 0.0105776 0.000699929)
(-0.00596458 0.010017 0.00240974)
(-0.00405019 0.00979349 0.00419423)
(-0.00121274 0.00991389 0.00607912)
(0.00166992 0.00963219 0.00778724)
(0.00318401 0.0086907 0.00892077)
(0.00312725 0.00713899 0.00945381)
(0.00214354 0.0050494 0.00962856)
(0.000838528 0.00255511 0.0095896)
(-0.000450541 -4.98557e-05 0.00937118)
(-0.00160721 -0.00248794 0.0089853)
(-0.00261977 -0.00462876 0.00844418)
(-0.00350441 -0.00647016 0.00774365)
(-0.00428232 -0.00804938 0.00685486)
(-0.00497781 -0.0093695 0.00573858)
(-0.00561407 -0.0103705 0.00437142)
(-0.0061928 -0.0109443 0.00277666)
(-0.00664014 -0.0109973 0.00104438)
(-0.00671204 -0.0105776 -0.000699929)
(-0.00596458 -0.010017 -0.00240974)
(-0.00405019 -0.00979349 -0.00419423)
(-0.00121274 -0.00991389 -0.00607912)
(0.0013775 -0.00822824 -0.00771498)
(0.00240405 -0.00747292 -0.00881218)
(0.00254458 -0.00606352 -0.00955672)
(0.00197485 -0.00402461 -0.0098922)
(0.000994923 -0.00157058 -0.00984025)
(-0.000114119 0.00097182 -0.0094782)
(-0.00117047 0.00333883 -0.00887625)
(-0.00210201 0.00540347 -0.00806724)
(-0.00290218 0.00713766 -0.00706221)
(-0.00358467 0.00854688 -0.00587006)
(-0.00415822 0.00962813 -0.00450729)
(-0.004612 0.0103554 -0.00300178)
(-0.0048993 0.0106851 -0.00139531)
(-0.00491839 0.0105811 0.000257408)
(-0.00450985 0.0100768 0.00189532)
(-0.00352273 0.00937564 0.0034647)
(-0.00197042 0.00881621 0.0049543)
(-0.000184353 0.00853169 0.00639475)
(0.0013775 0.00822824 0.00771498)
(0.00240405 0.00747292 0.00881218)
(0.00254458 0.00606352 0.00955672)
(0.00197485 0.00402461 0.0098922)
(0.000994923 0.00157058 0.00984025)
(-0.000114119 -0.00097182 0.0094782)
(-0.00117047 -0.00333883 0.00887625)
(-0.00210201 -0.00540347 0.00806724)
(-0.00290218 -0.00713766 0.00706221)
(-0.00358467 -0.00854688 0.00587006)
(-0.00415822 -0.00962813 0.00450729)
(-0.004612 -0.0103554 0.00300178)
(-0.0048993 -0.0106851 0.00139531)
(-0.00491839 -0.0105811 -0.000257408)
(-0.00450985 -0.0100768 -0.00189532)
(-0.00352273 -0.00937564 -0.0034647)
(-0.00197042 -0.00881621 -0.0049543)
(-0.000184353 -0.00853169 -0.00639475)
(0.00126062 -0.00693521 -0.00749607)
(0.00190799 -0.00629364 -0.00864483)
(0.00220874 -0.00503826 -0.00953404)
(0.0020141 -0.00310732 -0.00996711)
(0.00134257 -0.000718385 -0.00989887)
(0.000398135 0.00177367 -0.00942569)
(-0.000583478 0.00409736 -0.00865162)
(-0.00147162 0.00611779 -0.0076168)
(-0.0022354 0.00777089 -0.00633977)
(-0.00287655 0.00902134 -0.00486896)
(-0.00338331 0.00985988 -0.00328428)
(-0.00370701 0.0103021 -0.00167112)
(-0.00375224 0.0103745 -9.27844e-05)
(-0.0033967 0.0100931 0.00142297)
(-0.00257954 0.00946922 0.0028619)
(-0.00144379 0.00860615 0.00417318)
(-0.000325668 0.00778034 0.00530303)
(0.000521136 0.00725375 0.00635239)
(0.00126062 0.00693521 0.00749607)
(0.00190799 0.00629364 0.00864483)
(0.00220874 0.00503826 0.00953404)
(0.0020141 0.00310732 0.00996711)
(0.00134257 0.000718385 0.00989887)
(0.000398135 -0.00177367 0.00942569)
(-0.000583478 -0.00409736 0.00865162)
(-0.00147162 -0.00611779 0.0076168)
(-0.0022354 -0.00777089 0.00633977)
(-0.00287655 -0.00902134 0.00486896)
(-0.00338331 -0.00985988 0.00328428)
(-0.00370701 -0.0103021 0.00167112)
(-0.00375224 -0.0103745 9.27844e-05)
(-0.0033967 -0.0100931 -0.00142297)
(-0.00257954 -0.00946922 -0.0028619)
(-0.00144379 -0.00860615 -0.00417318)
(-0.000325668 -0.00778034 -0.00530303)
(0.000521136 -0.00725375 -0.00635239)
(0.00303126 -0.010685 -0.00925854)
(0.00457624 -0.010014 -0.0107489)
(0.00409044 -0.00845055 -0.0116833)
(0.00246314 -0.00606846 -0.0122373)
(0.000580199 -0.0031932 -0.0124873)
(-0.00108857 -0.000198948 -0.0124385)
(-0.00247523 0.00263859 -0.0120747)
(-0.00365129 0.00518256 -0.0113968)
(-0.00466528 0.00740416 -0.0104242)
(-0.00553197 0.00931021 -0.00917361)
(-0.00626533 0.0108833 -0.00765532)
(-0.00690016 0.0120588 -0.0058889)
(-0.00748517 0.012737 -0.00392909)
(-0.0080103 0.0128335 -0.00187383)
(-0.00819878 0.0123804 0.000201904)
(-0.00729985 0.0116367 0.00236154)
(-0.00460443 0.0110253 0.00471679)
(-0.000582407 0.0107946 0.00716359)
(0.00303126 0.010685 0.00925854)
(0.00457624 0.010014 0.0107489)
(0.00409044 0.00845055 0.0116833)
(0.00246314 0.00606846 0.0122373)
(0.000580199 0.0031932 0.0124873)
(-0.00108857 0.000198948 0.0124385)
(-0.00247523 -0.00263859 0.0120747)
(-0.00365129 -0.00518256 0.0113968)
(-0.00466528 -0.00740416 0.0104242)
(-0.00553197 -0.00931021 0.00917361)
(-0.00626533 -0.0108833 0.00765532)
(-0.00690016 -0.0120588 0.0058889)
(-0.00748517 -0.012737 0.00392909)
(-0.0080103 -0.0128335 0.00187383)
(-0.00819878 -0.0123804 -0.000201904)
(-0.00729985 -0.0116367 -0.00236154)
(-0.00460443 -0.0110253 -0.00471679)
(-0.000582407 -0.0107946 -0.00716359)
(0.00279728 -0.0099519 -0.00913772)
(0.003804 -0.00905377 -0.0106157)
(0.00368415 -0.00734778 -0.0116503)
(0.00271454 -0.00490286 -0.0121837)
(0.00131428 -0.00204625 -0.0122776)
(-0.000140312 0.000871281 -0.0120278)
(-0.00145175 0.00360979 -0.0114693)
(-0.00257729 0.00605032 -0.0105976)
(-0.00353359 0.008148 -0.00942347)
(-0.00433923 0.00988464 -0.007984)
(-0.00500072 0.0112413 -0.00633058)
(-0.00550874 0.0121882 -0.0045213)
(-0.00582351 0.0126874 -0.00261932)
(-0.00584002 0.012708 -0.000681829)
(-0.00533956 0.012269 0.00127349)
(-0.00402949 0.0115287 0.00327862)
(-0.00184485 0.0108016 0.00533345)
(0.000713075 0.0103315 0.00733902)
(0.00279728 0.0099519 0.00913772)
(0.003804 0.00905377 0.0106157)
(0.00368415 0.00734778 0.0116503)
(0.00271454 0.00490286 0.0121837)
(0.00131428 0.00204625 0.0122776)
(-0.000140312 -0.000871281 0.0120278)
(-0.00145175 -0.00360979 0.0114693)
(-0.00257729 -0.00605032 0.0105976)
(-0.00353359 -0.008148 0.00942347)
(-0.00433923 -0.00988464 0.007984)
(-0.00500072 -0.0112413 0.00633058)
(-0.00550874 -0.0121882 0.0045213)
(-0.00582351 -0.0126874 0.00261932)
(-0.00584002 -0.012708 0.000681829)
(-0.00533956 -0.012269 -0.00127349)
(-0.00402949 -0.0115287 -0.00327862)
(-0.00184485 -0.0108016 -0.00533345)
(0.000713075 -0.0103315 -0.00733902)
(0.00264827 -0.00889679 -0.00908128)
(0.00327312 -0.00779261 -0.0106007)
(0.00351285 -0.00605353 -0.0116088)
(0.00316556 -0.00368046 -0.0120181)
(0.00223075 -0.000923551 -0.0119283)
(0.000976858 0.00188368 -0.0114942)
(-0.000280985 0.0045123 -0.01078)
(-0.00138898 0.00685085 -0.00976069)
(-0.00233064 0.00882879 -0.00842636)
(-0.00312285 0.0103947 -0.00683192)
(-0.0037585 0.0115271 -0.00507349)
(-0.00417922 0.0122354 -0.00325015)
(-0.00425505 0.0125448 -0.00143405)
(-0.0037948 0.0124669 0.000350694)
(-0.00266923 0.0119911 0.00211792)
(-0.00106095 0.0111922 0.0038678)
(0.000547663 0.0103206 0.00559086)
(0.00178342 0.00959553 0.0073226)
(0.00264827 0.00889679 0.00908128)
(0.00327312 0.00779261 0.0106007)
(0.00351285 0.00605353 0.0116088)
(0.00316556 0.00368046 0.0120181)
(0.00223075 0.000923551 0.0119283)
(0.000976858 -0.00188368 0.0114942)
(-0.000280985 -0.0045123 0.01078)
(-0.00138898 -0.00685085 0.00976069)
(-0.00233064 -0.00882879 0.00842636)
(-0.00312285 -0.0103947 0.00683192)
(-0.0037585 -0.0115271 0.00507349)
(-0.00417922 -0.0122354 0.00325015)
(-0.00425505 -0.0125448 0.00143405)
(-0.0037948 -0.0124669 -0.000350694)
(-0.00266923 -0.0119911 -0.00211792)
(-0.00106095 -0.0111922 -0.0038678)
(0.000547663 -0.0103206 -0.00559086)
(0.00178342 -0.00959553 -0.0073226)
(0.00321751 -0.0111167 -0.00946731)
(0.00492598 -0.0103839 -0.011313)
(0.00453933 -0.00880597 -0.0126649)
(0.00283924 -0.00643427 -0.0135971)
(0.000863234 -0.00362157 -0.0141763)
(-0.000841824 -0.00067559 -0.014398)
(-0.00225939 0.00220337 -0.0142039)
(-0.003509 0.00488407 -0.0135632)
(-0.00463112 0.00729308 -0.0125032)
(-0.00560562 0.00938744 -0.0110802)
(-0.00641529 0.0111197 -0.00935383)
(-0.00708256 0.0124192 -0.0073891)
(-0.00767202 0.0131981 -0.00527126)
(-0.00820955 0.013391 -0.00308754)
(-0.00840416 0.0130436 -0.000824137)
(-0.00737527 0.0123975 0.00167876)
(-0.00443392 0.011797 0.00443105)
(-0.000340152 0.0114248 0.00713114)
(0.00321751 0.0111167 0.00946731)
(0.00492598 0.0103839 0.011313)
(0.00453933 0.00880597 0.0126649)
(0.00283924 0.00643427 0.0135971)
(0.000863234 0.00362157 0.0141763)
(-0.000841824 0.00067559 0.014398)
(-0.00225939 -0.00220337 0.0142039)
(-0.003509 -0.00488407 0.0135632)
(-0.00463112 -0.00729308 0.0125032)
(-0.00560562 -0.00938744 0.0110802)
(-0.00641529 -0.0111197 0.00935383)
(-0.00708256 -0.0124192 0.0073891)
(-0.00767202 -0.0131981 0.00527126)
(-0.00820955 -0.013391 0.00308754)
(-0.00840416 -0.0130436 0.000824137)
(-0.00737527 -0.0123975 -0.00167876)
(-0.00443392 -0.011797 -0.00443105)
(-0.000340152 -0.0114248 -0.00713114)
(0.00327914 -0.0108673 -0.00962149)
(0.00442838 -0.00964902 -0.0114036)
(0.00436016 -0.00773247 -0.0126446)
(0.00333361 -0.00519955 -0.0133521)
(0.00183821 -0.00234943 -0.0136428)
(0.000292229 0.000552928 -0.0136044)
(-0.00111432 0.00334334 -0.0132171)
(-0.0023509 0.00591646 -0.012432)
(-0.00342581 0.00819781 -0.0112548)
(-0.0043388 0.0101339 -0.00974468)
(-0.00508032 0.0116843 -0.00798291)
(-0.00563352 0.0128149 -0.00605367)
(-0.00596 0.0134978 -0.00403649)
(-0.00595529 0.0137177 -0.00198152)
(-0.00537563 0.0134955 0.000147392)
(-0.00390128 0.0129487 0.0024552)
(-0.00154709 0.0122876 0.00493455)
(0.0011022 0.0116384 0.00740103)
(0.00327914 0.0108673 0.00962149)
(0.00442838 0.00964902 0.0114036)
(0.00436016 0.00773247 0.0126446)
(0.00333361 0.00519955 0.0133521)
(0.00183821 0.00234943 0.0136428)
(0.000292229 -0.000552928 0.0136044)
(-0.00111432 -0.00334334 0.0132171)
(-0.0023509 -0.00591646 0.012432)
(-0.00342581 -0.00819781 0.0112548)
(-0.0043388 -0.0101339 0.00974468)
(-0.00508032 -0.0116843 0.00798291)
(-0.00563352 -0.0128149 0.00605367)
(-0.00596 -0.0134978 0.00403649)
(-0.00595529 -0.0137177 0.00198152)
(-0.00537563 -0.0134955 -0.000147392)
(-0.00390128 -0.0129487 -0.0024552)
(-0.00154709 -0.0122876 -0.00493455)
(0.0011022 -0.0116384 -0.00740103)
(0.00342782 -0.0102454 -0.0100572)
(0.00410597 -0.00850919 -0.0117917)
(0.00436162 -0.00631675 -0.0127843)
(0.00399317 -0.00374198 -0.0131416)
(0.00297758 -0.000962 -0.0130874)
(0.0015839 0.00181893 -0.0127793)
(0.00016576 0.0044667 -0.0122219)
(-0.00109181 0.0068977 -0.0113348)
(-0.00216165 0.00902984 -0.0100852)
(-0.00305788 0.0107925 -0.00852748)
(-0.00377221 0.0121484 -0.0067628)
(-0.00424288 0.0130965 -0.00489563)
(-0.00432552 0.0136638 -0.00300403)
(-0.00379369 0.0138784 -0.00110576)
(-0.00249348 0.0137357 0.000859964)
(-0.000674191 0.0132505 0.00297766)
(0.00109112 0.0125093 0.00529907)
(0.00245073 0.011544 0.00775861)
(0.00342782 0.0102454 0.0100572)
(0.00410597 0.00850919 0.0117917)
(0.00436162 0.00631675 0.0127843)
(0.00399317 0.00374198 0.0131416)
(0.00297758 0.000962 0.0130874)
(0.0015839 -0.00181893 0.0127793)
(0.00016576 -0.0044667 0.0122219)
(-0.00109181 -0.0068977 0.0113348)
(-0.00216165 -0.00902984 0.0100852)
(-0.00305788 -0.0107925 0.00852748)
(-0.00377221 -0.0121484 0.0067628)
(-0.00424288 -0.0130965 0.00489563)
(-0.00432552 -0.0136638 0.00300403)
(-0.00379369 -0.0138784 0.00110576)
(-0.00249348 -0.0137357 -0.000859964)
(-0.000674191 -0.0132505 -0.00297766)
(0.00109112 -0.0125093 -0.00529907)
(0.00245073 -0.011544 -0.00775861)
(0.0029317 -0.0112492 -0.00886467)
(0.00468843 -0.0102692 -0.0110206)
(0.00458347 -0.0086324 -0.0127134)
(0.00321435 -0.00640627 -0.0139545)
(0.00149934 -0.00385565 -0.0148116)
(-3.54906e-05 -0.0011714 -0.0153024)
(-0.00137881 0.00154097 -0.0153559)
(-0.00265117 0.00417692 -0.0149032)
(-0.0038676 0.00663035 -0.0139466)
(-0.00496693 0.00880916 -0.0125489)
(-0.00589361 0.0106312 -0.0108003)
(-0.00664469 0.0120164 -0.00880656)
(-0.00727435 0.0128906 -0.00668111)
(-0.00780039 0.0132172 -0.00448943)
(-0.00791562 0.013064 -0.00214394)
(-0.0068312 0.0126513 0.000519584)
(-0.00408826 0.0122148 0.00343055)
(-0.000377413 0.0118017 0.00629444)
(0.0029317 0.0112492 0.00886467)
(0.00468843 0.0102692 0.0110206)
(0.00458347 0.0086324 0.0127134)
(0.00321435 0.00640627 0.0139545)
(0.00149934 0.00385565 0.0148116)
(-3.54906e-05 0.0011714 0.0153024)
(-0.00137881 -0.00154097 0.0153559)
(-0.00265117 -0.00417692 0.0149032)
(-0.0038676 -0.00663035 0.0139466)
(-0.00496693 -0.00880916 0.0125489)
(-0.00589361 -0.0106312 0.0108003)
(-0.00664469 -0.0120164 0.00880656)
(-0.00727435 -0.0128906 0.00668111)
(-0.00780039 -0.0132172 0.00448943)
(-0.00791562 -0.013064 0.00214394)
(-0.0068312 -0.0126513 -0.000519584)
(-0.00408826 -0.0122148 -0.00343055)
(-0.000377413 -0.0118017 -0.00629444)
(0.00328032 -0.0112433 -0.00933875)
(0.00446841 -0.00967382 -0.0113749)
(0.00457468 -0.00758537 -0.012817)
(0.0037822 -0.00511332 -0.0137038)
(0.00248515 -0.00246924 -0.0141801)
(0.00105162 0.000208084 -0.0143388)
(-0.000334794 0.00284542 -0.0141475)
(-0.00162475 0.00536523 -0.0135323)
(-0.00279427 0.00767529 -0.0124786)
(-0.00381135 0.00969063 -0.0110433)
(-0.00464256 0.0113469 -0.00932002)
(-0.00525671 0.0126023 -0.00741063)
(-0.00560948 0.0134375 -0.00540415)
(-0.00559323 0.0138562 -0.00333398)
(-0.0049742 0.01389 -0.00112172)
(-0.00350928 0.0136111 0.00135646)
(-0.00128821 0.0130939 0.00407669)
(0.00119085 0.0123381 0.00682923)
(0.00328032 0.0112433 0.00933875)
(0.00446841 0.00967382 0.0113749)
(0.00457468 0.00758537 0.012817)
(0.0037822 0.00511332 0.0137038)
(0.00248515 0.00246924 0.0141801)
(0.00105162 -0.000208084 0.0143388)
(-0.000334794 -0.00284542 0.0141475)
(-0.00162475 -0.00536523 0.0135323)
(-0.00279427 -0.00767529 0.0124786)
(-0.00381135 -0.00969063 0.0110433)
(-0.00464256 -0.0113469 0.00932002)
(-0.00525671 -0.0126023 0.00741063)
(-0.00560948 -0.0134375 0.00540415)
(-0.00559323 -0.0138562 0.00333398)
(-0.0049742 -0.01389 0.00112172)
(-0.00350928 -0.0136111 -0.00135646)
(-0.00128821 -0.0130939 -0.00407669)
(0.00119085 -0.0123381 -0.00682923)
(0.00363591 -0.0108682 -0.0102432)
(0.00434507 -0.00863398 -0.0121724)
(0.0046914 -0.00612065 -0.0132258)
(0.00447247 -0.00350642 -0.0136157)
(0.00360164 -0.000887431 -0.0136327)
(0.00227145 0.00167919 -0.0134364)
(0.000824611 0.00416193 -0.0130168)
(-0.000512223 0.00651152 -0.012279)
(-0.00167282 0.00864325 -0.0111735)
(-0.00264938 0.0104724 -0.00974043)
(-0.00342296 0.0119458 -0.00807188)
(-0.00392669 0.0130504 -0.0062684)
(-0.00401383 0.0138122 -0.0044048)
(-0.00346375 0.0142761 -0.00248482)
(-0.0021605 0.0144551 -0.000409695)
(-0.000391973 0.0143003 0.0019568)
(0.0013107 0.0137203 0.00467543)
(0.00264887 0.0125986 0.00758578)
(0.00363591 0.0108682 0.0102432)
(0.00434507 0.00863398 0.0121724)
(0.0046914 0.00612065 0.0132258)
(0.00447247 0.00350642 0.0136157)
(0.00360164 0.000887431 0.0136327)
(0.00227145 -0.00167919 0.0134364)
(0.000824611 -0.00416193 0.0130168)
(-0.000512223 -0.00651152 0.012279)
(-0.00167282 -0.00864325 0.0111735)
(-0.00264938 -0.0104724 0.00974043)
(-0.00342296 -0.0119458 0.00807188)
(-0.00392669 -0.0130504 0.0062684)
(-0.00401383 -0.0138122 0.0044048)
(-0.00346375 -0.0142761 0.00248482)
(-0.0021605 -0.0144551 0.000409695)
(-0.000391973 -0.0143003 -0.0019568)
(0.0013107 -0.0137203 -0.00467543)
(0.00264887 -0.0125986 -0.00758578)
(0.00251124 -0.0108839 -0.00782459)
(0.00428365 -0.00977524 -0.0102387)
(0.00451569 -0.00818948 -0.0122194)
(0.00358688 -0.00620571 -0.0137207)
(0.00220727 -0.00398611 -0.0147851)
(0.000864148 -0.0016292 -0.01547)
(-0.00038262 0.000823161 -0.0157455)
(-0.00163286 0.00329876 -0.0155294)
(-0.00289492 0.00568232 -0.0147831)
(-0.00408718 0.0078486 -0.0135439)
(-0.00512475 0.00968481 -0.0119084)
(-0.00597732 0.0110992 -0.0100081)
(-0.0066712 0.0120306 -0.00797202)
(-0.00718231 0.0124706 -0.0058401)
(-0.00719752 0.0125034 -0.00349556)
(-0.00611759 0.0123083 -0.000811976)
(-0.00369117 0.0120145 0.00212432)
(-0.000464094 0.0115844 0.00507415)
(0.00251124 0.0108839 0.00782459)
(0.00428365 0.00977524 0.0102387)
(0.00451569 0.00818948 0.0122194)
(0.00358688 0.00620571 0.0137207)
(0.00220727 0.00398611 0.0147851)
(0.000864148 0.0016292 0.01547)
(-0.00038262 -0.000823161 0.0157455)
(-0.00163286 -0.00329876 0.0155294)
(-0.00289492 -0.00568232 0.0147831)
(-0.00408718 -0.0078486 0.0135439)
(-0.00512475 -0.00968481 0.0119084)
(-0.00597732 -0.0110992 0.0100081)
(-0.0066712 -0.0120306 0.00797202)
(-0.00718231 -0.0124706 0.0058401)
(-0.00719752 -0.0125034 0.00349556)
(-0.00611759 -0.0123083 0.000811976)
(-0.00369117 -0.0120145 -0.00212432)
(-0.000464094 -0.0115844 -0.00507415)
(0.00298483 -0.0109617 -0.00854674)
(0.00419565 -0.00924642 -0.0107672)
(0.00452695 -0.0071597 -0.0124106)
(0.00406672 -0.00486386 -0.0134941)
(0.00308026 -0.00250043 -0.014139)
(0.00185287 -0.000123037 -0.0144487)
(0.000559873 0.00226014 -0.0144235)
(-0.000723295 0.00460642 -0.0139968)
(-0.00194197 0.00682556 -0.0131318)
(-0.00303527 0.00881435 -0.011863)
(-0.00394552 0.0104881 -0.0102781)
(-0.00462381 0.0117948 -0.00848398)
(-0.0050139 0.0127184 -0.00656902)
(-0.00500476 0.0132741 -0.00454663)
(-0.00440206 0.0134978 -0.00232275)
(-0.00306271 0.0134185 0.000208728)
(-0.00110631 0.0130136 0.00301096)
(0.00107728 0.0122156 0.00588152)
(0.00298483 0.0109617 0.00854674)
(0.00419565 0.00924642 0.0107672)
(0.00452695 0.0071597 0.0124106)
(0.00406672 0.00486386 0.0134941)
(0.00308026 0.00250043 0.014139)
(0.00185287 0.000123037 0.0144487)
(0.000559873 -0.00226014 0.0144235)
(-0.000723295 -0.00460642 0.0139968)
(-0.00194197 -0.00682556 0.0131318)
(-0.00303527 -0.00881435 0.011863)
(-0.00394552 -0.0104881 0.0102781)
(-0.00462381 -0.0117948 0.00848398)
(-0.0050139 -0.0127184 0.00656902)
(-0.00500476 -0.0132741 0.00454663)
(-0.00440206 -0.0134978 0.00232275)
(-0.00306271 -0.0134185 -0.000208728)
(-0.00110631 -0.0130136 -0.00301096)
(0.00107728 -0.0122156 -0.00588152)
(0.00337688 -0.0107027 -0.00979571)
(0.00411456 -0.00826652 -0.0118636)
(0.00459948 -0.00567336 -0.0130418)
(0.00462415 -0.0031567 -0.0135503)
(0.0040428 -0.000772295 -0.0136741)
(0.00294003 0.00151113 -0.0135729)
(0.00159424 0.00373676 -0.0132582)
(0.000258666 0.00589451 -0.0126568)
(-0.000946463 0.00791076 -0.0117141)
(-0.00197656 0.00969593 -0.0104496)
(-0.0027926 0.0111851 -0.00893685)
(-0.00331803 0.0123549 -0.00726269)
(-0.0034111 0.0132255 -0.00548753)
(-0.00289228 0.0138427 -0.00359817)
(-0.00172243 0.0142207 -0.00148649)
(-0.000189587 0.0142706 0.000987085)
(0.00127951 0.0138031 0.00387234)
(0.00245869 0.0126251 0.00696977)
(0.00337688 0.0107027 0.00979571)
(0.00411456 0.00826652 0.0118636)
(0.00459948 0.00567336 0.0130418)
(0.00462415 0.0031567 0.0135503)
(0.0040428 0.000772295 0.0136741)
(0.00294003 -0.00151113 0.0135729)
(0.00159424 -0.00373676 0.0132582)
(0.000258666 -0.00589451 0.0126568)
(-0.000946463 -0.00791076 0.0117141)
(-0.00197656 -0.00969593 0.0104496)
(-0.0027926 -0.0111851 0.00893685)
(-0.00331803 -0.0123549 0.00726269)
(-0.0034111 -0.0132255 0.00548753)
(-0.00289228 -0.0138427 0.00359817)
(-0.00172243 -0.0142207 0.00148649)
(-0.000189586 -0.0142706 -0.000987085)
(0.00127951 -0.0138031 -0.00387234)
(0.00245869 -0.0126251 -0.00696977)
(0.00205637 -0.00994169 -0.00653965)
(0.00380971 -0.00890684 -0.00912984)
(0.00435639 -0.00753236 -0.0113505)
(0.00386447 -0.00587627 -0.0131022)
(0.00281449 -0.00402242 -0.0143686)
(0.00163502 -0.00201465 -0.0152071)
(0.000467434 0.000132904 -0.0156435)
(-0.000734019 0.00236895 -0.0156274)
(-0.00198344 0.00458303 -0.0151027)
(-0.00320817 0.00663654 -0.0140768)
(-0.00431383 0.00839879 -0.0126334)
(-0.00524644 0.0097704 -0.010906)
(-0.00599243 0.010699 -0.00901668)
(-0.00647653 0.0111937 -0.00698506)
(-0.00641149 0.01134 -0.00470811)
(-0.00539076 0.0112714 -0.00210199)
(-0.00330144 0.0110546 0.000762914)
(-0.000560674 0.01064 0.00370405)
(0.00205637 0.00994169 0.00653965)
(0.00380971 0.00890684 0.00912984)
(0.00435639 0.00753236 0.0113505)
(0.00386447 0.00587627 0.0131022)
(0.00281449 0.00402242 0.0143686)
(0.00163502 0.00201465 0.0152071)
(0.000467434 -0.000132904 0.0156435)
(-0.000734019 -0.00236895 0.0156274)
(-0.00198344 -0.00458303 0.0151027)
(-0.00320817 -0.00663654 0.0140768)
(-0.00431383 -0.00839879 0.0126334)
(-0.00524644 -0.0097704 0.010906)
(-0.00599243 -0.010699 0.00901668)
(-0.00647653 -0.0111937 0.00698506)
(-0.00641149 -0.01134 0.00470811)
(-0.00539076 -0.0112714 0.00210199)
(-0.00330144 -0.0110546 -0.000762914)
(-0.000560673 -0.01064 -0.00370405)
(0.00254456 -0.010044 -0.00740757)
(0.00374741 -0.00842756 -0.00972803)
(0.00428267 -0.00654727 -0.0115468)
(0.00414866 -0.00454181 -0.0128366)
(0.00348824 -0.00250341 -0.0136634)
(0.00250135 -0.000449092 -0.0141176)
(0.00135028 0.0016389 -0.0142347)
(0.000133516 0.00374228 -0.0139817)
(-0.00107343 0.00578365 -0.0133188)
(-0.00219187 0.00765663 -0.0122579)
(-0.00314585 0.00926563 -0.0108689)
(-0.00386927 0.0105503 -0.0092496)
(-0.00429239 0.011492 -0.00747584)
(-0.00430829 0.0121051 -0.00554615)
(-0.0037771 0.0124158 -0.00337543)
(-0.00263332 0.0124203 -0.000887359)
(-0.000992957 0.0120618 0.00187211)
(0.000855788 0.0112749 0.00471821)
(0.00254456 0.010044 0.00740757)
(0.00374741 0.00842756 0.00972803)
(0.00428267 0.00654727 0.0115468)
(0.00414866 0.00454181 0.0128366)
(0.00348824 0.00250341 0.0136634)
(0.00250135 0.000449092 0.0141176)
(0.00135028 -0.0016389 0.0142347)
(0.000133516 -0.00374228 0.0139817)
(-0.00107343 -0.00578365 0.0133188)
(-0.00219187 -0.00765663 0.0122579)
(-0.00314585 -0.00926563 0.0108689)
(-0.00386927 -0.0105503 0.0092496)
(-0.00429239 -0.011492 0.00747584)
(-0.00430829 -0.0121051 0.00554615)
(-0.0037771 -0.0124158 0.00337543)
(-0.00263332 -0.0124203 0.000887359)
(-0.000992957 -0.0120618 -0.00187211)
(0.000855788 -0.0112749 -0.00471821)
(0.00286633 -0.0098649 -0.00887591)
(0.00359932 -0.00751824 -0.0110042)
(0.00419692 -0.00508525 -0.0123142)
(0.00445923 -0.00279239 -0.0129822)
(0.00420584 -0.000680939 -0.0132501)
(0.00342382 0.00130685 -0.0132649)
(0.0022922 0.00324439 -0.0130594)
(0.00105038 0.0051523 -0.0125933)
(-0.000134767 0.00697861 -0.0118221)
(-0.00117404 0.00863997 -0.0107496)
(-0.00200194 0.0100673 -0.00942722)
(-0.00253202 0.0112295 -0.0079218)
(-0.00263874 0.0121372 -0.00627365)
(-0.00220397 0.0128207 -0.00445686)
(-0.0012577 0.0132729 -0.00237186)
(-5.28644e-05 0.0133808 9.95626e-05)
(0.00110196 0.0129369 0.00297971)
(0.00206006 0.0117609 0.00605544)
(0.00286633 0.0098649 0.00887591)
(0.00359932 0.00751824 0.0110042)
(0.00419692 0.00508525 0.0123142)
(0.00445923 0.00279239 0.0129822)
(0.00420584 0.000680939 0.0132501)
(0.00342382 -0.00130685 0.0132649)
(0.0022922 -0.00324439 0.0130594)
(0.00105038 -0.0051523 0.0125933)
(-0.000134767 -0.00697861 0.0118221)
(-0.00117404 -0.00863997 0.0107496)
(-0.00200194 -0.0100673 0.00942722)
(-0.00253202 -0.0112295 0.0079218)
(-0.00263874 -0.0121372 0.00627365)
(-0.00220397 -0.0128207 0.00445686)
(-0.0012577 -0.0132729 0.00237186)
(-5.28643e-05 -0.0133808 -9.95627e-05)
(0.00110196 -0.0129369 -0.00297971)
(0.00206006 -0.0117609 -0.00605544)
(0.00152702 -0.00855451 -0.0050723)
(0.00319284 -0.00773146 -0.00775465)
(0.00397772 -0.00666971 -0.0101579)
(0.00388749 -0.0053852 -0.0121466)
(0.00318494 -0.0039066 -0.0136411)
(0.00219393 -0.00225243 -0.0146507)
(0.00110993 -0.00043564 -0.0152191)
(-2.90127e-05 0.00149857 -0.0153493)
(-0.00122166 0.00345186 -0.0150103)
(-0.00241656 0.00529265 -0.0142012)
(-0.00352922 0.00689171 -0.0129859)
(-0.00448939 0.00815124 -0.0114764)
(-0.00524227 0.00902345 -0.00976903)
(-0.00567794 0.00951941 -0.00787597)
(-0.00556773 0.00970942 -0.00573107)
(-0.00466622 0.00968887 -0.00328604)
(-0.00294279 0.00950602 -0.000585361)
(-0.000699199 0.00914033 0.0022481)
(0.00152702 0.00855451 0.0050723)
(0.00319284 0.00773146 0.00775465)
(0.00397772 0.00666971 0.0101579)
(0.00388749 0.0053852 0.0121466)
(0.00318494 0.0039066 0.0136411)
(0.00219393 0.00225243 0.0146507)
(0.00110993 0.00043564 0.0152191)
(-2.90127e-05 -0.00149857 0.0153493)
(-0.00122166 -0.00345186 0.0150103)
(-0.00241656 -0.00529265 0.0142012)
(-0.00352922 -0.00689171 0.0129859)
(-0.00448939 -0.00815124 0.0114764)
(-0.00524227 -0.00902345 0.00976903)
(-0.00567794 -0.00951941 0.00787597)
(-0.00556773 -0.00970942 0.00573107)
(-0.00466622 -0.00968887 0.00328604)
(-0.00294279 -0.00950602 0.000585361)
(-0.000699199 -0.00914033 -0.0022481)
(0.00203227 -0.00867648 -0.00601097)
(0.00317447 -0.0073307 -0.00835144)
(0.00384153 -0.00579744 -0.010299)
(0.00397391 -0.00416162 -0.0117871)
(0.00361792 -0.0024763 -0.0128193)
(0.00289028 -0.000750499 -0.0134452)
(0.00192391 0.0010279 -0.013709)
(0.000829478 0.00284704 -0.0136148)
(-0.000302332 0.00464547 -0.0131437)
(-0.00138407 0.00632783 -0.0123002)
(-0.0023303 0.00780023 -0.0111343)
(-0.00306274 0.00899832 -0.00972299)
(-0.00350311 0.00989644 -0.00812258)
(-0.00355889 0.0104976 -0.00632626)
(-0.00314178 0.0108092 -0.00427223)
(-0.00223172 0.0108131 -0.00191543)
(-0.000922996 0.0104665 0.000694357)
(0.000584335 0.00974529 0.00340188)
(0.00203227 0.00867648 0.00601097)
(0.00317447 0.0073307 0.00835144)
(0.00384153 0.00579744 0.010299)
(0.00397391 0.00416162 0.0117871)
(0.00361792 0.0024763 0.0128193)
(0.00289028 0.000750499 0.0134452)
(0.00192391 -0.0010279 0.013709)
(0.000829478 -0.00284704 0.0136148)
(-0.000302332 -0.00464547 0.0131437)
(-0.00138407 -0.00632783 0.0123002)
(-0.0023303 -0.00780023 0.0111343)
(-0.00306274 -0.00899832 0.00972299)
(-0.00350311 -0.00989644 0.00812258)
(-0.00355889 -0.0104976 0.00632626)
(-0.00314178 -0.0108092 0.00427223)
(-0.00223172 -0.0108131 0.00191543)
(-0.000922996 -0.0104665 -0.000694357)
(0.000584335 -0.00974529 -0.00340188)
(0.00228209 -0.00858194 -0.00761331)
(0.00296754 -0.00653578 -0.00972654)
(0.00360318 -0.00443758 -0.0111435)
(0.00401983 -0.00246666 -0.0119795)
(0.0040396 -0.000656099 -0.0124179)
(0.0035898 0.00104289 -0.0125828)
(0.00274935 0.00269585 -0.0125143)
(0.00169837 0.00433334 -0.0121976)
(0.000616179 0.00592673 -0.0116055)
(-0.000369952 0.00740984 -0.0107358)
(-0.00116726 0.00871806 -0.00962052)
(-0.00168423 0.00981505 -0.00830416)
(-0.00182256 0.0106966 -0.00680791)
(-0.00152304 0.0113677 -0.00510053)
(-0.000848003 0.0117939 -0.00309952)
(1.14502e-05 0.0118589 -0.000720483)
(0.000854855 0.011393 0.00202368)
(0.00159767 0.0102819 0.0049269)
(0.00228209 0.00858194 0.00761331)
(0.00296754 0.00653578 0.00972654)
(0.00360318 0.00443758 0.0111435)
(0.00401983 0.00246666 0.0119795)
(0.0040396 0.000656099 0.0124179)
(0.0035898 -0.00104289 0.0125828)
(0.00274935 -0.00269585 0.0125143)
(0.00169837 -0.00433334 0.0121976)
(0.000616179 -0.00592673 0.0116055)
(-0.000369952 -0.00740984 0.0107358)
(-0.00116726 -0.00871806 0.00962052)
(-0.00168423 -0.00981505 0.00830416)
(-0.00182256 -0.0106966 0.00680791)
(-0.00152304 -0.0113677 0.00510053)
(-0.000848003 -0.0117939 0.00309952)
(1.14503e-05 -0.0118589 0.000720482)
(0.000854855 -0.011393 -0.00202368)
(0.00159767 -0.0102819 -0.0049269)
(0.000884911 -0.00696892 -0.0035113)
(0.00236548 -0.00637921 -0.0062014)
(0.00327402 -0.00562773 -0.00870451)
(0.00351964 -0.00469031 -0.0108686)
(0.00318732 -0.00355738 -0.0125747)
(0.00246309 -0.00223817 -0.0137748)
(0.00152669 -0.000759082 -0.0144861)
(0.000483044 0.000829349 -0.0147418)
(-0.000620232 0.00244535 -0.0145581)
(-0.00173514 0.00398444 -0.0139537)
(-0.00279166 0.00534143 -0.0129791)
(-0.00371246 0.00643278 -0.0117121)
(-0.00441555 0.00721277 -0.0102175)
(-0.00478695 0.00768134 -0.00850886)
(-0.00467289 0.00788173 -0.0065574)
(-0.00394854 0.00787815 -0.00433883)
(-0.002625 0.00771754 -0.00187106)
(-0.000900581 0.00741418 0.000779272)
(0.000884911 0.00696892 0.0035113)
(0.00236548 0.00637921 0.0062014)
(0.00327402 0.00562773 0.00870451)
(0.00351964 0.00469031 0.0108686)
(0.00318732 0.00355738 0.0125747)
(0.00246309 0.00223817 0.0137748)
(0.00152669 0.000759082 0.0144861)
(0.000483044 -0.000829349 0.0147418)
(-0.000620232 -0.00244535 0.0145581)
(-0.00173514 -0.00398444 0.0139537)
(-0.00279166 -0.00534143 0.0129791)
(-0.00371246 -0.00643278 0.0117121)
(-0.00441555 -0.00721277 0.0102175)
(-0.00478695 -0.00768134 0.00850886)
(-0.00467289 -0.00788173 0.0065574)
(-0.00394854 -0.00787815 0.00433883)
(-0.002625 -0.00771754 0.00187106)
(-0.000900581 -0.00741418 -0.000779273)
(0.0014876 -0.00710076 -0.004468)
(0.00250906 -0.00608868 -0.00675632)
(0.00321655 -0.00494457 -0.00876722)
(0.00352663 -0.00369723 -0.0104107)
(0.00342524 -0.00236698 -0.0116394)
(0.00295933 -0.000964538 -0.0124546)
(0.00221651 0.000502417 -0.012883)
(0.00129805 0.00201331 -0.0129478)
(0.000301297 0.00352035 -0.0126588)
(-0.000682092 0.00495063 -0.0120294)
(-0.00156422 0.0062256 -0.0110954)
(-0.00226252 0.00728327 -0.00990889)
(-0.00269938 0.00808914 -0.00850674)
(-0.00280266 0.00862993 -0.00688466)
(-0.00252196 0.00889651 -0.0050074)
(-0.00185686 0.00887253 -0.00285599)
(-0.000873333 0.00854707 -0.000476535)
(0.00029935 0.00793931 0.00201342)
(0.0014876 0.00710076 0.004468)
(0.00250906 0.00608868 0.00675632)
(0.00321655 0.00494457 0.00876722)
(0.00352663 0.00369723 0.0104107)
(0.00342524 0.00236698 0.0116394)
(0.00295933 0.000964538 0.0124546)
(0.00221651 -0.000502417 0.012883)
(0.00129805 -0.00201331 0.0129478)
(0.000301297 -0.00352035 0.0126588)
(-0.000682092 -0.00495063 0.0120294)
(-0.00156422 -0.0062256 0.0110954)
(-0.00226252 -0.00728327 0.00990889)
(-0.00269938 -0.00808914 0.00850674)
(-0.00280266 -0.00862993 0.00688466)
(-0.00252196 -0.00889651 0.0050074)
(-0.00185686 -0.00887253 0.00285599)
(-0.000873332 -0.00854707 0.000476535)
(0.00029935 -0.00793931 -0.00201342)
(0.00173695 -0.00707984 -0.0061347)
(0.00234418 -0.0054465 -0.0081708)
(0.0029397 -0.00377258 -0.00965892)
(0.00339908 -0.00217813 -0.0106499)
(0.00357963 -0.000687575 -0.0112636)
(0.00339492 0.000728368 -0.0115944)
(0.00285632 0.00211002 -0.0116825)
(0.0020672 0.00347858 -0.0115282)
(0.00117398 0.00481966 -0.0111189)
(0.000313281 0.00608884 -0.0104526)
(-0.000405706 0.00723348 -0.0095462)
(-0.000893227 0.00821404 -0.00842464)
(-0.00107963 0.00900927 -0.00709541)
(-0.00094301 0.00959919 -0.00552957)
(-0.000540214 0.00993386 -0.00366763)
(9.6079e-06 0.00991797 -0.00146362)
(0.000592733 0.00944547 0.0010414)
(0.00116174 0.00847373 0.00366885)
(0.00173695 0.00707984 0.0061347)
(0.00234418 0.0054465 0.0081708)
(0.0029397 0.00377258 0.00965892)
(0.00339908 0.00217813 0.0106499)
(0.00357963 0.000687575 0.0112636)
(0.00339492 -0.000728368 0.0115944)
(0.00285632 -0.00211002 0.0116825)
(0.0020672 -0.00347858 0.0115282)
(0.00117398 -0.00481966 0.0111189)
(0.000313281 -0.00608884 0.0104526)
(-0.000405706 -0.00723348 0.0095462)
(-0.000893227 -0.00821404 0.00842464)
(-0.00107963 -0.00900927 0.00709541)
(-0.00094301 -0.00959919 0.00552957)
(-0.000540214 -0.00993386 0.00366763)
(9.60795e-06 -0.00991797 0.00146362)
(0.000592733 -0.00944547 -0.0010414)
(0.00116174 -0.00847373 -0.00366885)
(0.000171121 -0.00542618 -0.00198931)
(0.00137026 -0.00499916 -0.00458255)
(0.0022641 -0.00446531 -0.00706831)
(0.00273031 -0.0037845 -0.00929316)
(0.00273889 -0.0029284 -0.0111251)
(0.00234611 -0.00190215 -0.0124817)
(0.00165944 -0.000743804 -0.0133423)
(0.000790778 0.000488282 -0.013735)
(-0.000172149 0.0017277 -0.0137059)
(-0.00116031 0.00290701 -0.0133021)
(-0.00210369 0.00396297 -0.0125724)
(-0.00292332 0.00484111 -0.0115654)
(-0.00353336 0.00550158 -0.0103173)
(-0.00384331 0.00592758 -0.00884106)
(-0.00376908 0.00613101 -0.00713109)
(-0.00326279 0.00614654 -0.0051767)
(-0.00234871 0.00601447 -0.00297926)
(-0.00114117 0.00576697 -0.00056795)
(0.000171121 0.00542618 0.0019893)
(0.00137026 0.00499916 0.00458255)
(0.0022641 0.00446531 0.00706831)
(0.00273031 0.0037845 0.00929316)
(0.00273889 0.0029284 0.0111251)
(0.00234611 0.00190215 0.0124817)
(0.00165944 0.000743804 0.0133423)
(0.000790778 -0.000488282 0.013735)
(-0.000172149 -0.0017277 0.0137059)
(-0.00116031 -0.00290701 0.0133021)
(-0.00210369 -0.00396297 0.0125724)
(-0.00292332 -0.00484111 0.0115654)
(-0.00353336 -0.00550158 0.0103173)
(-0.00384331 -0.00592758 0.00884106)
(-0.00376908 -0.00613101 0.00713109)
(-0.00326279 -0.00614654 0.0051767)
(-0.00234871 -0.00601447 0.00297926)
(-0.00114117 -0.00576697 0.00056795)
(0.000947203 -0.00553166 -0.00292996)
(0.00179564 -0.00481833 -0.00508852)
(0.00245671 -0.00401153 -0.00707059)
(0.00284666 -0.00310592 -0.0087814)
(0.00292475 -0.0021004 -0.0101446)
(0.00269272 -0.00100628 -0.0111227)
(0.00219209 0.000153374 -0.0117157)
(0.00149464 0.00134668 -0.011945)
(0.000686916 0.00253429 -0.0118367)
(-0.000142421 0.00366884 -0.0114168)
(-0.000907929 0.00469731 -0.0107146)
(-0.00153032 0.0055691 -0.009762)
(-0.00194088 0.00624506 -0.00858109)
(-0.00208746 0.00669902 -0.0071724)
(-0.00194203 0.00691308 -0.00552211)
(-0.00150805 0.00687867 -0.00362877)
(-0.000824922 0.00660811 -0.00153053)
(3.04899e-05 0.00614127 0.000690263)
(0.000947203 0.00553166 0.00292996)
(0.00179564 0.00481833 0.00508852)
(0.00245671 0.00401153 0.00707059)
(0.00284666 0.00310592 0.0087814)
(0.00292475 0.0021004 0.0101446)
(0.00269272 0.00100628 0.0111227)
(0.00219209 -0.000153374 0.0117157)
(0.00149464 -0.00134668 0.011945)
(0.000686916 -0.00253429 0.0118367)
(-0.000142421 -0.00366884 0.0114168)
(-0.000907929 -0.00469731 0.0107146)
(-0.00153032 -0.0055691 0.009762)
(-0.00194088 -0.00624506 0.00858109)
(-0.00208746 -0.00669902 0.0071724)
(-0.00194203 -0.00691308 0.00552211)
(-0.00150805 -0.00687867 0.00362877)
(-0.000824922 -0.00660811 0.00153053)
(3.04899e-05 -0.00614127 -0.000690263)
(0.00127517 -0.00554331 -0.00458446)
(0.00178588 -0.00433629 -0.00648249)
(0.00228851 -0.00308809 -0.00798559)
(0.00270057 -0.00187042 -0.00909023)
(0.00292713 -0.000701256 -0.00985432)
(0.00289997 0.000431898 -0.0103389)
(0.00260409 0.0015465 -0.0105789)
(0.00208461 0.00264962 -0.0105838)
(0.00143306 0.00373114 -0.0103505)
(0.00075892 0.0047637 -0.00987719)
(0.000163407 0.00570887 -0.00917032)
(-0.000273975 0.00652739 -0.00824048)
(-0.00050334 0.00718558 -0.0070887)
(-0.000513689 0.00764944 -0.00569516)
(-0.000335495 0.00787191 -0.00402715)
(-2.53069e-05 0.00779291 -0.0020728)
(0.000362556 0.00736533 0.000115063)
(0.000798108 0.00659211 0.0023993)
(0.00127517 0.00554331 0.00458446)
(0.00178588 0.00433629 0.00648249)
(0.00228851 0.00308809 0.00798559)
(0.00270057 0.00187042 0.00909023)
(0.00292713 0.000701256 0.00985432)
(0.00289997 -0.000431898 0.0103389)
(0.00260409 -0.0015465 0.0105789)
(0.00208461 -0.00264962 0.0105838)
(0.00143306 -0.00373114 0.0103505)
(0.00075892 -0.0047637 0.00987719)
(0.000163407 -0.00570887 0.00917032)
(-0.000273975 -0.00652739 0.00824048)
(-0.00050334 -0.00718558 0.0070887)
(-0.000513689 -0.00764944 0.00569516)
(-0.000335495 -0.00787191 0.00402715)
(-2.53068e-05 -0.00779291 0.0020728)
(0.000362556 -0.00736533 -0.000115063)
(0.000798108 -0.00659211 -0.0023993)
(-0.000479247 -0.00407153 -0.000647322)
(0.000379955 -0.00371349 -0.00300118)
(0.00112441 -0.00327744 -0.00531352)
(0.00165019 -0.00273584 -0.00744457)
(0.00188407 -0.002066 -0.00926592)
(0.00180026 -0.0012737 -0.0106838)
(0.00142553 -0.000397116 -0.0116541)
(0.000826703 0.000507756 -0.0121839)
(8.75514e-05 0.00138692 -0.0123177)
(-0.000708766 0.00220154 -0.0121145)
(-0.00148213 0.0029303 -0.0116273)
(-0.00215308 0.00355904 -0.0108902)
(-0.00264877 0.00406685 -0.0099179)
(-0.00291204 0.00442752 -0.00871505)
(-0.00290702 0.004625 -0.00728291)
(-0.00262328 0.00466394 -0.00562058)
(-0.00208124 0.00456625 -0.00372935)
(-0.00133677 0.00436027 -0.00162486)
(-0.000479248 0.00407153 0.000647322)
(0.000379955 0.00371349 0.00300118)
(0.00112441 0.00327744 0.00531352)
(0.00165019 0.00273584 0.00744457)
(0.00188407 0.002066 0.00926592)
(0.00180026 0.0012737 0.0106838)
(0.00142553 0.000397116 0.0116541)
(0.000826703 -0.000507756 0.0121839)
(8.75514e-05 -0.00138692 0.0123177)
(-0.000708766 -0.00220154 0.0121145)
(-0.00148213 -0.0029303 0.0116273)
(-0.00215308 -0.00355904 0.0108902)
(-0.00264877 -0.00406685 0.0099179)
(-0.00291204 -0.00442752 0.00871505)
(-0.00290702 -0.004625 0.00728291)
(-0.00262328 -0.00466394 0.00562058)
(-0.00208124 -0.00456625 0.00372935)
(-0.00133677 -0.00436027 0.00162486)
(0.000464409 -0.00410762 -0.00155065)
(0.0011036 -0.00360825 -0.00348268)
(0.00164837 -0.00303699 -0.00531449)
(0.00202784 -0.00238338 -0.00696253)
(0.0021972 -0.00164238 -0.00834603)
(0.00213846 -0.000825055 -0.00940735)
(0.00186122 4.21962e-05 -0.0101234)
(0.00140277 0.000925523 -0.0105011)
(0.000822827 0.00179215 -0.0105652)
(0.000193537 0.00261395 -0.0103455)
(-0.000410152 0.00336443 -0.00986873)
(-0.000918821 0.00401412 -0.00915527)
(-0.00127669 0.00453108 -0.00821723)
(-0.0014469 0.00488631 -0.0070578)
(-0.00141208 0.00505951 -0.00567652)
(-0.00117303 0.00504512 -0.00408219)
(-0.000749112 0.00485819 -0.00230588)
(-0.000181472 0.00453266 -0.000404129)
(0.000464408 0.00410762 0.00155065)
(0.0011036 0.00360825 0.00348268)
(0.00164837 0.00303699 0.00531449)
(0.00202784 0.00238338 0.00696253)
(0.0021972 0.00164238 0.00834603)
(0.00213846 0.000825055 0.00940735)
(0.00186122 -4.21962e-05 0.0101234)
(0.00140277 -0.000925523 0.0105011)
(0.000822827 -0.00179215 0.0105652)
(0.000193537 -0.00261395 0.0103455)
(-0.000410152 -0.00336443 0.00986873)
(-0.000918821 -0.00401412 0.00915526)
(-0.00127669 -0.00453108 0.00821723)
(-0.0014469 -0.00488631 0.0070578)
(-0.00141208 -0.00505951 0.00567652)
(-0.00117303 -0.00504512 0.00408219)
(-0.000749112 -0.00485819 0.00230588)
(-0.000181472 -0.00453266 0.000404129)
(0.00088774 -0.00410133 -0.00310729)
(0.00128449 -0.00326234 -0.0047929)
(0.00166888 -0.00237724 -0.00622126)
(0.00198869 -0.00148937 -0.00735617)
(0.0021885 -0.000615853 -0.0082068)
(0.00222637 0.000243328 -0.00880052)
(0.00208662 0.00109195 -0.00916091)
(0.00178549 0.00192907 -0.00929971)
(0.00136939 0.0027463 -0.0092192)
(0.000905146 0.00352708 -0.00891786)
(0.000464046 0.00424558 -0.00839533)
(0.000105972 0.00486814 -0.00765389)
(-0.000130505 0.00535922 -0.00669396)
(-0.000230137 0.00568524 -0.00550914)
(-0.000196903 0.00581408 -0.00409186)
(-4.69867e-05 0.00571798 -0.00245243)
(0.000198234 0.0053848 -0.000639249)
(0.000516974 0.0048305 0.00125508)
(0.00088774 0.00410133 0.00310729)
(0.00128449 0.00326234 0.0047929)
(0.00166888 0.00237724 0.00622126)
(0.00198869 0.00148937 0.00735617)
(0.0021885 0.000615853 0.0082068)
(0.00222637 -0.000243328 0.00880052)
(0.00208662 -0.00109195 0.00916091)
(0.00178549 -0.00192907 0.00929971)
(0.00136939 -0.0027463 0.0092192)
(0.000905146 -0.00352708 0.00891786)
(0.000464046 -0.00424558 0.00839533)
(0.000105972 -0.00486814 0.00765389)
(-0.000130505 -0.00535922 0.00669396)
(-0.000230137 -0.00568524 0.00550914)
(-0.000196903 -0.00581408 0.00409186)
(-4.69867e-05 -0.00571798 0.00245243)
(0.000198234 -0.0053848 0.000639248)
(0.000516974 -0.0048305 -0.00125508)
(-0.00089795 -0.00290289 0.000345315)
(-0.00038064 -0.00256676 -0.00159186)
(0.000120853 -0.00216101 -0.00353384)
(0.00054349 -0.00168233 -0.00537388)
(0.000826673 -0.00112916 -0.00700373)
(0.000923868 -0.000514149 -0.00833439)
(0.000815476 0.000131951 -0.00931142)
(0.000515481 0.000766822 -0.00992135)
(6.8056e-05 0.00134844 -0.0101886)
(-0.000462833 0.00184976 -0.0101625)
(-0.00100424 0.00227131 -0.00989508)
(-0.00148484 0.00263444 -0.00941745)
(-0.00184917 0.00295096 -0.00873332)
(-0.00206505 0.00320443 -0.00783582)
(-0.00211955 0.00336439 -0.00672407)
(-0.00201299 0.00340996 -0.00540478)
(-0.00175648 0.00333939 -0.00388835)
(-0.0013728 0.00316483 -0.00219123)
(-0.00089795 0.00290289 -0.000345315)
(-0.00038064 0.00256676 0.00159186)
(0.000120853 0.00216101 0.00353384)
(0.00054349 0.00168233 0.00537388)
(0.000826673 0.00112916 0.00700373)
(0.000923868 0.000514149 0.00833439)
(0.000815476 -0.000131951 0.00931142)
(0.000515481 -0.000766822 0.00992135)
(6.8056e-05 -0.00134844 0.0101886)
(-0.000462833 -0.00184976 0.0101625)
(-0.00100424 -0.00227131 0.00989508)
(-0.00148484 -0.00263444 0.00941745)
(-0.00184917 -0.00295096 0.00873332)
(-0.00206505 -0.00320443 0.00783582)
(-0.00211955 -0.00336439 0.00672407)
(-0.00201299 -0.00340996 0.00540478)
(-0.00175648 -0.00333939 0.00388835)
(-0.0013728 -0.00316483 0.00219123)
(0.000123213 -0.00286133 -0.000475875)
(0.000536841 -0.00250282 -0.00206085)
(0.000916648 -0.00208207 -0.00359691)
(0.00121264 -0.00159949 -0.00502027)
(0.00138819 -0.00105854 -0.00626525)
(0.00142263 -0.000472152 -0.00727559)
(0.00131149 0.000137233 -0.00801609)
(0.00106763 0.000742282 -0.00847698)
(0.000721464 0.00131726 -0.00866997)
(0.000318057 0.00184427 -0.00861887)
(-8.95872e-05 0.00231536 -0.00834764)
(-0.000449994 0.0027262 -0.00787116)
(-0.000722397 0.00306545 -0.0071946)
(-0.000880689 0.00331308 -0.00631998)
(-0.000911923 0.00344911 -0.00525294)
(-0.000813599 0.00346315 -0.00400763)
(-0.000593013 0.00335885 -0.00261012)
(-0.000269418 0.00315168 -0.00109932)
(0.000123213 0.00286133 0.000475875)
(0.00053684 0.00250282 0.00206085)
(0.000916648 0.00208207 0.00359691)
(0.00121264 0.00159949 0.00502027)
(0.00138819 0.00105854 0.00626525)
(0.00142263 0.000472152 0.00727559)
(0.00131149 -0.000137233 0.00801609)
(0.00106763 -0.000742282 0.00847698)
(0.000721464 -0.00131726 0.00866997)
(0.000318057 -0.00184427 0.00861887)
(-8.95872e-05 -0.00231536 0.00834764)
(-0.000449994 -0.0027262 0.00787116)
(-0.000722397 -0.00306545 0.0071946)
(-0.000880689 -0.00331308 0.00631998)
(-0.000911923 -0.00344911 0.00525294)
(-0.000813599 -0.00346315 0.00400763)
(-0.000593013 -0.00335885 0.00261012)
(-0.000269418 -0.00315168 0.00109932)
(0.000566377 -0.00280986 -0.00183538)
(0.000829849 -0.0022582 -0.00321123)
(0.0010843 -0.00165936 -0.00443986)
(0.00129875 -0.00104147 -0.00547706)
(0.00144333 -0.000422693 -0.00630442)
(0.00149528 0.00018811 -0.00692215)
(0.00144439 0.000786864 -0.00733796)
(0.00129572 0.00136948 -0.00755899)
(0.00106946 0.0019295 -0.0075887)
(0.000798033 0.00245736 -0.00742695)
(0.000519761 0.00293863 -0.00707169)
(0.000270782 0.00335205 -0.00652199)
(7.91331e-05 0.00367194 -0.00577986)
(-3.68582e-05 0.00387447 -0.00484998)
(-6.77524e-05 0.00394181 -0.00374128)
(-1.23126e-05 0.00386381 -0.00247283)
(0.000122552 0.00363983 -0.00108076)
(0.00032231 0.00328087 0.000379157)
(0.000566377 0.00280986 0.00183538)
(0.000829849 0.0022582 0.00321123)
(0.0010843 0.00165936 0.00443986)
(0.00129875 0.00104147 0.00547706)
(0.00144333 0.000422693 0.00630442)
(0.00149528 -0.00018811 0.00692215)
(0.00144439 -0.000786864 0.00733796)
(0.00129572 -0.00136948 0.00755899)
(0.00106946 -0.0019295 0.0075887)
(0.000798033 -0.00245736 0.00742694)
(0.000519761 -0.00293863 0.00707169)
(0.000270782 -0.00335205 0.00652199)
(7.91331e-05 -0.00367194 0.00577986)
(-3.68582e-05 -0.00387447 0.00484998)
(-6.77523e-05 -0.00394181 0.00374128)
(-1.23126e-05 -0.00386381 0.00247283)
(0.000122552 -0.00363983 0.00108076)
(0.00032231 -0.00328087 -0.000379157)
(-0.000973121 -0.00179254 0.000782539)
(-0.000745704 -0.00150847 -0.000556134)
(-0.000508397 -0.00116408 -0.00191496)
(-0.000287638 -0.000769311 -0.00323163)
(-0.000111475 -0.000337157 -0.00443724)
(-6.58843e-06 0.000114682 -0.00546678)
(6.66467e-06 0.000563206 -0.00627004)
(-7.97281e-05 0.000980075 -0.00682065)
(-0.000256816 0.00133393 -0.00712157)
(-0.000498221 0.00160098 -0.00720228)
(-0.000765036 0.00178217 -0.00710254)
(-0.0010151 0.00190837 -0.00684938)
(-0.00121524 0.00201624 -0.00644573)
(-0.00134818 0.00211591 -0.005881)
(-0.00140816 0.00218812 -0.00514935)
(-0.00139514 0.00220461 -0.00425696)
(-0.00131264 0.00214627 -0.00321836)
(-0.00116794 0.00200765 -0.0020522)
(-0.000973121 0.00179254 -0.000782539)
(-0.000745704 0.00150847 0.000556134)
(-0.000508397 0.00116408 0.00191496)
(-0.000287638 0.000769311 0.00323163)
(-0.000111475 0.000337157 0.00443724)
(-6.58845e-06 -0.000114682 0.00546678)
(6.66465e-06 -0.000563206 0.00627004)
(-7.97281e-05 -0.000980075 0.00682065)
(-0.000256816 -0.00133393 0.00712157)
(-0.000498221 -0.00160098 0.00720228)
(-0.000765036 -0.00178217 0.00710254)
(-0.0010151 -0.00190837 0.00684938)
(-0.00121524 -0.00201624 0.00644573)
(-0.00134818 -0.00211591 0.005881)
(-0.00140816 -0.00218812 0.00514935)
(-0.00139514 -0.00220461 0.00425696)
(-0.00131264 -0.00214627 0.00321836)
(-0.00116794 -0.00200765 0.0020522)
(1.71279e-05 -0.00173237 0.00015259)
(0.000214345 -0.00148913 -0.000950488)
(0.000408013 -0.00119575 -0.00203593)
(0.000573093 -0.000859922 -0.00306152)
(0.000688346 -0.000491367 -0.00398413)
(0.000739169 -0.000103163 -0.0047639)
(0.000718953 0.000287777 -0.00536966)
(0.000629682 0.000661302 -0.0057843)
(0.000482243 0.000997 -0.00600777)
(0.000295928 0.00128094 -0.00605437)
(9.58965e-05 0.00151282 -0.00594269)
(-9.17457e-05 0.00170452 -0.00568387)
(-0.000245063 0.00186632 -0.0052787)
(-0.000348536 0.00199462 -0.00472545)
(-0.000392864 0.00207488 -0.00402825)
(-0.000374242 0.00209255 -0.00319985)
(-0.000293975 0.00204023 -0.00226011)
(-0.000159016 0.0019184 -0.00123434)
(1.71279e-05 0.00173237 -0.00015259)
(0.000214345 0.00148913 0.000950488)
(0.000408013 0.00119575 0.00203593)
(0.000573093 0.000859922 0.00306152)
(0.000688346 0.000491367 0.00398413)
(0.000739169 0.000103163 0.0047639)
(0.000718953 -0.000287777 0.00536966)
(0.000629682 -0.000661302 0.0057843)
(0.000482243 -0.000997 0.00600777)
(0.000295928 -0.00128094 0.00605437)
(9.58965e-05 -0.00151282 0.00594269)
(-9.17457e-05 -0.00170452 0.00568387)
(-0.000245063 -0.00186632 0.0052787)
(-0.000348536 -0.00199462 0.00472545)
(-0.000392864 -0.00207488 0.00402825)
(-0.000374242 -0.00209255 0.00319985)
(-0.000293975 -0.00204023 0.00226011)
(-0.000159016 -0.0019184 0.00123434)
(0.000347093 -0.00166933 -0.000868062)
(0.000467822 -0.00134146 -0.0018231)
(0.000587848 -0.000976433 -0.00270897)
(0.000693574 -0.000590595 -0.00349124)
(0.000772091 -0.000198131 -0.00414576)
(0.000812866 0.000190139 -0.00465903)
(0.000809739 0.000566192 -0.00502582)
(0.000762384 0.00092317 -0.00524603)
(0.000676704 0.00125442 -0.00532196)
(0.000563949 0.00155391 -0.00525583)
(0.000438655 0.00181647 -0.00504815)
(0.000316187 0.00203607 -0.00469873)
(0.000211146 0.0022034 -0.0042101)
(0.00013618 0.00230669 -0.00358965)
(0.000100257 0.00233553 -0.00284969)
(0.000107272 0.0022841 -0.00200753)
(0.000155657 0.00215202 -0.00108617)
(0.000238956 0.00194398 -0.000115417)
(0.000347093 0.00166933 0.000868062)
(0.000467822 0.00134146 0.0018231)
(0.000587848 0.000976433 0.00270897)
(0.000693574 0.000590595 0.00349124)
(0.000772091 0.000198131 0.00414576)
(0.000812866 -0.000190139 0.00465903)
(0.000809739 -0.000566192 0.00502582)
(0.000762383 -0.00092317 0.00524603)
(0.000676704 -0.00125442 0.00532196)
(0.000563949 -0.00155391 0.00525583)
(0.000438655 -0.00181647 0.00504815)
(0.000316187 -0.00203607 0.00469873)
(0.000211146 -0.0022034 0.0042101)
(0.00013618 -0.00230669 0.00358965)
(0.000100257 -0.00233553 0.00284969)
(0.000107273 -0.0022841 0.00200753)
(0.000155657 -0.00215202 0.00108617)
(0.000238956 -0.00194398 0.000115417)
(-0.000712936 -0.000711343 0.000590436)
(-0.000685396 -0.000552634 -6.04986e-05)
(-0.000656232 -0.000361765 -0.000722388)
(-0.000629612 -0.000145371 -0.00136959)
(-0.000609806 8.91693e-05 -0.00197267)
(-0.000600129 0.000332321 -0.00250143)
(-0.000602417 0.000569308 -0.00293046)
(-0.000616801 0.000779488 -0.00324537)
(-0.000641413 0.000941857 -0.00344543)
(-0.000672298 0.00104385 -0.00354008)
(-0.000704145 0.00108684 -0.00354141)
(-0.000731864 0.00108512 -0.00345764)
(-0.000752047 0.00105982 -0.00329117)
(-0.000763552 0.00102937 -0.00304028)
(-0.000766925 0.00100084 -0.00270255)
(-0.000763134 0.000967839 -0.00227917)
(-0.000752734 0.00091621 -0.00177721)
(-0.00073587 0.000832816 -0.00120906)
(-0.000712936 0.000711343 -0.000590436)
(-0.000685396 0.000552634 6.04983e-05)
(-0.000656232 0.000361765 0.000722388)
(-0.000629612 0.000145371 0.00136959)
(-0.000609806 -8.91693e-05 0.00197267)
(-0.000600129 -0.000332321 0.00250143)
(-0.000602417 -0.000569308 0.00293046)
(-0.000616801 -0.000779488 0.00324537)
(-0.000641413 -0.000941857 0.00344543)
(-0.000672298 -0.00104385 0.00354008)
(-0.000704145 -0.00108684 0.00354141)
(-0.000731864 -0.00108512 0.00345764)
(-0.000752047 -0.00105982 0.00329117)
(-0.000763552 -0.00102937 0.00304028)
(-0.000766925 -0.00100084 0.00270255)
(-0.000763134 -0.000967839 0.00227917)
(-0.000752734 -0.00091621 0.00177721)
(-0.000735869 -0.000832816 0.00120906)
(0.000160317 -0.00074716 0.000237594)
(0.00018941 -0.000620395 -0.000303815)
(0.000222623 -0.000467185 -0.000840425)
(0.000255337 -0.000292555 -0.00135186)
(0.000283089 -0.000102416 -0.0018172)
(0.000302369 9.56229e-05 -0.00221695)
(0.000310936 0.000291031 -0.0025358)
(0.000308002 0.000470643 -0.00276549)
(0.000294324 0.000621905 -0.00290555)
(0.000272066 0.000737482 -0.00296097)
(0.000244205 0.000817963 -0.00293779)
(0.000213859 0.000870814 -0.00283975)
(0.000184112 0.00090606 -0.00266767)
(0.000158075 0.000930379 -0.00242098)
(0.000138643 0.000943291 -0.00210041)
(0.000128146 0.000938148 -0.00171065)
(0.000128136 0.000906668 -0.00126111)
(0.000139121 0.000843365 -0.000764944)
(0.000160317 0.00074716 -0.000237594)
(0.00018941 0.000620395 0.000303815)
(0.000222623 0.000467185 0.000840425)
(0.000255337 0.000292555 0.00135186)
(0.000283089 0.000102416 0.0018172)
(0.000302369 -9.56229e-05 0.00221694)
(0.000310936 -0.000291031 0.0025358)
(0.000308002 -0.000470643 0.00276549)
(0.000294324 -0.000621905 0.00290555)
(0.000272066 -0.000737481 0.00296097)
(0.000244205 -0.000817963 0.00293779)
(0.000213859 -0.000870814 0.00283975)
(0.000184112 -0.00090606 0.00266767)
(0.000158075 -0.000930379 0.00242098)
(0.000138643 -0.000943291 0.00210041)
(0.000128146 -0.000938148 0.00171065)
(0.000128136 -0.000906668 0.00126111)
(0.000139121 -0.000843365 0.000764943)
(0.000259365 -0.000780337 -0.000282624)
(0.000268407 -0.000635557 -0.000741414)
(0.000280323 -0.000471041 -0.0011779)
(0.000293844 -0.000292053 -0.00157669)
(0.000307458 -0.000103785 -0.00192372)
(0.000319543 8.80202e-05 -0.00220739)
(0.000328613 0.000276475 -0.00241973)
(0.000333635 0.000453886 -0.00255672)
(0.000334172 0.000613158 -0.00261749)
(0.000330244 0.000749462 -0.00260269)
(0.000322047 0.000861027 -0.0025133)
(0.000309994 0.000948488 -0.00235105)
(0.000295279 0.00101282 -0.00211957)
(0.000280116 0.00105289 -0.00182441)
(0.000267 0.00106491 -0.00147284)
(0.000257829 0.00104449 -0.00107418)
(0.000253522 0.000989221 -0.000639844)
(0.00025417 0.000899942 -0.000182838)
(0.000259365 0.000780337 0.000282624)
(0.000268407 0.000635557 0.000741414)
(0.000280323 0.000471041 0.0011779)
(0.000293844 0.000292053 0.00157669)
(0.000307458 0.000103785 0.00192372)
(0.000319543 -8.80202e-05 0.00220739)
(0.000328613 -0.000276475 0.00241973)
(0.000333635 -0.000453886 0.00255672)
(0.000334172 -0.000613158 0.00261749)
(0.000330244 -0.000749462 0.00260269)
(0.000322047 -0.000861027 0.0025133)
(0.000309994 -0.000948488 0.00235105)
(0.000295279 -0.00101282 0.00211957)
(0.000280116 -0.00105289 0.00182441)
(0.000267 -0.00106491 0.00147283)
(0.000257829 -0.00104449 0.00107418)
(0.000253522 -0.000989221 0.000639843)
(0.00025417 -0.000899942 0.000182838)
)
;

boundaryField
{
    fixed
    {
        type            calculated;
        value           uniform (0 0 0);
    }
    inside
    {
        type            calculated;
        value           nonuniform List<vector> 
540
(
(-0.000340931 -0.00125305 -0.0021007)
(-0.00034032 -0.00117036 -0.00218476)
(-0.000300311 -0.000956679 -0.00233441)
(-0.000278711 -0.00051086 -0.00248038)
(-0.000338833 0.000134442 -0.00254108)
(-0.000490017 0.000874656 -0.00246682)
(-0.000694774 0.00160638 -0.00224376)
(-0.000904529 0.00225558 -0.00188104)
(-0.00108308 0.00277499 -0.00140156)
(-0.00120827 0.00313712 -0.000839912)
(-0.00126336 0.00333145 -0.000239444)
(-0.00123165 0.00336112 0.000354467)
(-0.00110187 0.0032362 0.000900364)
(-0.000885266 0.00296786 0.0013619)
(-0.000633084 0.00257365 0.00170875)
(-0.000426575 0.00210448 0.00192713)
(-0.000324229 0.00166876 0.00203483)
(-0.000316257 0.001381 0.00207386)
(-0.000340931 0.00125305 0.0021007)
(-0.00034032 0.00117035 0.00218476)
(-0.000300311 0.000956676 0.00233441)
(-0.000278711 0.000510861 0.00248038)
(-0.000338833 -0.000134441 0.00254109)
(-0.000490018 -0.000874656 0.00246683)
(-0.000694774 -0.00160638 0.00224376)
(-0.000904528 -0.00225558 0.00188103)
(-0.00108308 -0.00277499 0.00140156)
(-0.00120827 -0.00313712 0.000839913)
(-0.00126336 -0.00333145 0.000239443)
(-0.00123165 -0.00336112 -0.000354469)
(-0.00110187 -0.0032362 -0.000900363)
(-0.000885265 -0.00296786 -0.00136189)
(-0.000633085 -0.00257364 -0.00170875)
(-0.000426576 -0.00210448 -0.00192713)
(-0.000324229 -0.00166876 -0.00203483)
(-0.000316257 -0.00138099 -0.00207387)
(-8.372e-05 -0.00385054 -0.00527003)
(0.000198997 -0.00359239 -0.00588875)
(0.000481171 -0.00290438 -0.00652498)
(0.000540756 -0.00166151 -0.00692159)
(0.000274347 -1.58659e-05 -0.00693351)
(-0.000239556 0.00176254 -0.00656338)
(-0.000846734 0.0034478 -0.00588286)
(-0.00142743 0.00490346 -0.00495452)
(-0.00192356 0.00605091 -0.0038269)
(-0.00231044 0.00684549 -0.00256398)
(-0.00256388 0.00727836 -0.00125256)
(-0.00264295 0.00737744 1.83754e-05)
(-0.00249361 0.00719191 0.00118546)
(-0.00208336 0.00676447 0.00222268)
(-0.00147123 0.00611965 0.00311984)
(-0.000857546 0.00531806 0.00384687)
(-0.000467618 0.00455062 0.00438585)
(-0.000286657 0.00406737 0.0048198)
(-8.37206e-05 0.00385054 0.00527003)
(0.000198996 0.00359238 0.00588875)
(0.00048117 0.00290438 0.00652498)
(0.000540755 0.00166151 0.00692159)
(0.000274345 1.58641e-05 0.00693351)
(-0.000239557 -0.00176254 0.00656339)
(-0.000846733 -0.0034478 0.00588286)
(-0.00142743 -0.00490346 0.00495452)
(-0.00192356 -0.00605091 0.0038269)
(-0.00231044 -0.0068455 0.00256398)
(-0.00256388 -0.00727837 0.00125256)
(-0.00264295 -0.00737744 -1.83788e-05)
(-0.00249361 -0.00719191 -0.00118546)
(-0.00208336 -0.00676447 -0.00222268)
(-0.00147123 -0.00611965 -0.00311984)
(-0.000857545 -0.00531806 -0.00384687)
(-0.000467617 -0.00455062 -0.00438585)
(-0.000286657 -0.00406737 -0.0048198)
(0.00119858 -0.00627122 -0.00738361)
(0.00164758 -0.00568015 -0.00855154)
(0.00202569 -0.00450147 -0.00950878)
(0.0020214 -0.002631 -0.00998992)
(0.00151115 -0.000284422 -0.00991584)
(0.000656074 0.00217476 -0.00938918)
(-0.000284245 0.00447255 -0.00852931)
(-0.00114944 0.00646848 -0.00738104)
(-0.00189464 0.00807927 -0.00596798)
(-0.00251441 0.00924886 -0.00435857)
(-0.00298602 0.00996481 -0.00266417)
(-0.00324143 0.0102634 -0.000998514)
(-0.00316112 0.0102061 0.00056449)
(-0.00261459 0.0098352 0.0020102)
(-0.00159443 0.00915357 0.00334683)
(-0.00039209 0.00821565 0.00452591)
(0.000499706 0.00726174 0.00547605)
(0.000875067 0.00661051 0.00633173)
(0.00119858 0.00627122 0.00738361)
(0.00164759 0.00568015 0.00855154)
(0.00202569 0.00450146 0.00950878)
(0.0020214 0.002631 0.00998992)
(0.00151115 0.000284423 0.00991584)
(0.000656073 -0.00217476 0.00938918)
(-0.000284247 -0.00447255 0.00852932)
(-0.00114944 -0.00646849 0.00738104)
(-0.00189464 -0.00807928 0.00596798)
(-0.00251441 -0.00924887 0.00435857)
(-0.00298602 -0.00996482 0.00266416)
(-0.00324143 -0.0102634 0.000998504)
(-0.00316112 -0.0102061 -0.000564503)
(-0.00261459 -0.00983521 -0.00201022)
(-0.00159443 -0.00915357 -0.00334684)
(-0.00039209 -0.00821566 -0.00452591)
(0.000499706 -0.00726174 -0.00547605)
(0.000875067 -0.00661051 -0.00633173)
(0.0025653 -0.00835058 -0.00904503)
(0.00299335 -0.00713673 -0.0105783)
(0.00341024 -0.00538136 -0.0115707)
(0.0033782 -0.00305137 -0.0119196)
(0.00268598 -0.000353688 -0.0117407)
(0.00154182 0.00239156 -0.0112149)
(0.000315212 0.00496135 -0.0104213)
(-0.000783267 0.0072461 -0.00932704)
(-0.00171774 0.00916175 -0.00791311)
(-0.0025028 0.0106403 -0.0062428)
(-0.00312379 0.0116592 -0.00443393)
(-0.003497 0.012247 -0.00260555)
(-0.00344714 0.0124605 -0.00083383)
(-0.00274248 0.0123324 0.000873591)
(-0.00130532 0.0118397 0.00254523)
(0.000441476 0.0110175 0.00416525)
(0.00174865 0.0100782 0.00572072)
(0.00231462 0.00922131 0.00731373)
(0.0025653 0.00835058 0.00904503)
(0.00299335 0.00713673 0.0105783)
(0.00341024 0.00538136 0.0115707)
(0.0033782 0.00305137 0.0119196)
(0.00268598 0.000353688 0.0117407)
(0.00154182 -0.00239157 0.0112149)
(0.000315214 -0.00496135 0.0104212)
(-0.000783264 -0.0072461 0.00932704)
(-0.00171774 -0.00916176 0.00791311)
(-0.0025028 -0.0106403 0.0062428)
(-0.00312379 -0.0116592 0.00443393)
(-0.003497 -0.0122471 0.00260554)
(-0.00344714 -0.0124605 0.000833823)
(-0.00274248 -0.0123324 -0.000873597)
(-0.00130532 -0.0118397 -0.00254524)
(0.000441474 -0.0110175 -0.00416525)
(0.00174865 -0.0100782 -0.00572072)
(0.00231462 -0.00922131 -0.00731373)
(0.00349437 -0.00991725 -0.0102622)
(0.00393061 -0.00791891 -0.0119678)
(0.00434529 -0.00558913 -0.0128372)
(0.00430987 -0.00299796 -0.0130229)
(0.00354443 -0.000258834 -0.0127978)
(0.00223716 0.00245708 -0.0123531)
(0.000818098 0.00503033 -0.0117073)
(-0.000449204 0.00738702 -0.0107674)
(-0.00151667 0.00944149 -0.00948249)
(-0.00240406 0.0111151 -0.00790329)
(-0.00310295 0.012372 -0.00613985)
(-0.00352808 0.013228 -0.00430622)
(-0.00348143 0.0137371 -0.00247886)
(-0.00267875 0.0139485 -0.00065864)
(-0.00102005 0.0138462 0.00122626)
(0.000959132 0.013394 0.00324846)
(0.00241684 0.0126129 0.00548737)
(0.00312332 0.0114849 0.00793485)
(0.00349437 0.00991725 0.0102622)
(0.00393061 0.00791891 0.0119678)
(0.00434529 0.00558913 0.0128372)
(0.00430987 0.00299797 0.0130229)
(0.00354443 0.000258847 0.0127978)
(0.00223716 -0.00245706 0.0123531)
(0.0008181 -0.00503031 0.0117073)
(-0.000449202 -0.007387 0.0107674)
(-0.00151667 -0.00944148 0.00948249)
(-0.00240406 -0.011115 0.00790329)
(-0.00310295 -0.012372 0.00613985)
(-0.00352808 -0.013228 0.00430623)
(-0.00348143 -0.0137371 0.00247887)
(-0.00267875 -0.0139485 0.000658651)
(-0.00102004 -0.0138462 -0.00122625)
(0.000959135 -0.013394 -0.00324845)
(0.00241684 -0.0126129 -0.00548737)
(0.00312332 -0.0114849 -0.00793485)
(0.00380827 -0.0106631 -0.0106818)
(0.00427217 -0.00809851 -0.0125526)
(0.00473477 -0.005375 -0.0134144)
(0.00480433 -0.00269137 -0.0135599)
(0.00415476 -8.64674e-05 -0.0133482)
(0.00288619 0.00242341 -0.0129714)
(0.0014149 0.00482658 -0.0124332)
(5.6224e-05 0.00708762 -0.0116317)
(-0.00109948 0.00912657 -0.0105009)
(-0.00205485 0.0108597 -0.00907119)
(-0.00279733 0.0122397 -0.00743299)
(-0.00324106 0.0132682 -0.00568519)
(-0.00318754 0.0139936 -0.00389418)
(-0.00236361 0.0144804 -0.00204783)
(-0.000721068 0.0147312 -3.88355e-05)
(0.00118721 0.0146364 0.00227219)
(0.00261889 0.0140212 0.00498503)
(0.0033786 0.0127123 0.00796274)
(0.00380827 0.0106631 0.0106818)
(0.00427216 0.00809851 0.0125526)
(0.00473477 0.005375 0.0134144)
(0.00480433 0.00269137 0.0135599)
(0.00415477 8.64816e-05 0.0133482)
(0.0028862 -0.00242337 0.0129713)
(0.00141491 -0.00482651 0.0124332)
(5.62333e-05 -0.00708752 0.0116317)
(-0.00109946 -0.00912646 0.0105009)
(-0.00205483 -0.0108596 0.00907121)
(-0.00279731 -0.0122396 0.00743302)
(-0.00324105 -0.0132681 0.00568523)
(-0.00318753 -0.0139936 0.00389421)
(-0.00236361 -0.0144804 0.00204785)
(-0.000721063 -0.0147312 3.88512e-05)
(0.00118722 -0.0146364 -0.00227218)
(0.00261889 -0.0140212 -0.00498502)
(0.00337859 -0.0127123 -0.00796274)
(0.00357092 -0.0105557 -0.0104081)
(0.00406611 -0.00776451 -0.0123944)
(0.0046227 -0.00492132 -0.0133425)
(0.00488897 -0.00229409 -0.0135672)
(0.00451542 0.000102221 -0.0134309)
(0.00348383 0.00233963 -0.0131212)
(0.0021186 0.00448533 -0.0126572)
(0.000760018 0.00654545 -0.0119652)
(-0.00043681 0.00845617 -0.0109834)
(-0.00143355 0.010136 -0.00972296)
(-0.00219941 0.0115307 -0.00824922)
(-0.00264298 0.0126314 -0.00663756)
(-0.00257992 0.0134761 -0.00493293)
(-0.00180109 0.0141247 -0.00310795)
(-0.000351503 0.014578 -0.00104928)
(0.00126738 0.0146875 0.0013961)
(0.00248265 0.0141823 0.00431726)
(0.00315277 0.0128105 0.00751524)
(0.00357092 0.0105557 0.0104081)
(0.00406611 0.00776452 0.0123944)
(0.0046227 0.00492132 0.0133425)
(0.00488897 0.00229408 0.0135672)
(0.00451542 -0.000102234 0.0134309)
(0.00348383 -0.00233963 0.0131212)
(0.0021186 -0.00448531 0.0126572)
(0.000760024 -0.00654539 0.0119652)
(-0.000436797 -0.00845611 0.0109834)
(-0.00143353 -0.010136 0.00972297)
(-0.0021994 -0.0115307 0.00824924)
(-0.00264298 -0.0126314 0.00663757)
(-0.00257993 -0.0134761 0.00493293)
(-0.00180109 -0.0141247 0.00310796)
(-0.000351505 -0.014578 0.00104929)
(0.00126738 -0.0146875 -0.00139609)
(0.00248266 -0.0141823 -0.00431726)
(0.00315277 -0.0128105 -0.00751524)
(0.00302831 -0.00975972 -0.0096004)
(0.00352029 -0.00705418 -0.0116265)
(0.00414255 -0.00434774 -0.0126835)
(0.00459973 -0.00190985 -0.0130434)
(0.00455216 0.000241178 -0.0130317)
(0.00387974 0.00219819 -0.0128242)
(0.0027658 0.00406045 -0.0124531)
(0.0015168 0.00586766 -0.0118769)
(0.000345798 0.00758211 -0.0110505)
(-0.000650942 0.00913372 -0.00997343)
(-0.00141176 0.0104677 -0.0086869)
(-0.00183928 0.011568 -0.00724043)
(-0.00178116 0.0124593 -0.00565506)
(-0.00111819 0.0131781 -0.00389221)
(3.09409e-05 0.0136983 -0.00184681)
(0.001257 0.0138515 0.000616809)
(0.00216063 0.013358 0.00355098)
(0.00266786 0.0119847 0.00672813)
(0.00302831 0.00975972 0.00960039)
(0.00352029 0.00705418 0.0116265)
(0.00414255 0.00434773 0.0126835)
(0.00459973 0.00190984 0.0130434)
(0.00455215 -0.0002412 0.0130317)
(0.00387973 -0.00219823 0.0128242)
(0.00276578 -0.00406052 0.0124531)
(0.00151678 -0.00586776 0.0118769)
(0.000345771 -0.00758223 0.0110505)
(-0.000650969 -0.00913384 0.00997341)
(-0.00141178 -0.0104678 0.00868687)
(-0.00183929 -0.0115681 0.00724041)
(-0.00178117 -0.0124593 0.00565505)
(-0.00111819 -0.0131781 0.00389221)
(3.0939e-05 -0.0136983 0.00184681)
(0.001257 -0.0138515 -0.000616809)
(0.00216062 -0.0133581 -0.00355098)
(0.00266786 -0.0119847 -0.00672814)
(0.0024106 -0.0085222 -0.00840747)
(0.00286166 -0.0061313 -0.0104)
(0.00347417 -0.00375244 -0.0115515)
(0.00402763 -0.00161176 -0.0120627)
(0.00423477 0.000265164 -0.0122039)
(0.00392869 0.00195385 -0.0121356)
(0.00315903 0.00354492 -0.0118971)
(0.00213718 0.00508946 -0.0114657)
(0.00108536 0.00657632 -0.0108116)
(0.000151668 0.00795576 -0.00992947)
(-0.000566139 0.00917915 -0.00884131)
(-0.000969475 0.0102246 -0.00757372)
(-0.000951684 0.0110979 -0.00612885)
(-0.000473711 0.0118031 -0.00446314)
(0.000325338 0.0122828 -0.00248556)
(0.00115169 0.0123719 -9.56827e-05)
(0.0017557 0.0118407 0.00270853)
(0.00211186 0.0105336 0.00569614)
(0.00241059 0.0085222 0.00840747)
(0.00286166 0.0061313 0.0104)
(0.00347417 0.00375244 0.0115515)
(0.00402764 0.00161176 0.0120628)
(0.00423477 -0.000265155 0.0122039)
(0.00392869 -0.00195384 0.0121356)
(0.00315903 -0.00354492 0.0118971)
(0.00213719 -0.00508944 0.0114658)
(0.00108537 -0.0065763 0.0108116)
(0.000151672 -0.00795572 0.00992948)
(-0.000566121 -0.00917909 0.00884133)
(-0.000969451 -0.0102245 0.00757375)
(-0.000951668 -0.0110978 0.00612888)
(-0.000473701 -0.0118031 0.00446316)
(0.000325346 -0.0122828 0.00248557)
(0.0011517 -0.0123718 9.56894e-05)
(0.0017557 -0.0118407 -0.00270853)
(0.00211186 -0.0105336 -0.00569614)
(0.00186723 -0.00706068 -0.00696364)
(0.00226163 -0.00512074 -0.00886525)
(0.00279359 -0.00318251 -0.0100898)
(0.00332099 -0.00141174 -0.0107547)
(0.00363959 0.000162788 -0.01106)
(0.00359745 0.00158854 -0.0111461)
(0.00316716 0.0029287 -0.0110607)
(0.00245085 0.00422487 -0.0107937)
(0.00161714 0.0054799 -0.0103227)
(0.000824441 0.0066649 -0.00963783)
(0.000193077 0.00774154 -0.0087462)
(-0.000183581 0.00868192 -0.00765754)
(-0.000241285 0.00947077 -0.00636344)
(1.48545e-05 0.0100831 -0.00482276)
(0.000474357 0.0104476 -0.00296594)
(0.000960602 0.0104305 -0.000737087)
(0.00133848 0.00988112 0.00182281)
(0.00160211 0.00872811 0.00450576)
(0.00186724 0.00706067 0.00696363)
(0.00226164 0.00512074 0.00886524)
(0.00279359 0.00318251 0.0100898)
(0.00332098 0.00141174 0.0107547)
(0.00363959 -0.000162788 0.01106)
(0.00359745 -0.00158853 0.0111461)
(0.00316717 -0.00292868 0.0110606)
(0.00245087 -0.00422481 0.0107937)
(0.00161717 -0.0054798 0.0103227)
(0.000824474 -0.00666477 0.00963785)
(0.000193099 -0.00774146 0.00874623)
(-0.000183576 -0.00868191 0.00765756)
(-0.000241297 -0.0094708 0.00636343)
(1.48475e-05 -0.0100831 0.00482275)
(0.000474355 -0.0104476 0.00296594)
(0.000960601 -0.0104305 0.000737081)
(0.00133848 -0.00988112 -0.00182282)
(0.00160212 -0.00872811 -0.00450576)
(0.00144632 -0.00554398 -0.00540991)
(0.00178275 -0.0040929 -0.00716786)
(0.0021991 -0.00262386 -0.00842695)
(0.00261538 -0.00124737 -0.00922716)
(0.00291179 7.17721e-06 -0.00969056)
(0.00298649 0.00116257 -0.00992625)
(0.00279651 0.00225584 -0.00998698)
(0.00237284 0.00331341 -0.00987695)
(0.00180768 0.00434 -0.00957922)
(0.00121915 0.00531879 -0.00907847)
(0.000715499 0.00621936 -0.00836919)
(0.000375671 0.00700883 -0.00745019)
(0.000239491 0.00765586 -0.00631116)
(0.000296941 0.00812173 -0.00492246)
(0.000488889 0.00834462 -0.00324413)
(0.000733548 0.00824003 -0.00126204)
(0.000970281 0.00773301 0.000962211)
(0.00119276 0.00680868 0.00326542)
(0.00144632 0.00554399 0.0054099)
(0.00178275 0.0040929 0.00716787)
(0.0021991 0.00262385 0.00842696)
(0.00261538 0.00124737 0.00922716)
(0.00291179 -7.17052e-06 0.00969056)
(0.00298649 -0.00116257 0.00992624)
(0.00279651 -0.00225586 0.00998698)
(0.00237282 -0.00331346 0.00987693)
(0.00180766 -0.00434005 0.0095792)
(0.00121915 -0.00531883 0.00907846)
(0.00071551 -0.00621939 0.00836919)
(0.000375681 -0.00700884 0.0074502)
(0.0002395 -0.00765583 0.0063112)
(0.000296938 -0.0081217 0.0049225)
(0.000488893 -0.00834461 0.00324415)
(0.000733559 -0.00824004 0.00126205)
(0.000970287 -0.00773301 -0.000962218)
(0.00119276 -0.00680866 -0.00326543)
(0.00110753 -0.00409577 -0.00388648)
(0.00137792 -0.00308916 -0.00543774)
(0.00167602 -0.0020473 -0.00665728)
(0.00195994 -0.00104038 -0.00753228)
(0.00217038 -9.77752e-05 -0.00811486)
(0.00225449 0.000784788 -0.00847326)
(0.00218449 0.00162557 -0.00865378)
(0.00196612 0.00244006 -0.00867074)
(0.00163843 0.00323207 -0.00851562)
(0.00126412 0.00399064 -0.00817166)
(0.000910999 0.00469048 -0.00762502)
(0.000633212 0.00529637 -0.00686846)
(0.000460352 0.00577159 -0.00589593)
(0.000397219 0.00608025 -0.00469672)
(0.000429515 0.00618446 -0.00326153)
(0.000533576 0.00604613 -0.00160341)
(0.000687177 0.00564036 0.000219859)
(0.000878339 0.00497399 0.0020986)
(0.00110753 0.00409578 0.0038865)
(0.00137791 0.00308918 0.00543775)
(0.00167601 0.0020473 0.00665728)
(0.00195994 0.00104037 0.00753227)
(0.00217039 9.7746e-05 0.00811486)
(0.00225449 -0.000784818 0.00847327)
(0.00218448 -0.00162558 0.00865378)
(0.00196611 -0.00244006 0.00867073)
(0.00163843 -0.00323207 0.00851561)
(0.00126412 -0.00399066 0.00817166)
(0.00091098 -0.00469053 0.00762498)
(0.000633185 -0.00529639 0.00686841)
(0.000460319 -0.00577164 0.00589589)
(0.000397165 -0.00608035 0.00469668)
(0.000429447 -0.00618457 0.00326147)
(0.000533532 -0.00604619 0.00160335)
(0.00068717 -0.00564038 -0.000219883)
(0.000878349 -0.00497399 -0.00209859)
(0.000796689 -0.00278426 -0.00251848)
(0.000980837 -0.00213819 -0.00377784)
(0.00116795 -0.00145173 -0.00484327)
(0.001337 -0.00076623 -0.00568142)
(0.00146216 -0.000107239 -0.00629694)
(0.00152031 0.000517814 -0.00671677)
(0.00149877 0.00111331 -0.00696877)
(0.00139892 0.00168645 -0.00706793)
(0.00123581 0.00224019 -0.00701362)
(0.00103495 0.00276864 -0.00679388)
(0.000826332 0.00325359 -0.0063945)
(0.000637646 0.00366586 -0.00580706)
(0.000490259 0.00397362 -0.00503179)
(0.000398549 0.00415198 -0.00407483)
(0.000369937 0.00418412 -0.00294731)
(0.000404527 0.00405999 -0.00167182)
(0.000495363 0.00377683 -0.000290048)
(0.000630534 0.00334347 0.00113395)
(0.000796678 0.00278423 0.00251846)
(0.000980826 0.00213818 0.00377782)
(0.00116795 0.00145174 0.00484327)
(0.001337 0.000766256 0.00568143)
(0.00146216 0.00010726 0.00629696)
(0.00152031 -0.000517816 0.00671679)
(0.00149876 -0.00111334 0.00696878)
(0.0013989 -0.00168649 0.00706795)
(0.0012358 -0.00224024 0.00701361)
(0.00103495 -0.00276871 0.00679382)
(0.00082633 -0.00325369 0.00639448)
(0.000637636 -0.00366591 0.00580709)
(0.000490241 -0.00397361 0.00503179)
(0.000398545 -0.00415194 0.00407483)
(0.000369947 -0.00418406 0.00294733)
(0.000404538 -0.00405998 0.00167186)
(0.000495371 -0.00377682 0.000290088)
(0.000630543 -0.00334348 -0.00113393)
(0.000521847 -0.00164427 -0.00138529)
(0.000603457 -0.00127655 -0.0022538)
(0.000685302 -0.000878384 -0.00302799)
(0.000759289 -0.000469563 -0.00367906)
(0.000816739 -6.58076e-05 -0.004193)
(0.000849542 0.000323324 -0.00456929)
(0.000852297 0.000693915 -0.00481486)
(0.000824006 0.00104517 -0.00493708)
(0.000768357 0.00137745 -0.00493824)
(0.000692666 0.00168844 -0.0048141)
(0.000606049 0.00196967 -0.0045563)
(0.000518578 0.00220457 -0.00416068)
(0.000441065 0.00237448 -0.00363141)
(0.000383839 0.00246449 -0.00298002)
(0.000354919 0.00246759 -0.00222245)
(0.000357858 0.00238225 -0.00137823)
(0.000390964 0.00221123 -0.000472473)
(0.000448289 0.00196134 0.000462073)
(0.000521843 0.00164422 0.00138528)
(0.000603455 0.00127656 0.00225381)
(0.000685301 0.000878393 0.00302799)
(0.000759284 0.000469566 0.00367909)
(0.000816727 6.5854e-05 0.00419308)
(0.000849533 -0.000323244 0.00456933)
(0.000852303 -0.000693818 0.00481494)
(0.000824025 -0.00104501 0.00493719)
(0.000768368 -0.00137731 0.00493822)
(0.000692671 -0.00168842 0.00481409)
(0.000606067 -0.0019696 0.00455626)
(0.000518576 -0.0022045 0.00416063)
(0.000441064 -0.00237443 0.00363139)
(0.000383835 -0.00246448 0.00297995)
(0.000354932 -0.00246772 0.00222241)
(0.000357873 -0.00238231 0.00137824)
(0.000390961 -0.00221128 0.000472436)
(0.000448279 -0.0019614 -0.000462127)
(0.000320687 -0.000786553 -0.00055491)
(0.000323147 -0.000635636 -0.000963339)
(0.000326958 -0.000466569 -0.00133939)
(0.000332163 -0.000286743 -0.0016713)
(0.000338463 -0.000101577 -0.00194971)
(0.000345233 8.20683e-05 -0.00217025)
(0.000351813 0.000259833 -0.00232866)
(0.000357382 0.000429971 -0.00242162)
(0.000360907 0.000591251 -0.00244514)
(0.000361261 0.00074196 -0.00239513)
(0.00035818 0.000877344 -0.0022708)
(0.000352408 0.000990525 -0.00207554)
(0.000345463 0.0010716 -0.00181372)
(0.000338102 0.00111468 -0.00149421)
(0.000331015 0.00111808 -0.00112847)
(0.000325172 0.00108335 -0.000728041)
(0.000321469 0.00101456 -0.000305357)
(0.000320064 0.00091412 0.000126995)
(0.000320721 0.000786527 0.000554888)
(0.000323179 0.000635587 0.000963345)
(0.000326981 0.000466475 0.00133944)
(0.000332197 0.000286855 0.00167139)
(0.000338503 0.00010148 0.00194955)
(0.000345257 -8.21718e-05 0.0021704)
(0.00035186 -0.000259772 0.00232862)
(0.000357387 -0.000430006 0.00242128)
(0.000360893 -0.000591284 0.00244562)
(0.000361288 -0.00074199 0.00239524)
(0.000358209 -0.000877192 0.00227065)
(0.000352404 -0.000990627 0.00207559)
(0.000345483 -0.00107163 0.00181366)
(0.000338127 -0.00111493 0.00149446)
(0.000331024 -0.00111789 0.0011286)
(0.000325128 -0.00108304 0.000727904)
(0.000321449 -0.00101459 0.000305295)
(0.000320037 -0.00091416 -0.000127018)
)
;
    }
    outside
    {
        type            calculated;
        value           nonuniform List<vector> 
540
(
(0.000283409 -0.00292768 -0.00164734)
(0.000798081 -0.00257118 -0.0020662)
(0.000992692 -0.00199992 -0.00217353)
(0.00096815 -0.00139801 -0.00204128)
(0.000848953 -0.000831704 -0.00182049)
(0.000682619 -0.000313914 -0.00162064)
(0.000480762 0.000139977 -0.00148747)
(0.000253496 0.000524028 -0.00142622)
(8.7894e-06 0.000856347 -0.00141661)
(-0.000254044 0.00116459 -0.0014195)
(-0.000541172 0.00145991 -0.00138777)
(-0.000851075 0.00172331 -0.00128108)
(-0.00115861 0.00191764 -0.00107949)
(-0.00140865 0.00202994 -0.000790072)
(-0.00152686 0.00212256 -0.000435758)
(-0.00143309 0.00231537 -2.41862e-05)
(-0.00105607 0.00264209 0.000466888)
(-0.000416092 0.002928 0.00105015)
(0.000283411 0.00292768 0.00164735)
(0.000798081 0.00257118 0.00206621)
(0.000992691 0.00199993 0.00217352)
(0.000968149 0.00139801 0.00204128)
(0.000848953 0.000831703 0.00182049)
(0.000682621 0.000313914 0.00162064)
(0.000480762 -0.000139977 0.00148747)
(0.000253494 -0.000524028 0.00142623)
(8.79036e-06 -0.000856347 0.00141661)
(-0.000254043 -0.00116459 0.0014195)
(-0.000541174 -0.0014599 0.00138777)
(-0.000851077 -0.00172331 0.00128108)
(-0.00115861 -0.00191765 0.00107949)
(-0.00140866 -0.00202994 0.00079007)
(-0.00152686 -0.00212256 0.000435757)
(-0.00143309 -0.00231537 2.41866e-05)
(-0.00105607 -0.00264209 -0.000466888)
(-0.000416094 -0.00292801 -0.00105015)
(0.000571055 -0.00750718 -0.00506081)
(0.00189262 -0.00669309 -0.00580814)
(0.00223176 -0.00540543 -0.00598767)
(0.00189942 -0.00386702 -0.0058576)
(0.00127853 -0.00216054 -0.00563149)
(0.000572311 -0.000421059 -0.0053986)
(-0.000140366 0.00119029 -0.00518229)
(-0.000829147 0.00259604 -0.00498288)
(-0.00148684 0.00381883 -0.00476983)
(-0.00212554 0.0049152 -0.00447535)
(-0.00276676 0.00590181 -0.00401292)
(-0.00341846 0.00671854 -0.0033112)
(-0.00404304 0.00724325 -0.00235337)
(-0.00452784 0.00737367 -0.00120741)
(-0.00468188 0.00718054 -3.90565e-06)
(-0.00427748 0.00701069 0.00118446)
(-0.00313821 0.00722125 0.00243405)
(-0.00133631 0.00761454 0.00377556)
(0.000571055 0.00750718 0.00506081)
(0.00189262 0.00669309 0.00580814)
(0.00223176 0.00540543 0.00598766)
(0.00189942 0.00386702 0.0058576)
(0.00127853 0.00216054 0.00563149)
(0.000572312 0.00042106 0.0053986)
(-0.000140366 -0.00119029 0.00518229)
(-0.00082915 -0.00259604 0.00498288)
(-0.00148684 -0.00381883 0.00476983)
(-0.00212554 -0.00491519 0.00447535)
(-0.00276676 -0.00590181 0.00401292)
(-0.00341846 -0.00671854 0.0033112)
(-0.00404304 -0.00724325 0.00235337)
(-0.00452784 -0.00737367 0.00120741)
(-0.00468188 -0.00718054 3.90798e-06)
(-0.00427749 -0.00701069 -0.00118446)
(-0.00313821 -0.00722125 -0.00243405)
(-0.00133631 -0.00761454 -0.00377556)
(0.00183337 -0.0103272 -0.00783141)
(0.0035885 -0.00929365 -0.00898279)
(0.00342555 -0.00767116 -0.00940844)
(0.00223082 -0.00555474 -0.00950208)
(0.000762322 -0.00303605 -0.00946855)
(-0.000616198 -0.000396078 -0.00931966)
(-0.0018219 0.00207871 -0.00903874)
(-0.00287367 0.00425659 -0.00862824)
(-0.00379909 0.00614948 -0.00807669)
(-0.0046231 0.00781133 -0.00733657)
(-0.00537765 0.0092487 -0.00634101)
(-0.00610284 0.0103848 -0.00504108)
(-0.00682481 0.0110789 -0.00345072)
(-0.00748472 0.0112076 -0.00167772)
(-0.00779773 0.0108235 0.000119066)
(-0.00717269 0.0103237 0.00189522)
(-0.00507851 0.0102643 0.00382251)
(-0.00171552 0.0105945 0.00592805)
(0.00183337 0.0103272 0.00783141)
(0.0035885 0.00929364 0.00898279)
(0.00342555 0.00767116 0.00940844)
(0.00223082 0.00555474 0.00950208)
(0.000762325 0.00303606 0.00946855)
(-0.000616198 0.000396078 0.00931966)
(-0.0018219 -0.00207871 0.00903874)
(-0.00287367 -0.00425658 0.00862824)
(-0.00379909 -0.00614947 0.00807669)
(-0.0046231 -0.00781132 0.00733658)
(-0.00537765 -0.00924868 0.00634102)
(-0.00610284 -0.0103848 0.00504109)
(-0.00682481 -0.0110789 0.00345073)
(-0.00748472 -0.0112076 0.00167773)
(-0.00779773 -0.0108235 -0.000119061)
(-0.00717269 -0.0103237 -0.00189522)
(-0.00507851 -0.0102643 -0.00382251)
(-0.00171552 -0.0105945 -0.00592805)
(0.00317997 -0.0110511 -0.00932815)
(0.00498608 -0.0104965 -0.0108234)
(0.00430704 -0.00900125 -0.0117059)
(0.00234466 -0.00664413 -0.0122683)
(0.000218748 -0.00375322 -0.012594)
(-0.00155564 -0.000716702 -0.0126431)
(-0.00297787 0.00217155 -0.0123737)
(-0.00417774 0.00476645 -0.0117897)
(-0.00521951 0.00704827 -0.0109147)
(-0.00611559 0.00903704 -0.00975591)
(-0.00688327 0.0107165 -0.00830305)
(-0.00757896 0.0120048 -0.00655657)
(-0.00829566 0.0127715 -0.00456695)
(-0.00907293 0.0129043 -0.00245308)
(-0.00960916 0.0124399 -0.000319816)
(-0.00892206 0.0116873 0.001913)
(-0.00597006 0.0111278 0.00441602)
(-0.00120607 0.0110177 0.00708492)
(0.00317997 0.0110511 0.00932816)
(0.00498608 0.0104965 0.0108234)
(0.00430704 0.00900125 0.0117059)
(0.00234466 0.00664413 0.0122683)
(0.000218745 0.00375322 0.012594)
(-0.00155564 0.000716707 0.0126431)
(-0.00297788 -0.00217154 0.0123737)
(-0.00417774 -0.00476644 0.0117897)
(-0.00521951 -0.00704825 0.0109147)
(-0.00611559 -0.00903702 0.00975591)
(-0.00688327 -0.0107165 0.00830306)
(-0.00757896 -0.0120048 0.00655658)
(-0.00829566 -0.0127714 0.00456696)
(-0.00907293 -0.0129043 0.00245309)
(-0.00960916 -0.0124399 0.000319825)
(-0.00892205 -0.0116873 -0.001913)
(-0.00597006 -0.0111278 -0.00441602)
(-0.00120607 -0.0110177 -0.00708492)
(0.00321948 -0.0112453 -0.00940178)
(0.00520403 -0.010756 -0.0112783)
(0.00464904 -0.00934183 -0.0126828)
(0.00260342 -0.0070423 -0.0137229)
(0.000384052 -0.00424224 -0.0144423)
(-0.0013989 -0.00127132 -0.0147914)
(-0.00281993 0.00165319 -0.0146915)
(-0.00407523 0.00438764 -0.0141202)
(-0.0052206 0.00685956 -0.013116)
(-0.00622522 0.0090317 -0.0117342)
(-0.00706752 0.0108535 -0.0100237)
(-0.00778907 0.0122366 -0.00804013)
(-0.00850586 0.0130633 -0.00587173)
(-0.00931191 0.0132422 -0.00362555)
(-0.00989791 0.0128296 -0.00129943)
(-0.00909715 0.0121292 0.00129821)
(-0.005857 0.0115548 0.00418843)
(-0.00103187 0.01132 0.00700735)
(0.00321948 0.0112453 0.00940179)
(0.00520403 0.010756 0.0112783)
(0.00464904 0.00934182 0.0126828)
(0.00260342 0.00704229 0.0137229)
(0.000384053 0.00424223 0.0144423)
(-0.0013989 0.00127131 0.0147914)
(-0.00281994 -0.0016532 0.0146915)
(-0.00407523 -0.00438763 0.0141202)
(-0.0052206 -0.00685954 0.013116)
(-0.00622522 -0.00903169 0.0117342)
(-0.00706752 -0.0108535 0.0100237)
(-0.00778906 -0.0122366 0.00804013)
(-0.00850586 -0.0130633 0.00587173)
(-0.00931192 -0.0132422 0.00362555)
(-0.00989791 -0.0128296 0.00129943)
(-0.00909716 -0.0121292 -0.00129821)
(-0.005857 -0.0115548 -0.00418843)
(-0.00103187 -0.01132 -0.00700735)
(0.00279053 -0.0112603 -0.00864279)
(0.00482875 -0.0105704 -0.0108577)
(0.00461048 -0.00915141 -0.012672)
(0.00294493 -0.00703969 -0.0140838)
(0.00101757 -0.00453085 -0.0151254)
(-0.000566674 -0.00184122 -0.0157787)
(-0.00188698 0.000909574 -0.0159521)
(-0.0031506 0.00360393 -0.0155781)
(-0.00439094 0.00612872 -0.0146674)
(-0.00553118 0.00838843 -0.0132861)
(-0.00650423 0.0102925 -0.0115231)
(-0.00732073 0.011742 -0.00948629)
(-0.0080844 0.0126358 -0.00730182)
(-0.00887907 0.0129165 -0.00505266)
(-0.00936472 0.0126686 -0.00264534)
(-0.00847304 0.0121867 0.000109563)
(-0.00546434 0.0117887 0.0031185)
(-0.00113112 0.0115446 0.00604092)
(0.00279053 0.0112603 0.00864279)
(0.00482875 0.0105703 0.0108577)
(0.00461048 0.00915141 0.012672)
(0.00294493 0.00703968 0.0140838)
(0.00101757 0.00453083 0.0151254)
(-0.000566685 0.00184118 0.0157787)
(-0.00188699 -0.000909635 0.0159522)
(-0.00315061 -0.003604 0.0155781)
(-0.00439096 -0.00612879 0.0146674)
(-0.0055312 -0.00838851 0.0132861)
(-0.00650425 -0.0102926 0.0115231)
(-0.00732075 -0.011742 0.00948626)
(-0.00808441 -0.0126359 0.00730179)
(-0.00887907 -0.0129166 0.00505263)
(-0.00936473 -0.0126686 0.00264532)
(-0.00847304 -0.0121867 -0.000109573)
(-0.00546434 -0.0117887 -0.00311851)
(-0.00113112 -0.0115446 -0.00604092)
(0.00230532 -0.0108548 -0.00748159)
(0.00435624 -0.010041 -0.0099915)
(0.00453296 -0.00869598 -0.0121366)
(0.0033636 -0.00686006 -0.0138393)
(0.00178426 -0.00470821 -0.0151058)
(0.000384034 -0.00236046 -0.0159731)
(-0.000838347 0.000126779 -0.016396)
(-0.00207251 0.00266728 -0.0162827)
(-0.00335726 0.00513296 -0.0155931)
(-0.00459919 0.00738751 -0.0143664)
(-0.00569908 0.0093043 -0.0127037)
(-0.00663558 0.0107721 -0.0107494)
(-0.00747704 0.0117075 -0.00865388)
(-0.00824614 0.01209 -0.00647114)
(-0.00857215 0.0120272 -0.00407054)
(-0.00762262 0.0117736 -0.00131149)
(-0.00495807 0.0115345 0.00169451)
(-0.00120544 0.0112851 0.00468704)
(0.00230532 0.0108548 0.00748159)
(0.00435625 0.010041 0.0099915)
(0.00453297 0.00869598 0.0121366)
(0.0033636 0.00686006 0.0138393)
(0.00178427 0.00470822 0.0151058)
(0.000384037 0.00236044 0.0159731)
(-0.000838349 -0.000126831 0.016396)
(-0.00207252 -0.00266736 0.0162827)
(-0.00335728 -0.00513307 0.0155931)
(-0.00459921 -0.0073876 0.0143664)
(-0.0056991 -0.00930437 0.0127036)
(-0.00663559 -0.0107722 0.0107494)
(-0.00747704 -0.0117075 0.00865388)
(-0.00824614 -0.0120901 0.00647114)
(-0.00857214 -0.0120272 0.00407053)
(-0.00762262 -0.0117736 0.00131148)
(-0.00495807 -0.0115345 -0.00169452)
(-0.00120544 -0.0112851 -0.00468705)
(0.00183952 -0.00989952 -0.00612518)
(0.00386629 -0.00914538 -0.00884862)
(0.00441518 -0.00801385 -0.0112658)
(0.00374029 -0.0065248 -0.013241)
(0.00249302 -0.00475938 -0.0147186)
(0.00121756 -0.0027741 -0.0157422)
(4.30792e-05 -0.000596875 -0.016334)
(-0.00115065 0.00170555 -0.0164338)
(-0.00242223 0.00400604 -0.0159758)
(-0.00370048 0.00614963 -0.0149653)
(-0.00488071 0.00798812 -0.0134927)
(-0.00591477 0.00940291 -0.0117105)
(-0.00681841 0.0103251 -0.00976506)
(-0.00753492 0.0107608 -0.00768655)
(-0.0077038 0.0108251 -0.00536015)
(-0.00674493 0.01072 -0.00269544)
(-0.0044299 0.0105728 0.00022447)
(-0.00124176 0.0103398 0.00321566)
(0.00183952 0.00989952 0.00612518)
(0.00386629 0.00914538 0.00884862)
(0.00441518 0.00801385 0.0112658)
(0.00374029 0.00652482 0.013241)
(0.00249303 0.00475941 0.0147186)
(0.00121757 0.00277413 0.0157421)
(4.30928e-05 0.000596917 0.016334)
(-0.00115064 -0.00170549 0.0164338)
(-0.00242221 -0.00400598 0.0159758)
(-0.00370047 -0.00614957 0.0149653)
(-0.0048807 -0.00798805 0.0134927)
(-0.00591475 -0.00940286 0.0117106)
(-0.0068184 -0.0103251 0.00976507)
(-0.00753492 -0.0107608 0.00768655)
(-0.0077038 -0.0108251 0.00536015)
(-0.00674492 -0.01072 0.00269544)
(-0.0044299 -0.0105728 -0.000224475)
(-0.00124177 -0.0103397 -0.00321566)
(0.00129808 -0.0084999 -0.00462202)
(0.00322427 -0.00792867 -0.00747277)
(0.0040663 -0.00709386 -0.0100993)
(0.00386288 -0.0059783 -0.0123314)
(0.00298564 -0.00459939 -0.0140485)
(0.00186297 -0.00298002 -0.0152417)
(0.000721443 -0.00114418 -0.0159568)
(-0.000438886 0.000847513 -0.016196)
(-0.00166212 0.00287844 -0.015921)
(-0.00291373 0.00479863 -0.0151271)
(-0.0041084 0.00646101 -0.0138856)
(-0.00517974 0.00775126 -0.0123265)
(-0.00608595 0.00861066 -0.0105678)
(-0.00671035 0.00905422 -0.00863013)
(-0.00675413 0.00918334 -0.00644294)
(-0.00585766 0.00914987 -0.00395447)
(-0.00392738 0.0090464 -0.001207)
(-0.00131626 0.00885279 0.00169073)
(0.00129809 0.0084999 0.00462203)
(0.00322427 0.00792868 0.00747277)
(0.00406629 0.00709387 0.0100993)
(0.00386287 0.00597829 0.0123313)
(0.00298563 0.00459938 0.0140485)
(0.00186297 0.00298003 0.0152417)
(0.000721439 0.00114419 0.0159568)
(-0.000438879 -0.000847477 0.016196)
(-0.0016621 -0.00287839 0.015921)
(-0.00291371 -0.00479859 0.0151271)
(-0.00410839 -0.00646102 0.0138856)
(-0.00517974 -0.0077513 0.0123265)
(-0.00608597 -0.0086107 0.0105677)
(-0.00671036 -0.00905423 0.00863011)
(-0.00675413 -0.00918335 0.00644293)
(-0.00585767 -0.00914988 0.00395447)
(-0.00392738 -0.0090464 0.001207)
(-0.00131626 -0.00885279 -0.00169073)
(0.000604832 -0.00690559 -0.00304971)
(0.00231385 -0.00651957 -0.00593731)
(0.00332238 -0.00595805 -0.00868177)
(0.00353556 -0.00517061 -0.0111)
(0.00308762 -0.00413307 -0.0130371)
(0.00223434 -0.00285396 -0.0144215)
(0.00120197 -0.00136844 -0.0152676)
(9.69257e-05 0.000258781 -0.0156144)
(-0.00105878 0.00192948 -0.015481)
(-0.00223886 0.00352339 -0.0148876)
(-0.00338146 0.00492186 -0.0138916)
(-0.00441153 0.00603043 -0.0125846)
(-0.00524587 0.0067978 -0.0110459)
(-0.00575063 0.0072303 -0.00929725)
(-0.00572049 0.00739691 -0.00731159)
(-0.00496787 0.00740155 -0.0050609)
(-0.00347607 0.00731944 -0.00254924)
(-0.00147765 0.00716198 0.000180812)
(0.00060482 0.0069056 0.00304973)
(0.00231385 0.00651957 0.00593731)
(0.00332239 0.00595805 0.00868176)
(0.00353557 0.0051706 0.0110999)
(0.00308762 0.00413306 0.0130371)
(0.00223433 0.00285395 0.0144215)
(0.00120196 0.00136841 0.0152676)
(9.69008e-05 -0.000258863 0.0156144)
(-0.00105882 -0.00192961 0.015481)
(-0.00223889 -0.00352353 0.0148876)
(-0.0033815 -0.00492198 0.0138916)
(-0.00441155 -0.00603049 0.0125846)
(-0.00524589 -0.00679781 0.0110459)
(-0.00575063 -0.0072303 0.00929726)
(-0.00572048 -0.00739691 0.00731158)
(-0.00496787 -0.00740156 0.00506089)
(-0.00347607 -0.00731944 0.00254925)
(-0.00147765 -0.00716198 -0.000180787)
(-0.000196638 -0.00537173 -0.00153195)
(0.00117702 -0.005083 -0.00433864)
(0.00218764 -0.00468234 -0.00707157)
(0.00269316 -0.00411144 -0.00954792)
(0.00266816 -0.00332789 -0.0116078)
(0.00219564 -0.00233383 -0.0131465)
(0.0014163 -0.00117512 -0.014134)
(0.000462664 7.66402e-05 -0.014603)
(-0.000576874 0.00134189 -0.0146102)
(-0.00164345 0.00254368 -0.0142127)
(-0.0026747 0.0036138 -0.0134689)
(-0.00359184 0.00449594 -0.0124357)
(-0.00430058 0.0051493 -0.011156)
(-0.00469177 0.00556132 -0.00964893)
(-0.00465373 0.00575812 -0.00791212)
(-0.00411299 0.00579559 -0.00592986)
(-0.00308589 0.00572804 -0.00368511)
(-0.0017048 0.00558422 -0.00118098)
(-0.000196639 0.00537172 0.00153195)
(0.00117702 0.005083 0.00433865)
(0.00218764 0.00468234 0.00707158)
(0.00269316 0.00411144 0.00954793)
(0.00266815 0.00332789 0.0116078)
(0.00219565 0.00233383 0.0131465)
(0.00141631 0.00117515 0.014134)
(0.000462656 -7.66094e-05 0.014603)
(-0.000576892 -0.00134189 0.0146102)
(-0.00164347 -0.00254368 0.0142127)
(-0.00267469 -0.00361378 0.0134689)
(-0.00359184 -0.00449591 0.0124357)
(-0.00430057 -0.00514927 0.011156)
(-0.00469179 -0.00556136 0.00964889)
(-0.00465375 -0.00575815 0.0079121)
(-0.004113 -0.00579559 0.00592985)
(-0.00308589 -0.00572805 0.0036851)
(-0.00170481 -0.00558422 0.00118097)
(-0.000930888 -0.00404792 -0.000203316)
(3.75383e-05 -0.00375794 -0.00276394)
(0.000882806 -0.00338874 -0.0053125)
(0.0014841 -0.00290306 -0.00768078)
(0.00175298 -0.00226825 -0.00971619)
(0.00165868 -0.00148726 -0.0113067)
(0.00123604 -0.000604882 -0.0123979)
(0.000567087 0.000311027 -0.0129978)
(-0.000251637 0.00119567 -0.0131619)
(-0.00113127 0.00200528 -0.0129646)
(-0.00198927 0.00272226 -0.0124719)
(-0.00274089 0.00334068 -0.0117247)
(-0.00330479 0.00384516 -0.010738)
(-0.00361409 0.00420925 -0.00951648)
(-0.00362439 0.00441799 -0.0080622)
(-0.00332012 0.00448086 -0.00636954)
(-0.00272187 0.00442366 -0.00442488)
(-0.001892 0.0042727 -0.00222328)
(-0.000930877 0.00404788 0.000203308)
(3.75392e-05 0.00375793 0.00276395)
(0.000882777 0.00338874 0.00531252)
(0.00148409 0.00290306 0.00768078)
(0.00175301 0.00226824 0.00971619)
(0.0016587 0.00148725 0.0113067)
(0.00123603 0.000604894 0.0123979)
(0.000567078 -0.000311001 0.0129978)
(-0.000251611 -0.00119564 0.0131619)
(-0.00113124 -0.00200525 0.0129647)
(-0.00198929 -0.00272224 0.012472)
(-0.0027409 -0.00334066 0.0117247)
(-0.00330479 -0.00384518 0.0107381)
(-0.00361407 -0.00420921 0.00951652)
(-0.00362435 -0.00441788 0.00806225)
(-0.00332008 -0.00448079 0.0063696)
(-0.00272184 -0.00442365 0.0044249)
(-0.00189199 -0.00427273 0.00222328)
(-0.00138731 -0.00291717 0.00075626)
(-0.000819534 -0.00259071 -0.00135261)
(-0.000256606 -0.00219227 -0.00349455)
(0.000232111 -0.00171602 -0.00554091)
(0.000573398 -0.00115691 -0.00736117)
(0.000706397 -0.000527144 -0.00884913)
(0.000602567 0.000137897 -0.00994038)
(0.00027589 0.000787742 -0.0106197)
(-0.000222421 0.0013713 -0.0109187)
(-0.000818349 0.00185613 -0.0109012)
(-0.00142821 0.0022478 -0.0106352)
(-0.00196951 0.00258427 -0.0101599)
(-0.00237927 0.00289023 -0.00947625)
(-0.00262346 0.00314938 -0.00857109)
(-0.00269016 0.00332317 -0.00744041)
(-0.00258155 0.0033842 -0.00608803)
(-0.00231041 0.00332844 -0.00451698)
(-0.00190034 0.00316744 -0.00273221)
(-0.0013873 0.00291721 -0.000756314)
(-0.000819547 0.00259074 0.0013526)
(-0.000256602 0.00219224 0.00349458)
(0.000232126 0.00171596 0.00554093)
(0.000573416 0.00115689 0.00736115)
(0.000706427 0.000527191 0.00884908)
(0.000602626 -0.000137794 0.00994037)
(0.000275951 -0.000787618 0.0106198)
(-0.000222389 -0.00137118 0.0109187)
(-0.000818382 -0.0018561 0.0109011)
(-0.00142824 -0.00224777 0.0106352)
(-0.0019695 -0.00258431 0.0101599)
(-0.00237925 -0.00289014 0.00947629)
(-0.00262343 -0.00314931 0.00857113)
(-0.00269012 -0.00332316 0.00744041)
(-0.00258156 -0.00338421 0.00608797)
(-0.00231046 -0.00332849 0.0045169)
(-0.00190039 -0.00316747 0.00273212)
(-0.00144291 -0.00182136 0.00111075)
(-0.00120291 -0.00151511 -0.000342062)
(-0.000944605 -0.00114304 -0.00183632)
(-0.0006947 -0.00071643 -0.00329977)
(-0.000484388 -0.000250245 -0.00464979)
(-0.000346784 0.000235459 -0.00580733)
(-0.000310543 0.000714864 -0.00671088)
(-0.000390548 0.00115568 -0.0073277)
(-0.000580178 0.00151932 -0.0076618)
(-0.000849576 0.00177338 -0.00775292)
(-0.00115192 0.00191827 -0.0076566)
(-0.00143507 0.00199985 -0.00741002)
(-0.00165903 0.00207563 -0.00701417)
(-0.00180689 0.00216406 -0.00645014)
(-0.00187611 0.00223862 -0.00570554)
(-0.00186871 0.00225934 -0.00478457)
(-0.00178886 0.00219987 -0.00370058)
(-0.00164343 0.00205257 -0.00246923)
(-0.00144296 0.00182153 -0.00111067)
(-0.00120295 0.00151516 0.000342119)
(-0.000944667 0.00114305 0.00183636)
(-0.000694777 0.000716408 0.00329979)
(-0.000484465 0.00025017 0.00464981)
(-0.000346835 -0.000235464 0.00580737)
(-0.000310552 -0.00071494 0.00671076)
(-0.000390516 -0.00115584 0.00732741)
(-0.000580125 -0.00151956 0.00766154)
(-0.000849503 -0.00177346 0.00775282)
(-0.00115183 -0.00191826 0.00765681)
(-0.00143502 -0.00199974 0.00741029)
(-0.00165901 -0.00207554 0.00701424)
(-0.00180693 -0.00216391 0.00645023)
(-0.0018761 -0.00223848 0.00570557)
(-0.00186864 -0.00225943 0.00478449)
(-0.00178879 -0.00219995 0.00370051)
(-0.00164339 -0.00205247 0.00246923)
(-0.00111531 -0.000709254 0.000789049)
(-0.00109079 -0.000533385 8.10626e-05)
(-0.00106456 -0.000321166 -0.000650221)
(-0.00104123 -8.13974e-05 -0.00137732)
(-0.00102562 0.000179756 -0.00206437)
(-0.00102094 0.000456307 -0.00266999)
(-0.00102859 0.000732564 -0.00315667)
(-0.00104846 0.000977417 -0.00350461)
(-0.00107848 0.00115493 -0.00371771)
(-0.00111378 0.0012438 -0.00381576)
(-0.00114676 0.00124712 -0.00382099)
(-0.00117083 0.00118904 -0.00374546)
(-0.00118261 0.00110822 -0.00359111)
(-0.00118296 0.00104018 -0.00335132)
(-0.00117592 0.000997303 -0.00301601)
(-0.00116511 0.000967421 -0.0025822)
(-0.00115191 0.000923522 -0.00205661)
(-0.0011357 0.000840591 -0.0014533)
(-0.00111529 0.000709071 -0.000789143)
(-0.00109077 0.00053302 -8.12096e-05)
(-0.00106453 0.000321017 0.000650136)
(-0.0010412 8.13564e-05 0.00137728)
(-0.00102559 -0.000179836 0.00206429)
(-0.00102092 -0.000456266 0.00266992)
(-0.00102858 -0.000731863 0.00315743)
(-0.00104848 -0.000976776 0.00350564)
(-0.00107854 -0.00115484 0.00371795)
(-0.00111385 -0.00124399 0.00381494)
(-0.00114675 -0.00124702 0.00382011)
(-0.00117084 -0.00118917 0.00374564)
(-0.0011826 -0.0011083 0.00359119)
(-0.00118289 -0.00104023 0.00335129)
(-0.00117593 -0.000998809 0.00301622)
(-0.00116519 -0.000967628 0.00258221)
(-0.00115193 -0.000922429 0.0020567)
(-0.0011357 -0.000840058 0.00145338)
)
;
    }
}


// ************************************************************************* //
