/*--------------------------------*- C++ -*----------------------------------*\
| =========                 |                                                 |
| \\      /  F ield         | OpenFOAM: The Open Source CFD Toolbox           |
|  \\    /   O peration     | Version:  2312                                  |
|   \\  /    A nd           | Website:  www.openfoam.com                      |
|    \\/     M anipulation  |                                                 |
\*---------------------------------------------------------------------------*/
FoamFile
{
    version     2.0;
    format      ascii;
    arch        "LSB;label=32;scalar=64";
    class       volScalarField;
    location    "0.6";
    object      sigmaEq;
}
// * * * * * * * * * * * * * * * * * * * * * * * * * * * * * * * * * * * * * //

dimensions      [1 -1 -2 0 0 0 0];

internalField   nonuniform List<scalar> 
1620
(
33322.7
33322.7
33322.7
33322.7
33322.7
33322.7
33322.7
33322.7
33322.7
33322.7
33322.7
33322.7
33322.7
33322.7
33322.7
33322.7
33322.7
33322.7
33322.7
33322.7
33322.7
33322.7
33322.7
33322.7
33322.7
33322.7
33322.7
33322.7
33322.7
33322.7
33322.7
33322.7
33322.7
33322.7
33322.7
33322.7
36250.4
36250.4
36250.4
36250.3
36250.3
36250.3
36250.4
36250.4
36250.4
36250.4
36250.4
36250.4
36250.3
36250.3
36250.3
36250.4
36250.4
36250.4
36250.4
36250.4
36250.4
36250.3
36250.3
36250.3
36250.4
36250.4
36250.4
36250.4
36250.4
36250.4
36250.3
36250.3
36250.3
36250.4
36250.4
36250.4
38817.6
38817.6
38817.6
38817.6
38817.6
38817.6
38817.6
38817.6
38817.6
38817.6
38817.6
38817.6
38817.6
38817.6
38817.6
38817.6
38817.6
38817.6
38817.6
38817.6
38817.6
38817.6
38817.6
38817.6
38817.6
38817.6
38817.6
38817.6
38817.6
38817.6
38817.6
38817.6
38817.6
38817.6
38817.6
38817.6
32969.3
32969.3
32969.3
32969.3
32969.3
32969.3
32969.3
32969.3
32969.3
32969.3
32969.3
32969.3
32969.3
32969.3
32969.3
32969.3
32969.3
32969.3
32969.3
32969.3
32969.3
32969.3
32969.3
32969.3
32969.3
32969.3
32969.3
32969.3
32969.3
32969.3
32969.3
32969.3
32969.3
32969.3
32969.3
32969.3
36398.3
36398.3
36398.3
36398.3
36398.3
36398.3
36398.3
36398.3
36398.3
36398.3
36398.3
36398.3
36398.3
36398.3
36398.3
36398.3
36398.3
36398.3
36398.3
36398.3
36398.3
36398.3
36398.3
36398.3
36398.3
36398.3
36398.3
36398.3
36398.3
36398.3
36398.3
36398.3
36398.3
36398.3
36398.3
36398.3
38501.9
38501.9
38501.9
38501.9
38501.9
38501.9
38501.9
38501.9
38501.9
38501.9
38501.9
38501.9
38501.9
38501.9
38501.9
38501.9
38501.9
38501.9
38501.9
38501.9
38501.9
38501.9
38501.9
38501.9
38501.9
38501.9
38501.9
38501.9
38501.9
38501.9
38501.9
38501.9
38501.9
38501.9
38501.9
38501.9
32190.1
32190.2
32190.1
32190.2
32190.1
32190.1
32190.1
32190.1
32190.1
32190.1
32190.2
32190.2
32190.2
32190.1
32190.1
32190.1
32190.1
32190.1
32190.1
32190.2
32190.2
32190.2
32190.1
32190.1
32190.1
32190.1
32190.1
32190.1
32190.2
32190.1
32190.2
32190.1
32190.1
32190.1
32190.1
32190.1
36820.6
36820.6
36820.6
36820.6
36820.7
36820.6
36820.6
36820.6
36820.6
36820.6
36820.6
36820.6
36820.6
36820.7
36820.6
36820.6
36820.6
36820.6
36820.6
36820.6
36820.6
36820.6
36820.7
36820.6
36820.6
36820.6
36820.6
36820.6
36820.6
36820.6
36820.6
36820.7
36820.6
36820.6
36820.6
36820.6
37982.4
37982.5
37982.5
37982.5
37982.5
37982.5
37982.5
37982.5
37982.4
37982.5
37982.5
37982.5
37982.5
37982.5
37982.5
37982.5
37982.5
37982.4
37982.5
37982.5
37982.5
37982.5
37982.5
37982.5
37982.5
37982.5
37982.4
37982.5
37982.5
37982.5
37982.5
37982.5
37982.5
37982.5
37982.5
37982.4
31479.8
31479.8
31479.8
31479.8
31479.8
31479.8
31479.8
31479.8
31479.8
31479.8
31479.8
31479.8
31479.8
31479.8
31479.8
31479.8
31479.8
31479.8
31479.8
31479.8
31479.8
31479.8
31479.8
31479.8
31479.8
31479.8
31479.8
31479.8
31479.8
31479.8
31479.8
31479.8
31479.8
31479.8
31479.8
31479.8
37145.6
37145.6
37145.7
37145.6
37145.6
37145.6
37145.7
37145.7
37145.7
37145.6
37145.6
37145.7
37145.6
37145.6
37145.6
37145.7
37145.7
37145.7
37145.6
37145.6
37145.7
37145.6
37145.6
37145.6
37145.7
37145.7
37145.7
37145.6
37145.6
37145.7
37145.6
37145.6
37145.6
37145.7
37145.7
37145.7
37755.7
37755.7
37755.7
37755.7
37755.7
37755.7
37755.7
37755.7
37755.7
37755.7
37755.7
37755.7
37755.7
37755.7
37755.7
37755.7
37755.7
37755.7
37755.7
37755.7
37755.7
37755.7
37755.7
37755.7
37755.7
37755.7
37755.7
37755.7
37755.7
37755.7
37755.7
37755.7
37755.7
37755.7
37755.7
37755.7
30987.4
30987.4
30987.4
30987.5
30987.4
30987.5
30987.4
30987.4
30987.4
30987.4
30987.4
30987.4
30987.5
30987.4
30987.5
30987.4
30987.4
30987.4
30987.4
30987.4
30987.4
30987.5
30987.4
30987.5
30987.4
30987.4
30987.4
30987.4
30987.4
30987.4
30987.5
30987.4
30987.5
30987.4
30987.4
30987.4
37162.3
37162.3
37162.3
37162.3
37162.3
37162.3
37162.3
37162.3
37162.3
37162.3
37162.3
37162.3
37162.3
37162.3
37162.3
37162.3
37162.3
37162.3
37162.3
37162.3
37162.3
37162.3
37162.3
37162.3
37162.3
37162.3
37162.3
37162.3
37162.3
37162.3
37162.3
37162.3
37162.3
37162.3
37162.3
37162.3
37721.3
37721.2
37721.3
37721.2
37721.2
37721.2
37721.3
37721.2
37721.3
37721.3
37721.2
37721.3
37721.2
37721.2
37721.2
37721.3
37721.2
37721.3
37721.3
37721.2
37721.3
37721.2
37721.2
37721.2
37721.3
37721.2
37721.3
37721.3
37721.2
37721.3
37721.2
37721.2
37721.2
37721.3
37721.2
37721.3
30690.7
30690.7
30690.7
30690.7
30690.7
30690.7
30690.7
30690.7
30690.7
30690.7
30690.7
30690.7
30690.7
30690.7
30690.7
30690.7
30690.7
30690.7
30690.7
30690.7
30690.7
30690.7
30690.7
30690.7
30690.7
30690.7
30690.7
30690.7
30690.7
30690.7
30690.7
30690.7
30690.7
30690.7
30690.7
30690.7
36792.4
36792.4
36792.4
36792.4
36792.4
36792.4
36792.4
36792.4
36792.5
36792.4
36792.4
36792.4
36792.4
36792.4
36792.4
36792.4
36792.4
36792.5
36792.4
36792.4
36792.4
36792.4
36792.4
36792.4
36792.4
36792.4
36792.5
36792.4
36792.4
36792.4
36792.4
36792.4
36792.4
36792.4
36792.4
36792.5
37685.6
37685.7
37685.7
37685.7
37685.7
37685.7
37685.7
37685.7
37685.7
37685.6
37685.7
37685.7
37685.7
37685.7
37685.7
37685.7
37685.7
37685.7
37685.6
37685.7
37685.7
37685.7
37685.7
37685.7
37685.7
37685.7
37685.7
37685.6
37685.7
37685.7
37685.7
37685.7
37685.7
37685.7
37685.7
37685.7
30521.7
30521.7
30521.7
30521.7
30521.7
30521.7
30521.7
30521.7
30521.7
30521.7
30521.7
30521.7
30521.7
30521.7
30521.7
30521.7
30521.7
30521.7
30521.7
30521.7
30521.7
30521.7
30521.7
30521.7
30521.7
30521.7
30521.7
30521.7
30521.7
30521.7
30521.7
30521.7
30521.7
30521.7
30521.7
30521.7
36078.6
36078.5
36078.5
36078.5
36078.5
36078.5
36078.5
36078.5
36078.6
36078.6
36078.5
36078.5
36078.5
36078.5
36078.5
36078.5
36078.5
36078.6
36078.6
36078.5
36078.5
36078.5
36078.5
36078.5
36078.5
36078.5
36078.6
36078.6
36078.5
36078.5
36078.5
36078.5
36078.5
36078.5
36078.5
36078.6
37438
37438
37438
37437.9
37438
37438
37438
37438
37438
37438
37438
37438
37437.9
37438
37438
37438
37438
37438
37438
37438
37438
37437.9
37438
37438
37438
37438
37438
37438
37438
37438
37437.9
37438
37438
37438
37438
37438
30448.4
30448.4
30448.4
30448.4
30448.4
30448.4
30448.4
30448.4
30448.4
30448.4
30448.4
30448.4
30448.4
30448.4
30448.4
30448.4
30448.4
30448.4
30448.4
30448.4
30448.4
30448.4
30448.4
30448.4
30448.4
30448.4
30448.4
30448.4
30448.4
30448.4
30448.4
30448.4
30448.4
30448.4
30448.4
30448.4
35165.2
35165.1
35165.1
35165.1
35165.1
35165.1
35165.2
35165.1
35165.1
35165.2
35165.1
35165.1
35165.1
35165.1
35165.1
35165.2
35165.1
35165.1
35165.2
35165.1
35165.1
35165.1
35165.1
35165.1
35165.2
35165.1
35165.1
35165.2
35165.1
35165.1
35165.1
35165.1
35165.1
35165.2
35165.1
35165.1
36887.5
36887.6
36887.5
36887.5
36887.5
36887.6
36887.6
36887.5
36887.5
36887.5
36887.6
36887.5
36887.5
36887.5
36887.6
36887.6
36887.5
36887.5
36887.5
36887.6
36887.5
36887.5
36887.5
36887.6
36887.6
36887.5
36887.5
36887.5
36887.6
36887.5
36887.5
36887.5
36887.6
36887.6
36887.5
36887.5
30507.7
30507.7
30507.7
30507.7
30507.7
30507.7
30507.7
30507.7
30507.7
30507.7
30507.7
30507.7
30507.7
30507.7
30507.7
30507.7
30507.7
30507.7
30507.7
30507.7
30507.7
30507.7
30507.7
30507.7
30507.7
30507.7
30507.7
30507.7
30507.7
30507.7
30507.7
30507.7
30507.7
30507.7
30507.7
30507.7
34314.6
34314.6
34314.6
34314.6
34314.6
34314.6
34314.6
34314.6
34314.6
34314.6
34314.6
34314.6
34314.6
34314.6
34314.6
34314.6
34314.6
34314.6
34314.6
34314.6
34314.6
34314.6
34314.6
34314.6
34314.6
34314.6
34314.6
34314.6
34314.6
34314.6
34314.6
34314.6
34314.6
34314.6
34314.6
34314.6
36153.1
36153.1
36153.1
36153.1
36153.1
36153.1
36153.1
36153.1
36153.1
36153.1
36153.1
36153.1
36153.1
36153.1
36153.1
36153.1
36153.1
36153.1
36153.1
36153.1
36153.1
36153.1
36153.1
36153.1
36153.1
36153.1
36153.1
36153.1
36153.1
36153.1
36153.1
36153.1
36153.1
36153.1
36153.1
36153.1
30819.3
30819.3
30819.3
30819.3
30819.3
30819.3
30819.3
30819.3
30819.3
30819.3
30819.3
30819.3
30819.3
30819.3
30819.3
30819.3
30819.3
30819.3
30819.3
30819.3
30819.3
30819.3
30819.3
30819.3
30819.3
30819.3
30819.3
30819.3
30819.3
30819.3
30819.3
30819.3
30819.3
30819.3
30819.3
30819.3
33855.2
33855.2
33855.2
33855.2
33855.2
33855.2
33855.2
33855.2
33855.2
33855.2
33855.2
33855.2
33855.2
33855.2
33855.2
33855.2
33855.2
33855.2
33855.2
33855.2
33855.2
33855.2
33855.2
33855.2
33855.2
33855.2
33855.2
33855.2
33855.2
33855.2
33855.2
33855.2
33855.2
33855.2
33855.2
33855.2
35526.3
35526.3
35526.3
35526.3
35526.3
35526.3
35526.3
35526.3
35526.3
35526.3
35526.3
35526.3
35526.3
35526.3
35526.3
35526.3
35526.3
35526.3
35526.3
35526.3
35526.3
35526.3
35526.3
35526.3
35526.3
35526.3
35526.3
35526.3
35526.3
35526.3
35526.3
35526.3
35526.3
35526.3
35526.3
35526.3
31584.1
31584.1
31584.1
31584.1
31584.1
31584.1
31584.1
31584
31584.1
31584.1
31584.1
31584.1
31584.1
31584.1
31584.1
31584.1
31584
31584.1
31584.1
31584.1
31584.1
31584.1
31584.1
31584.1
31584.1
31584
31584.1
31584.1
31584.1
31584.1
31584.1
31584.1
31584.1
31584.1
31584
31584.1
34016.9
34016.9
34016.9
34016.9
34016.9
34016.9
34016.9
34016.9
34016.9
34016.9
34016.9
34016.9
34016.9
34016.9
34016.9
34016.9
34016.9
34016.9
34016.9
34016.9
34016.9
34016.9
34016.9
34016.9
34016.9
34016.9
34016.9
34016.9
34016.9
34016.9
34016.9
34016.9
34016.9
34016.9
34016.9
34016.9
35298.1
35298.1
35298.1
35298.1
35298.1
35298.1
35298.1
35298.1
35298.1
35298.1
35298.1
35298.1
35298.1
35298.1
35298.1
35298.1
35298.1
35298.1
35298.1
35298.1
35298.1
35298.1
35298.1
35298.1
35298.1
35298.1
35298.1
35298.1
35298.1
35298.1
35298.1
35298.1
35298.1
35298.1
35298.1
35298.1
33097.6
33097.6
33097.6
33097.6
33097.6
33097.6
33097.6
33097.6
33097.6
33097.6
33097.6
33097.6
33097.6
33097.6
33097.6
33097.6
33097.6
33097.6
33097.6
33097.6
33097.6
33097.6
33097.6
33097.6
33097.6
33097.6
33097.6
33097.6
33097.6
33097.6
33097.6
33097.6
33097.6
33097.6
33097.6
33097.6
34835.5
34835.5
34835.5
34835.5
34835.5
34835.5
34835.5
34835.5
34835.5
34835.5
34835.5
34835.5
34835.5
34835.5
34835.5
34835.5
34835.5
34835.5
34835.5
34835.5
34835.5
34835.5
34835.5
34835.5
34835.5
34835.5
34835.5
34835.5
34835.5
34835.5
34835.5
34835.5
34835.5
34835.5
34835.5
34835.5
35662.9
35662.9
35663
35663
35663
35662.9
35662.9
35662.9
35662.9
35662.9
35662.9
35663
35663
35663
35662.9
35662.9
35662.9
35662.9
35662.9
35662.9
35663
35663
35663
35662.9
35662.9
35662.9
35662.9
35662.9
35662.9
35663
35663
35663
35662.9
35662.9
35662.9
35662.9
35963.2
35963.2
35963.2
35963.2
35963.3
35963.2
35963.3
35963.4
35963.3
35963.2
35963.2
35963.2
35963.2
35963.3
35963.2
35963.3
35963.4
35963.3
35963.2
35963.2
35963.2
35963.2
35963.3
35963.2
35963.3
35963.3
35963.3
35963.2
35963.2
35963.2
35963.2
35963.3
35963.2
35963.3
35963.3
35963.3
36398.6
36398.6
36398.6
36398.7
36398.7
36398.7
36398.7
36398.7
36398.6
36398.6
36398.6
36398.6
36398.7
36398.7
36398.7
36398.7
36398.7
36398.6
36398.6
36398.6
36398.6
36398.7
36398.7
36398.7
36398.7
36398.7
36398.6
36398.6
36398.6
36398.6
36398.7
36398.7
36398.7
36398.7
36398.7
36398.6
36889.8
36889.8
36889.9
36889.9
36889.9
36889.8
36889.8
36889.8
36889.8
36889.8
36889.8
36889.9
36889.9
36889.9
36889.8
36889.8
36889.8
36889.8
36889.8
36889.8
36889.9
36889.9
36889.9
36889.8
36889.8
36889.8
36889.8
36889.8
36889.8
36889.9
36889.9
36889.9
36889.8
36889.8
36889.8
36889.8
41724.2
41724.1
41724.2
41724
41723.9
41724.2
41724.4
41724.5
41724.7
41724.2
41724.1
41724.2
41724
41723.9
41724.2
41724.4
41724.5
41724.7
41724.2
41724
41724.2
41724
41723.9
41724.2
41724.4
41724.5
41724.7
41724.2
41724
41724.2
41724
41723.9
41724.2
41724.4
41724.5
41724.7
39588.2
39588.3
39588.5
39588.6
39588.6
39588.7
39588.7
39588.6
39588.3
39588.2
39588.3
39588.5
39588.6
39588.6
39588.7
39588.7
39588.6
39588.3
39588.2
39588.3
39588.5
39588.6
39588.6
39588.7
39588.7
39588.6
39588.3
39588.2
39588.3
39588.5
39588.6
39588.6
39588.7
39588.7
39588.6
39588.4
39573.4
39573.5
39573.5
39573.6
39573.5
39573.5
39573.5
39573.4
39573.4
39573.4
39573.5
39573.5
39573.6
39573.5
39573.5
39573.5
39573.4
39573.5
39573.4
39573.5
39573.5
39573.6
39573.5
39573.5
39573.5
39573.4
39573.4
39573.4
39573.5
39573.5
39573.6
39573.5
39573.5
39573.5
39573.4
39573.5
67003.9
66988.4
66961.9
66988
67005.9
66972.1
66968.4
66995.5
66992.6
67004.2
66988.6
66962
66988.1
67005.9
66972.1
66968.4
66995.5
66992.5
67004.2
66988.6
66962
66988
67005.9
66972.1
66968.4
66995.4
66992.5
67004.1
66988.5
66962
66988
67005.9
66972.1
66968.4
66995.3
66992.3
52422.9
52423.2
52424.3
52424.4
52425.3
52425.3
52425
52425
52423.5
52422.8
52423.2
52424.3
52424.4
52425.3
52425.3
52425.1
52425
52423.5
52422.9
52423.2
52424.3
52424.4
52425.3
52425.3
52425.1
52425
52423.5
52422.8
52423.2
52424.2
52424.3
52425.3
52425.2
52425
52425
52423.5
39902.4
39902.4
39902.2
39902.7
39902.2
39902.3
39902.5
39902.4
39902.5
39902.4
39902.4
39902.2
39902.7
39902.2
39902.3
39902.5
39902.4
39902.5
39902.4
39902.4
39902.2
39902.7
39902.2
39902.3
39902.5
39902.4
39902.4
39902.4
39902.4
39902.2
39902.7
39902.2
39902.3
39902.5
39902.4
39902.5
)
;

boundaryField
{
    fixed
    {
        type            calculated;
        value           nonuniform List<scalar> 
108
(
37159.5
37159.5
37159.5
37159.5
37159.5
37159.5
37159.5
37159.5
37159.5
37159.5
37159.5
37159.5
37159.5
37159.5
37159.5
37159.5
37159.5
37159.5
37159.5
37159.5
37159.5
37159.5
37159.5
37159.5
37159.5
37159.5
37159.5
37159.5
37159.5
37159.5
37159.5
37159.5
37159.5
37159.5
37159.5
37159.5
37194.9
37194.9
37194.9
37194.9
37194.9
37194.9
37194.9
37194.9
37194.9
37194.9
37194.9
37194.9
37194.9
37194.9
37194.9
37194.9
37194.9
37194.9
37194.9
37194.9
37194.9
37194.9
37194.9
37194.9
37194.9
37194.9
37194.9
37194.9
37194.9
37194.9
37194.9
37194.9
37194.9
37194.9
37194.9
37194.9
37090.3
37090.3
37090.3
37090.3
37090.3
37090.3
37090.3
37090.3
37090.3
37090.3
37090.3
37090.3
37090.3
37090.3
37090.3
37090.3
37090.3
37090.3
37090.3
37090.3
37090.3
37090.3
37090.3
37090.3
37090.3
37090.3
37090.3
37090.3
37090.3
37090.3
37090.3
37090.3
37090.3
37090.3
37090.3
37090.3
)
;
    }
    inside
    {
        type            calculated;
        value           nonuniform List<scalar> 
540
(
37090.3
37090.3
37090.3
37090.3
37090.3
37090.3
37090.3
37090.3
37090.3
37090.3
37090.3
37090.3
37090.3
37090.3
37090.3
37090.3
37090.3
37090.3
37090.3
37090.3
37090.3
37090.3
37090.3
37090.3
37090.3
37090.3
37090.3
37090.3
37090.3
37090.3
37090.3
37090.3
37090.3
37090.3
37090.3
37090.3
37546.5
37546.5
37546.5
37546.5
37546.5
37546.5
37546.5
37546.5
37546.5
37546.5
37546.5
37546.5
37546.5
37546.5
37546.5
37546.5
37546.5
37546.5
37546.5
37546.5
37546.5
37546.5
37546.5
37546.5
37546.5
37546.5
37546.5
37546.5
37546.5
37546.5
37546.5
37546.5
37546.5
37546.5
37546.5
37546.5
38093.6
38093.6
38093.5
38093.5
38093.5
38093.5
38093.6
38093.6
38093.5
38093.6
38093.6
38093.5
38093.5
38093.5
38093.5
38093.6
38093.6
38093.5
38093.6
38093.6
38093.5
38093.5
38093.5
38093.5
38093.6
38093.6
38093.5
38093.6
38093.6
38093.5
38093.5
38093.5
38093.5
38093.6
38093.6
38093.5
38671.5
38671.5
38671.5
38671.5
38671.5
38671.5
38671.5
38671.5
38671.5
38671.5
38671.5
38671.5
38671.5
38671.5
38671.5
38671.5
38671.5
38671.5
38671.5
38671.5
38671.5
38671.5
38671.5
38671.5
38671.5
38671.5
38671.5
38671.5
38671.5
38671.5
38671.5
38671.5
38671.5
38671.5
38671.5
38671.5
39047.3
39047.3
39047.4
39047.3
39047.3
39047.3
39047.3
39047.4
39047.4
39047.3
39047.3
39047.4
39047.3
39047.3
39047.3
39047.3
39047.4
39047.4
39047.3
39047.3
39047.4
39047.3
39047.3
39047.3
39047.3
39047.4
39047.4
39047.3
39047.3
39047.4
39047.3
39047.3
39047.3
39047.3
39047.4
39047.4
39010.2
39010.2
39010.2
39010.2
39010.2
39010.2
39010.1
39010.2
39010.2
39010.2
39010.2
39010.2
39010.2
39010.2
39010.2
39010.1
39010.2
39010.2
39010.1
39010.2
39010.2
39010.2
39010.2
39010.2
39010.1
39010.2
39010.2
39010.2
39010.2
39010.2
39010.2
39010.2
39010.2
39010.1
39010.2
39010.2
38457
38457
38457
38457
38457
38457
38457
38457
38457
38457
38457
38457
38457
38457
38457
38457
38457
38457
38457
38457
38457
38457
38457
38457
38457
38457
38457
38457
38457
38457
38457
38457
38457
38457
38457
38457
37447.6
37447.6
37447.5
37447.5
37447.6
37447.6
37447.6
37447.6
37447.6
37447.6
37447.6
37447.5
37447.5
37447.6
37447.6
37447.6
37447.6
37447.6
37447.6
37447.6
37447.5
37447.5
37447.6
37447.6
37447.6
37447.6
37447.6
37447.6
37447.6
37447.5
37447.5
37447.6
37447.6
37447.6
37447.6
37447.6
36278.2
36278.2
36278.2
36278.2
36278.2
36278.2
36278.2
36278.2
36278.2
36278.2
36278.2
36278.2
36278.2
36278.2
36278.2
36278.2
36278.2
36278.2
36278.2
36278.2
36278.2
36278.2
36278.2
36278.2
36278.2
36278.2
36278.2
36278.2
36278.2
36278.2
36278.2
36278.2
36278.2
36278.2
36278.2
36278.2
35418
35418.1
35418.1
35418.1
35418.1
35418
35418
35418.1
35418.1
35418
35418.1
35418.1
35418.1
35418.1
35418
35418
35418.1
35418.1
35418
35418.1
35418.1
35418.1
35418.1
35418
35418
35418.1
35418.1
35418
35418.1
35418.1
35418.1
35418.1
35418
35418
35418.1
35418.1
35207.9
35208
35208
35208
35208
35208
35207.9
35207.9
35208
35207.9
35208
35208
35208
35208
35208
35207.9
35207.9
35208
35207.9
35208
35208
35208
35208
35208
35207.9
35207.9
35208
35207.9
35208
35208
35208
35208
35208
35207.9
35207.9
35208
35662.5
35662.5
35662.6
35662.6
35662.6
35662.5
35662.5
35662.5
35662.5
35662.5
35662.5
35662.6
35662.6
35662.6
35662.5
35662.5
35662.5
35662.5
35662.5
35662.5
35662.6
35662.6
35662.6
35662.5
35662.5
35662.5
35662.5
35662.5
35662.5
35662.6
35662.6
35662.6
35662.5
35662.5
35662.5
35662.5
36649.1
36649.1
36649.2
36649.2
36649.2
36649.1
36649.1
36649.1
36649.1
36649.1
36649.1
36649.2
36649.2
36649.2
36649.1
36649.1
36649.1
36649.1
36649.1
36649.1
36649.2
36649.2
36649.2
36649.1
36649.1
36649.1
36649.1
36649.1
36649.1
36649.2
36649.2
36649.2
36649.1
36649.1
36649.1
36649.1
38018.4
38018.4
38018.5
38018.5
38018.5
38018.5
38018.4
38018.4
38018.4
38018.4
38018.4
38018.5
38018.5
38018.5
38018.5
38018.4
38018.4
38018.4
38018.4
38018.4
38018.5
38018.5
38018.5
38018.5
38018.4
38018.4
38018.4
38018.4
38018.4
38018.5
38018.5
38018.5
38018.5
38018.4
38018.4
38018.4
37178.8
37178.7
37178.8
37178.7
37178.7
37178.7
37178.7
37178.7
37178.7
37178.8
37178.7
37178.8
37178.7
37178.7
37178.7
37178.7
37178.7
37178.7
37178.8
37178.7
37178.8
37178.7
37178.7
37178.7
37178.7
37178.7
37178.7
37178.8
37178.7
37178.8
37178.7
37178.7
37178.7
37178.7
37178.7
37178.7
)
;
    }
    outside
    {
        type            calculated;
        value           nonuniform List<scalar> 
540
(
37159.5
37159.5
37159.5
37159.5
37159.5
37159.5
37159.5
37159.5
37159.5
37159.5
37159.5
37159.5
37159.5
37159.5
37159.5
37159.5
37159.5
37159.5
37159.5
37159.5
37159.5
37159.5
37159.5
37159.5
37159.5
37159.5
37159.5
37159.5
37159.5
37159.5
37159.5
37159.5
37159.5
37159.5
37159.5
37159.5
37780.1
37780.1
37780.1
37780.1
37780.1
37780.1
37780.1
37780.1
37780.1
37780.1
37780.1
37780.1
37780.1
37780.1
37780.1
37780.1
37780.1
37780.1
37780.1
37780.1
37780.1
37780.1
37780.1
37780.1
37780.1
37780.1
37780.1
37780.1
37780.1
37780.1
37780.1
37780.1
37780.1
37780.1
37780.1
37780.1
38530.7
38530.7
38530.7
38530.7
38530.7
38530.7
38530.6
38530.7
38530.7
38530.7
38530.7
38530.7
38530.7
38530.7
38530.7
38530.6
38530.7
38530.7
38530.7
38530.7
38530.7
38530.7
38530.7
38530.7
38530.6
38530.7
38530.7
38530.7
38530.7
38530.7
38530.7
38530.7
38530.7
38530.6
38530.7
38530.7
39154.5
39154.4
39154.5
39154.5
39154.5
39154.5
39154.5
39154.5
39154.5
39154.5
39154.4
39154.5
39154.5
39154.5
39154.5
39154.5
39154.5
39154.5
39154.5
39154.4
39154.5
39154.5
39154.5
39154.5
39154.5
39154.5
39154.5
39154.5
39154.4
39154.5
39154.5
39154.5
39154.5
39154.5
39154.5
39154.5
39405.1
39405.1
39405.1
39405.2
39405.1
39405.1
39405.1
39405.2
39405.2
39405.1
39405.1
39405.1
39405.2
39405.1
39405.1
39405.1
39405.2
39405.2
39405.1
39405.1
39405.1
39405.2
39405.1
39405.1
39405.1
39405.2
39405.2
39405.1
39405.1
39405.1
39405.2
39405.1
39405.1
39405.1
39405.2
39405.2
39212.5
39212.5
39212.4
39212.4
39212.4
39212.5
39212.5
39212.5
39212.5
39212.5
39212.5
39212.4
39212.4
39212.4
39212.5
39212.5
39212.5
39212.5
39212.5
39212.5
39212.4
39212.4
39212.4
39212.5
39212.5
39212.5
39212.5
39212.5
39212.5
39212.4
39212.4
39212.4
39212.5
39212.5
39212.5
39212.5
38658.2
38658.2
38658.1
38658.1
38658.1
38658.2
38658.2
38658.2
38658.2
38658.2
38658.2
38658.1
38658.1
38658.1
38658.2
38658.2
38658.1
38658.2
38658.2
38658.2
38658.1
38658.1
38658.1
38658.2
38658.2
38658.2
38658.2
38658.2
38658.2
38658.1
38658.1
38658.1
38658.2
38658.2
38658.2
38658.2
37904.5
37904.5
37904.4
37904.4
37904.5
37904.5
37904.5
37904.5
37904.5
37904.5
37904.5
37904.4
37904.4
37904.5
37904.5
37904.5
37904.5
37904.5
37904.5
37904.5
37904.4
37904.4
37904.5
37904.5
37904.5
37904.5
37904.5
37904.5
37904.5
37904.4
37904.4
37904.5
37904.5
37904.5
37904.5
37904.5
37176.3
37176.3
37176.3
37176.3
37176.3
37176.2
37176.3
37176.3
37176.2
37176.3
37176.3
37176.3
37176.3
37176.3
37176.2
37176.3
37176.3
37176.2
37176.3
37176.3
37176.3
37176.3
37176.3
37176.2
37176.3
37176.3
37176.2
37176.3
37176.3
37176.3
37176.3
37176.3
37176.2
37176.3
37176.3
37176.2
36759.3
36759.2
36759.3
36759.3
36759.3
36759.2
36759.3
36759.3
36759.3
36759.3
36759.2
36759.3
36759.3
36759.3
36759.2
36759.3
36759.3
36759.3
36759.3
36759.2
36759.3
36759.3
36759.3
36759.2
36759.3
36759.3
36759.3
36759.3
36759.2
36759.3
36759.3
36759.3
36759.2
36759.3
36759.3
36759.3
36971.9
36971.9
36972
36972
36972
36972
36972
36972
36972
36971.9
36971.9
36972
36972
36972
36972
36972
36972
36972
36971.9
36971.9
36972
36972
36972
36972
36972
36972
36972
36971.9
36971.9
36972
36972
36972
36972
36972
36972
36972
38222.1
38222.2
38222.2
38222.2
38222.2
38222.2
38222.2
38222.1
38222.2
38222.1
38222.2
38222.2
38222.2
38222.2
38222.2
38222.2
38222.1
38222.2
38222.1
38222.2
38222.2
38222.2
38222.2
38222.2
38222.2
38222.1
38222.2
38222.1
38222.2
38222.2
38222.2
38222.2
38222.2
38222.2
38222.1
38222.2
41697.8
41698.1
41698.2
41698.1
41698.1
41698.2
41697.9
41697.7
41697.7
41697.8
41698.1
41698.2
41698.1
41698.1
41698.2
41697.9
41697.6
41697.7
41697.8
41698.1
41698.1
41698.1
41698.1
41698.2
41697.9
41697.7
41697.7
41697.8
41698.1
41698.1
41698.1
41698.1
41698.2
41697.9
41697.7
41697.7
55297.8
55299.8
55301.5
55300.4
55297.9
55298.6
55299.3
55296.1
55294.1
55297.8
55299.7
55301.5
55300.4
55297.9
55298.6
55299.3
55296.1
55294.1
55297.8
55299.7
55301.5
55300.4
55297.9
55298.6
55299.3
55296.1
55294.1
55297.8
55299.7
55301.5
55300.4
55297.9
55298.6
55299.3
55296.1
55294.1
538701
539132
539413
538954
538730
539214
539270
538805
538609
538699
539132
539417
538960
538737
539220
539274
538808
538612
538701
539135
539419
538962
538738
539220
539274
538808
538611
538700
539133
539416
538958
538734
539217
539272
538808
538612
)
;
    }
}


// ************************************************************************* //
