/*--------------------------------*- C++ -*----------------------------------*\
| =========                 |                                                 |
| \\      /  F ield         | OpenFOAM: The Open Source CFD Toolbox           |
|  \\    /   O peration     | Version:  2312                                  |
|   \\  /    A nd           | Website:  www.openfoam.com                      |
|    \\/     M anipulation  |                                                 |
\*---------------------------------------------------------------------------*/
FoamFile
{
    version     2.0;
    format      ascii;
    arch        "LSB;label=32;scalar=64";
    class       volScalarField;
    location    "0.7";
    object      sigmaEq;
}
// * * * * * * * * * * * * * * * * * * * * * * * * * * * * * * * * * * * * * //

dimensions      [1 -1 -2 0 0 0 0];

internalField   nonuniform List<scalar> 
1620
(
39884.1
39884.1
39884.1
39884.1
39884.1
39884.1
39884.1
39884.1
39884.1
39884.1
39884.1
39884.1
39884.1
39884.1
39884.1
39884.1
39884.1
39884.1
39884.1
39884.1
39884.1
39884.1
39884.1
39884.1
39884.1
39884.1
39884.1
39884.1
39884.1
39884.1
39884.1
39884.1
39884.1
39884.1
39884.1
39884.1
41915.7
41915.7
41915.7
41915.7
41915.6
41915.7
41915.7
41915.7
41915.7
41915.7
41915.7
41915.7
41915.7
41915.6
41915.7
41915.7
41915.7
41915.7
41915.7
41915.7
41915.7
41915.7
41915.6
41915.7
41915.7
41915.7
41915.7
41915.7
41915.7
41915.7
41915.7
41915.6
41915.7
41915.7
41915.7
41915.7
54533.3
54533.3
54533.3
54533.3
54533.3
54533.3
54533.3
54533.3
54533.3
54533.3
54533.3
54533.3
54533.3
54533.3
54533.3
54533.3
54533.3
54533.3
54533.3
54533.3
54533.3
54533.3
54533.3
54533.3
54533.3
54533.3
54533.3
54533.3
54533.3
54533.3
54533.3
54533.3
54533.3
54533.3
54533.3
54533.3
39951.8
39951.8
39951.8
39951.8
39951.8
39951.8
39951.8
39951.8
39951.8
39951.8
39951.8
39951.8
39951.8
39951.8
39951.8
39951.8
39951.8
39951.8
39951.8
39951.8
39951.8
39951.8
39951.8
39951.8
39951.8
39951.8
39951.8
39951.8
39951.8
39951.8
39951.8
39951.8
39951.8
39951.8
39951.8
39951.8
41359.5
41359.5
41359.5
41359.5
41359.5
41359.5
41359.5
41359.5
41359.5
41359.5
41359.5
41359.5
41359.5
41359.5
41359.5
41359.5
41359.5
41359.5
41359.5
41359.5
41359.5
41359.5
41359.5
41359.5
41359.5
41359.5
41359.5
41359.5
41359.5
41359.5
41359.5
41359.5
41359.5
41359.5
41359.5
41359.5
55289.6
55289.6
55289.6
55289.6
55289.6
55289.6
55289.7
55289.6
55289.6
55289.6
55289.6
55289.6
55289.6
55289.6
55289.6
55289.7
55289.6
55289.6
55289.6
55289.6
55289.6
55289.6
55289.6
55289.6
55289.7
55289.6
55289.6
55289.6
55289.6
55289.6
55289.6
55289.6
55289.6
55289.7
55289.6
55289.6
39935.4
39935.4
39935.4
39935.4
39935.4
39935.4
39935.4
39935.4
39935.4
39935.4
39935.4
39935.4
39935.4
39935.4
39935.4
39935.4
39935.4
39935.4
39935.4
39935.4
39935.4
39935.4
39935.4
39935.4
39935.4
39935.4
39935.4
39935.4
39935.4
39935.4
39935.4
39935.4
39935.4
39935.4
39935.4
39935.4
40814.8
40814.8
40814.8
40814.8
40814.8
40814.8
40814.8
40814.8
40814.8
40814.8
40814.8
40814.8
40814.8
40814.8
40814.8
40814.8
40814.8
40814.8
40814.8
40814.8
40814.8
40814.8
40814.8
40814.8
40814.8
40814.8
40814.8
40814.8
40814.8
40814.8
40814.8
40814.8
40814.8
40814.8
40814.8
40814.8
59700.6
59700.6
59700.6
59700.7
59700.6
59700.7
59700.6
59700.6
59700.6
59700.6
59700.6
59700.6
59700.7
59700.6
59700.7
59700.6
59700.6
59700.6
59700.6
59700.6
59700.6
59700.7
59700.6
59700.7
59700.6
59700.6
59700.6
59700.6
59700.6
59700.6
59700.7
59700.6
59700.7
59700.6
59700.6
59700.6
39689.4
39689.4
39689.4
39689.5
39689.4
39689.5
39689.4
39689.4
39689.4
39689.4
39689.4
39689.4
39689.5
39689.4
39689.5
39689.4
39689.4
39689.4
39689.4
39689.4
39689.5
39689.5
39689.4
39689.5
39689.4
39689.4
39689.4
39689.4
39689.4
39689.4
39689.5
39689.4
39689.5
39689.4
39689.4
39689.4
39924.1
39924.1
39924.1
39924.1
39924.1
39924.1
39924.1
39924.1
39924.1
39924.1
39924.1
39924.1
39924.1
39924.1
39924.1
39924.1
39924.1
39924.1
39924.1
39924.1
39924.1
39924.1
39924.1
39924.1
39924.1
39924.1
39924.1
39924.1
39924.1
39924.1
39924.1
39924.1
39924.1
39924.1
39924.1
39924.1
64007.2
64007.2
64007.2
64007.3
64007.2
64007.2
64007.2
64007.2
64007.3
64007.2
64007.2
64007.2
64007.3
64007.2
64007.2
64007.2
64007.2
64007.3
64007.2
64007.2
64007.2
64007.3
64007.2
64007.2
64007.2
64007.2
64007.3
64007.2
64007.2
64007.2
64007.3
64007.2
64007.2
64007.2
64007.2
64007.3
39169.8
39169.8
39169.8
39169.8
39169.9
39169.8
39169.8
39169.8
39169.8
39169.8
39169.8
39169.8
39169.8
39169.9
39169.8
39169.8
39169.8
39169.8
39169.8
39169.8
39169.8
39169.8
39169.9
39169.8
39169.8
39169.8
39169.8
39169.8
39169.8
39169.8
39169.8
39169.9
39169.8
39169.8
39169.8
39169.8
38354.8
38354.8
38354.8
38354.8
38354.8
38354.8
38354.8
38354.8
38354.8
38354.8
38354.8
38354.8
38354.8
38354.8
38354.8
38354.8
38354.8
38354.8
38354.8
38354.8
38354.8
38354.8
38354.8
38354.8
38354.8
38354.8
38354.8
38354.8
38354.8
38354.8
38354.8
38354.8
38354.8
38354.8
38354.8
38354.8
67587.7
67587.8
67587.7
67587.8
67587.7
67587.8
67587.8
67587.8
67587.8
67587.7
67587.8
67587.8
67587.8
67587.7
67587.8
67587.8
67587.8
67587.8
67587.7
67587.8
67587.8
67587.8
67587.7
67587.8
67587.8
67587.8
67587.8
67587.7
67587.8
67587.8
67587.8
67587.7
67587.8
67587.8
67587.8
67587.8
38529.8
38529.8
38529.8
38529.8
38529.8
38529.8
38529.8
38529.8
38529.8
38529.8
38529.8
38529.8
38529.8
38529.8
38529.8
38529.8
38529.8
38529.8
38529.8
38529.8
38529.8
38529.8
38529.8
38529.8
38529.8
38529.8
38529.8
38529.8
38529.8
38529.8
38529.8
38529.8
38529.8
38529.8
38529.8
38529.8
35965
35965
35964.9
35964.9
35965
35965
35964.9
35964.9
35965
35965
35965
35964.9
35964.9
35965
35965
35964.9
35964.9
35965
35965
35965
35964.9
35964.9
35965
35965
35964.9
35964.9
35965
35965
35965
35964.9
35964.9
35965
35965
35964.9
35964.9
35965
69747.5
69747.7
69747.6
69747.6
69747.5
69747.6
69747.5
69747.6
69747.6
69747.5
69747.7
69747.6
69747.6
69747.5
69747.6
69747.5
69747.6
69747.6
69747.5
69747.7
69747.6
69747.6
69747.5
69747.6
69747.5
69747.6
69747.6
69747.5
69747.7
69747.6
69747.6
69747.6
69747.6
69747.5
69747.6
69747.6
38125.5
38125.5
38125.6
38125.5
38125.6
38125.5
38125.6
38125.5
38125.5
38125.5
38125.5
38125.6
38125.5
38125.6
38125.5
38125.6
38125.5
38125.5
38125.5
38125.5
38125.6
38125.5
38125.6
38125.5
38125.6
38125.5
38125.5
38125.5
38125.5
38125.6
38125.5
38125.6
38125.5
38125.6
38125.5
38125.5
32836
32836.1
32836
32836
32836
32836
32836
32835.9
32836.1
32836
32836.1
32836
32836
32836
32836
32836
32835.9
32836.1
32836
32836.1
32836
32836
32836
32836
32836
32835.9
32836.1
32836
32836.1
32836
32836
32836
32836
32836
32835.9
32836.1
69695.5
69695.4
69695.3
69695.3
69695.3
69695.3
69695.3
69695.4
69695.4
69695.5
69695.4
69695.3
69695.3
69695.3
69695.3
69695.3
69695.4
69695.4
69695.5
69695.4
69695.3
69695.3
69695.3
69695.3
69695.3
69695.4
69695.4
69695.5
69695.4
69695.3
69695.3
69695.3
69695.3
69695.3
69695.4
69695.4
38295.2
38295.2
38295.3
38295.2
38295.2
38295.3
38295.3
38295.3
38295.2
38295.2
38295.2
38295.3
38295.2
38295.2
38295.3
38295.3
38295.3
38295.2
38295.2
38295.2
38295.3
38295.2
38295.2
38295.3
38295.3
38295.3
38295.2
38295.2
38295.2
38295.3
38295.2
38295.2
38295.3
38295.3
38295.3
38295.2
29470.3
29470.2
29470.2
29470.2
29470.2
29470.2
29470.3
29470.2
29470.2
29470.3
29470.2
29470.2
29470.2
29470.2
29470.2
29470.3
29470.2
29470.2
29470.3
29470.2
29470.2
29470.2
29470.2
29470.2
29470.3
29470.2
29470.2
29470.3
29470.2
29470.2
29470.2
29470.2
29470.2
29470.3
29470.2
29470.2
66309.7
66309.7
66309.6
66309.6
66309.6
66309.7
66309.8
66309.6
66309.7
66309.7
66309.7
66309.6
66309.6
66309.6
66309.7
66309.8
66309.6
66309.7
66309.7
66309.7
66309.6
66309.6
66309.6
66309.7
66309.8
66309.6
66309.7
66309.7
66309.7
66309.6
66309.6
66309.6
66309.7
66309.8
66309.6
66309.7
38934.4
38934.5
38934.4
38934.5
38934.5
38934.5
38934.5
38934.5
38934.4
38934.4
38934.5
38934.4
38934.5
38934.5
38934.6
38934.5
38934.5
38934.4
38934.4
38934.5
38934.4
38934.5
38934.5
38934.5
38934.5
38934.5
38934.4
38934.4
38934.5
38934.4
38934.5
38934.5
38934.5
38934.5
38934.5
38934.4
27286.7
27286.7
27286.7
27286.7
27286.7
27286.7
27286.7
27286.7
27286.7
27286.7
27286.7
27286.7
27286.7
27286.7
27286.7
27286.7
27286.7
27286.7
27286.7
27286.7
27286.7
27286.7
27286.7
27286.7
27286.7
27286.7
27286.7
27286.7
27286.7
27286.7
27286.7
27286.7
27286.7
27286.7
27286.7
27286.7
58978.2
58978.3
58978.3
58978.3
58978.1
58978.2
58978.3
58978.2
58978.3
58978.2
58978.3
58978.3
58978.3
58978.1
58978.2
58978.3
58978.2
58978.3
58978.2
58978.3
58978.3
58978.3
58978.1
58978.2
58978.3
58978.2
58978.3
58978.2
58978.3
58978.3
58978.3
58978.1
58978.2
58978.3
58978.2
58978.3
39296.6
39296.7
39296.6
39296.7
39296.7
39296.7
39296.6
39296.6
39296.6
39296.6
39296.7
39296.6
39296.7
39296.7
39296.7
39296.6
39296.6
39296.6
39296.6
39296.7
39296.6
39296.7
39296.7
39296.7
39296.6
39296.6
39296.6
39296.6
39296.7
39296.6
39296.7
39296.7
39296.7
39296.6
39296.6
39296.6
28155.8
28155.8
28155.8
28155.8
28155.8
28155.8
28155.8
28155.8
28155.8
28155.8
28155.8
28155.8
28155.8
28155.8
28155.8
28155.8
28155.8
28155.8
28155.8
28155.8
28155.8
28155.8
28155.8
28155.8
28155.8
28155.8
28155.8
28155.8
28155.8
28155.8
28155.8
28155.8
28155.8
28155.8
28155.8
28155.8
49368.7
49368.7
49368.9
49368.7
49368.7
49368.7
49368.9
49368.7
49368.8
49368.7
49368.7
49368.9
49368.7
49368.7
49368.7
49368.9
49368.7
49368.8
49368.7
49368.7
49368.9
49368.7
49368.7
49368.7
49368.9
49368.7
49368.8
49368.7
49368.7
49368.9
49368.7
49368.7
49368.7
49368.9
49368.7
49368.8
38998.3
38998.3
38998.3
38998.3
38998.3
38998.3
38998.3
38998.3
38998.3
38998.3
38998.3
38998.3
38998.3
38998.3
38998.3
38998.3
38998.3
38998.3
38998.3
38998.3
38998.3
38998.3
38998.3
38998.3
38998.3
38998.3
38998.3
38998.3
38998.3
38998.3
38998.3
38998.3
38998.3
38998.3
38998.3
38998.3
31694.9
31694.9
31694.9
31694.9
31694.9
31694.9
31694.9
31694.9
31694.9
31694.9
31694.9
31694.9
31694.9
31694.9
31694.9
31694.9
31694.9
31694.9
31694.9
31694.9
31694.9
31694.9
31694.9
31694.9
31694.9
31694.9
31694.9
31694.9
31694.9
31694.9
31694.9
31694.9
31694.9
31694.9
31694.9
31694.9
41090.8
41090.8
41090.9
41090.9
41090.9
41090.9
41090.9
41090.8
41090.8
41090.8
41090.8
41090.9
41090.9
41090.9
41090.9
41090.9
41090.8
41090.8
41090.8
41090.8
41090.9
41090.9
41090.9
41090.9
41090.9
41090.8
41090.8
41090.8
41090.8
41090.9
41090.9
41090.9
41090.9
41090.9
41090.8
41090.8
38920.4
38920.4
38920.4
38920.5
38920.5
38920.5
38920.4
38920.4
38920.4
38920.4
38920.4
38920.4
38920.5
38920.5
38920.5
38920.4
38920.4
38920.4
38920.4
38920.4
38920.4
38920.5
38920.5
38920.5
38920.4
38920.4
38920.4
38920.4
38920.4
38920.4
38920.5
38920.5
38920.5
38920.4
38920.4
38920.4
35431.2
35431.2
35431.2
35431.2
35431.2
35431.3
35431.3
35431.2
35431.2
35431.2
35431.2
35431.2
35431.2
35431.2
35431.3
35431.3
35431.2
35431.2
35431.2
35431.2
35431.2
35431.2
35431.2
35431.3
35431.3
35431.2
35431.2
35431.2
35431.2
35431.2
35431.2
35431.2
35431.3
35431.3
35431.2
35431.2
36565
36565
36565.1
36565.1
36565.1
36565.1
36565
36565
36565
36565
36565
36565.1
36565.1
36565.1
36565.1
36565
36565
36565
36565
36565
36565.1
36565.1
36565.1
36565.1
36565
36565
36565
36565
36565
36565.1
36565.1
36565.1
36565.1
36565
36565
36565
39832.8
39832.7
39832.8
39832.8
39832.8
39832.8
39832.8
39832.8
39832.8
39832.8
39832.7
39832.8
39832.8
39832.8
39832.8
39832.8
39832.8
39832.8
39832.8
39832.7
39832.8
39832.8
39832.8
39832.8
39832.8
39832.8
39832.8
39832.8
39832.7
39832.8
39832.8
39832.8
39832.8
39832.8
39832.8
39832.8
37842.1
37842.1
37842.1
37842.1
37842.2
37842.2
37842.2
37842.2
37842.1
37842.1
37842.1
37842.1
37842.1
37842.2
37842.2
37842.2
37842.2
37842.1
37842.1
37842.1
37842.1
37842.1
37842.2
37842.2
37842.2
37842.2
37842.1
37842.1
37842.1
37842.1
37842.1
37842.2
37842.2
37842.2
37842.2
37842.1
35448.1
35448.1
35448.3
35448.3
35448.3
35448.2
35448.2
35448.2
35448.2
35448.1
35448.1
35448.3
35448.3
35448.3
35448.2
35448.2
35448.2
35448.2
35448.1
35448.1
35448.3
35448.3
35448.3
35448.2
35448.2
35448.2
35448.2
35448.1
35448.1
35448.3
35448.3
35448.3
35448.2
35448.2
35448.2
35448.2
41250.7
41250.7
41250.7
41250.6
41250.7
41250.8
41250.7
41250.8
41251
41250.7
41250.7
41250.7
41250.6
41250.7
41250.8
41250.7
41250.8
41251
41250.7
41250.7
41250.7
41250.6
41250.7
41250.8
41250.7
41250.8
41251
41250.7
41250.7
41250.7
41250.6
41250.7
41250.8
41250.7
41250.8
41251
38822.9
38822.8
38822.8
38822.8
38822.9
38823
38823
38823.1
38823
38822.9
38822.8
38822.8
38822.8
38822.9
38823
38823
38823.1
38823
38822.9
38822.8
38822.8
38822.8
38822.9
38823
38823
38823.1
38823
38822.9
38822.8
38822.8
38822.8
38822.9
38823
38823
38823
38823
37558.3
37558.4
37558.4
37558.5
37558.4
37558.2
37558.2
37558.3
37558.3
37558.3
37558.4
37558.4
37558.5
37558.4
37558.2
37558.2
37558.3
37558.3
37558.3
37558.4
37558.4
37558.5
37558.4
37558.2
37558.2
37558.3
37558.3
37558.3
37558.4
37558.4
37558.5
37558.4
37558.2
37558.2
37558.3
37558.3
41388.9
41384.1
41384.8
41391.4
41387.9
41382.5
41388.2
41390.8
41387
41388.9
41384.1
41384.7
41391.4
41387.9
41382.5
41388.2
41390.7
41387
41388.9
41384.1
41384.7
41391.4
41387.9
41382.5
41388.2
41390.7
41387
41388.9
41384.1
41384.7
41391.4
41387.9
41382.5
41388.2
41390.7
41387
37965.1
37965.1
37965.1
37965
37965.1
37965.1
37965
37965
37965
37965.1
37965.1
37965.1
37965
37965.1
37965.1
37965
37965
37965
37965.1
37965.1
37965.1
37965
37965.1
37965.1
37965
37965
37965
37965.1
37965.1
37965.1
37965
37965.1
37965.1
37965
37965
37965
90319.2
90324.4
90315.2
90322.9
90320.9
90314.8
90323.4
90319.1
90320.8
90319.2
90324.4
90315.2
90323
90320.9
90314.8
90323.5
90319.1
90320.8
90319.2
90324.4
90315.2
90322.9
90320.9
90314.7
90323.4
90319.1
90320.7
90319.2
90324.4
90315.2
90323
90320.9
90314.8
90323.5
90319.1
90320.7
)
;

boundaryField
{
    fixed
    {
        type            calculated;
        value           nonuniform List<scalar> 
108
(
42147.5
42147.5
42147.5
42147.5
42147.5
42147.5
42147.5
42147.5
42147.5
42147.5
42147.5
42147.5
42147.5
42147.5
42147.5
42147.5
42147.5
42147.5
42147.5
42147.5
42147.5
42147.5
42147.5
42147.5
42147.5
42147.5
42147.5
42147.5
42147.5
42147.5
42147.5
42147.5
42147.5
42147.5
42147.5
42147.5
42865.1
42865.1
42865.1
42865.1
42865.1
42865.1
42865.1
42865.1
42865.1
42865.1
42865.1
42865.1
42865.1
42865.1
42865.1
42865.1
42865.1
42865.1
42865.1
42865.1
42865.1
42865.1
42865.1
42865.1
42865.1
42865.1
42865.1
42865.1
42865.1
42865.1
42865.1
42865.1
42865.1
42865.1
42865.1
42865.1
43690.5
43690.5
43690.5
43690.5
43690.5
43690.5
43690.5
43690.5
43690.5
43690.5
43690.5
43690.5
43690.5
43690.5
43690.5
43690.5
43690.5
43690.5
43690.5
43690.5
43690.5
43690.5
43690.5
43690.5
43690.5
43690.5
43690.5
43690.5
43690.5
43690.5
43690.5
43690.5
43690.5
43690.5
43690.5
43690.5
)
;
    }
    inside
    {
        type            calculated;
        value           nonuniform List<scalar> 
540
(
43690.5
43690.5
43690.5
43690.5
43690.5
43690.5
43690.5
43690.5
43690.5
43690.5
43690.5
43690.5
43690.5
43690.5
43690.5
43690.5
43690.5
43690.5
43690.5
43690.5
43690.5
43690.5
43690.5
43690.5
43690.5
43690.5
43690.5
43690.5
43690.5
43690.5
43690.5
43690.5
43690.5
43690.5
43690.5
43690.5
43494
43494
43494
43494
43494
43494
43494
43494
43494
43494
43494
43494
43494
43494
43494
43494
43494
43494
43494
43494
43494
43494
43494
43494
43494
43494
43494
43494
43494
43494
43494
43494
43494
43494
43494
43494
43261.6
43261.6
43261.6
43261.6
43261.6
43261.6
43261.6
43261.6
43261.6
43261.6
43261.6
43261.6
43261.6
43261.6
43261.6
43261.6
43261.6
43261.6
43261.6
43261.6
43261.6
43261.6
43261.6
43261.6
43261.6
43261.6
43261.6
43261.6
43261.6
43261.6
43261.6
43261.6
43261.6
43261.6
43261.6
43261.6
42468.6
42468.7
42468.6
42468.6
42468.6
42468.6
42468.7
42468.6
42468.7
42468.6
42468.7
42468.6
42468.6
42468.6
42468.6
42468.7
42468.6
42468.7
42468.6
42468.7
42468.6
42468.6
42468.6
42468.6
42468.7
42468.6
42468.7
42468.6
42468.7
42468.6
42468.6
42468.6
42468.6
42468.7
42468.6
42468.7
40801.5
40801.5
40801.6
40801.5
40801.5
40801.5
40801.5
40801.6
40801.6
40801.5
40801.5
40801.6
40801.5
40801.5
40801.5
40801.5
40801.6
40801.6
40801.5
40801.5
40801.6
40801.5
40801.5
40801.5
40801.5
40801.6
40801.6
40801.5
40801.5
40801.6
40801.5
40801.5
40801.5
40801.5
40801.6
40801.6
38193
38193.1
38193.1
38193.1
38193
38193
38193
38193.1
38193.1
38193
38193.1
38193.1
38193.1
38193
38193
38193
38193.1
38193.1
38193
38193.1
38193.1
38193.1
38193
38193
38193
38193.1
38193.1
38193
38193.1
38193.1
38193.1
38193
38193
38193
38193.1
38193.1
34754
34754
34753.9
34753.9
34753.9
34753.9
34753.9
34753.9
34753.9
34754
34754
34753.9
34753.9
34753.9
34753.9
34753.9
34753.9
34753.9
34754
34754
34753.9
34753.9
34753.9
34753.9
34753.9
34753.9
34753.9
34754
34754
34753.9
34753.9
34753.9
34753.9
34753.9
34753.9
34753.9
30827.3
30827.3
30827.2
30827.2
30827.2
30827.3
30827.3
30827.2
30827.2
30827.3
30827.3
30827.2
30827.2
30827.2
30827.3
30827.3
30827.2
30827.2
30827.3
30827.3
30827.2
30827.2
30827.2
30827.3
30827.3
30827.2
30827.2
30827.3
30827.3
30827.2
30827.2
30827.2
30827.3
30827.3
30827.2
30827.2
27386.6
27386.6
27386.6
27386.7
27386.6
27386.5
27386.6
27386.6
27386.6
27386.6
27386.6
27386.6
27386.7
27386.6
27386.5
27386.6
27386.6
27386.6
27386.6
27386.6
27386.6
27386.7
27386.6
27386.5
27386.6
27386.6
27386.6
27386.6
27386.6
27386.6
27386.7
27386.6
27386.5
27386.6
27386.6
27386.6
26100.9
26100.9
26100.9
26100.9
26100.9
26100.9
26100.8
26100.9
26100.9
26100.9
26100.9
26100.9
26100.9
26100.9
26100.9
26100.8
26100.9
26100.9
26100.9
26100.9
26100.9
26100.9
26100.9
26100.9
26100.8
26100.9
26100.9
26100.9
26100.9
26100.9
26100.9
26100.9
26100.9
26100.8
26100.9
26100.9
27630.2
27630.3
27630.2
27630.2
27630.2
27630.2
27630.2
27630.2
27630.2
27630.2
27630.3
27630.2
27630.2
27630.2
27630.2
27630.2
27630.2
27630.2
27630.2
27630.2
27630.2
27630.2
27630.2
27630.2
27630.2
27630.2
27630.2
27630.2
27630.2
27630.2
27630.2
27630.2
27630.2
27630.2
27630.2
27630.2
30519.2
30519.2
30519.2
30519.2
30519.2
30519.2
30519.2
30519.2
30519.2
30519.2
30519.2
30519.2
30519.2
30519.2
30519.2
30519.2
30519.2
30519.2
30519.2
30519.2
30519.2
30519.2
30519.2
30519.2
30519.2
30519.2
30519.2
30519.2
30519.2
30519.2
30519.2
30519.2
30519.2
30519.2
30519.2
30519.2
33093.3
33093.3
33093.3
33093.3
33093.3
33093.3
33093.3
33093.3
33093.3
33093.3
33093.3
33093.3
33093.3
33093.3
33093.3
33093.3
33093.3
33093.3
33093.3
33093.3
33093.3
33093.3
33093.3
33093.3
33093.3
33093.3
33093.3
33093.3
33093.3
33093.3
33093.3
33093.3
33093.3
33093.3
33093.3
33093.3
35625.5
35625.5
35625.5
35625.5
35625.5
35625.5
35625.5
35625.5
35625.5
35625.5
35625.5
35625.5
35625.5
35625.5
35625.5
35625.5
35625.5
35625.5
35625.5
35625.5
35625.5
35625.5
35625.5
35625.5
35625.5
35625.5
35625.5
35625.5
35625.5
35625.5
35625.5
35625.5
35625.5
35625.5
35625.5
35625.5
57560.1
57562
57558
57560.9
57561.8
57556.1
57562
57559.6
57560.2
57560
57562
57557.9
57560.9
57561.8
57556.1
57562
57559.6
57560.2
57560
57562
57557.9
57560.9
57561.8
57556.1
57562
57559.6
57560.2
57560
57562
57557.9
57560.9
57561.8
57556.1
57562.1
57559.6
57560.2
)
;
    }
    outside
    {
        type            calculated;
        value           nonuniform List<scalar> 
540
(
42147.5
42147.5
42147.5
42147.5
42147.5
42147.5
42147.5
42147.5
42147.5
42147.5
42147.5
42147.5
42147.5
42147.5
42147.5
42147.5
42147.5
42147.5
42147.5
42147.5
42147.5
42147.5
42147.5
42147.5
42147.5
42147.5
42147.5
42147.5
42147.5
42147.5
42147.5
42147.5
42147.5
42147.5
42147.5
42147.5
41944.4
41944.4
41944.4
41944.4
41944.4
41944.4
41944.4
41944.4
41944.4
41944.4
41944.4
41944.4
41944.4
41944.4
41944.4
41944.4
41944.4
41944.4
41944.4
41944.4
41944.4
41944.4
41944.4
41944.4
41944.4
41944.4
41944.4
41944.4
41944.4
41944.4
41944.4
41944.4
41944.4
41944.4
41944.4
41944.4
41780.7
41780.7
41780.7
41780.7
41780.7
41780.7
41780.6
41780.7
41780.7
41780.7
41780.7
41780.7
41780.7
41780.7
41780.7
41780.6
41780.6
41780.7
41780.7
41780.7
41780.7
41780.7
41780.7
41780.7
41780.6
41780.7
41780.7
41780.7
41780.7
41780.7
41780.7
41780.7
41780.7
41780.6
41780.7
41780.7
41514.1
41514.1
41514.1
41514.1
41514.1
41514.1
41514
41514.1
41514.1
41514.1
41514.1
41514.1
41514.1
41514.1
41514.1
41514
41514.1
41514.1
41514.1
41514.1
41514.1
41514.1
41514.1
41514.1
41514
41514.1
41514.1
41514.1
41514.1
41514.1
41514.1
41514.1
41514.1
41514
41514.1
41514.1
40827.3
40827.3
40827.3
40827.3
40827.3
40827.3
40827.3
40827.3
40827.3
40827.3
40827.3
40827.3
40827.3
40827.3
40827.3
40827.3
40827.3
40827.3
40827.3
40827.3
40827.3
40827.3
40827.3
40827.3
40827.3
40827.3
40827.3
40827.3
40827.3
40827.3
40827.3
40827.3
40827.3
40827.3
40827.3
40827.3
39446.6
39446.6
39446.6
39446.5
39446.6
39446.6
39446.6
39446.6
39446.6
39446.6
39446.6
39446.6
39446.5
39446.6
39446.6
39446.6
39446.6
39446.6
39446.6
39446.6
39446.6
39446.5
39446.6
39446.6
39446.6
39446.6
39446.6
39446.6
39446.6
39446.6
39446.5
39446.6
39446.6
39446.6
39446.6
39446.6
37227.5
37227.5
37227.5
37227.4
37227.5
37227.6
37227.5
37227.5
37227.5
37227.5
37227.5
37227.5
37227.4
37227.5
37227.6
37227.5
37227.5
37227.5
37227.5
37227.5
37227.5
37227.4
37227.5
37227.6
37227.5
37227.5
37227.5
37227.5
37227.5
37227.5
37227.4
37227.5
37227.6
37227.5
37227.5
37227.5
34302.8
34302.8
34302.7
34302.7
34302.8
34302.8
34302.8
34302.7
34302.7
34302.8
34302.8
34302.7
34302.7
34302.8
34302.8
34302.8
34302.7
34302.7
34302.8
34302.8
34302.7
34302.7
34302.8
34302.8
34302.8
34302.7
34302.7
34302.8
34302.8
34302.7
34302.7
34302.8
34302.8
34302.8
34302.7
34302.7
31640.8
31640.7
31640.7
31640.7
31640.7
31640.7
31640.7
31640.7
31640.6
31640.8
31640.7
31640.7
31640.7
31640.7
31640.7
31640.7
31640.7
31640.6
31640.8
31640.7
31640.7
31640.7
31640.7
31640.7
31640.7
31640.7
31640.6
31640.8
31640.7
31640.7
31640.7
31640.7
31640.7
31640.7
31640.7
31640.6
31322.9
31322.9
31322.9
31322.9
31322.9
31322.9
31322.9
31322.9
31322.9
31322.9
31322.9
31322.9
31322.9
31322.9
31322.9
31322.9
31322.9
31322.9
31322.9
31322.9
31322.9
31322.9
31322.9
31322.9
31322.9
31322.9
31322.9
31322.9
31322.9
31322.9
31322.9
31322.9
31322.9
31322.9
31322.9
31322.9
33893
33893
33893
33893
33893
33893
33893
33893
33893
33893
33893
33893
33893
33893
33893
33893
33893
33893
33893
33893
33893
33893
33893
33893
33893
33893
33893
33893
33893
33893
33893
33893
33893
33893
33893
33893
36968.9
36968.9
36968.9
36969
36969
36969
36969
36969
36969
36968.9
36968.9
36968.9
36969
36969
36969
36969
36969
36969
36968.9
36968.9
36968.9
36969
36969
36969
36969
36969
36969
36968.9
36968.9
36968.9
36969
36969
36969
36969
36969
36969
38943.3
38943.3
38943.4
38943.4
38943.5
38943.5
38943.5
38943.4
38943.4
38943.3
38943.3
38943.4
38943.4
38943.5
38943.5
38943.5
38943.4
38943.4
38943.3
38943.3
38943.4
38943.4
38943.4
38943.5
38943.5
38943.4
38943.4
38943.3
38943.3
38943.4
38943.4
38943.4
38943.5
38943.5
38943.4
38943.4
39934.8
39934.6
39934.8
39935
39934.9
39934.8
39935
39935
39934.6
39934.8
39934.6
39934.8
39935
39934.9
39934.8
39935
39935
39934.6
39934.8
39934.6
39934.8
39935
39934.9
39934.8
39935
39935
39934.6
39934.8
39934.6
39934.8
39935
39934.9
39934.8
39935
39935
39934.6
59743.1
59766.3
59772.9
59746.8
59746.4
59770
59760.4
59739
59738.7
59743
59766.3
59773.2
59747.2
59746.7
59770.3
59760.6
59739.1
59738.8
59743.1
59766.4
59773.2
59747.2
59746.7
59770.3
59760.6
59739.1
59738.8
59743
59766.3
59773.1
59747.1
59746.6
59770.2
59760.5
59739.1
59738.9
)
;
    }
}


// ************************************************************************* //
