/*--------------------------------*- C++ -*----------------------------------*\
| =========                 |                                                 |
| \\      /  F ield         | OpenFOAM: The Open Source CFD Toolbox           |
|  \\    /   O peration     | Version:  2412                                  |
|   \\  /    A nd           | Website:  www.openfoam.com                      |
|    \\/     M anipulation  |                                                 |
\*---------------------------------------------------------------------------*/
FoamFile
{
    version     2.0;
    format      ascii;
    arch        "LSB;label=32;scalar=64";
    class       volScalarField;
    location    "0.030011";
    object      Vm;
}
// * * * * * * * * * * * * * * * * * * * * * * * * * * * * * * * * * * * * * //

dimensions      [0 0 0 0 0 0 0];

internalField   nonuniform List<scalar> 
8796
(
1.93636e-05
1.92361e-05
1.89837e-05
1.86113e-05
1.81264e-05
1.75388e-05
1.68601e-05
1.61034e-05
1.52826e-05
1.44121e-05
1.35058e-05
1.25772e-05
1.16392e-05
1.0704e-05
9.78246e-06
8.88459e-06
8.01905e-06
7.19322e-06
6.413e-06
5.68277e-06
5.00552e-06
4.38291e-06
3.81529e-06
3.30191e-06
2.84112e-06
2.43058e-06
2.06744e-06
1.74851e-06
1.47038e-06
1.22952e-06
1.02238e-06
8.45422e-07
6.95225e-07
5.68538e-07
1.8958e-05
1.88335e-05
1.85869e-05
1.82232e-05
1.77495e-05
1.71754e-05
1.65121e-05
1.57722e-05
1.49691e-05
1.41168e-05
1.3229e-05
1.23191e-05
1.13999e-05
1.04832e-05
9.58002e-06
8.70007e-06
7.85194e-06
7.04285e-06
6.27864e-06
5.56359e-06
4.90056e-06
4.29106e-06
3.73539e-06
3.23281e-06
2.7817e-06
2.37976e-06
2.02423e-06
1.71197e-06
1.43967e-06
1.20386e-06
1.00106e-06
8.278e-07
6.80738e-07
5.56695e-07
1.81587e-05
1.80396e-05
1.78036e-05
1.74553e-05
1.70018e-05
1.64521e-05
1.5817e-05
1.51084e-05
1.43394e-05
1.35232e-05
1.2673e-05
1.18015e-05
1.09208e-05
1.00426e-05
9.17717e-06
8.33402e-06
7.52139e-06
6.74625e-06
6.01414e-06
5.32915e-06
4.69402e-06
4.11022e-06
3.57802e-06
3.09667e-06
2.66462e-06
2.27966e-06
1.93913e-06
1.64005e-06
1.37923e-06
1.15336e-06
9.59105e-07
7.93143e-07
6.52269e-07
5.33436e-07
1.69932e-05
1.68818e-05
1.66612e-05
1.63358e-05
1.59121e-05
1.53985e-05
1.48049e-05
1.41423e-05
1.34228e-05
1.26588e-05
1.18626e-05
1.10462e-05
1.02212e-05
9.39836e-06
8.58768e-06
7.79805e-06
7.03725e-06
6.31181e-06
5.62685e-06
4.98614e-06
4.39215e-06
3.84616e-06
3.3484e-06
2.89814e-06
2.49394e-06
2.13376e-06
1.81513e-06
1.53528e-06
1.29122e-06
1.07986e-06
8.98065e-07
7.42735e-07
6.10866e-07
4.99612e-07
1.55012e-05
1.53992e-05
1.51976e-05
1.49008e-05
1.45151e-05
1.40477e-05
1.35075e-05
1.29041e-05
1.22482e-05
1.1551e-05
1.08239e-05
1.00782e-05
9.3245e-06
8.57287e-06
7.83261e-06
7.11192e-06
6.4179e-06
5.75639e-06
5.13194e-06
4.54794e-06
4.00655e-06
3.50888e-06
3.0551e-06
2.64455e-06
2.27594e-06
1.94744e-06
1.65683e-06
1.40156e-06
1.17893e-06
9.86112e-07
8.20231e-07
6.78462e-07
5.58071e-07
4.56472e-07
1.37355e-05
1.36456e-05
1.34679e-05
1.32061e-05
1.28657e-05
1.24529e-05
1.19754e-05
1.14415e-05
1.08606e-05
1.02426e-05
9.59784e-06
8.93637e-06
8.26778e-06
7.60116e-06
6.94482e-06
6.30605e-06
5.6911e-06
5.10505e-06
4.55188e-06
4.03451e-06
3.55481e-06
3.11374e-06
2.71145e-06
2.3474e-06
2.02046e-06
1.72904e-06
1.47121e-06
1.24473e-06
1.04719e-06
8.76082e-07
7.28844e-07
6.02971e-07
4.96042e-07
4.05775e-07
1.17907e-05
1.17147e-05
1.15641e-05
1.13416e-05
1.10515e-05
1.06987e-05
1.02899e-05
9.83223e-06
9.33397e-06
8.80364e-06
8.25006e-06
7.68194e-06
7.10771e-06
6.53526e-06
5.9717e-06
5.42329e-06
4.89532e-06
4.39213e-06
3.91707e-06
3.47261e-06
3.06035e-06
2.68115e-06
2.33515e-06
2.02194e-06
1.74059e-06
1.48976e-06
1.2678e-06
1.0728e-06
9.027e-07
7.55323e-07
6.28476e-07
5.20001e-07
4.27824e-07
3.49992e-07
9.79204e-06
9.72947e-06
9.6054e-06
9.42192e-06
9.18216e-06
8.89036e-06
8.55179e-06
8.17261e-06
7.75955e-06
7.31976e-06
6.86054e-06
6.38915e-06
5.91258e-06
5.43741e-06
4.96951e-06
4.5141e-06
4.07556e-06
3.65747e-06
3.26261e-06
2.89304e-06
2.55009e-06
2.23452e-06
1.94648e-06
1.68567e-06
1.45132e-06
1.24236e-06
1.05742e-06
8.94917e-07
7.5313e-07
6.30252e-07
5.24461e-07
4.33968e-07
3.57053e-07
2.92098e-07
7.85209e-06
7.80202e-06
7.70273e-06
7.55592e-06
7.36415e-06
7.13083e-06
6.86019e-06
6.55708e-06
6.22682e-06
5.87514e-06
5.50783e-06
5.13067e-06
4.7492e-06
4.36862e-06
3.99366e-06
3.62848e-06
3.27664e-06
2.94104e-06
2.62397e-06
2.32712e-06
2.05159e-06
1.798e-06
1.5665e-06
1.35683e-06
1.16841e-06
1.00036e-06
8.51585e-07
7.20813e-07
6.06666e-07
5.07706e-07
4.22481e-07
3.49566e-07
2.87591e-07
2.35254e-07
6.07752e-06
6.03868e-06
5.96168e-06
5.84791e-06
5.69946e-06
5.51903e-06
5.30991e-06
5.07585e-06
4.82091e-06
4.54943e-06
4.26583e-06
3.97451e-06
3.67973e-06
3.3855e-06
3.09545e-06
2.81282e-06
2.54038e-06
2.28041e-06
2.03475e-06
1.80473e-06
1.59123e-06
1.39474e-06
1.21536e-06
1.05288e-06
9.06844e-07
7.76552e-07
6.61156e-07
5.59677e-07
4.71059e-07
3.94202e-07
3.27997e-07
2.7135e-07
2.23204e-07
1.82551e-07
4.54298e-06
4.5138e-06
4.45602e-06
4.37075e-06
4.25962e-06
4.1247e-06
3.96844e-06
3.79362e-06
3.60328e-06
3.4006e-06
3.18887e-06
2.97135e-06
2.7512e-06
2.53139e-06
2.31466e-06
2.1034e-06
1.89972e-06
1.70535e-06
1.52168e-06
1.34972e-06
1.19013e-06
1.04327e-06
9.09205e-07
7.87759e-07
6.78571e-07
5.8112e-07
4.94774e-07
4.18812e-07
3.52455e-07
2.94896e-07
2.45311e-07
2.02888e-07
1.66836e-07
1.36401e-07
3.29395e-06
3.27272e-06
3.23068e-06
3.16867e-06
3.08789e-06
2.98987e-06
2.8764e-06
2.7495e-06
2.61138e-06
2.46435e-06
2.31077e-06
2.15303e-06
1.99341e-06
1.83407e-06
1.67699e-06
1.5239e-06
1.37631e-06
1.23547e-06
1.10237e-06
9.77768e-07
8.62127e-07
7.55702e-07
6.5854e-07
5.70514e-07
4.91362e-07
4.20709e-07
3.58101e-07
3.03023e-07
2.54916e-07
2.13195e-07
1.77264e-07
1.46534e-07
1.20427e-07
9.8394e-08
2.35205e-06
2.33682e-06
2.30668e-06
2.26219e-06
2.20424e-06
2.13392e-06
2.05255e-06
1.9616e-06
1.86269e-06
1.75749e-06
1.6477e-06
1.53501e-06
1.42104e-06
1.30732e-06
1.19523e-06
1.08601e-06
9.80725e-07
8.8026e-07
7.85315e-07
6.96411e-07
6.13891e-07
5.37935e-07
4.68585e-07
4.0576e-07
3.49277e-07
2.98879e-07
2.5424e-07
2.14993e-07
1.80733e-07
1.51039e-07
1.25482e-07
1.03635e-07
8.50864e-08
6.94421e-08
1.72339e-06
1.71217e-06
1.68995e-06
1.65718e-06
1.61449e-06
1.56271e-06
1.5028e-06
1.43589e-06
1.36317e-06
1.28588e-06
1.20529e-06
1.12264e-06
1.03909e-06
9.55753e-07
8.73629e-07
7.93612e-07
7.16477e-07
6.42871e-07
5.73305e-07
5.08163e-07
4.47701e-07
3.9206e-07
3.41275e-07
2.95291e-07
2.53978e-07
2.17142e-07
1.84544e-07
1.55907e-07
1.30931e-07
1.093e-07
9.06983e-08
7.48104e-08
6.13331e-08
4.99782e-08
1.40884e-06
1.39963e-06
1.38139e-06
1.35449e-06
1.31945e-06
1.27697e-06
1.22784e-06
1.17299e-06
1.1134e-06
1.05011e-06
9.84132e-07
9.16488e-07
8.48133e-07
7.79958e-07
7.12779e-07
6.47323e-07
5.84223e-07
5.24008e-07
4.671e-07
4.13819e-07
3.64378e-07
3.18896e-07
2.77404e-07
2.39858e-07
2.06148e-07
1.76113e-07
1.49553e-07
1.26238e-07
1.05918e-07
8.83324e-08
7.32205e-08
6.03241e-08
4.93943e-08
4.01951e-08
0.000117414
0.000116645
0.000115116
0.000112856
0.000109909
0.000106338
0.000102213
9.76175e-05
9.26422e-05
8.73767e-05
8.19055e-05
7.63072e-05
7.0655e-05
6.50176e-05
5.9458e-05
5.40323e-05
4.87918e-05
4.37821e-05
3.90409e-05
3.45971e-05
3.04718e-05
2.66789e-05
2.32237e-05
2.0103e-05
1.7306e-05
1.48163e-05
1.26146e-05
1.06798e-05
8.99043e-06
7.52527e-06
6.26331e-06
5.18406e-06
4.26746e-06
3.4941e-06
0.000114957
0.000114202
0.000112706
0.000110498
0.000107623
0.000104139
0.000100117
9.56326e-05
9.07705e-05
8.56163e-05
8.0254e-05
7.47637e-05
6.92198e-05
6.36904e-05
5.82367e-05
5.29146e-05
4.77747e-05
4.28622e-05
3.82155e-05
3.38636e-05
2.98262e-05
2.61152e-05
2.27347e-05
1.96811e-05
1.69437e-05
1.45066e-05
1.23511e-05
1.04567e-05
8.80262e-06
7.36809e-06
6.13254e-06
5.07586e-06
4.1784e-06
3.42121e-06
0.000110067
0.000109348
0.00010792
0.000105809
0.000103059
9.97284e-05
9.58818e-05
9.1592e-05
8.69393e-05
8.20081e-05
7.68784e-05
7.16245e-05
6.63155e-05
6.10169e-05
5.57894e-05
5.06873e-05
4.57604e-05
4.10529e-05
3.66007e-05
3.2431e-05
2.85632e-05
2.50092e-05
2.1773e-05
1.88502e-05
1.62299e-05
1.38966e-05
1.18324e-05
1.00179e-05
8.43327e-06
7.05889e-06
5.87521e-06
4.86303e-06
4.00347e-06
3.27823e-06
0.000103
0.000102328
0.000100993
9.90229e-05
9.64574e-05
9.33484e-05
8.97568e-05
8.57501e-05
8.14016e-05
7.67888e-05
7.1986e-05
6.7063e-05
6.20853e-05
5.71156e-05
5.22121e-05
4.74272e-05
4.2809e-05
3.83996e-05
3.42325e-05
3.03324e-05
2.67168e-05
2.33959e-05
2.03722e-05
1.76407e-05
1.51909e-05
1.30086e-05
1.10772e-05
9.37892e-06
7.89569e-06
6.60925e-06
5.50139e-06
4.55411e-06
3.74965e-06
3.0708e-06
9.40035e-05
9.33806e-05
9.21523e-05
9.03496e-05
8.80115e-05
8.51844e-05
8.192e-05
7.82761e-05
7.43156e-05
7.01067e-05
6.57182e-05
6.12159e-05
5.66611e-05
5.21131e-05
4.76269e-05
4.32527e-05
3.90352e-05
3.50112e-05
3.12098e-05
2.76552e-05
2.43622e-05
2.13385e-05
1.85852e-05
1.6097e-05
1.38643e-05
1.18745e-05
1.01127e-05
8.56335e-06
7.20996e-06
6.03613e-06
5.02527e-06
4.16084e-06
3.42654e-06
2.80666e-06
8.33216e-05
8.2773e-05
8.16917e-05
8.01047e-05
7.80452e-05
7.55526e-05
7.26703e-05
6.94475e-05
6.5939e-05
6.22048e-05
5.83073e-05
5.4306e-05
5.02567e-05
4.6214e-05
4.22284e-05
3.83451e-05
3.46041e-05
3.10378e-05
2.76712e-05
2.45248e-05
2.16107e-05
1.89348e-05
1.64969e-05
1.42921e-05
1.23123e-05
1.05466e-05
8.98261e-06
7.60695e-06
6.40546e-06
5.36356e-06
4.46638e-06
3.69907e-06
3.04705e-06
2.49633e-06
7.15375e-05
7.10799e-05
7.01734e-05
6.88346e-05
6.70868e-05
6.496e-05
6.2492e-05
5.97269e-05
5.67132e-05
5.35023e-05
5.01469e-05
4.66994e-05
4.32115e-05
3.97318e-05
3.63038e-05
3.29666e-05
2.97534e-05
2.66926e-05
2.38052e-05
2.11068e-05
1.86068e-05
1.63094e-05
1.42145e-05
1.23181e-05
1.06135e-05
9.09233e-06
7.74445e-06
6.55879e-06
5.52339e-06
4.62571e-06
3.8528e-06
3.19169e-06
2.62967e-06
2.1547e-06
5.94645e-05
5.90894e-05
5.83448e-05
5.72419e-05
5.57974e-05
5.40347e-05
5.19856e-05
4.96876e-05
4.71817e-05
4.4511e-05
4.17194e-05
3.8851e-05
3.59497e-05
3.30563e-05
3.02067e-05
2.7434e-05
2.47666e-05
2.22266e-05
1.98307e-05
1.75906e-05
1.55136e-05
1.36028e-05
1.18586e-05
1.02781e-05
8.85653e-06
7.58736e-06
6.46276e-06
5.47373e-06
4.6103e-06
3.86184e-06
3.21736e-06
2.66589e-06
2.19679e-06
1.80011e-06
4.7726e-05
4.7424e-05
4.68245e-05
4.59375e-05
4.47772e-05
4.33629e-05
4.17202e-05
3.9878e-05
3.78685e-05
3.57277e-05
3.34916e-05
3.11952e-05
2.88729e-05
2.65559e-05
2.42742e-05
2.2054e-05
1.99174e-05
1.78817e-05
1.59602e-05
1.41622e-05
1.24937e-05
1.09574e-05
9.55384e-06
8.28123e-06
7.13624e-06
6.11403e-06
5.20836e-06
4.41196e-06
3.71669e-06
3.11386e-06
2.59454e-06
2.14991e-06
1.77154e-06
1.45152e-06
3.69654e-05
3.67297e-05
3.62622e-05
3.55715e-05
3.46699e-05
3.35725e-05
3.23004e-05
3.08758e-05
2.93232e-05
2.76705e-05
2.59446e-05
2.41722e-05
2.23794e-05
2.05908e-05
1.88289e-05
1.71133e-05
1.54605e-05
1.38841e-05
1.23947e-05
1.09999e-05
9.70483e-06
8.51196e-06
7.42194e-06
6.43371e-06
5.54476e-06
4.7513e-06
4.04837e-06
3.43016e-06
2.89022e-06
2.42173e-06
2.01784e-06
1.67184e-06
1.37734e-06
1.12827e-06
2.76488e-05
2.74712e-05
2.71198e-05
2.66009e-05
2.59248e-05
2.51043e-05
2.41541e-05
2.30913e-05
2.19343e-05
2.07025e-05
1.94158e-05
1.8094e-05
1.67566e-05
1.54217e-05
1.41055e-05
1.28226e-05
1.15855e-05
1.04045e-05
9.28811e-06
8.24243e-06
7.27152e-06
6.37755e-06
5.56107e-06
4.82122e-06
4.1559e-06
3.56204e-06
3.03575e-06
2.5726e-06
2.16774e-06
1.8162e-06
1.51296e-06
1.25314e-06
1.03201e-06
8.4508e-07
2.00781e-05
1.99489e-05
1.96932e-05
1.93162e-05
1.88252e-05
1.82296e-05
1.75404e-05
1.67697e-05
1.59306e-05
1.50372e-05
1.41035e-05
1.31442e-05
1.21732e-05
1.12037e-05
1.02475e-05
9.31517e-06
8.41578e-06
7.55703e-06
6.74519e-06
5.98493e-06
5.27931e-06
4.62996e-06
4.03719e-06
3.50023e-06
3.01737e-06
2.58622e-06
2.20391e-06
1.86725e-06
1.57284e-06
1.31717e-06
1.09668e-06
9.07852e-07
7.47246e-07
6.11554e-07
1.43815e-05
1.42887e-05
1.41051e-05
1.3834e-05
1.34809e-05
1.30523e-05
1.25565e-05
1.20022e-05
1.13992e-05
1.07577e-05
1.0088e-05
9.40032e-06
8.70452e-06
8.00996e-06
7.32514e-06
6.65756e-06
6.0138e-06
5.39935e-06
4.81861e-06
4.2749e-06
3.77037e-06
3.30608e-06
2.88219e-06
2.49809e-06
2.15258e-06
1.84402e-06
1.57043e-06
1.32958e-06
1.11909e-06
9.36434e-07
7.79051e-07
6.44384e-07
5.29931e-07
4.33288e-07
1.05731e-05
1.05044e-05
1.03686e-05
1.01682e-05
9.90696e-06
9.58994e-06
9.22307e-06
8.81317e-06
8.36763e-06
7.89412e-06
7.40038e-06
6.89397e-06
6.38209e-06
5.87149e-06
5.36833e-06
4.87804e-06
4.4054e-06
3.95439e-06
3.5282e-06
3.12915e-06
2.75876e-06
2.41784e-06
2.10653e-06
1.82445e-06
1.57078e-06
1.34438e-06
1.14381e-06
9.67432e-07
8.13457e-07
6.79994e-07
5.65112e-07
4.66892e-07
3.83472e-07
3.13086e-07
8.66041e-06
8.60395e-06
8.49211e-06
8.32701e-06
8.11191e-06
7.85102e-06
7.54931e-06
7.21243e-06
6.84646e-06
6.45773e-06
6.05263e-06
5.63739e-06
5.21791e-06
4.79967e-06
4.38763e-06
3.98621e-06
3.59925e-06
3.22995e-06
2.88089e-06
2.55398e-06
2.25052e-06
1.97119e-06
1.71619e-06
1.48524e-06
1.27771e-06
1.09264e-06
9.28863e-07
7.84984e-07
6.59496e-07
5.5081e-07
4.57317e-07
3.77431e-07
3.09626e-07
2.52462e-07
0.000812245
0.000806885
0.000796187
0.000780276
0.000759484
0.000734285
0.000705193
0.00067282
0.000637911
0.000601191
0.000563293
0.000524749
0.000485999
0.000447491
0.000409629
0.000372727
0.00033708
0.000302942
0.000270524
0.000239994
0.000211494
0.000185151
0.000161065
0.000139291
0.000119819
0.000102558
8.73539e-05
7.40331e-05
6.2416e-05
5.23304e-05
4.36196e-05
3.61444e-05
2.9777e-05
2.43953e-05
0.000795254
0.000789915
0.000779331
0.000763726
0.00074345
0.000718936
0.000690692
0.000659273
0.000625289
0.000589389
0.000552209
0.000514335
0.000476283
0.000438503
0.000401348
0.000365131
0.000330123
0.000296594
0.000264775
0.000234848
0.000206946
0.000181178
0.000157626
0.000136335
0.000117293
0.000100408
8.55309e-05
7.24911e-05
6.11167e-05
5.12411e-05
4.27115e-05
3.53907e-05
2.91537e-05
2.38837e-05
0.000760282
0.000755287
0.000745268
0.00073039
0.000711039
0.000687677
0.000660758
0.000630756
0.000598273
0.000564016
0.000528615
0.000492571
0.000456285
0.000420171
0.000384608
0.000349903
0.000316348
0.000284202
0.000253684
0.000224962
0.000198179
0.000173458
0.00015089
0.000130519
0.000112316
9.61737e-05
8.19436e-05
6.9463e-05
5.85675e-05
4.91009e-05
4.0922e-05
3.39043e-05
2.79295e-05
2.28826e-05
0.000710488
0.000705841
0.000696536
0.000682735
0.000664769
0.00064303
0.000617971
0.000590065
0.000559852
0.000527967
0.000494975
0.00046133
0.000427403
0.000393581
0.000360231
0.000327653
0.000296144
0.000265962
0.00023732
0.000210385
0.000185294
0.000162165
0.000141083
0.000122076
0.000105094
9.00246e-05
7.67289e-05
6.50558e-05
5.48555e-05
4.59872e-05
3.8324e-05
3.17506e-05
2.61567e-05
2.14334e-05
0.000647778
0.000643379
0.000634738
0.000622113
0.000605792
0.000586124
0.000563484
0.000538311
0.000511048
0.000482169
0.000452155
0.00042145
0.000390451
0.000359525
0.000328992
0.000299163
0.000270314
0.000242668
0.000216413
0.00019176
0.000168852
0.000147776
0.000128597
0.000111323
9.58878e-05
8.21808e-05
7.00734e-05
5.94289e-05
5.01165e-05
4.20152e-05
3.50147e-05
2.9011e-05
2.39032e-05
1.95919e-05
0.000573395
0.000569537
0.000561982
0.000550962
0.000536716
0.000519533
0.000499716
0.00047763
0.000453645
0.000428167
0.00040162
0.000374396
0.000346852
0.000319328
0.000292125
0.000265536
0.000239824
0.000215207
0.000191845
0.000169952
0.000149645
0.000131003
0.000114071
9.88178e-05
8.51717e-05
7.3033e-05
6.22913e-05
5.2834e-05
4.45535e-05
3.73492e-05
3.11258e-05
2.57929e-05
2.12588e-05
1.74316e-05
0.000491883
0.000488747
0.000482542
0.000473395
0.000461472
0.000446963
0.000430138
0.000411297
0.000390767
0.000368912
0.000346074
0.000322588
0.000298788
0.000274986
0.000251461
0.000228469
0.000206234
0.000184991
0.0001649
0.000146096
0.000128693
0.00011275
9.82639e-05
8.51958e-05
7.34787e-05
6.30312e-05
5.37668e-05
4.55983e-05
3.84422e-05
3.22194e-05
2.68505e-05
2.22546e-05
1.83498e-05
1.50529e-05
0.000409429
0.0004069
0.000401872
0.00039441
0.00038462
0.000372641
0.000358697
0.000343043
0.000325959
0.000307738
0.000288656
0.000268998
0.000249061
0.000229119
0.000209391
0.000190125
0.000171566
0.000153872
0.000137181
0.000121613
0.000107223
9.40281e-05
8.20175e-05
7.11563e-05
6.13921e-05
5.26658e-05
4.49159e-05
3.80802e-05
3.20965e-05
2.68999e-05
2.24222e-05
1.85929e-05
1.53387e-05
1.25878e-05
0.000329633
0.00032758
0.000323507
0.00031748
0.000309579
0.000299929
0.000288696
0.000276066
0.00026225
0.000247508
0.000232089
0.000216229
0.000200161
0.000184064
0.000168162
0.000152681
0.000137783
0.000123618
0.000110289
9.78605e-05
8.63646e-05
7.58056e-05
6.61678e-05
5.74254e-05
4.95468e-05
4.24954e-05
3.62302e-05
3.07077e-05
2.5879e-05
2.16915e-05
1.8087e-05
1.50042e-05
1.23818e-05
1.01624e-05
0.000256176
0.000254552
0.000251333
0.000246582
0.000240377
0.000232805
0.000224015
0.000214148
0.000203353
0.000191864
0.000179862
0.000167521
0.000155031
0.000142554
0.000130275
0.000118344
0.00010688
9.59784e-05
8.57062e-05
7.61085e-05
6.72096e-05
5.90148e-05
5.15172e-05
4.47038e-05
3.85584e-05
3.30602e-05
2.81802e-05
2.38852e-05
2.01354e-05
1.68851e-05
1.40854e-05
1.16874e-05
9.64455e-06
7.91383e-06
0.000191842
0.000190611
0.000188189
0.000184578
0.000179865
0.000174156
0.000167526
0.000160121
0.000152053
0.000143462
0.00013449
0.000125284
0.000115982
0.000106717
9.76021e-05
8.87355e-05
8.02002e-05
7.2065e-05
6.43816e-05
5.71852e-05
5.04974e-05
4.43287e-05
3.86821e-05
3.35541e-05
2.89354e-05
2.48086e-05
2.11517e-05
1.79363e-05
1.51283e-05
1.2691e-05
1.05877e-05
8.78327e-06
7.24466e-06
5.94112e-06
0.000139235
0.000138337
0.000136559
0.000133933
0.000130513
0.000126369
0.000121577
0.000116222
0.000110398
0.000104201
9.77331e-05
9.10936e-05
8.43819e-05
7.76885e-05
7.10931e-05
6.46644e-05
5.84602e-05
5.25311e-05
4.69188e-05
4.16552e-05
3.67621e-05
3.22522e-05
2.81308e-05
2.43962e-05
2.10391e-05
1.8044e-05
1.53902e-05
1.30541e-05
1.10107e-05
9.23413e-06
7.69943e-06
6.38246e-06
5.2602e-06
4.31057e-06
9.98363e-05
9.91921e-05
9.79167e-05
9.60355e-05
9.35862e-05
9.06164e-05
8.71823e-05
8.33461e-05
7.91754e-05
7.47418e-05
7.01156e-05
6.53657e-05
6.05585e-05
5.57572e-05
5.10192e-05
4.63946e-05
4.19279e-05
3.76569e-05
3.36135e-05
2.98248e-05
2.63083e-05
2.30734e-05
2.01225e-05
1.74512e-05
1.505e-05
1.29061e-05
1.10045e-05
9.3289e-06
7.8622e-06
6.58713e-06
5.48649e-06
4.54335e-06
3.74101e-06
3.06312e-06
7.36289e-05
7.3154e-05
7.22136e-05
7.0825e-05
6.90147e-05
6.68173e-05
6.42737e-05
6.1431e-05
5.83411e-05
5.50566e-05
5.163e-05
4.81127e-05
4.45541e-05
4.10013e-05
3.7497e-05
3.4078e-05
3.07792e-05
2.76294e-05
2.46533e-05
2.18686e-05
1.92868e-05
1.69128e-05
1.47466e-05
1.27842e-05
1.10186e-05
9.44116e-06
8.0417e-06
6.80906e-06
5.73131e-06
4.79592e-06
3.99005e-06
3.30068e-06
2.71495e-06
2.22039e-06
6.04618e-05
6.00706e-05
5.92947e-05
5.81474e-05
5.66512e-05
5.48361e-05
5.27365e-05
5.03916e-05
4.78431e-05
4.51339e-05
4.23078e-05
3.94084e-05
3.64776e-05
3.35549e-05
3.06758e-05
2.78703e-05
2.51666e-05
2.25875e-05
2.01518e-05
1.78729e-05
1.57592e-05
1.38145e-05
1.20387e-05
1.04291e-05
8.9808e-06
7.68745e-06
6.54118e-06
5.53294e-06
4.6528e-06
3.89011e-06
3.23382e-06
2.67284e-06
2.19635e-06
1.79413e-06
0.00574055
0.00570254
0.00562587
0.00551047
0.00535866
0.00517395
0.00495956
0.00471979
0.0044612
0.00419047
0.00391314
0.00363331
0.00335366
0.00307822
0.00281117
0.00255474
0.0023111
0.00208106
0.00186459
0.00166126
0.0014706
0.00129237
0.00112688
0.00097468
0.000836464
0.000713737
0.000606314
0.000513119
0.000432718
0.000363503
0.000303935
0.000252677
0.00020869
0.000171183
0.00562311
0.0055839
0.00550607
0.00539142
0.00524274
0.00506317
0.00485622
0.00462548
0.00437527
0.00411079
0.00383753
0.00356074
0.00328521
0.00301526
0.00275357
0.00250253
0.00226352
0.00203779
0.00182544
0.00162606
0.00143917
0.00126454
0.00110249
0.000953828
0.000818461
0.000698505
0.000593506
0.000502372
0.000423732
0.000356026
0.000297718
0.00024749
0.000204338
0.00016756
0.00536328
0.00532746
0.00525433
0.00514473
0.00500229
0.00483095
0.00463341
0.00441202
0.0041713
0.00391851
0.00366005
0.00339992
0.00314023
0.00288448
0.00263633
0.00239769
0.00217039
0.00195509
0.00175183
0.00156033
0.00138034
0.001212
0.00105582
0.000912343
0.00078282
0.000668329
0.000568185
0.000481266
0.00040616
0.000341341
0.000285401
0.000237177
0.000195782
0.000160516
0.00499669
0.00496362
0.00489615
0.00479499
0.00466283
0.00450271
0.00431804
0.00411187
0.0038885
0.00365453
0.00341563
0.00317528
0.00293517
0.0026984
0.00246826
0.00224643
0.00203457
0.00183324
0.00164247
0.00146224
0.00129259
0.00113392
0.000986817
0.000852029
0.000731294
0.000624755
0.0005316
0.000450685
0.000380627
0.000319997
0.000267537
0.00022225
0.000183381
0.000150301
0.00453682
0.00450412
0.00444023
0.00434716
0.00422682
0.00408194
0.00391548
0.00373158
0.00353366
0.00332528
0.00311037
0.00289281
0.0026761
0.0024632
0.00225566
0.0020552
0.00186273
0.00167847
0.00150267
0.00133611
0.00117954
0.00103339
0.000898188
0.000775251
0.000665825
0.000569438
0.00048517
0.000411818
0.000348101
0.000292768
0.000244754
0.000203243
0.000167592
0.000137321
0.0039888
0.00395994
0.0039041
0.00382335
0.0037192
0.003594
0.00345015
0.00329134
0.00312036
0.00294011
0.00275388
0.00256496
0.00237631
0.00219026
0.00200795
0.0018308
0.00165966
0.00149501
0.00133705
0.00118729
0.00104662
0.000915332
0.000794762
0.000686466
0.000590299
0.00050559
0.000431397
0.000366594
0.000310055
0.000260746
0.000217848
0.000180774
0.000149023
0.000122128
0.00339426
0.0033714
0.00332637
0.00326057
0.00317552
0.00307227
0.00295335
0.00282086
0.00267724
0.00252618
0.00237026
0.00221166
0.00205204
0.00189326
0.00173673
0.00158329
0.00143401
0.00129018
0.00115265
0.00102191
0.000898685
0.000785208
0.000682434
0.000590376
0.000508597
0.000436395
0.000372892
0.00031711
0.000268161
0.000225338
0.000188087
0.000155945
0.000128514
0.000105387
0.00280779
0.00279022
0.00275521
0.00270343
0.00263586
0.00255319
0.00245754
0.00235067
0.00223461
0.00211199
0.00198447
0.00185363
0.00172108
0.00158804
0.00145542
0.00132471
0.00119788
0.00107581
0.000958727
0.00084806
0.000745783
0.000652382
0.000567971
0.000492341
0.00042497
0.000365192
0.000312275
0.000265518
0.00022435
0.00018832
0.000157027
0.000130157
0.000107344
8.81265e-05
0.00225969
0.00224587
0.00221854
0.00217824
0.00212523
0.00206055
0.00198525
0.00190075
0.00180838
0.00170989
0.00160692
0.00150096
0.00139318
0.00128394
0.00117458
0.00106744
0.00096283
0.000861995
0.00076708
0.000678937
0.000598001
0.000524324
0.000457656
0.000397625
0.000343786
0.000295645
0.000252728
0.00021465
0.000181086
0.000151794
0.000126503
0.000104915
8.66212e-05
7.11937e-05
0.00176975
0.00175887
0.00173741
0.00170574
0.00166426
0.00161365
0.0015547
0.00148821
0.00141493
0.00133673
0.00125488
0.00117024
0.00108439
0.000996903
0.000909838
0.000824852
0.000743288
0.000666013
0.000593618
0.000526488
0.000464814
0.000408503
0.000357264
0.00031076
0.00026872
0.000230907
0.0001971
0.000167144
0.000140849
0.000118049
9.8468e-05
8.17633e-05
6.75782e-05
5.55735e-05
0.00133768
0.00132957
0.00131361
0.00128896
0.0012565
0.00121746
0.00117146
0.00112033
0.00106431
0.00100407
0.000940556
0.000874962
0.000808689
0.000742744
0.000678061
0.000615422
0.000555479
0.000498768
0.000445618
0.000396168
0.000350422
0.000308286
0.000269636
0.000234368
0.000202408
0.000173645
0.000148016
0.000125445
0.000105776
8.87638e-05
7.41337e-05
6.161e-05
5.09308e-05
4.18607e-05
0.000974628
0.000968317
0.000956038
0.000937412
0.000913091
0.00088362
0.00084948
0.000811335
0.000769858
0.000725793
0.000679897
0.000632944
0.00058569
0.000538791
0.000492832
0.000448295
0.000405525
0.000364818
0.00032637
0.000290306
0.000256691
0.000225559
0.000196941
0.00017086
0.000147319
0.000126287
0.000107685
9.13606e-05
7.7128e-05
6.47827e-05
5.41227e-05
4.49598e-05
3.71252e-05
3.04688e-05
0.000696109
0.000691507
0.000682413
0.000669035
0.000651665
0.00063065
0.0006064
0.000579361
0.000550041
0.00051902
0.000486828
0.000453933
0.000420754
0.000387707
0.000355165
0.000323436
0.000292757
0.000263329
0.00023534
0.000208994
0.000184437
0.000161753
0.000141007
0.000122233
0.000105398
9.04102e-05
7.71552e-05
6.54988e-05
5.53006e-05
4.64211e-05
3.8732e-05
3.21189e-05
2.6475e-05
2.16972e-05
0.000512446
0.00050914
0.000502594
0.000492908
0.000480293
0.000465024
0.000447381
0.000427687
0.000406333
0.000383692
0.000360107
0.000335905
0.000311403
0.000286912
0.000262698
0.000238984
0.000216002
0.000193945
0.000173036
0.000153428
0.000135237
0.000118542
0.000103353
8.9635e-05
7.73251e-05
6.6343e-05
5.66004e-05
4.80062e-05
4.04707e-05
3.39078e-05
2.82366e-05
2.33761e-05
1.92446e-05
1.57585e-05
0.000421609
0.00041892
0.000413582
0.000405658
0.000395318
0.000382798
0.000368332
0.000352179
0.000334628
0.000315948
0.000296415
0.000276315
0.000255934
0.000235559
0.000215443
0.000195761
0.000176739
0.000158538
0.000141347
0.000125291
0.000110448
9.68408e-05
8.44525e-05
7.32447e-05
6.31649e-05
5.41536e-05
4.6148e-05
3.90839e-05
3.28977e-05
2.75235e-05
2.28943e-05
1.89387e-05
1.55821e-05
1.27504e-05
0.0412293
0.0409892
0.040498
0.0397429
0.0387342
0.0374884
0.0360116
0.034319
0.0324559
0.0304695
0.0283997
0.0262701
0.0240867
0.0218949
0.0197592
0.0177125
0.0158145
0.0140919
0.01255
0.0111781
0.00995471
0.0088392
0.00780451
0.00684001
0.00593931
0.0050554
0.00426759
0.00358215
0.00299717
0.00250521
0.00209484
0.00175041
0.00145686
0.00120379
0.0405196
0.0402587
0.0397388
0.0389703
0.03797
0.0367505
0.0353263
0.0337061
0.0319053
0.0299519
0.027882
0.0257356
0.023558
0.0214018
0.0193022
0.0173047
0.0154446
0.0137673
0.012275
0.0109479
0.00975467
0.00866145
0.00764599
0.00672684
0.00581313
0.00494533
0.00417436
0.00350379
0.00293255
0.0024532
0.00205295
0.00171578
0.00142738
0.00117841
0.0387777
0.0385429
0.0380499
0.0372995
0.0363186
0.0351324
0.0337429
0.0321428
0.0303527
0.028438
0.0264575
0.0244396
0.0223851
0.0203362
0.0183555
0.016473
0.0147418
0.0131782
0.0117779
0.0105234
0.00938616
0.00833688
0.00735662
0.00644281
0.005555
0.00472199
0.0039855
0.00334798
0.00280595
0.0023505
0.00196917
0.00164669
0.0013699
0.0011305
0.0362746
0.0360557
0.0355949
0.0348901
0.0339569
0.032809
0.0314623
0.0299231
0.0282143
0.0263999
0.0245364
0.0226507
0.0207398
0.0188448
0.0170254
0.0153095
0.0137421
0.012328
0.0110542
0.00989936
0.00883791
0.00784781
0.00691974
0.00604727
0.00518011
0.00440023
0.00371474
0.00312436
0.00262395
0.00220319
0.00184892
0.00154688
0.00128601
0.00105985
0.0330351
0.0327988
0.0323379
0.031663
0.0307769
0.0296942
0.0284313
0.0270236
0.0254909
0.0238525
0.0221387
0.02039
0.0186537
0.0169784
0.0153798
0.0138958
0.0125353
0.0112928
0.0101588
0.00911019
0.00812972
0.00720637
0.00636919
0.0054975
0.0047003
0.00399148
0.00337342
0.00284352
0.0023955
0.00201791
0.00169688
0.00141993
0.00117837
0.000968801
0.0289866
0.0287642
0.028339
0.0277254
0.0269246
0.0259508
0.0248181
0.0235668
0.022214
0.0207767
0.0192831
0.0177731
0.0162923
0.0148829
0.0135494
0.0123131
0.0111693
0.0101114
0.00912029
0.00818366
0.00729764
0.00646383
0.00563985
0.00485214
0.00414526
0.00352258
0.00298393
0.00252414
0.00213465
0.00180301
0.00151702
0.00126787
0.00105055
0.00086136
0.0244085
0.02422
0.023852
0.0233227
0.0226482
0.0218214
0.0208721
0.0198077
0.0186426
0.0174386
0.0162276
0.0150343
0.0138612
0.0127353
0.0116735
0.0106703
0.00972446
0.00882764
0.00797344
0.00715918
0.00637762
0.00557004
0.00482192
0.00414513
0.0035436
0.00301838
0.00256709
0.00218187
0.00185201
0.00156677
0.00131739
0.00109856
0.000906337
0.000741335
0.0197155
0.0195712
0.0192844
0.0188667
0.0183331
0.0176752
0.0169252
0.0160932
0.0151946
0.0142793
0.0133643
0.0124623
0.0115729
0.0107044
0.00985952
0.00904009
0.00824888
0.00748883
0.00676213
0.00601988
0.00528369
0.00460069
0.00397906
0.00342379
0.00293547
0.00251184
0.00214748
0.00183304
0.0015591
0.00131809
0.00110475
0.000917472
0.000755031
0.000617979
0.0153818
0.0152778
0.0150757
0.0147839
0.014393
0.0139209
0.0133752
0.0127817
0.0121495
0.0114921
0.0108217
0.0101473
0.00947053
0.00878804
0.00810396
0.00743455
0.00678899
0.00611535
0.00543268
0.00478881
0.00419397
0.00365337
0.00316826
0.0027385
0.00236212
0.00203421
0.00174723
0.00149373
0.00126806
0.00106792
0.000890587
0.000736803
0.000606581
0.000497601
0.0118996
0.0118286
0.0116907
0.0114824
0.0112085
0.0108789
0.0104958
0.0100705
0.00960782
0.00911594
0.00860322
0.00807682
0.00754805
0.00699511
0.00642699
0.00585326
0.00526443
0.00469884
0.00416472
0.00366892
0.0032177
0.00281359
0.00245469
0.00213643
0.0018541
0.00160233
0.00137648
0.00117388
0.000991787
0.000830287
0.000690623
0.000571934
0.000472077
0.000388511
0.00913058
0.00908304
0.00898573
0.00883249
0.00862943
0.00838335
0.0080935
0.00777315
0.00742535
0.00704871
0.00664477
0.00621273
0.0057396
0.00526246
0.00478933
0.00432783
0.00388524
0.00346849
0.0030823
0.00272887
0.00240876
0.00212047
0.00186073
0.00162589
0.00141267
0.00121838
0.00104183
0.000883094
0.000742867
0.000621651
0.000518102
0.000430391
0.000356395
0.000293942
0.00685312
0.00681235
0.00675893
0.00663169
0.00646167
0.00628156
0.00603829
0.00576448
0.00546451
0.00514356
0.00480732
0.00446192
0.00411367
0.0037678
0.00343007
0.00310597
0.00279883
0.00251192
0.00224637
0.00200167
0.00177638
0.00156861
0.00137673
0.0011998
0.00103748
0.000889598
0.000756974
0.000640544
0.000539592
0.000452831
0.00037869
0.000315458
0.000261485
0.000215399
0.00493724
0.00490279
0.00483526
0.00473596
0.00460743
0.00445202
0.00427242
0.00407152
0.00385343
0.00362406
0.00338852
0.00315055
0.00291253
0.00267777
0.00244982
0.00223128
0.00202281
0.00182459
0.00163689
0.00145991
0.00129382
0.0011386
0.000994247
0.000861156
0.000740992
0.000634124
0.000540138
0.000458201
0.000387192
0.0003258
0.000272751
0.000226959
0.000187578
0.000153931
0.00358136
0.00355735
0.00350969
0.00343847
0.00334597
0.00323505
0.0031075
0.00296537
0.00281264
0.00265268
0.00248808
0.00232111
0.0021538
0.00198812
0.0018252
0.00166601
0.0015112
0.00136142
0.00121819
0.00108238
0.00095422
0.000834985
0.000726375
0.000628608
0.000541458
0.000464346
0.00039651
0.000337053
0.000285016
0.000239541
0.000199968
0.000165773
0.000136501
0.000111759
0.00292072
0.00290186
0.00286449
0.00280832
0.00273521
0.00264782
0.00254753
0.00243592
0.0023157
0.00218862
0.00205635
0.00192062
0.00178323
0.00164606
0.00151025
0.00137641
0.00124588
0.00111883
0.000997662
0.00088284
0.00077635
0.000679108
0.000591172
0.000512292
0.000441988
0.000379582
0.000324336
0.000275538
0.000232564
0.000194912
0.00016223
0.000134158
0.000110346
9.0333e-05
0.289356
0.288368
0.286337
0.283052
0.278565
0.27292
0.265972
0.257596
0.247995
0.23725
0.225402
0.21235
0.197689
0.181561
0.164413
0.146205
0.127983
0.11036
0.094224
0.080358
0.0695685
0.0610892
0.0542112
0.0481335
0.042285
0.0365873
0.0311413
0.0260767
0.0215146
0.0175699
0.0143493
0.0118393
0.00988582
0.00829326
0.286643
0.285486
0.283164
0.279721
0.275221
0.269591
0.262855
0.254876
0.245532
0.234776
0.22259
0.208975
0.193991
0.17785
0.160566
0.142523
0.124145
0.106761
0.091306
0.0783626
0.0680628
0.0599439
0.0532696
0.0472908
0.0415016
0.0358658
0.0304858
0.0254821
0.0210018
0.0171619
0.0140362
0.0115943
0.00968997
0.00812682
0.278926
0.277939
0.275689
0.272178
0.267548
0.261887
0.255022
0.246672
0.236738
0.225579
0.213393
0.200123
0.1853
0.169097
0.152126
0.134358
0.116928
0.100677
0.0863375
0.0744657
0.0650805
0.0576407
0.0513676
0.0455466
0.0398477
0.0343248
0.0290859
0.0242645
0.0199797
0.016332
0.0134016
0.011127
0.00933148
0.00783542
0.267371
0.266418
0.264235
0.260799
0.256179
0.250268
0.243095
0.234457
0.224262
0.212889
0.200553
0.187219
0.172392
0.156316
0.139747
0.122632
0.106422
0.0918107
0.0793115
0.069146
0.0610678
0.0544564
0.0485979
0.0429446
0.0374018
0.032068
0.0270546
0.0224968
0.0185076
0.015168
0.0125222
0.0104627
0.00880407
0.00739489
0.251354
0.250125
0.247728
0.24419
0.239343
0.23323
0.225761
0.21714
0.20727
0.196026
0.183366
0.1694
0.154462
0.139219
0.123371
0.108109
0.0940119
0.0815446
0.0713789
0.063168
0.0564045
0.0505118
0.0449445
0.0394733
0.0341646
0.029115
0.024439
0.0202468
0.0166648
0.0137495
0.0114579
0.00964014
0.00812715
0.00681576
0.22912
0.22779
0.225264
0.221608
0.216634
0.210368
0.202721
0.193978
0.184037
0.17279
0.160234
0.146599
0.132384
0.11827
0.104325
0.0915699
0.0802323
0.0708802
0.0632015
0.0567567
0.0510829
0.045714
0.0404068
0.0352198
0.0302525
0.0256019
0.0213863
0.0176984
0.0146341
0.0121922
0.0102625
0.00868703
0.00733194
0.0061483
0.200402
0.19899
0.196251
0.192361
0.187432
0.181102
0.173652
0.164811
0.154303
0.143128
0.131547
0.119788
0.107589
0.0957472
0.0851
0.0756529
0.0677055
0.0610089
0.05525
0.0500444
0.0449929
0.0399589
0.035014
0.0302497
0.0257515
0.0216336
0.0180252
0.014989
0.0125324
0.0105847
0.00899785
0.00764269
0.00642929
0.00530061
0.164349
0.163014
0.160375
0.156607
0.151952
0.145808
0.138796
0.130588
0.121117
0.111493
0.102002
0.0929694
0.0841217
0.07597
0.0688344
0.0625852
0.0571288
0.0521838
0.0474877
0.0427965
0.0381072
0.0334889
0.0290315
0.0248335
0.0209811
0.0175745
0.0147095
0.0123856
0.0105267
0.00899317
0.00766323
0.00649882
0.00539796
0.00440276
0.122948
0.12185
0.119803
0.117013
0.112943
0.108046
0.102161
0.0960354
0.0896705
0.0832602
0.0770296
0.0711639
0.065738
0.0607917
0.0562198
0.051892
0.0476639
0.0433807
0.0390473
0.0347419
0.0305534
0.0265577
0.0228083
0.0193812
0.0163682
0.0138412
0.0117789
0.0100961
0.00867616
0.00743282
0.00633762
0.00525952
0.00431238
0.00350898
0.087039
0.0863867
0.0852304
0.0832383
0.0805831
0.0775527
0.0740367
0.0704643
0.0668282
0.0631869
0.0596032
0.0560893
0.0526052
0.0491005
0.0455043
0.04179
0.0380002
0.0341795
0.0303755
0.0266609
0.0231458
0.0199322
0.017081
0.0146062
0.0125252
0.0108029
0.00935823
0.0081
0.00696399
0.00592208
0.0049251
0.00405596
0.00331959
0.00270965
0.0633559
0.062984
0.0622485
0.0611585
0.0597969
0.0581245
0.0562387
0.0541507
0.0518883
0.0494601
0.0468499
0.0440504
0.0410899
0.0379996
0.0348095
0.031564
0.0283167
0.025145
0.0221177
0.0192929
0.0167322
0.0144892
0.0125791
0.010968
0.00958998
0.00837486
0.00727063
0.00628875
0.00530364
0.00442217
0.00365818
0.00301252
0.00247839
0.0020415
0.0483665
0.0481164
0.047612
0.046845
0.0458236
0.0445584
0.0430553
0.0413209
0.039378
0.0372521
0.0349709
0.032564
0.0300587
0.0274791
0.0248778
0.0223226
0.0198579
0.0175568
0.0154679
0.0136145
0.0119998
0.0106
0.00937014
0.00826308
0.00724715
0.00633788
0.00540802
0.00456353
0.00381924
0.00317845
0.00263889
0.00219153
0.0018214
0.00151126
0.0359941
0.0357516
0.0352758
0.0345792
0.0336755
0.0325708
0.0312731
0.0297859
0.0281332
0.0263714
0.0245487
0.0226916
0.0208004
0.0189096
0.0170793
0.0153685
0.0137916
0.0123565
0.0110719
0.00991701
0.00886637
0.00789669
0.0069946
0.00614699
0.00529485
0.0045175
0.00382435
0.00321941
0.00270191
0.0022653
0.00189914
0.00158974
0.0013246
0.00109514
0.0260802
0.0258993
0.0255352
0.0249727
0.024238
0.0233623
0.0223476
0.0211947
0.0199539
0.0186662
0.0173559
0.0160483
0.0147693
0.0135471
0.012386
0.0112993
0.0102805
0.00932325
0.00842189
0.00757218
0.00677153
0.00597007
0.00518912
0.00447342
0.00383004
0.00326146
0.00276761
0.00234491
0.00198474
0.00167638
0.0014096
0.00117699
0.000973028
0.000796449
0.0207571
0.020612
0.0203236
0.0198693
0.0192746
0.0185835
0.0177951
0.0169093
0.015975
0.0150099
0.0140292
0.0130522
0.0120978
0.0111809
0.0102982
0.00944833
0.00862559
0.00782005
0.00705114
0.00631567
0.00555092
0.00483795
0.00418717
0.00360346
0.00308879
0.00264054
0.00225364
0.00192031
0.00163058
0.00137613
0.00115224
0.000955441
0.000784446
0.000640302
1.38215
1.38252
1.38446
1.38468
1.3848
1.38664
1.38821
1.3876
1.38805
1.38799
1.38683
1.38479
1.37584
1.35851
1.3296
1.27499
1.19172
1.06938
0.907285
0.719937
0.56346
0.440429
0.360468
0.315842
0.290768
0.265906
0.238794
0.209579
0.178368
0.145987
0.114961
0.0887677
0.0699346
0.057513
1.38513
1.3851
1.38496
1.38499
1.38659
1.38687
1.3886
1.39013
1.39092
1.39054
1.38826
1.38291
1.37252
1.35538
1.32083
1.26373
1.16608
1.03325
0.869143
0.695074
0.540952
0.425591
0.351922
0.311442
0.287645
0.262623
0.235349
0.205784
0.174518
0.142528
0.111966
0.0861798
0.0681423
0.0563513
1.38503
1.38696
1.38711
1.38681
1.38673
1.3884
1.39005
1.3906
1.38829
1.38638
1.38309
1.37801
1.36384
1.33806
1.29665
1.22319
1.11822
0.976936
0.808643
0.639
0.496805
0.396698
0.336184
0.304017
0.280499
0.255104
0.227454
0.197819
0.16648
0.134609
0.105061
0.0815046
0.0652446
0.0544154
1.38669
1.38864
1.38884
1.3888
1.39007
1.38971
1.39033
1.38988
1.38608
1.38211
1.3758
1.36622
1.34458
1.30729
1.24985
1.15495
1.02966
0.875718
0.709751
0.557452
0.439797
0.362374
0.318215
0.29349
0.269612
0.24364
0.21546
0.185476
0.154229
0.12317
0.095725
0.0750463
0.0611367
0.0515569
1.38944
1.38926
1.38911
1.3904
1.38981
1.38989
1.38753
1.38565
1.38186
1.37446
1.36099
1.33795
1.30109
1.24765
1.16104
1.0474
0.904406
0.738199
0.589195
0.468648
0.383019
0.330161
0.301608
0.278896
0.254342
0.227627
0.198872
0.16831
0.137616
0.108633
0.0846838
0.0675943
0.0562871
0.0478889
1.38895
1.38839
1.38761
1.38809
1.38615
1.38429
1.37893
1.37292
1.36299
1.34648
1.31937
1.27643
1.2125
1.12859
1.00911
0.871707
0.717222
0.580338
0.468825
0.387159
0.334509
0.304867
0.283079
0.259587
0.234151
0.206646
0.177466
0.147153
0.117855
0.0923476
0.0731074
0.0602204
0.0511679
0.0435258
1.38117
1.37957
1.37649
1.37234
1.36857
1.35999
1.34973
1.33251
1.30129
1.26106
1.20759
1.14119
1.04237
0.918541
0.788798
0.651516
0.533407
0.438483
0.369506
0.32672
0.301918
0.281159
0.258627
0.234148
0.207488
0.179019
0.149981
0.121491
0.0957565
0.0760122
0.0624063
0.052981
0.0453477
0.0381941
1.33432
1.33037
1.3225
1.31153
1.29925
1.27669
1.24929
1.209
1.14466
1.06981
0.982481
0.889649
0.775311
0.656498
0.551384
0.459005
0.390318
0.341687
0.312479
0.293138
0.273078
0.251163
0.227372
0.201766
0.174315
0.145895
0.118448
0.094034
0.0753694
0.0623703
0.0532306
0.0458006
0.0388335
0.0322361
1.15775
1.14951
1.13505
1.11924
1.08598
1.04586
0.984882
0.920139
0.845163
0.7609
0.671642
0.583637
0.502427
0.435314
0.380375
0.340153
0.31364
0.29557
0.277152
0.257185
0.235706
0.212713
0.18792
0.161555
0.134728
0.109384
0.0876577
0.0714002
0.0599966
0.0516868
0.0446063
0.0378995
0.0315627
0.0257337
0.807195
0.799066
0.78943
0.760957
0.721003
0.679154
0.623586
0.571173
0.51836
0.466761
0.419504
0.378972
0.346002
0.321504
0.304419
0.289261
0.272854
0.254844
0.234947
0.213096
0.189768
0.165565
0.141362
0.117241
0.0953297
0.0777766
0.0650988
0.055945
0.0487122
0.0420774
0.0357242
0.0297491
0.0242922
0.0195004
0.469122
0.463712
0.453214
0.438022
0.421992
0.40105
0.38063
0.360059
0.340629
0.323756
0.310082
0.298782
0.286442
0.272937
0.257967
0.241456
0.223296
0.203729
0.18284
0.160804
0.13821
0.116
0.0959519
0.0794835
0.0670228
0.0579017
0.0507448
0.0443524
0.0382114
0.0323337
0.0268374
0.0218817
0.0176169
0.0141442
0.31884
0.317567
0.315014
0.310986
0.306684
0.301552
0.295366
0.287974
0.279488
0.269888
0.259149
0.24718
0.233854
0.218876
0.202347
0.184528
0.165386
0.145604
0.125861
0.106881
0.089945
0.0760501
0.0653735
0.0572549
0.0506749
0.0447048
0.0389239
0.0333377
0.028051
0.0231875
0.0189052
0.0153197
0.0124803
0.0103043
0.265239
0.264044
0.2617
0.258251
0.253754
0.248092
0.241228
0.232944
0.223198
0.212349
0.200561
0.187795
0.173523
0.157803
0.141311
0.12479
0.108661
0.0934766
0.0805265
0.0699747
0.0616004
0.0548655
0.049068
0.0435991
0.0382509
0.033059
0.0281144
0.0235244
0.0194206
0.0159017
0.0130564
0.0108402
0.00909713
0.0076588
0.211501
0.210405
0.208149
0.204381
0.199319
0.193226
0.185834
0.176812
0.166618
0.155563
0.143689
0.131154
0.118227
0.105686
0.0935333
0.0826432
0.0731242
0.0651858
0.058549
0.0528893
0.0476959
0.042632
0.0376444
0.0327943
0.0281622
0.0238267
0.0199007
0.0165029
0.0136854
0.0114407
0.00965527
0.00818081
0.00689483
0.00574329
0.173434
0.172354
0.170182
0.166367
0.161124
0.155107
0.148058
0.139494
0.130212
0.120382
0.110127
0.0998076
0.0899281
0.08105
0.0730427
0.0660645
0.0600753
0.054724
0.0497693
0.0449405
0.0401288
0.0353839
0.0307816
0.0264185
0.022397
0.0187915
0.01569
0.0131487
0.011105
0.00944242
0.00803258
0.00681195
0.00565463
0.00460636
1.3609
1.36103
1.36145
1.36279
1.36343
1.36495
1.36626
1.36631
1.36716
1.36811
1.36913
1.37074
1.37042
1.36923
1.36854
1.36688
1.36341
1.3612
1.36003
1.36029
1.36275
1.36707
1.37388
1.37911
1.38326
1.3868
1.38455
1.37469
1.34378
1.2636
1.10224
0.848899
0.584487
0.403693
1.36163
1.36282
1.36318
1.36353
1.36476
1.36533
1.36684
1.36834
1.36961
1.37053
1.37093
1.37076
1.37007
1.3698
1.36776
1.36603
1.36344
1.35989
1.35882
1.36008
1.36472
1.36929
1.37437
1.37947
1.38502
1.38683
1.38505
1.37145
1.33765
1.25624
1.08606
0.814681
0.554343
0.387733
1.36275
1.3629
1.36323
1.36443
1.36494
1.3664
1.36766
1.36762
1.36809
1.36866
1.36932
1.37048
1.36965
1.36794
1.36679
1.36484
1.36143
1.35978
1.35961
1.36113
1.36445
1.36936
1.37634
1.38127
1.38466
1.38681
1.38175
1.3662
1.3231
1.21746
1.02162
0.753793
0.512765
0.367296
1.36441
1.36477
1.36598
1.36621
1.3664
1.36766
1.369
1.36967
1.36888
1.36911
1.37039
1.37017
1.36894
1.36788
1.36522
1.36284
1.35972
1.35895
1.35988
1.36246
1.36651
1.37178
1.37873
1.38309
1.38544
1.38566
1.37666
1.35309
1.29332
1.15617
0.928129
0.660566
0.452041
0.339837
1.36766
1.36746
1.36718
1.36709
1.3679
1.36788
1.3687
1.36955
1.36997
1.36983
1.36906
1.36778
1.36709
1.36498
1.36325
1.36062
1.36001
1.36084
1.36333
1.36713
1.37179
1.37672
1.38114
1.3844
1.38663
1.38175
1.36647
1.32376
1.2327
1.05644
0.79964
0.545537
0.386385
0.313857
1.36926
1.36897
1.36853
1.36821
1.36878
1.36839
1.3688
1.36918
1.36906
1.3683
1.36686
1.36496
1.36391
1.36183
1.3608
1.35937
1.36031
1.36313
1.36718
1.37198
1.37699
1.38154
1.38487
1.38625
1.38494
1.37284
1.34301
1.26969
1.12627
0.895543
0.629918
0.437346
0.336009
0.294468
1.36828
1.36836
1.36918
1.36861
1.36792
1.36818
1.36843
1.36772
1.36491
1.36334
1.36325
1.36178
1.35961
1.35797
1.35896
1.36089
1.3625
1.36656
1.37156
1.37669
1.38124
1.38457
1.38599
1.38481
1.37277
1.34269
1.28039
1.15255
0.930288
0.675077
0.469088
0.350792
0.301981
0.271544
1.36596
1.36709
1.36672
1.36586
1.36592
1.36452
1.36402
1.36294
1.35984
1.35854
1.35927
1.3591
1.35908
1.36107
1.36277
1.36634
1.36926
1.37406
1.37898
1.3832
1.38603
1.38646
1.38246
1.37086
1.33728
1.26471
1.1296
0.908427
0.663745
0.467889
0.353168
0.303992
0.274594
0.243392
1.35982
1.35993
1.36097
1.3604
1.35917
1.35894
1.35725
1.35704
1.35724
1.35772
1.35863
1.36032
1.36396
1.36686
1.37126
1.37448
1.37902
1.38294
1.38409
1.38502
1.38351
1.37788
1.35795
1.31226
1.21988
1.06285
0.833573
0.604724
0.43287
0.339349
0.298744
0.270228
0.23973
0.206655
1.35686
1.35851
1.35874
1.35854
1.35949
1.35928
1.36003
1.35986
1.36146
1.36366
1.36647
1.37097
1.37401
1.37692
1.38103
1.38329
1.38616
1.3875
1.3851
1.37484
1.35609
1.31946
1.25215
1.12254
0.923312
0.694742
0.506062
0.381019
0.318435
0.288319
0.260327
0.230132
0.197624
0.163279
1.36357
1.36363
1.36399
1.36583
1.36651
1.36838
1.36906
1.37126
1.37386
1.37644
1.37883
1.38097
1.38296
1.38579
1.38595
1.38543
1.37985
1.37048
1.35109
1.31235
1.2392
1.11352
0.931234
0.720934
0.533315
0.405221
0.332226
0.298035
0.271847
0.243817
0.21333
0.180862
0.147407
0.11476
1.37663
1.37701
1.37893
1.37929
1.37958
1.38164
1.38353
1.38358
1.38483
1.38602
1.38668
1.38667
1.38651
1.3814
1.37113
1.35471
1.32152
1.26741
1.17809
1.0419
0.863669
0.673503
0.510832
0.397727
0.332284
0.299968
0.275348
0.249166
0.220774
0.190125
0.158195
0.126409
0.0973391
0.0748585
1.39005
1.38982
1.38943
1.38899
1.38996
1.38924
1.38951
1.38846
1.38412
1.37982
1.37356
1.3648
1.34494
1.30987
1.25322
1.17387
1.05932
0.901227
0.734824
0.579489
0.455182
0.370803
0.322002
0.29599
0.272955
0.248348
0.221702
0.192957
0.162719
0.131877
0.103184
0.0800797
0.0639904
0.053346
1.38557
1.38541
1.38631
1.38377
1.3797
1.37626
1.36971
1.35555
1.33734
1.3106
1.27042
1.21146
1.13009
1.03145
0.901642
0.764681
0.623363
0.504461
0.411509
0.351319
0.315172
0.292988
0.271318
0.248069
0.222932
0.195636
0.166652
0.137485
0.109375
0.0858497
0.0686438
0.0570084
0.0485648
0.0411986
1.35655
1.35543
1.35448
1.34616
1.33315
1.31956
1.29845
1.2608
1.21454
1.15333
1.07217
0.970026
0.852643
0.736954
0.616801
0.510258
0.428814
0.368043
0.327448
0.303506
0.283644
0.262103
0.238656
0.213369
0.186425
0.157904
0.129244
0.103015
0.0816506
0.0664703
0.0559695
0.0479666
0.0407199
0.0338746
1.27704
1.27725
1.27784
1.27924
1.28035
1.28207
1.28347
1.28562
1.28818
1.29111
1.29447
1.2987
1.30254
1.30706
1.31127
1.31639
1.32189
1.32763
1.33345
1.33928
1.34506
1.35076
1.35656
1.36288
1.368
1.37325
1.37719
1.37834
1.37815
1.37559
1.37169
1.36913
1.37044
1.37537
1.27746
1.27791
1.2791
1.27993
1.28096
1.28291
1.28521
1.2876
1.28971
1.29319
1.29638
1.29958
1.30312
1.30777
1.3126
1.317
1.32224
1.32783
1.33364
1.33951
1.34542
1.35138
1.35802
1.36367
1.36941
1.37351
1.37726
1.37901
1.37743
1.37452
1.37052
1.36793
1.36962
1.3749
1.27974
1.27994
1.28053
1.28192
1.28305
1.28481
1.28627
1.28843
1.29107
1.29425
1.2983
1.30186
1.30546
1.30992
1.31413
1.31924
1.32474
1.33048
1.3363
1.34209
1.3478
1.3534
1.35904
1.36509
1.36984
1.37461
1.37794
1.3783
1.37724
1.374
1.37028
1.36899
1.37179
1.37751
1.28263
1.28283
1.2834
1.28478
1.28597
1.28793
1.29001
1.29162
1.29403
1.29713
1.30121
1.30474
1.30837
1.31286
1.31703
1.32216
1.32764
1.33336
1.33916
1.34492
1.35064
1.35639
1.36266
1.3675
1.37157
1.37569
1.37828
1.37773
1.37581
1.37211
1.36904
1.36929
1.37345
1.37966
1.28786
1.28792
1.28815
1.28876
1.29027
1.29156
1.29376
1.29632
1.29906
1.30191
1.30495
1.30835
1.31274
1.31684
1.32184
1.32696
1.33146
1.33684
1.34249
1.34817
1.35394
1.36031
1.36531
1.3696
1.37396
1.37627
1.3778
1.3769
1.37264
1.36881
1.36714
1.36932
1.37484
1.38117
1.29338
1.29346
1.29369
1.29426
1.29575
1.29702
1.29925
1.30184
1.3046
1.30748
1.31053
1.31396
1.31841
1.32255
1.32761
1.33276
1.33724
1.34256
1.34807
1.35353
1.35897
1.3649
1.36935
1.37296
1.37641
1.37747
1.3776
1.37533
1.37037
1.36755
1.36835
1.37301
1.37947
1.38493
1.29936
1.29978
1.30103
1.30176
1.30269
1.30464
1.30682
1.30846
1.31091
1.31406
1.31821
1.32176
1.32543
1.32998
1.33425
1.33945
1.34488
1.35037
1.35571
1.36073
1.36533
1.36937
1.37288
1.37639
1.37747
1.37741
1.37456
1.3714
1.3683
1.36686
1.37059
1.3769
1.38298
1.38602
1.3097
1.30993
1.31032
1.31097
1.31255
1.31387
1.31615
1.31871
1.32142
1.32436
1.3275
1.33075
1.33432
1.33888
1.34294
1.34793
1.35304
1.35813
1.36296
1.36733
1.37109
1.37405
1.37619
1.3779
1.37643
1.37291
1.36977
1.36735
1.36652
1.37048
1.37696
1.38338
1.38721
1.38533
1.31912
1.31958
1.32097
1.3217
1.32262
1.3246
1.32678
1.32841
1.33094
1.33386
1.33719
1.34148
1.34531
1.34978
1.35349
1.35768
1.36105
1.36499
1.36862
1.37175
1.37419
1.37588
1.37701
1.37502
1.37115
1.36817
1.36546
1.36734
1.37206
1.37675
1.38249
1.38585
1.38342
1.3683
1.33318
1.33334
1.33362
1.33423
1.33586
1.33711
1.33935
1.34191
1.34466
1.34746
1.3503
1.35322
1.35626
1.36017
1.36334
1.36718
1.37077
1.37358
1.3745
1.37531
1.37549
1.37556
1.37316
1.36923
1.36584
1.36625
1.36861
1.37453
1.38095
1.3843
1.38595
1.38127
1.36215
1.31106
1.34746
1.34749
1.34767
1.34829
1.34987
1.35101
1.35308
1.35556
1.3581
1.36056
1.36288
1.3651
1.36741
1.37052
1.37246
1.37465
1.37524
1.376
1.37593
1.37457
1.37189
1.36858
1.36611
1.36693
1.36875
1.37259
1.37875
1.38294
1.38634
1.38476
1.37151
1.33992
1.26555
1.10493
1.3607
1.36078
1.36118
1.36253
1.36332
1.36479
1.36562
1.36728
1.36908
1.37078
1.37229
1.37357
1.37471
1.37628
1.37633
1.37658
1.37561
1.37246
1.36976
1.36731
1.36578
1.36601
1.36831
1.37259
1.37901
1.38345
1.3873
1.38568
1.37784
1.35237
1.29756
1.17878
0.958171
0.67422
1.3735
1.37337
1.37317
1.37319
1.37426
1.37447
1.37553
1.37621
1.37541
1.37547
1.37589
1.37707
1.37618
1.37424
1.37266
1.36986
1.36826
1.36684
1.36539
1.36698
1.37037
1.37483
1.37985
1.38574
1.3882
1.38703
1.38097
1.35986
1.31268
1.20516
1.01119
0.746441
0.505873
0.361086
1.37829
1.37805
1.37765
1.37718
1.3776
1.37702
1.37714
1.37653
1.37423
1.37273
1.37141
1.371
1.36899
1.36715
1.36687
1.36626
1.36781
1.36927
1.37315
1.37803
1.38291
1.38703
1.38969
1.38991
1.38615
1.36842
1.32616
1.23873
1.06486
0.820316
0.573939
0.402863
0.320846
0.285484
1.37581
1.3755
1.3749
1.37394
1.37387
1.37275
1.37255
1.37188
1.37089
1.36964
1.36813
1.3666
1.36537
1.36527
1.36752
1.36941
1.37369
1.37832
1.3815
1.38596
1.38989
1.39223
1.39151
1.38481
1.36641
1.31508
1.20352
1.01401
0.758047
0.532266
0.3847
0.316252
0.284171
0.253051
1.19534
1.19549
1.19586
1.19661
1.19801
1.19966
1.20118
1.20326
1.20575
1.20864
1.21212
1.21549
1.21903
1.22317
1.22731
1.23214
1.23735
1.24285
1.24859
1.25463
1.26131
1.26765
1.27412
1.28133
1.28829
1.29602
1.30401
1.31179
1.3189
1.32685
1.33531
1.34424
1.35399
1.36245
1.19572
1.19593
1.19646
1.19755
1.19874
1.20052
1.2026
1.20491
1.20741
1.21015
1.21311
1.21638
1.22027
1.22423
1.22879
1.23354
1.23818
1.24366
1.24996
1.25603
1.26215
1.26848
1.27553
1.28234
1.2897
1.29675
1.30457
1.3126
1.32067
1.32896
1.33743
1.34604
1.35455
1.36264
1.19773
1.19789
1.19826
1.19903
1.20044
1.20211
1.20363
1.20572
1.20819
1.21098
1.21419
1.21796
1.22174
1.22616
1.23078
1.23519
1.24022
1.24563
1.25134
1.25739
1.26409
1.27043
1.27692
1.28415
1.29112
1.29882
1.30677
1.31453
1.32163
1.32961
1.33808
1.34698
1.35662
1.3649
1.20024
1.20042
1.20082
1.20161
1.20305
1.20473
1.20629
1.20839
1.2109
1.21385
1.21744
1.22088
1.22454
1.22892
1.23354
1.23797
1.24305
1.24848
1.25417
1.26021
1.26695
1.27337
1.27995
1.28735
1.2949
1.30197
1.30965
1.31732
1.32439
1.3324
1.34089
1.34975
1.35925
1.36726
1.20363
1.20401
1.20494
1.20588
1.20731
1.2087
1.21069
1.21303
1.21557
1.21829
1.22123
1.22453
1.22855
1.23258
1.23734
1.24247
1.24781
1.25333
1.25902
1.2649
1.2711
1.27797
1.28444
1.29103
1.29853
1.30612
1.31321
1.32105
1.32917
1.33758
1.34609
1.35446
1.36242
1.36961
1.20904
1.20973
1.21035
1.21116
1.21255
1.21394
1.21598
1.21836
1.22092
1.22366
1.22661
1.22993
1.23399
1.23803
1.24281
1.24797
1.25334
1.25889
1.26456
1.27037
1.27635
1.28265
1.28963
1.2963
1.3036
1.31054
1.31831
1.3264
1.3347
1.34317
1.35163
1.3598
1.36738
1.374
1.2157
1.216
1.21667
1.21792
1.21917
1.22105
1.22324
1.22549
1.22771
1.23095
1.23418
1.2376
1.24168
1.24565
1.25016
1.25457
1.25967
1.26514
1.27087
1.27693
1.28369
1.28998
1.29636
1.3035
1.31026
1.31783
1.32551
1.3327
1.34076
1.34903
1.3572
1.3649
1.37177
1.37744
1.22408
1.22453
1.22566
1.22672
1.22826
1.22974
1.23189
1.23437
1.23701
1.23984
1.24284
1.2462
1.25028
1.25433
1.25902
1.26386
1.26841
1.27366
1.27929
1.28532
1.29208
1.29833
1.30465
1.31174
1.31836
1.32566
1.33268
1.34064
1.34884
1.35702
1.36481
1.37186
1.37779
1.38211
1.23456
1.23502
1.23618
1.23709
1.2382
1.24011
1.24242
1.24494
1.24764
1.25048
1.25348
1.25675
1.26039
1.26489
1.2696
1.27395
1.27891
1.28424
1.28976
1.29541
1.30126
1.30746
1.31446
1.32104
1.32831
1.33521
1.34294
1.35073
1.35747
1.36462
1.37138
1.37718
1.38145
1.38356
1.24784
1.24806
1.24866
1.24996
1.25113
1.25283
1.2544
1.25669
1.25937
1.26231
1.26558
1.26952
1.27311
1.27692
1.28156
1.28635
1.29068
1.29574
1.30109
1.30671
1.31276
1.31969
1.32606
1.33244
1.33969
1.34654
1.35411
1.36144
1.3674
1.37345
1.37871
1.38253
1.38421
1.38308
1.26198
1.26217
1.26273
1.26405
1.26522
1.2669
1.26843
1.27076
1.27346
1.27638
1.27961
1.28356
1.28709
1.29084
1.29546
1.30024
1.30443
1.30942
1.31476
1.32035
1.32619
1.33244
1.33953
1.34593
1.35222
1.35911
1.36513
1.37147
1.37717
1.38133
1.38262
1.38271
1.38043
1.37609
1.27825
1.2784
1.27874
1.27946
1.28096
1.2823
1.28444
1.28697
1.28965
1.29245
1.29536
1.29841
1.30179
1.30609
1.31011
1.31501
1.32013
1.32514
1.32957
1.33496
1.34097
1.34793
1.35412
1.36011
1.36662
1.37194
1.37723
1.38058
1.38323
1.38295
1.38142
1.37806
1.3743
1.37323
1.29365
1.29462
1.29519
1.29592
1.29747
1.29871
1.30075
1.30292
1.3046
1.30733
1.31115
1.31456
1.31806
1.32242
1.32638
1.33106
1.33535
1.34049
1.34588
1.3514
1.35689
1.3623
1.36766
1.37354
1.37773
1.38086
1.38369
1.38389
1.383
1.3797
1.37441
1.37264
1.37506
1.38038
1.30866
1.30893
1.30949
1.31088
1.31199
1.3137
1.3151
1.31731
1.31973
1.32248
1.32551
1.32877
1.33228
1.33676
1.34089
1.34583
1.35081
1.35495
1.35986
1.36489
1.36971
1.37419
1.37836
1.3826
1.38459
1.38476
1.38388
1.38019
1.37664
1.37464
1.37452
1.37922
1.38555
1.39046
1.31742
1.31855
1.31917
1.31994
1.32158
1.32285
1.325
1.32723
1.32885
1.33146
1.33474
1.33905
1.34264
1.34633
1.35095
1.35499
1.35989
1.36458
1.36812
1.37233
1.37643
1.3802
1.38407
1.38563
1.38532
1.38381
1.37942
1.37599
1.37345
1.37573
1.3795
1.38584
1.39108
1.39231
1.13238
1.13275
1.13312
1.13365
1.13453
1.13549
1.13679
1.13836
1.14015
1.14218
1.14449
1.14718
1.14999
1.15326
1.15687
1.16075
1.16484
1.16912
1.17362
1.17837
1.18351
1.18922
1.19507
1.20156
1.20833
1.21507
1.22243
1.23015
1.23814
1.24644
1.25508
1.26417
1.27397
1.13308
1.13323
1.13352
1.13406
1.135
1.13614
1.13734
1.13891
1.14082
1.14312
1.14544
1.14794
1.15084
1.15387
1.15738
1.16119
1.16523
1.16954
1.17412
1.17902
1.18448
1.19007
1.19616
1.20235
1.20918
1.21634
1.22368
1.23088
1.23872
1.24703
1.25583
1.26534
1.2745
1.13405
1.13442
1.1348
1.13535
1.13624
1.13722
1.13854
1.14015
1.14202
1.14418
1.14672
1.14928
1.15207
1.15535
1.15899
1.16286
1.16696
1.17127
1.1758
1.18059
1.18578
1.19156
1.19748
1.20403
1.21087
1.21765
1.22507
1.23283
1.24086
1.24915
1.2577
1.26653
1.2757
1.13578
1.13618
1.1366
1.13718
1.13811
1.13911
1.14047
1.14212
1.14401
1.14619
1.14881
1.15148
1.15447
1.15757
1.16113
1.16499
1.16912
1.17347
1.17805
1.18291
1.18815
1.194
1.19998
1.20661
1.21353
1.22035
1.22781
1.23565
1.24372
1.25207
1.26063
1.26942
1.27856
1.1385
1.13872
1.13919
1.14
1.14091
1.14219
1.14375
1.14549
1.14738
1.14944
1.15177
1.15453
1.15738
1.16059
1.16392
1.16775
1.17193
1.17639
1.18121
1.18655
1.1919
1.19753
1.20374
1.21006
1.21711
1.22456
1.23226
1.24009
1.24788
1.2568
1.26561
1.2744
1.28322
1.14229
1.14257
1.1432
1.14385
1.1447
1.14599
1.14758
1.14934
1.15126
1.15337
1.15574
1.15854
1.16145
1.16473
1.16811
1.17202
1.17629
1.18085
1.18576
1.19121
1.19663
1.20233
1.20865
1.21506
1.22215
1.22963
1.23726
1.24466
1.25269
1.26111
1.26979
1.27878
1.2884
1.14735
1.14756
1.14805
1.14893
1.14988
1.15122
1.15273
1.15424
1.1562
1.15867
1.16116
1.16387
1.16702
1.17026
1.17398
1.17804
1.18241
1.18702
1.19189
1.19704
1.20258
1.20869
1.21485
1.22158
1.22835
1.23587
1.24379
1.25192
1.2603
1.26884
1.27746
1.28609
1.29474
1.15342
1.15377
1.15458
1.15542
1.15656
1.15773
1.15932
1.16117
1.16323
1.16549
1.16804
1.17107
1.17417
1.17766
1.18123
1.18533
1.18975
1.19446
1.19946
1.20484
1.21084
1.21676
1.22287
1.22963
1.23643
1.24401
1.25197
1.26023
1.26869
1.27729
1.28592
1.29453
1.30309
1.16134
1.16171
1.16257
1.16344
1.16462
1.16585
1.16753
1.16947
1.17163
1.17401
1.17667
1.17981
1.18301
1.18664
1.19031
1.1945
1.19906
1.20391
1.20899
1.21435
1.22011
1.22646
1.23271
1.23923
1.24651
1.25405
1.26136
1.26933
1.27759
1.28604
1.29455
1.30308
1.31164
1.17149
1.17174
1.17232
1.17335
1.17441
1.17589
1.17756
1.17923
1.18148
1.18431
1.18714
1.19019
1.19368
1.19716
1.20107
1.20499
1.20947
1.21439
1.21968
1.2254
1.23178
1.23803
1.24441
1.25142
1.25838
1.26598
1.2737
1.28106
1.28907
1.29738
1.30579
1.31418
1.32255
1.18308
1.18344
1.18433
1.18525
1.18654
1.18785
1.18964
1.19174
1.19409
1.19664
1.1994
1.20248
1.20611
1.20979
1.21403
1.21843
1.22269
1.22762
1.23302
1.23886
1.24539
1.25172
1.25824
1.26533
1.2722
1.27965
1.2868
1.29467
1.3029
1.31122
1.31949
1.32775
1.33601
1.19697
1.19734
1.19823
1.19901
1.20005
1.20172
1.2038
1.20612
1.2086
1.21121
1.21395
1.2169
1.22027
1.22443
1.22885
1.23315
1.23806
1.24332
1.24878
1.25447
1.26043
1.26672
1.27366
1.28026
1.28698
1.29453
1.30217
1.30922
1.317
1.32505
1.33325
1.34153
1.34985
1.21203
1.21277
1.21341
1.21419
1.21553
1.2169
1.21891
1.22123
1.2237
1.2264
1.22933
1.23243
1.23587
1.24004
1.24419
1.24905
1.25426
1.25973
1.26536
1.2711
1.27693
1.28294
1.28932
1.29646
1.30318
1.31046
1.31725
1.32452
1.33139
1.33913
1.34722
1.35546
1.36356
1.22617
1.22659
1.2276
1.22849
1.22956
1.23137
1.23348
1.23567
1.23767
1.24047
1.2441
1.24758
1.25121
1.2555
1.25963
1.2643
1.2688
1.27397
1.27951
1.28525
1.29117
1.29737
1.30431
1.31078
1.31718
1.32429
1.33103
1.33859
1.34631
1.35333
1.36107
1.3688
1.37608
1.23552
1.23583
1.23649
1.23782
1.23908
1.24097
1.24301
1.24473
1.24706
1.2499
1.25326
1.25736
1.26106
1.26488
1.26938
1.27371
1.27883
1.28431
1.2899
1.29563
1.30143
1.30736
1.31361
1.32057
1.32688
1.33328
1.34055
1.34748
1.35532
1.36328
1.37067
1.37657
1.38253
1.0935
1.09361
1.09385
1.09425
1.09474
1.09542
1.09627
1.09726
1.09837
1.09966
1.10118
1.10278
1.1046
1.10653
1.10875
1.1112
1.11386
1.11677
1.12001
1.12333
1.12688
1.13084
1.13501
1.13967
1.14473
1.15011
1.15581
1.16181
1.1681
1.17469
1.18165
1.18909
1.19717
1.09386
1.09406
1.09429
1.09461
1.09512
1.0957
1.0965
1.09748
1.09866
1.10008
1.10153
1.10312
1.10499
1.10705
1.10926
1.11157
1.11422
1.11726
1.12042
1.1238
1.12754
1.13143
1.13571
1.14019
1.14518
1.15056
1.15624
1.1622
1.16847
1.17511
1.18222
1.18998
1.19781
1.0945
1.09462
1.09487
1.09528
1.09577
1.09646
1.09732
1.09832
1.09946
1.10078
1.10234
1.10396
1.10581
1.10776
1.11002
1.11249
1.1152
1.11816
1.12144
1.12482
1.12844
1.13248
1.13672
1.14144
1.14656
1.15201
1.15778
1.16384
1.1702
1.17686
1.18386
1.19134
1.19946
1.0956
1.09576
1.09611
1.09652
1.09708
1.0977
1.09853
1.09952
1.10066
1.10198
1.10355
1.10521
1.10709
1.10907
1.11135
1.11387
1.11662
1.11961
1.12294
1.12638
1.13009
1.13428
1.13875
1.1434
1.1485
1.15398
1.15981
1.16594
1.17237
1.1791
1.18618
1.19373
1.20191
1.09732
1.09745
1.09772
1.09821
1.09878
1.09957
1.10051
1.10156
1.10271
1.10397
1.10542
1.10715
1.10899
1.11114
1.11351
1.11611
1.11889
1.12188
1.12508
1.12859
1.1325
1.13662
1.14119
1.14605
1.15104
1.15654
1.16241
1.1686
1.1751
1.18199
1.18933
1.19728
1.20528
1.09952
1.09963
1.0999
1.10039
1.10097
1.10181
1.10279
1.10388
1.10507
1.10638
1.10787
1.10965
1.11157
1.1138
1.11625
1.11892
1.12179
1.12486
1.12817
1.13178
1.13581
1.14004
1.14474
1.14973
1.15485
1.16047
1.16644
1.1727
1.17932
1.18633
1.1938
1.20193
1.21008
1.10257
1.10268
1.10291
1.10333
1.10402
1.1049
1.10587
1.1069
1.10825
1.1097
1.11125
1.11303
1.11515
1.1175
1.12002
1.1226
1.12553
1.12877
1.1324
1.13615
1.14016
1.14462
1.14927
1.15443
1.15996
1.16581
1.17186
1.17799
1.1848
1.19234
1.19995
1.2077
1.21569
1.10628
1.10647
1.10691
1.10738
1.10798
1.10885
1.10991
1.11111
1.11245
1.11394
1.11563
1.11762
1.11975
1.12222
1.12493
1.12787
1.13102
1.13438
1.13797
1.14186
1.1462
1.15071
1.1556
1.16069
1.16628
1.17223
1.17841
1.18464
1.19151
1.19896
1.20705
1.21508
1.22328
1.11123
1.11148
1.11201
1.11257
1.11331
1.11411
1.11519
1.11647
1.11792
1.11957
1.12151
1.12354
1.12573
1.12831
1.13116
1.13425
1.13757
1.1411
1.14483
1.14881
1.15312
1.15792
1.16288
1.16833
1.1741
1.17993
1.18627
1.19303
1.20016
1.20762
1.21539
1.22347
1.23196
1.11788
1.1181
1.11859
1.11911
1.11979
1.12077
1.12197
1.12334
1.12488
1.12663
1.12861
1.13088
1.13324
1.13586
1.13857
1.14167
1.14509
1.14883
1.15293
1.15746
1.16208
1.16693
1.17225
1.17772
1.18371
1.18996
1.1962
1.20303
1.21032
1.21797
1.22592
1.23417
1.24284
1.12617
1.12632
1.12665
1.1272
1.12808
1.12913
1.13022
1.13161
1.13327
1.1352
1.13748
1.13985
1.14252
1.14524
1.14834
1.15162
1.15497
1.15888
1.16336
1.16795
1.17273
1.17778
1.18336
1.18908
1.19534
1.20186
1.20833
1.21543
1.223
1.23091
1.23908
1.24749
1.25617
1.13592
1.13609
1.13648
1.1372
1.13802
1.13917
1.1405
1.14188
1.14367
1.14589
1.14816
1.15059
1.15339
1.15626
1.15951
1.16282
1.16659
1.17072
1.17516
1.17993
1.18521
1.1905
1.19607
1.20219
1.2084
1.21523
1.2223
1.22923
1.23685
1.2449
1.25323
1.26179
1.27056
1.14724
1.1474
1.14771
1.14826
1.14918
1.15019
1.1516
1.15329
1.15521
1.15737
1.15978
1.1626
1.1654
1.16845
1.17206
1.17605
1.1803
1.18476
1.18943
1.19433
1.19944
1.20478
1.21051
1.21692
1.22339
1.2305
1.23782
1.24498
1.25279
1.261
1.26948
1.27812
1.28684
1.15772
1.15792
1.15837
1.15921
1.16009
1.1613
1.16256
1.16425
1.16624
1.16851
1.17113
1.17421
1.17723
1.18049
1.18431
1.18846
1.19274
1.19693
1.20169
1.20696
1.21286
1.21869
1.22478
1.23146
1.23812
1.24533
1.25244
1.2602
1.26811
1.27568
1.28394
1.29249
1.30116
1.1645
1.1647
1.16519
1.16614
1.1671
1.16841
1.16971
1.17145
1.17353
1.17592
1.17869
1.182
1.18529
1.18897
1.1927
1.19695
1.20152
1.20623
1.21097
1.21667
1.22235
1.22809
1.23403
1.24037
1.24742
1.25444
1.26218
1.27007
1.27761
1.28582
1.29433
1.30291
1.31152
1.07492
1.07497
1.07507
1.07526
1.07549
1.07581
1.0762
1.07664
1.07714
1.07773
1.07845
1.07923
1.08017
1.08123
1.0824
1.08367
1.08506
1.08658
1.08829
1.09022
1.0923
1.09464
1.0972
1.0999
1.10294
1.10628
1.10993
1.11392
1.11833
1.12294
1.12786
1.13323
1.13881
1.07504
1.07511
1.07526
1.07543
1.07565
1.0759
1.07626
1.0767
1.07724
1.07792
1.07863
1.07945
1.08033
1.08136
1.08252
1.0838
1.08521
1.08679
1.08859
1.09052
1.09267
1.09496
1.09755
1.1004
1.10352
1.10691
1.11057
1.11451
1.11876
1.12335
1.1284
1.13369
1.1393
1.07537
1.07542
1.07552
1.07572
1.07594
1.07626
1.07666
1.07711
1.07762
1.07822
1.07896
1.07977
1.08073
1.08182
1.08302
1.08433
1.08575
1.08731
1.08906
1.09104
1.09316
1.09555
1.09816
1.10092
1.10402
1.10743
1.11114
1.1152
1.11968
1.12436
1.12935
1.13481
1.14048
1.07585
1.0759
1.07601
1.07621
1.07644
1.07678
1.07719
1.07764
1.07816
1.07876
1.07951
1.08034
1.08133
1.08245
1.08368
1.08503
1.08649
1.08809
1.08987
1.09189
1.09406
1.09653
1.0992
1.10202
1.10517
1.10864
1.11242
1.11655
1.12111
1.12585
1.13092
1.13645
1.1422
1.0765
1.07662
1.07674
1.07693
1.07725
1.07765
1.07809
1.07859
1.07913
1.07972
1.08043
1.08132
1.08232
1.08338
1.08462
1.08601
1.08756
1.08931
1.09117
1.09318
1.09547
1.09792
1.10071
1.10377
1.10709
1.11069
1.11455
1.11869
1.12312
1.12792
1.13321
1.13874
1.14458
1.07756
1.0776
1.0777
1.07789
1.07822
1.07865
1.07914
1.07967
1.08025
1.08089
1.08164
1.08258
1.08363
1.08474
1.08603
1.08748
1.08911
1.09096
1.09291
1.09502
1.09741
1.09997
1.10288
1.10606
1.10951
1.11323
1.11721
1.12145
1.12599
1.13087
1.13616
1.14198
1.14805
1.07883
1.07895
1.07909
1.0793
1.07963
1.08004
1.08046
1.08103
1.08175
1.08252
1.08336
1.08435
1.08542
1.08668
1.08808
1.08963
1.09133
1.09323
1.09536
1.09761
1.10005
1.10281
1.10581
1.10896
1.11247
1.11629
1.12039
1.12481
1.12962
1.13493
1.1404
1.14612
1.15222
1.08071
1.08078
1.08095
1.08122
1.08153
1.08198
1.08252
1.08314
1.08386
1.08467
1.08566
1.0867
1.0879
1.08918
1.09068
1.09236
1.09425
1.09638
1.09862
1.10102
1.10371
1.10655
1.10969
1.11305
1.11659
1.12052
1.12478
1.12939
1.13441
1.13994
1.14565
1.15161
1.15794
1.08319
1.08332
1.08359
1.08388
1.08427
1.08467
1.08522
1.0859
1.08668
1.0876
1.08871
1.08988
1.09123
1.09269
1.09424
1.09603
1.09807
1.10038
1.10279
1.10537
1.10822
1.11124
1.11455
1.11803
1.1219
1.12608
1.13059
1.13542
1.14059
1.14612
1.15205
1.15851
1.16513
1.0868
1.08697
1.0872
1.08748
1.08788
1.08834
1.08897
1.08973
1.0906
1.09162
1.09284
1.09414
1.09562
1.09722
1.09889
1.10081
1.10298
1.10539
1.10809
1.11091
1.11392
1.11724
1.12074
1.12459
1.12871
1.13294
1.13759
1.14263
1.14806
1.15394
1.16037
1.16696
1.1738
1.09139
1.09152
1.09182
1.09217
1.09266
1.09318
1.09388
1.09471
1.09569
1.09683
1.09817
1.09956
1.1011
1.10289
1.10491
1.1071
1.10945
1.11201
1.11478
1.1178
1.12116
1.12469
1.12856
1.1326
1.13704
1.14172
1.1465
1.15178
1.15749
1.16361
1.17019
1.17734
1.18461
1.09727
1.09736
1.09759
1.09801
1.0985
1.09917
1.09994
1.10075
1.10185
1.10323
1.10467
1.10622
1.10802
1.10991
1.1121
1.1145
1.11708
1.11985
1.12283
1.12605
1.12957
1.13347
1.13756
1.14208
1.14688
1.15179
1.15717
1.16293
1.16905
1.17549
1.18227
1.18941
1.19699
1.10394
1.10403
1.10425
1.1047
1.10521
1.1059
1.10668
1.1077
1.10893
1.11039
1.11211
1.11394
1.11599
1.11812
1.12054
1.12316
1.12583
1.12884
1.13216
1.13588
1.1397
1.14378
1.14827
1.15294
1.15803
1.16328
1.16905
1.17522
1.18175
1.18861
1.19575
1.2032
1.21098
1.11053
1.11063
1.11085
1.11125
1.11188
1.11261
1.11361
1.11482
1.11619
1.11775
1.11952
1.12161
1.12378
1.1262
1.12874
1.13161
1.1347
1.138
1.14158
1.14546
1.14965
1.15424
1.15893
1.1639
1.16944
1.17529
1.1812
1.18767
1.19454
1.20173
1.20924
1.21703
1.22509
1.11452
1.11465
1.11497
1.11557
1.11626
1.11724
1.11843
1.11978
1.12128
1.12292
1.12475
1.12682
1.12921
1.1317
1.13451
1.13751
1.14055
1.14397
1.14774
1.15193
1.15656
1.16122
1.16611
1.17152
1.17712
1.18325
1.18966
1.19607
1.20306
1.21051
1.2183
1.22636
1.23469
1.07056
1.07059
1.0706
1.07062
1.07068
1.07075
1.07081
1.07085
1.07089
1.07095
1.07108
1.07123
1.07146
1.07174
1.07208
1.07247
1.07295
1.07353
1.07418
1.07496
1.07581
1.07683
1.07801
1.07935
1.08084
1.08251
1.0844
1.08654
1.089
1.09166
1.09463
1.0978
1.10131
1.07062
1.07062
1.07062
1.07065
1.07066
1.0707
1.07075
1.0708
1.07088
1.071
1.07113
1.07132
1.07153
1.07178
1.07212
1.07256
1.07306
1.07363
1.07431
1.07506
1.07594
1.0769
1.07807
1.07941
1.08093
1.08263
1.08456
1.08677
1.08916
1.09179
1.09476
1.09797
1.10155
1.07062
1.07066
1.07067
1.07068
1.07073
1.0708
1.07086
1.07091
1.07095
1.07102
1.07116
1.07132
1.07157
1.07188
1.07224
1.07267
1.07317
1.07378
1.07446
1.07525
1.07612
1.07716
1.07838
1.07975
1.0813
1.08303
1.08497
1.08715
1.08964
1.09231
1.09526
1.09859
1.10221
1.07075
1.07074
1.07073
1.07073
1.07078
1.07085
1.07091
1.07097
1.07102
1.07111
1.07127
1.07146
1.07174
1.07208
1.07247
1.07291
1.07343
1.07406
1.07476
1.07559
1.0765
1.07758
1.07884
1.08026
1.08186
1.08365
1.08565
1.08788
1.09042
1.09314
1.09613
1.09948
1.1031
1.07074
1.07076
1.07079
1.07082
1.07086
1.07089
1.07095
1.07105
1.07119
1.07133
1.07149
1.07175
1.07208
1.07246
1.07288
1.07335
1.07389
1.07452
1.07529
1.07613
1.07714
1.07828
1.07952
1.08099
1.08266
1.08457
1.08674
1.08907
1.09159
1.09437
1.09752
1.10091
1.10467
1.0708
1.07082
1.07088
1.07092
1.07099
1.07106
1.07115
1.07131
1.07148
1.07165
1.07188
1.07215
1.07249
1.07289
1.07335
1.07386
1.07446
1.07515
1.07599
1.07692
1.07802
1.07925
1.08058
1.08214
1.08391
1.08591
1.08819
1.09062
1.09326
1.09617
1.09945
1.10298
1.10688
1.07105
1.07108
1.07113
1.07118
1.07124
1.0713
1.0714
1.07157
1.0718
1.07204
1.0723
1.07265
1.07306
1.07352
1.07401
1.07464
1.07533
1.0761
1.07699
1.07807
1.07928
1.08059
1.0821
1.08379
1.08567
1.08774
1.09003
1.09256
1.09538
1.09856
1.10197
1.10573
1.10973
1.07153
1.07154
1.07157
1.07165
1.07172
1.07184
1.072
1.07218
1.0724
1.07266
1.07301
1.07339
1.07386
1.0744
1.07502
1.07571
1.0765
1.0774
1.07847
1.07963
1.08098
1.08245
1.08404
1.08584
1.08785
1.09008
1.09255
1.09529
1.09839
1.10171
1.10529
1.10924
1.11344
1.07214
1.07219
1.0723
1.07239
1.07252
1.07264
1.07282
1.07305
1.07335
1.07373
1.07413
1.0746
1.07511
1.07572
1.07643
1.07724
1.07819
1.07929
1.08047
1.08176
1.08325
1.08489
1.08665
1.08865
1.09087
1.09331
1.09598
1.0989
1.10212
1.10572
1.10953
1.11364
1.11815
1.07347
1.0735
1.07354
1.07364
1.07382
1.07405
1.07432
1.07462
1.07496
1.07535
1.0758
1.07637
1.07701
1.07769
1.07851
1.07946
1.08056
1.08182
1.08317
1.08464
1.08631
1.08811
1.09016
1.09244
1.09493
1.09761
1.10051
1.10367
1.10709
1.11082
1.11489
1.11938
1.12407
1.07523
1.07527
1.07535
1.07552
1.07571
1.07598
1.07631
1.07668
1.0771
1.07757
1.07812
1.07879
1.07952
1.0804
1.08141
1.08255
1.08379
1.08515
1.08667
1.08839
1.09025
1.09232
1.09453
1.09703
1.09979
1.10277
1.10598
1.10944
1.11318
1.11721
1.12162
1.1265
1.13158
1.07768
1.07769
1.07775
1.0779
1.07816
1.07849
1.07884
1.07931
1.0799
1.08054
1.08125
1.08209
1.083
1.08407
1.08529
1.08663
1.08807
1.08964
1.09133
1.09322
1.09536
1.09765
1.1002
1.10293
1.10599
1.10931
1.11289
1.11674
1.12085
1.12525
1.12997
1.13511
1.14074
1.08046
1.0805
1.08062
1.08085
1.08113
1.08153
1.08202
1.08259
1.08325
1.08399
1.08486
1.08589
1.08699
1.08828
1.08972
1.09127
1.09294
1.09474
1.0967
1.09884
1.10119
1.10383
1.10665
1.10979
1.11319
1.11673
1.12064
1.12487
1.1294
1.13424
1.13942
1.145
1.1511
1.08336
1.08344
1.08364
1.08389
1.08424
1.08465
1.0852
1.08588
1.08665
1.08753
1.08854
1.08973
1.09101
1.09249
1.09409
1.0958
1.09759
1.09966
1.10202
1.1045
1.10714
1.11002
1.11323
1.11664
1.12046
1.12458
1.12893
1.13353
1.1383
1.14362
1.14951
1.15558
1.16192
1.08544
1.08549
1.08562
1.08585
1.08624
1.0867
1.08734
1.08811
1.089
1.09002
1.0912
1.09243
1.09378
1.09534
1.09704
1.0988
1.10079
1.10302
1.10553
1.10835
1.1113
1.11445
1.11793
1.1216
1.12567
1.13002
1.13448
1.13936
1.14461
1.15026
1.1563
1.16275
1.16977
1.07545
1.07543
1.0754
1.07532
1.07523
1.07511
1.07494
1.07472
1.07446
1.07419
1.07395
1.07372
1.07347
1.07321
1.073
1.07279
1.0726
1.07247
1.07235
1.0723
1.07232
1.07239
1.07254
1.07278
1.0731
1.07353
1.0741
1.07486
1.07576
1.07685
1.07809
1.07955
1.0812
1.07539
1.07539
1.07533
1.07523
1.07513
1.075
1.07483
1.07462
1.07437
1.07414
1.07388
1.07364
1.0734
1.07316
1.07292
1.07271
1.07252
1.0724
1.0723
1.07224
1.07224
1.07232
1.07247
1.07272
1.07306
1.07352
1.07414
1.07487
1.07576
1.07685
1.07812
1.07962
1.08134
1.07528
1.07526
1.07522
1.07514
1.07504
1.07491
1.07474
1.07452
1.07426
1.07399
1.07376
1.07352
1.07326
1.07304
1.07286
1.07267
1.0725
1.07237
1.07227
1.07222
1.07222
1.07225
1.0724
1.07268
1.0731
1.07359
1.07418
1.07493
1.07588
1.077
1.07835
1.0799
1.08164
1.07507
1.07504
1.075
1.07491
1.07481
1.07468
1.07451
1.0743
1.07405
1.0738
1.07359
1.07339
1.07319
1.073
1.07281
1.07262
1.07245
1.07233
1.07224
1.07221
1.07223
1.07228
1.07246
1.07277
1.07323
1.07376
1.0744
1.07519
1.07619
1.07735
1.07875
1.08036
1.08216
1.07476
1.07472
1.07465
1.07457
1.07443
1.07429
1.07412
1.07393
1.07373
1.07353
1.07332
1.07313
1.07295
1.07278
1.07261
1.07247
1.07236
1.07227
1.07222
1.07221
1.07228
1.07243
1.07268
1.07302
1.07348
1.07406
1.07481
1.07568
1.07669
1.07793
1.07935
1.08103
1.08295
1.07429
1.07425
1.07418
1.0741
1.07398
1.07385
1.07372
1.07358
1.07344
1.07328
1.0731
1.07291
1.07274
1.07258
1.07243
1.07232
1.07225
1.0722
1.07222
1.07226
1.07241
1.07264
1.07296
1.07336
1.07386
1.0745
1.07529
1.07627
1.0774
1.07874
1.08025
1.08201
1.08397
1.07381
1.07377
1.0737
1.07363
1.07352
1.0734
1.07328
1.07314
1.073
1.07287
1.07272
1.07259
1.07248
1.07238
1.07228
1.07222
1.0722
1.0722
1.07225
1.07241
1.07265
1.07298
1.07339
1.0739
1.0745
1.07522
1.07608
1.07712
1.0784
1.07984
1.08152
1.08339
1.08555
1.07327
1.07325
1.07321
1.07315
1.07307
1.07298
1.07289
1.07278
1.07266
1.07255
1.07245
1.07236
1.0723
1.07225
1.07222
1.07221
1.07223
1.0723
1.07248
1.07272
1.07302
1.07342
1.07393
1.07454
1.07526
1.07612
1.07714
1.07838
1.07977
1.08135
1.08318
1.08521
1.08754
1.07262
1.07263
1.07264
1.07261
1.07259
1.07253
1.07245
1.0724
1.07234
1.07227
1.07221
1.07215
1.07213
1.07214
1.07218
1.07225
1.07239
1.07261
1.07286
1.0732
1.07359
1.07412
1.07476
1.07552
1.0764
1.07742
1.07859
1.07995
1.08157
1.08338
1.08543
1.08767
1.09019
1.07225
1.07223
1.07222
1.07221
1.07219
1.07218
1.07216
1.07214
1.07212
1.07211
1.07211
1.07212
1.07213
1.07221
1.07234
1.07255
1.07285
1.07318
1.07356
1.07404
1.07458
1.07528
1.0761
1.07706
1.07814
1.07935
1.08072
1.08227
1.08404
1.08609
1.08835
1.09088
1.09362
1.07194
1.07195
1.07197
1.07199
1.07201
1.07203
1.07202
1.07204
1.07211
1.07216
1.07223
1.07235
1.0725
1.07265
1.0729
1.07324
1.07369
1.07418
1.07472
1.07538
1.0761
1.07698
1.07797
1.07905
1.08032
1.08176
1.08339
1.08524
1.08734
1.08962
1.09214
1.09499
1.09807
1.07203
1.07201
1.07198
1.07198
1.07204
1.07212
1.07221
1.07231
1.07242
1.07254
1.07271
1.07294
1.07322
1.07351
1.0739
1.07438
1.07496
1.07565
1.07639
1.07721
1.07818
1.07925
1.08051
1.08194
1.08354
1.0853
1.08722
1.08934
1.09167
1.09423
1.09708
1.10029
1.10378
1.07217
1.07215
1.07215
1.07218
1.07227
1.07241
1.07256
1.07271
1.07294
1.07319
1.07348
1.07384
1.07424
1.07472
1.0753
1.07596
1.0767
1.07753
1.07848
1.07956
1.08075
1.08211
1.0836
1.0853
1.08719
1.08924
1.09145
1.09399
1.09674
1.09971
1.10296
1.10653
1.11052
1.07234
1.07234
1.07237
1.07243
1.07256
1.07272
1.07288
1.07313
1.07344
1.07384
1.07427
1.07474
1.07531
1.07594
1.07661
1.07741
1.07832
1.07937
1.08058
1.08189
1.08331
1.08493
1.0867
1.08872
1.09096
1.09336
1.09588
1.09871
1.10186
1.10539
1.10913
1.11314
1.11749
1.07224
1.07228
1.07237
1.07248
1.07265
1.07283
1.07309
1.07341
1.07379
1.07424
1.07479
1.07536
1.07602
1.07672
1.07754
1.07847
1.0795
1.08067
1.08198
1.08344
1.08512
1.08692
1.08893
1.09111
1.09359
1.0963
1.09923
1.1024
1.10583
1.10953
1.11353
1.11785
1.12257
1.08572
1.08566
1.08555
1.0854
1.08519
1.08491
1.08459
1.08425
1.08383
1.08336
1.08287
1.08237
1.08183
1.08126
1.08067
1.08008
1.07946
1.07884
1.07819
1.07756
1.07695
1.07636
1.0758
1.07528
1.07483
1.07441
1.07407
1.07384
1.0737
1.07364
1.07371
1.07391
1.07424
1.08561
1.08556
1.08546
1.0853
1.0851
1.08484
1.08452
1.08415
1.08372
1.08326
1.08275
1.08223
1.08169
1.08111
1.08052
1.07993
1.07931
1.07871
1.07809
1.07744
1.07683
1.07626
1.07575
1.07525
1.07479
1.07437
1.07405
1.0738
1.07366
1.07363
1.07368
1.07389
1.07427
1.08541
1.08534
1.08522
1.08505
1.08482
1.08455
1.08424
1.08389
1.08347
1.083
1.08253
1.08203
1.08149
1.08093
1.08034
1.07974
1.07915
1.07855
1.07793
1.07732
1.07673
1.07616
1.07562
1.07513
1.07471
1.07431
1.07397
1.07374
1.0736
1.07359
1.07371
1.07395
1.0743
1.08504
1.08497
1.08485
1.08468
1.08445
1.08419
1.08388
1.08353
1.08312
1.08266
1.0822
1.08171
1.0812
1.08066
1.08009
1.07951
1.07892
1.07831
1.07769
1.07709
1.07651
1.07596
1.07544
1.07497
1.07457
1.0742
1.0739
1.07369
1.07359
1.07361
1.07378
1.07407
1.07447
1.08445
1.0844
1.08431
1.08415
1.08396
1.08371
1.0834
1.08304
1.08263
1.08221
1.08175
1.08125
1.08073
1.0802
1.07967
1.07911
1.07854
1.07795
1.07737
1.07678
1.0762
1.07568
1.07522
1.0748
1.0744
1.07407
1.07384
1.07367
1.07361
1.07366
1.07386
1.07422
1.07474
1.0837
1.08367
1.08357
1.08341
1.08322
1.08299
1.0827
1.08237
1.08201
1.08161
1.08118
1.0807
1.0802
1.07967
1.07913
1.07857
1.07802
1.07746
1.07693
1.0764
1.07589
1.07542
1.07497
1.07457
1.07422
1.07393
1.07375
1.07365
1.07367
1.07378
1.07405
1.07447
1.07504
1.08276
1.08273
1.08264
1.08249
1.08231
1.08209
1.08182
1.0815
1.08115
1.08075
1.08031
1.07983
1.07935
1.07886
1.07837
1.07786
1.07734
1.07684
1.07634
1.07584
1.07538
1.07496
1.07457
1.07425
1.074
1.07379
1.07367
1.07366
1.07376
1.074
1.07438
1.07488
1.07556
1.08161
1.08158
1.0815
1.08137
1.08121
1.08101
1.08075
1.08044
1.08009
1.07972
1.07931
1.07889
1.07845
1.078
1.07755
1.07709
1.07663
1.07618
1.07573
1.07531
1.07494
1.07459
1.07429
1.07402
1.07382
1.0737
1.07371
1.0738
1.07402
1.07435
1.07483
1.07545
1.07627
1.08024
1.08022
1.08016
1.08004
1.07991
1.07973
1.07951
1.07923
1.07891
1.07858
1.07821
1.07784
1.07745
1.07704
1.07662
1.07621
1.07581
1.07542
1.07504
1.07468
1.07437
1.07412
1.07391
1.07376
1.07367
1.07367
1.07379
1.07401
1.07435
1.07485
1.07551
1.07629
1.07728
1.07877
1.07873
1.07868
1.07858
1.07846
1.07829
1.07808
1.07784
1.07756
1.07725
1.07694
1.0766
1.07624
1.07588
1.07554
1.07523
1.07492
1.07462
1.07436
1.07412
1.0739
1.07376
1.07368
1.07367
1.07373
1.07389
1.07417
1.07453
1.07502
1.07569
1.07649
1.07749
1.07866
1.07717
1.07712
1.07705
1.07697
1.07685
1.07667
1.07648
1.07628
1.07608
1.07583
1.07556
1.0753
1.07504
1.07478
1.07454
1.07431
1.07411
1.07395
1.0738
1.07369
1.07361
1.07361
1.07369
1.07384
1.07407
1.07439
1.07483
1.07543
1.07614
1.077
1.07806
1.07929
1.08077
1.07551
1.07547
1.07539
1.07531
1.07519
1.07507
1.07494
1.07478
1.0746
1.07442
1.07424
1.07406
1.07385
1.07367
1.07352
1.0734
1.07334
1.07332
1.07332
1.07338
1.07347
1.07367
1.07395
1.07432
1.07478
1.07532
1.07598
1.07676
1.07772
1.07887
1.08018
1.08169
1.0835
1.07367
1.07364
1.07362
1.07356
1.07349
1.0734
1.07331
1.07322
1.07315
1.07304
1.07292
1.07282
1.07271
1.07265
1.07262
1.07264
1.0727
1.07283
1.07298
1.07319
1.07349
1.07387
1.07432
1.0749
1.0756
1.07641
1.07734
1.07842
1.07969
1.08119
1.08285
1.08474
1.08695
1.07189
1.07187
1.07183
1.0718
1.07175
1.07172
1.07169
1.07166
1.07162
1.0716
1.0716
1.0716
1.07163
1.07168
1.07173
1.07187
1.0721
1.07236
1.07266
1.07303
1.07351
1.07407
1.07477
1.07561
1.0766
1.07771
1.07895
1.08034
1.08192
1.08371
1.08574
1.08807
1.09064
1.07052
1.0705
1.07047
1.07044
1.07045
1.07046
1.07048
1.0705
1.07051
1.07053
1.07056
1.07063
1.07072
1.07086
1.07105
1.07129
1.07157
1.07192
1.07234
1.07288
1.07349
1.07423
1.07506
1.07607
1.07726
1.07859
1.08008
1.08172
1.08355
1.08559
1.08789
1.09055
1.09345
1.09781
1.09774
1.09762
1.09741
1.09715
1.09682
1.09642
1.09595
1.09543
1.09484
1.09422
1.09355
1.09284
1.09209
1.09131
1.09048
1.08961
1.08871
1.08776
1.08681
1.08587
1.08492
1.08394
1.08296
1.08201
1.08106
1.08013
1.07923
1.07839
1.07762
1.07692
1.0763
1.07576
1.09722
1.09714
1.09701
1.09682
1.09657
1.09625
1.09586
1.09539
1.09486
1.09431
1.0937
1.09304
1.09233
1.09157
1.09076
1.08993
1.08905
1.08815
1.08724
1.0863
1.08536
1.0844
1.08345
1.08252
1.08159
1.08069
1.07979
1.07895
1.07815
1.07738
1.0767
1.0761
1.07561
1.09633
1.09627
1.09615
1.09596
1.09571
1.0954
1.09501
1.09456
1.09406
1.0935
1.0929
1.09224
1.09153
1.09077
1.08998
1.08917
1.08832
1.08743
1.08654
1.08563
1.0847
1.08376
1.08283
1.08193
1.08104
1.08017
1.07932
1.07852
1.07777
1.07705
1.07642
1.07589
1.07544
1.09515
1.09509
1.09498
1.0948
1.09456
1.09426
1.09389
1.09345
1.09295
1.0924
1.0918
1.09115
1.09046
1.08972
1.08895
1.08816
1.08732
1.08648
1.08562
1.08474
1.08385
1.08295
1.08205
1.08116
1.08031
1.07948
1.07869
1.07793
1.07725
1.07666
1.07614
1.0757
1.07535
1.09361
1.09356
1.09345
1.09329
1.09307
1.09279
1.09243
1.09201
1.09153
1.091
1.09042
1.0898
1.08914
1.08844
1.0877
1.08693
1.08614
1.08532
1.08448
1.08362
1.08278
1.08196
1.08113
1.0803
1.07949
1.07872
1.07799
1.07733
1.07672
1.07619
1.07576
1.07542
1.07517
1.09175
1.0917
1.09161
1.09144
1.09123
1.09096
1.09063
1.09024
1.0898
1.0893
1.08876
1.08816
1.08753
1.08686
1.08615
1.08541
1.08466
1.08388
1.08311
1.08233
1.08155
1.08077
1.07999
1.07924
1.07853
1.07784
1.07719
1.07662
1.07613
1.0757
1.07536
1.07513
1.07498
1.0897
1.08963
1.08951
1.08934
1.08912
1.08884
1.08852
1.08814
1.08773
1.08727
1.08676
1.0862
1.08559
1.08497
1.08433
1.08365
1.08295
1.08226
1.08156
1.08083
1.08011
1.07942
1.07875
1.07811
1.07749
1.0769
1.07635
1.07588
1.07549
1.07519
1.07499
1.07488
1.0749
1.08726
1.08718
1.08705
1.08688
1.08664
1.08637
1.08607
1.08573
1.08536
1.08493
1.08445
1.08391
1.08335
1.08279
1.08222
1.08165
1.08106
1.08046
1.07984
1.07923
1.07864
1.07806
1.0775
1.07695
1.07643
1.07596
1.07555
1.07523
1.07499
1.07485
1.07481
1.07492
1.07517
1.08444
1.08438
1.08427
1.08413
1.08394
1.08369
1.08342
1.08312
1.08277
1.08236
1.08193
1.08145
1.08095
1.08044
1.07994
1.07944
1.07894
1.07843
1.07793
1.07742
1.07693
1.07648
1.07606
1.07567
1.07532
1.07502
1.07479
1.07466
1.07462
1.0747
1.07488
1.0752
1.07565
1.08132
1.08128
1.08121
1.08109
1.08093
1.08074
1.0805
1.08023
1.0799
1.07955
1.07918
1.07878
1.07837
1.07795
1.07753
1.0771
1.07668
1.07628
1.07588
1.07549
1.07512
1.07481
1.07454
1.07432
1.07416
1.07405
1.07402
1.0741
1.07431
1.07464
1.07512
1.07573
1.07652
1.07817
1.07813
1.07806
1.07795
1.0778
1.07762
1.07741
1.07717
1.0769
1.07662
1.07633
1.07602
1.07568
1.07533
1.07499
1.07466
1.07435
1.07406
1.07376
1.07349
1.07328
1.0731
1.07296
1.07291
1.07294
1.07305
1.07327
1.07363
1.07408
1.07466
1.07543
1.07634
1.07748
1.07572
1.07569
1.07563
1.07553
1.07542
1.07527
1.07507
1.07486
1.07465
1.07441
1.07416
1.0739
1.07363
1.07333
1.07303
1.07276
1.07252
1.07232
1.07213
1.07198
1.07186
1.07179
1.07177
1.07185
1.07202
1.07229
1.07267
1.07318
1.07385
1.07464
1.07559
1.07678
1.07816
1.11018
1.11011
1.10997
1.10975
1.10945
1.10909
1.10867
1.10818
1.1076
1.10696
1.10626
1.1055
1.10468
1.10382
1.10291
1.10194
1.10091
1.09983
1.09872
1.09759
1.09643
1.09523
1.094
1.09277
1.09153
1.09025
1.08899
1.08774
1.0865
1.08527
1.08406
1.08287
1.08173
1.10894
1.10886
1.10872
1.10851
1.10824
1.10788
1.10745
1.10695
1.10638
1.10573
1.10503
1.10428
1.10348
1.10263
1.10173
1.10078
1.09977
1.0987
1.0976
1.09648
1.09534
1.09417
1.09297
1.09175
1.09052
1.08929
1.08807
1.08684
1.08563
1.08444
1.08329
1.08217
1.08109
1.10724
1.10717
1.10703
1.10683
1.10657
1.10623
1.10582
1.10533
1.10477
1.10414
1.10345
1.10272
1.10193
1.10111
1.10022
1.09928
1.09829
1.09726
1.09619
1.09509
1.09396
1.09283
1.09166
1.09047
1.08928
1.08808
1.08691
1.08577
1.08464
1.08354
1.08246
1.08141
1.0804
1.10512
1.10506
1.10493
1.10472
1.10446
1.10413
1.10374
1.10329
1.10275
1.10214
1.10147
1.10075
1.09998
1.09918
1.09832
1.09742
1.09646
1.09548
1.09446
1.0934
1.09231
1.09119
1.09005
1.08893
1.08779
1.08666
1.08554
1.08445
1.08339
1.08236
1.08137
1.0804
1.07948
1.10267
1.10259
1.10244
1.10225
1.10199
1.10166
1.10127
1.10081
1.10028
1.09972
1.09909
1.09841
1.09766
1.09688
1.09604
1.09518
1.09427
1.09334
1.09237
1.09137
1.09033
1.08927
1.0882
1.08712
1.08606
1.08499
1.08395
1.08292
1.08193
1.08099
1.08009
1.07924
1.07845
1.09975
1.09967
1.09951
1.0993
1.09902
1.09869
1.09831
1.0979
1.0974
1.09685
1.09624
1.09557
1.09486
1.09411
1.09333
1.09252
1.09167
1.09079
1.08988
1.08892
1.08795
1.08698
1.08601
1.08503
1.08405
1.08309
1.08213
1.08122
1.08033
1.0795
1.07872
1.07799
1.07731
1.09628
1.0962
1.09606
1.09587
1.0956
1.09528
1.09492
1.09451
1.09405
1.09352
1.09295
1.09233
1.09165
1.09094
1.09022
1.08945
1.08866
1.08784
1.087
1.08611
1.08522
1.08434
1.08345
1.08257
1.08171
1.08086
1.08002
1.07924
1.07849
1.07782
1.07721
1.07667
1.07618
1.09225
1.0922
1.09209
1.09191
1.09168
1.09141
1.09107
1.09067
1.09022
1.08974
1.0892
1.08863
1.08802
1.08738
1.0867
1.086
1.08528
1.08453
1.08375
1.08295
1.08216
1.08138
1.08061
1.07985
1.07911
1.07841
1.07772
1.07708
1.07652
1.07602
1.07561
1.07529
1.07505
1.08814
1.08809
1.08798
1.08782
1.08759
1.08731
1.08699
1.08665
1.08625
1.08579
1.0853
1.08477
1.08421
1.08362
1.083
1.08236
1.0817
1.08102
1.08032
1.07963
1.07897
1.07831
1.07767
1.07703
1.07642
1.07583
1.07529
1.07483
1.07444
1.07414
1.07395
1.07385
1.07391
1.08501
1.08494
1.08482
1.08466
1.08443
1.08417
1.08386
1.08352
1.08315
1.08275
1.0823
1.08183
1.08133
1.08079
1.08021
1.07961
1.07898
1.07834
1.07771
1.07708
1.07648
1.07591
1.07536
1.07482
1.07431
1.07384
1.07342
1.07308
1.07285
1.07268
1.07263
1.07274
1.07298
)
;

boundaryField
{
    walls
    {
        type            zeroGradient;
    }
    procBoundary1to0
    {
        type            processor;
        value           nonuniform List<scalar> 
277
(
4.62336e-07
4.52709e-07
4.33811e-07
4.06327e-07
3.71264e-07
3.30053e-07
2.84689e-07
2.37594e-07
1.91343e-07
1.48448e-07
1.10874e-07
7.99203e-08
5.63345e-08
4.04762e-08
3.25058e-08
2.84558e-06
2.78626e-06
2.67e-06
2.50132e-06
2.28643e-06
2.03387e-06
1.75564e-06
1.4667e-06
1.18255e-06
9.18995e-07
6.88092e-07
4.97649e-07
3.52203e-07
2.54085e-07
2.04593e-07
1.98815e-05
1.94652e-05
1.86516e-05
1.7474e-05
1.59773e-05
1.42206e-05
1.2284e-05
1.02741e-05
8.29399e-06
6.4563e-06
4.8442e-06
3.51258e-06
2.49404e-06
1.80537e-06
1.45676e-06
0.000139497
0.000136533
0.000130783
0.000122467
0.000111927
9.96097e-05
8.60378e-05
7.20215e-05
5.82279e-05
4.54472e-05
3.41968e-05
2.48559e-05
1.7685e-05
1.28346e-05
1.03743e-05
0.000985161
0.000963792
0.000923395
0.000864038
0.000788465
0.000700489
0.000603288
0.00050391
0.000407019
0.000318635
0.000241114
0.00017617
0.000125486
9.10546e-05
7.36076e-05
0.00693119
0.00678397
0.00654682
0.00616854
0.00563674
0.00500895
0.00429458
0.00356046
0.0028445
0.00221314
0.00168259
0.00124686
0.000895435
0.000647391
0.000520604
0.0486093
0.0477172
0.0461101
0.0436449
0.0403325
0.0363218
0.0314574
0.0261581
0.0205783
0.0155102
0.0114736
0.00859729
0.00639828
0.00467191
0.00371811
0.318722
0.313055
0.305659
0.295019
0.280847
0.263084
0.239033
0.209411
0.17138
0.128568
0.0867792
0.0599633
0.0452546
0.0342871
0.0275487
1.38155
1.38118
1.38347
1.38505
1.38545
1.38657
1.38237
1.3709
1.32465
1.19066
0.836094
0.44655
0.302526
0.2541
0.219228
1.36996
1.28327
1.37024
1.28356
1.3721
1.28549
1.37399
1.28832
1.37578
1.29209
1.37935
1.2975
1.38145
1.30343
1.38421
1.31169
1.38289
1.32043
1.37904
1.33099
1.37253
1.3443
1.37624
1.35808
1.38571
1.37118
1.39102
1.38245
1.38425
1.38742
1.28327
1.28356
1.28549
1.28832
1.29209
1.2975
1.30343
1.31169
1.32043
1.33099
1.3443
1.35808
1.37118
1.38245
1.38742
1.20525
1.20592
1.20763
1.21014
1.21357
1.21851
1.22412
1.23188
1.24119
1.25225
1.26523
1.27967
1.29564
1.3099
1.32012
1.14477
1.14544
1.14652
1.14833
1.15097
1.15464
1.15894
1.16486
1.17213
1.18106
1.19222
1.20522
1.2192
1.23347
1.24331
1.10508
1.10545
1.10608
1.10712
1.10872
1.11106
1.11413
1.11804
1.12293
1.1291
1.13701
1.14659
1.15741
1.16856
1.17688
1.08313
1.08328
1.08366
1.08425
1.08507
1.08624
1.08796
1.09014
1.09294
1.09668
1.10149
1.10762
1.11479
1.1223
1.12778
1.07471
1.07481
1.07485
1.07506
1.07543
1.07575
1.07644
1.0773
1.07847
1.08007
1.08248
1.08555
1.08944
1.09354
1.0967
1.07532
1.07522
1.0751
1.0751
1.07502
1.07493
1.07507
1.07557
1.0763
1.07751
1.07881
1.0798
1.08063
1.08008
1.07944
1.07862
1.07773
1.07675
1.07581
1.07494
1.07413
1.07337
)
;
    }
    procBoundary1to2
    {
        type            processor;
        value           nonuniform List<scalar> 
561
(
1.09862
1.09857
1.09842
1.0982
1.09794
1.09761
1.09723
1.0968
1.0963
1.09573
1.09508
1.09439
1.09367
1.09291
1.0921
1.09124
1.09036
1.08946
1.08853
1.08755
1.08656
1.08555
1.08451
1.08349
1.08251
1.08153
1.0806
1.0797
1.07883
1.078
1.07724
1.07656
1.07595
1.09853
1.09845
1.09831
1.09811
1.09784
1.0975
1.09712
1.09667
1.09615
1.09559
1.09497
1.09429
1.09357
1.09279
1.09197
1.09112
1.09022
1.08931
1.08837
1.0874
1.08641
1.08541
1.08441
1.08343
1.08244
1.08148
1.08053
1.07962
1.07876
1.07792
1.07716
1.07648
1.07589
1.09823
1.09816
1.09803
1.09783
1.09756
1.09723
1.09683
1.09636
1.09584
1.09525
1.09462
1.09395
1.09324
1.09248
1.09169
1.09086
1.09
1.0891
1.08816
1.08719
1.08622
1.08525
1.08425
1.08326
1.08229
1.08133
1.0804
1.0795
1.07862
1.07781
1.07708
1.07643
1.07586
1.09823
1.09816
1.09803
1.09783
1.09756
1.09723
1.09683
1.09636
1.09584
1.09525
1.09462
1.09395
1.09324
1.09248
1.09169
1.09086
1.09
1.0891
1.08816
1.08719
1.08622
1.08525
1.08425
1.08326
1.08229
1.08133
1.0804
1.0795
1.07862
1.07781
1.07708
1.07643
1.07586
1.1118
1.11171
1.11155
1.11134
1.11105
1.11069
1.11024
1.10972
1.10914
1.10847
1.10776
1.10701
1.10621
1.10534
1.10442
1.10343
1.1024
1.10133
1.10021
1.09905
1.09786
1.09665
1.0954
1.09413
1.09282
1.09152
1.0902
1.08886
1.08754
1.08625
1.08499
1.08378
1.08259
1.11112
1.11104
1.11089
1.11066
1.11037
1.11001
1.10957
1.10908
1.1085
1.10786
1.10716
1.10641
1.10559
1.10472
1.10379
1.1028
1.10175
1.10067
1.09955
1.0984
1.09724
1.09603
1.09479
1.09354
1.09228
1.09098
1.08969
1.08841
1.08713
1.08587
1.08462
1.0834
1.08223
1.11112
1.11104
1.11089
1.11066
1.11037
1.11001
1.10957
1.10908
1.1085
1.10786
1.10716
1.10641
1.10559
1.10472
1.10379
1.1028
1.10175
1.10067
1.09955
1.0984
1.09724
1.09603
1.09479
1.09354
1.09228
1.09098
1.08969
1.08841
1.08713
1.08587
1.08462
1.0834
1.08223
1.12424
1.12415
1.12398
1.12375
1.12345
1.12307
1.12261
1.12208
1.12147
1.1208
1.12007
1.11929
1.11842
1.11749
1.1165
1.11547
1.11437
1.1132
1.11197
1.1107
1.1094
1.10805
1.10666
1.10523
1.10374
1.10223
1.1007
1.09916
1.09759
1.09602
1.09444
1.09285
1.09127
1.12294
1.12286
1.12271
1.12248
1.12218
1.1218
1.12135
1.12084
1.12024
1.11957
1.11883
1.11804
1.11718
1.11625
1.11527
1.11424
1.11315
1.11199
1.11078
1.10951
1.10822
1.10687
1.10549
1.10405
1.1026
1.10113
1.09963
1.09811
1.09658
1.09503
1.09348
1.09193
1.09038
1.12118
1.12112
1.12098
1.12077
1.12049
1.12012
1.11967
1.11915
1.11857
1.11792
1.11719
1.1164
1.11556
1.11464
1.11367
1.11265
1.11156
1.11042
1.10921
1.10795
1.10665
1.10533
1.10396
1.10257
1.10116
1.09972
1.09824
1.09675
1.09526
1.09378
1.09228
1.09077
1.08926
1.11896
1.11889
1.11876
1.11854
1.11825
1.1179
1.11749
1.11699
1.11641
1.11576
1.11504
1.11427
1.11344
1.11254
1.11158
1.11058
1.10952
1.10841
1.10723
1.10601
1.10474
1.10345
1.10211
1.10075
1.09936
1.09795
1.09653
1.0951
1.09365
1.0922
1.09075
1.08929
1.08784
1.11631
1.11625
1.1161
1.11588
1.11557
1.1152
1.11477
1.11428
1.11371
1.11309
1.1124
1.11165
1.11083
1.10995
1.10903
1.10805
1.10701
1.10593
1.10479
1.1036
1.10238
1.10113
1.09983
1.0985
1.09716
1.09581
1.09443
1.09304
1.09165
1.09026
1.08888
1.0875
1.08615
1.1131
1.11302
1.11286
1.11265
1.11237
1.11201
1.11158
1.11107
1.11051
1.10989
1.10922
1.10849
1.10769
1.10684
1.10595
1.105
1.10401
1.10295
1.10184
1.1007
1.09953
1.09832
1.09707
1.0958
1.09451
1.09321
1.09191
1.09062
1.08932
1.08802
1.08671
1.08544
1.0842
1.10916
1.10909
1.10895
1.10874
1.10847
1.10812
1.1077
1.10721
1.10667
1.10607
1.10542
1.10472
1.10395
1.10313
1.10228
1.10136
1.10039
1.09937
1.09832
1.09722
1.0961
1.09494
1.09376
1.09257
1.09134
1.09011
1.08889
1.08767
1.08645
1.08526
1.0841
1.08296
1.08186
1.1046
1.10454
1.10442
1.10421
1.10394
1.10361
1.1032
1.10273
1.10221
1.10164
1.10101
1.10032
1.09959
1.09882
1.09799
1.09711
1.09618
1.09521
1.09421
1.09317
1.0921
1.09102
1.08991
1.08879
1.08765
1.08653
1.08541
1.0843
1.0832
1.08215
1.08115
1.08019
1.07928
1.09977
1.09971
1.09958
1.09939
1.09912
1.0988
1.09841
1.09796
1.09746
1.09691
1.0963
1.09564
1.09494
1.09418
1.09338
1.09252
1.09164
1.09071
1.08976
1.08878
1.08776
1.08674
1.08574
1.08473
1.08371
1.08268
1.08168
1.08069
1.07974
1.07882
1.07797
1.0772
1.0765
1.09606
1.09599
1.09584
1.09564
1.09536
1.09503
1.09465
1.09421
1.09373
1.09321
1.09263
1.09201
1.09135
1.09062
1.08984
1.08901
1.08816
1.08727
1.08635
1.0854
1.08445
1.08349
1.08253
1.08157
1.0806
1.07966
1.07875
1.07786
1.07701
1.07621
1.07547
1.07481
1.07422
)
;
    }
}


// ************************************************************************* //
