/*--------------------------------*- C++ -*----------------------------------*\
| =========                 |                                                 |
| \\      /  F ield         | OpenFOAM: The Open Source CFD Toolbox           |
|  \\    /   O peration     | Version:  2312                                  |
|   \\  /    A nd           | Website:  www.openfoam.com                      |
|    \\/     M anipulation  |                                                 |
\*---------------------------------------------------------------------------*/
FoamFile
{
    version     2.0;
    format      ascii;
    arch        "LSB;label=32;scalar=64";
    class       pointVectorField;
    location    "0.8";
    object      pointD;
}
// * * * * * * * * * * * * * * * * * * * * * * * * * * * * * * * * * * * * * //

dimensions      [0 1 0 0 0 0 0];

internalField   nonuniform List<vector> 
2164
(
(0 0 0)
(0 0 0)
(0 0 0)
(0 0 0)
(0 0 0)
(0 0 0)
(0 0 0)
(0 0 0)
(0 0 0)
(0 0 0)
(0 0 0)
(0 0 0)
(0 0 0)
(0 0 0)
(0 0 0)
(0 0 0)
(0 0 0)
(0 0 0)
(0 0 0)
(0 0 0)
(0 0 0)
(0 0 0)
(0 0 0)
(0 0 0)
(0 0 0)
(0 0 0)
(0 0 0)
(0 0 0)
(0 0 0)
(0 0 0)
(0 0 0)
(0 0 0)
(0 0 0)
(0 0 0)
(0 0 0)
(0 0 0)
(0.000971211 -0.000232285 7.1388e-05)
(0.000818745 -0.000383024 -0.00025255)
(0.00066292 -0.00048262 -0.000441103)
(0.000526504 -0.000497066 -0.000515688)
(0.000421878 -0.000459697 -0.000515167)
(0.000355191 -0.00040347 -0.000468801)
(0.000323529 -0.000340551 -0.000398547)
(0.000312957 -0.000269804 -0.000321157)
(0.000302427 -0.000187477 -0.000247079)
(0.000269559 -9.16819e-05 -0.000179128)
(0.000195172 1.845e-05 -0.00011144)
(6.55728e-05 0.000144366 -2.88656e-05)
(-0.000126616 0.000283684 9.12292e-05)
(-0.000378754 0.000414892 0.000268976)
(-0.000665858 0.000482993 0.000494575)
(-0.00092754 0.00042583 0.000685609)
(-0.00108125 0.000267125 0.000690263)
(-0.00108167 0.000165076 0.000445724)
(-0.000971211 0.000232285 7.1388e-05)
(-0.000818745 0.000383024 -0.00025255)
(-0.00066292 0.00048262 -0.000441103)
(-0.000526504 0.000497066 -0.000515688)
(-0.000421878 0.000459697 -0.000515167)
(-0.000355191 0.00040347 -0.000468801)
(-0.000323529 0.000340551 -0.000398547)
(-0.000312957 0.000269804 -0.000321157)
(-0.000302427 0.000187477 -0.000247079)
(-0.000269559 9.16819e-05 -0.000179128)
(-0.000195172 -1.845e-05 -0.00011144)
(-6.55728e-05 -0.000144366 -2.88656e-05)
(0.000126616 -0.000283684 9.12292e-05)
(0.000378754 -0.000414892 0.000268976)
(0.000665858 -0.000482993 0.000494575)
(0.00092754 -0.00042583 0.000685609)
(0.00108125 -0.000267125 0.000690263)
(0.00108167 -0.000165076 0.000445724)
(0.000908524 -0.000370483 0.000111374)
(0.000862952 -0.000448375 -8.84115e-05)
(0.000791267 -0.00046144 -0.00022547)
(0.000701986 -0.000410045 -0.000307761)
(0.000607094 -0.000328797 -0.000347009)
(0.000520184 -0.000244451 -0.00035128)
(0.000447811 -0.000165544 -0.000329163)
(0.000385886 -9.00895e-05 -0.000289406)
(0.000322553 -1.44356e-05 -0.000238329)
(0.000243537 6.26165e-05 -0.000178249)
(0.000137228 0.00013999 -0.000107201)
(-1.93871e-06 0.000216403 -1.95484e-05)
(-0.000172724 0.000290186 9.20327e-05)
(-0.000367502 0.000353113 0.000230606)
(-0.000569761 0.000383776 0.00038116)
(-0.000750023 0.000360853 0.000492009)
(-0.00087186 0.000308023 0.000483612)
(-0.000918706 0.000300521 0.000333046)
(-0.000908524 0.000370483 0.000111374)
(-0.000862952 0.000448375 -8.84115e-05)
(-0.000791267 0.00046144 -0.00022547)
(-0.000701986 0.000410045 -0.000307761)
(-0.000607094 0.000328797 -0.000347009)
(-0.000520184 0.000244451 -0.00035128)
(-0.000447811 0.000165544 -0.000329163)
(-0.000385886 9.00895e-05 -0.000289406)
(-0.000322553 1.44356e-05 -0.000238329)
(-0.000243537 -6.26165e-05 -0.000178249)
(-0.000137228 -0.00013999 -0.000107201)
(1.93871e-06 -0.000216403 -1.95484e-05)
(0.000172724 -0.000290186 9.20327e-05)
(0.000367502 -0.000353112 0.000230606)
(0.000569761 -0.000383776 0.00038116)
(0.000750023 -0.000360853 0.000492009)
(0.00087186 -0.000308023 0.000483612)
(0.000918706 -0.000300521 0.000333046)
(0 0 0)
(0 0 0)
(0 0 0)
(0 0 0)
(0 0 0)
(0 0 0)
(0 0 0)
(0 0 0)
(0 0 0)
(0 0 0)
(0 0 0)
(0 0 0)
(0 0 0)
(0 0 0)
(0 0 0)
(0 0 0)
(0 0 0)
(0 0 0)
(0 0 0)
(0 0 0)
(0 0 0)
(0 0 0)
(0 0 0)
(0 0 0)
(0 0 0)
(0 0 0)
(0 0 0)
(0 0 0)
(0 0 0)
(0 0 0)
(0 0 0)
(0 0 0)
(0 0 0)
(0 0 0)
(0 0 0)
(0 0 0)
(0.000798297 -0.000495151 0.000129718)
(0.000854345 -0.000513485 4.2849e-05)
(0.000871261 -0.000451737 -4.56754e-05)
(0.000840559 -0.000340769 -0.000134329)
(0.00077028 -0.000216327 -0.000209958)
(0.0006773 -0.000100172 -0.000260396)
(0.000574909 4.49421e-07 -0.000281077)
(0.000468066 8.56154e-05 -0.000272787)
(0.000354987 0.000156564 -0.000237849)
(0.000231363 0.000212704 -0.000178455)
(9.49913e-05 0.00025158 -9.72715e-05)
(-5.08065e-05 0.00027132 8.46867e-07)
(-0.000197096 0.000273969 0.000107319)
(-0.000333272 0.000267002 0.00020908)
(-0.000452006 0.000262144 0.000288005)
(-0.000551653 0.000274772 0.000321863)
(-0.000637345 0.000325617 0.000295158)
(-0.000720195 0.000413473 0.0002197)
(-0.000798297 0.000495151 0.000129718)
(-0.000854345 0.000513485 4.2849e-05)
(-0.000871261 0.000451737 -4.56754e-05)
(-0.000840559 0.000340769 -0.000134329)
(-0.00077028 0.000216327 -0.000209958)
(-0.0006773 0.000100172 -0.000260396)
(-0.000574909 -4.49418e-07 -0.000281077)
(-0.000468066 -8.56154e-05 -0.000272787)
(-0.000354987 -0.000156564 -0.000237849)
(-0.000231363 -0.000212704 -0.000178455)
(-9.49913e-05 -0.00025158 -9.72715e-05)
(5.08065e-05 -0.00027132 8.46865e-07)
(0.000197096 -0.000273969 0.000107319)
(0.000333272 -0.000267002 0.00020908)
(0.000452006 -0.000262144 0.000288005)
(0.000551653 -0.000274772 0.000321863)
(0.000637345 -0.000325617 0.000295158)
(0.000720195 -0.000413473 0.0002197)
(0 0 0)
(0 0 0)
(0 0 0)
(0 0 0)
(0 0 0)
(0 0 0)
(0 0 0)
(0 0 0)
(0 0 0)
(0 0 0)
(0 0 0)
(0 0 0)
(0 0 0)
(0 0 0)
(0 0 0)
(0 0 0)
(0 0 0)
(0 0 0)
(0 0 0)
(0 0 0)
(0 0 0)
(0 0 0)
(0 0 0)
(0 0 0)
(0 0 0)
(0 0 0)
(0 0 0)
(0 0 0)
(0 0 0)
(0 0 0)
(0 0 0)
(0 0 0)
(0 0 0)
(0 0 0)
(0 0 0)
(0 0 0)
(0.00064308 -0.000569682 0.000124544)
(0.000783972 -0.000554494 0.000127201)
(0.000885786 -0.000444642 8.44547e-05)
(0.000922311 -0.000289867 -1.67948e-06)
(0.000892801 -0.000128026 -0.00010154)
(0.000811417 2.05806e-05 -0.000186408)
(0.000694297 0.000146576 -0.000239335)
(0.000553947 0.000245138 -0.000253211)
(0.000399152 0.000312753 -0.000226585)
(0.000237258 0.000346044 -0.000162138)
(7.70712e-05 0.000342252 -6.79938e-05)
(-6.92335e-05 0.000302151 4.01236e-05)
(-0.000187586 0.000235623 0.000139088)
(-0.000268297 0.000167398 0.000204024)
(-0.000314335 0.000136374 0.000219172)
(-0.00034587 0.000180936 0.000189437)
(-0.000397903 0.000311062 0.000144696)
(-0.000501019 0.000471567 0.000119152)
(-0.00064308 0.000569682 0.000124544)
(-0.000783972 0.000554494 0.000127201)
(-0.000885786 0.000444642 8.44547e-05)
(-0.000922311 0.000289867 -1.67947e-06)
(-0.000892801 0.000128026 -0.00010154)
(-0.000811417 -2.05806e-05 -0.000186408)
(-0.000694297 -0.000146576 -0.000239335)
(-0.000553947 -0.000245138 -0.000253211)
(-0.000399152 -0.000312753 -0.000226585)
(-0.000237258 -0.000346044 -0.000162138)
(-7.70712e-05 -0.000342252 -6.79938e-05)
(6.92335e-05 -0.000302151 4.01236e-05)
(0.000187586 -0.000235623 0.000139088)
(0.000268297 -0.000167398 0.000204024)
(0.000314335 -0.000136374 0.000219172)
(0.00034587 -0.000180936 0.000189437)
(0.000397903 -0.000311062 0.000144696)
(0.000501019 -0.000471567 0.000119152)
(0 0 0)
(0 0 0)
(0 0 0)
(0 0 0)
(0 0 0)
(0 0 0)
(0 0 0)
(0 0 0)
(0 0 0)
(0 0 0)
(0 0 0)
(0 0 0)
(0 0 0)
(0 0 0)
(0 0 0)
(0 0 0)
(0 0 0)
(0 0 0)
(0 0 0)
(0 0 0)
(0 0 0)
(0 0 0)
(0 0 0)
(0 0 0)
(0 0 0)
(0 0 0)
(0 0 0)
(0 0 0)
(0 0 0)
(0 0 0)
(0 0 0)
(0 0 0)
(0 0 0)
(0 0 0)
(0 0 0)
(0 0 0)
(0.00181703 -0.000788257 0.000280324)
(0.00161828 -0.000960142 -0.000382864)
(0.00137619 -0.00100213 -0.000824595)
(0.001139 -0.000919122 -0.00105424)
(0.000932761 -0.000779055 -0.00112684)
(0.00077492 -0.000634176 -0.00109437)
(0.000669657 -0.000499782 -0.000998783)
(0.0006019 -0.00036918 -0.000872054)
(0.00054093 -0.000231089 -0.000734147)
(0.000449773 -7.81239e-05 -0.000590137)
(0.000295202 9.30781e-05 -0.000427951)
(5.50936e-05 0.000285148 -0.000218732)
(-0.000278351 0.00049708 7.5757e-05)
(-0.000695439 0.000705458 0.000480832)
(-0.00115706 0.000842716 0.000963051)
(-0.00158097 0.000828201 0.00136852)
(-0.00185595 0.000697442 0.00142919)
(-0.00191951 0.000648434 0.000999058)
(-0.00181703 0.000788257 0.000280324)
(-0.00161828 0.000960142 -0.000382864)
(-0.00137619 0.00100213 -0.000824595)
(-0.001139 0.000919122 -0.00105424)
(-0.000932761 0.000779055 -0.00112684)
(-0.00077492 0.000634176 -0.00109437)
(-0.000669657 0.000499782 -0.000998783)
(-0.0006019 0.00036918 -0.000872054)
(-0.00054093 0.000231089 -0.000734147)
(-0.000449773 7.81239e-05 -0.000590137)
(-0.000295202 -9.30781e-05 -0.000427951)
(-5.50936e-05 -0.000285148 -0.000218732)
(0.000278351 -0.00049708 7.5757e-05)
(0.000695439 -0.000705458 0.000480832)
(0.00115706 -0.000842716 0.000963051)
(0.00158097 -0.000828201 0.00136851)
(0.00185595 -0.000697442 0.00142919)
(0.00191951 -0.000648434 0.000999058)
(0.00171233 -0.000891975 0.000380472)
(0.00165302 -0.000982432 -6.84472e-05)
(0.00153259 -0.000945203 -0.000408802)
(0.00137256 -0.000807191 -0.000631427)
(0.0011963 -0.00062856 -0.000751724)
(0.0010276 -0.000451946 -0.000788737)
(0.00087853 -0.000290767 -0.000762931)
(0.000744209 -0.000142099 -0.000692699)
(0.000606588 1.04204e-07 -0.000590232)
(0.000442623 0.000138358 -0.000459045)
(0.000233304 0.000271497 -0.000293686)
(-2.95649e-05 0.000398374 -8.22112e-05)
(-0.000341426 0.000519286 0.000187144)
(-0.000686535 0.000628113 0.000512323)
(-0.00103695 0.000701735 0.000854245)
(-0.00134999 0.000715872 0.00111026)
(-0.00157653 0.000704037 0.00112784)
(-0.00169299 0.000758789 0.000842303)
(-0.00171233 0.000891975 0.000380472)
(-0.00165302 0.000982432 -6.84472e-05)
(-0.00153259 0.000945203 -0.000408802)
(-0.00137256 0.000807191 -0.000631427)
(-0.0011963 0.00062856 -0.000751724)
(-0.0010276 0.000451946 -0.000788737)
(-0.00087853 0.000290767 -0.000762931)
(-0.000744209 0.000142099 -0.000692699)
(-0.000606588 -1.04197e-07 -0.000590232)
(-0.000442623 -0.000138358 -0.000459045)
(-0.000233304 -0.000271497 -0.000293686)
(2.95649e-05 -0.000398374 -8.22112e-05)
(0.000341426 -0.000519286 0.000187144)
(0.000686535 -0.000628113 0.000512323)
(0.00103695 -0.000701735 0.000854245)
(0.00134999 -0.000715872 0.00111026)
(0.00157653 -0.000704037 0.00112784)
(0.00169299 -0.000758789 0.000842303)
(0.001524 -0.000996267 0.000443317)
(0.00161081 -0.00102057 0.000204837)
(0.0016241 -0.000914697 -3.17696e-05)
(0.00155682 -0.000725835 -0.000244165)
(0.00142765 -0.000507945 -0.000408635)
(0.00126342 -0.000295351 -0.000511183)
(0.00108209 -0.00010168 -0.000550394)
(0.000888624 6.9732e-05 -0.000530787)
(0.000678702 0.000217605 -0.000456748)
(0.000445074 0.00033876 -0.000330532)
(0.000184607 0.000428255 -0.000154035)
(-9.63464e-05 0.000483145 6.66534e-05)
(-0.000381429 0.000507766 0.000315593)
(-0.00065016 0.000516458 0.000563039)
(-0.000886348 0.000531577 0.000765542)
(-0.00108349 0.000578947 0.000870799)
(-0.00124599 0.000687867 0.000833696)
(-0.00139241 0.000854551 0.000667907)
(-0.001524 0.000996267 0.000443317)
(-0.00161081 0.00102057 0.000204837)
(-0.0016241 0.000914697 -3.17696e-05)
(-0.00155682 0.000725835 -0.000244165)
(-0.00142765 0.000507945 -0.000408635)
(-0.00126342 0.000295351 -0.000511183)
(-0.00108209 0.00010168 -0.000550394)
(-0.000888624 -6.9732e-05 -0.000530787)
(-0.000678702 -0.000217605 -0.000456748)
(-0.000445074 -0.00033876 -0.000330532)
(-0.000184607 -0.000428255 -0.000154035)
(9.63464e-05 -0.000483145 6.66534e-05)
(0.000381429 -0.000507766 0.000315593)
(0.00065016 -0.000516458 0.000563039)
(0.000886348 -0.000531577 0.000765542)
(0.00108349 -0.000578947 0.000870799)
(0.00124599 -0.000687867 0.000833696)
(0.00139241 -0.000854551 0.000667907)
(0.00126465 -0.00105201 0.00045946)
(0.00148303 -0.00104219 0.000406453)
(0.00162769 -0.000893832 0.000277094)
(0.00166342 -0.000667979 9.06797e-05)
(0.00159849 -0.000416014 -0.000100525)
(0.001457 -0.000168066 -0.000253181)
(0.00126002 5.91253e-05 -0.000344109)
(0.00102163 0.000253915 -0.000363739)
(0.000751643 0.000406264 -0.000309094)
(0.000459676 0.000507038 -0.000182192)
(0.000159171 0.000549053 6.6322e-06)
(-0.000129809 0.000530983 0.000233116)
(-0.000382073 0.000465514 0.000455993)
(-0.000576387 0.000389182 0.000623868)
(-0.000709308 0.00036196 0.000696174)
(-0.000802788 0.000439912 0.000667912)
(-0.000898198 0.000639892 0.000577735)
(-0.00104869 0.000892073 0.000496447)
(-0.00126465 0.00105201 0.00045946)
(-0.00148303 0.00104219 0.000406453)
(-0.00162769 0.000893832 0.000277094)
(-0.00166342 0.000667979 9.06797e-05)
(-0.00159849 0.000416014 -0.000100525)
(-0.001457 0.000168066 -0.000253181)
(-0.00126002 -5.91253e-05 -0.000344109)
(-0.00102163 -0.000253915 -0.000363739)
(-0.000751643 -0.000406264 -0.000309094)
(-0.000459676 -0.000507038 -0.000182192)
(-0.000159171 -0.000549053 6.63219e-06)
(0.000129809 -0.000530983 0.000233116)
(0.000382073 -0.000465514 0.000455993)
(0.000576387 -0.000389182 0.000623868)
(0.000709308 -0.00036196 0.000696174)
(0.000802788 -0.000439912 0.000667912)
(0.000898198 -0.000639892 0.000577735)
(0.00104869 -0.000892073 0.000496447)
(0.00248932 -0.00162241 0.00070374)
(0.002262 -0.00168863 -0.000300188)
(0.0019565 -0.00160906 -0.00104814)
(0.00164486 -0.00141883 -0.00149861)
(0.00136604 -0.00118461 -0.00170672)
(0.00113898 -0.000955965 -0.00174639)
(0.000967882 -0.000747608 -0.00167678)
(0.0008381 -0.000551463 -0.00153915)
(0.000716619 -0.000352818 -0.0013574)
(0.000560635 -0.000140323 -0.00113562)
(0.000330273 9.17641e-05 -0.0008559)
(-1.59287e-09 0.000346459 -0.000480937)
(-0.000435727 0.000623153 3.18293e-05)
(-0.000960402 0.000903167 0.000696611)
(-0.00152853 0.00113414 0.00144441)
(-0.00205681 0.00126321 0.00206702)
(-0.00242761 0.00134247 0.00223185)
(-0.0025646 0.00146958 0.00170417)
(-0.00248932 0.00162241 0.00070374)
(-0.002262 0.00168863 -0.000300188)
(-0.0019565 0.00160906 -0.00104814)
(-0.00164486 0.00141883 -0.00149861)
(-0.00136604 0.00118461 -0.00170672)
(-0.00113898 0.000955965 -0.00174639)
(-0.000967882 0.000747608 -0.00167678)
(-0.0008381 0.000551463 -0.00153915)
(-0.000716619 0.000352818 -0.0013574)
(-0.000560635 0.000140323 -0.00113562)
(-0.000330273 -9.1764e-05 -0.0008559)
(1.57352e-09 -0.000346458 -0.000480937)
(0.000435727 -0.000623153 3.18293e-05)
(0.000960402 -0.000903167 0.000696611)
(0.00152853 -0.00113414 0.00144441)
(0.00205681 -0.00126321 0.00206702)
(0.00242761 -0.00134247 0.00223185)
(0.0025646 -0.00146958 0.00170417)
(0.00235394 -0.00154414 0.000834822)
(0.00227776 -0.00157575 0.000116694)
(0.00211146 -0.00146209 -0.000469247)
(0.00189499 -0.00124722 -0.000873735)
(0.00166122 -0.000991073 -0.00111065)
(0.00143438 -0.000736826 -0.00121282)
(0.00122508 -0.000500365 -0.00121226)
(0.00102756 -0.000280848 -0.00113377)
(0.000822213 -7.26307e-05 -0.000992015)
(0.000583228 0.000127564 -0.000789581)
(0.000288795 0.000319427 -0.000517292)
(-7.03243e-05 0.000502346 -0.000159387)
(-0.000487516 0.000677515 0.000294027)
(-0.000941578 0.000842221 0.000825791)
(-0.00139744 0.000983161 0.00136553)
(-0.00180767 0.00109383 0.00177299)
(-0.00212107 0.00121668 0.00186045)
(-0.00230567 0.00138983 0.00150718)
(-0.00235394 0.00154414 0.000834822)
(-0.00227776 0.00157575 0.000116694)
(-0.00211146 0.00146209 -0.000469247)
(-0.00189499 0.00124722 -0.000873735)
(-0.00166122 0.000991073 -0.00111065)
(-0.00143438 0.000736826 -0.00121282)
(-0.00122508 0.000500365 -0.00121226)
(-0.00102756 0.000280848 -0.00113377)
(-0.000822213 7.26307e-05 -0.000992015)
(-0.000583229 -0.000127564 -0.000789581)
(-0.000288795 -0.000319427 -0.000517292)
(7.03243e-05 -0.000502346 -0.000159387)
(0.000487516 -0.000677515 0.000294027)
(0.000941578 -0.000842221 0.000825791)
(0.00139744 -0.000983161 0.00136553)
(0.00180767 -0.00109383 0.00177299)
(0.00212107 -0.00121668 0.00186045)
(0.00230567 -0.00138983 0.00150718)
(0.00212527 -0.00147953 0.000918194)
(0.00220716 -0.00149188 0.000491297)
(0.00219352 -0.00135386 7.61825e-05)
(0.00208819 -0.00111723 -0.000275802)
(0.00191588 -0.000837943 -0.000536728)
(0.00170365 -0.000554428 -0.000697082)
(0.00146738 -0.000285343 -0.000760779)
(0.00121019 -3.88456e-05 -0.000735702)
(0.000926756 0.000180057 -0.000627316)
(0.000609746 0.00036607 -0.000437019)
(0.000256542 0.000513741 -0.000165108)
(-0.000125675 0.000620704 0.00018169)
(-0.000518942 0.000692456 0.000579399)
(-0.000898758 0.000745925 0.000978658)
(-0.00124175 0.000809074 0.00130866)
(-0.0015334 0.000914368 0.00149603)
(-0.00177338 0.00108808 0.00148739)
(-0.00197159 0.00131254 0.00127783)
(-0.00212527 0.00147953 0.000918194)
(-0.00220716 0.00149188 0.000491297)
(-0.00219352 0.00135386 7.61825e-05)
(-0.00208819 0.00111723 -0.000275802)
(-0.00191588 0.000837943 -0.000536728)
(-0.00170365 0.000554428 -0.000697082)
(-0.00146738 0.000285343 -0.000760779)
(-0.00121019 3.88456e-05 -0.000735702)
(-0.000926756 -0.000180057 -0.000627316)
(-0.000609746 -0.00036607 -0.000437019)
(-0.000256542 -0.000513741 -0.000165108)
(0.000125675 -0.000620704 0.00018169)
(0.000518942 -0.000692456 0.000579399)
(0.000898758 -0.000745925 0.000978658)
(0.00124175 -0.000809074 0.00130866)
(0.0015334 -0.000914368 0.00149603)
(0.00177338 -0.00108808 0.00148739)
(0.00197159 -0.00131254 0.00127783)
(0.00181794 -0.00140721 0.000935999)
(0.00204217 -0.00141611 0.000780237)
(0.00217927 -0.00126779 0.000543269)
(0.00219503 -0.0010168 0.000261446)
(0.00209984 -0.000717248 -5.32231e-06)
(0.00191829 -0.000405509 -0.000208808)
(0.00166998 -0.000104805 -0.000324256)
(0.00136714 0.000166785 -0.00034188)
(0.00101927 0.000393244 -0.000258326)
(0.000637822 0.000561165 -7.50784e-05)
(0.000239067 0.000661683 0.000196856)
(-0.000154831 0.000693706 0.00052831)
(-0.000517132 0.000670949 0.000864527)
(-0.000823399 0.000632311 0.00113112)
(-0.00106376 0.000640986 0.00126503)
(-0.00125065 0.000750725 0.0012552)
(-0.00141286 0.000966489 0.00115203)
(-0.00159203 0.00122769 0.00103927)
(-0.00181794 0.00140721 0.000935999)
(-0.00204217 0.00141611 0.000780237)
(-0.00217927 0.00126779 0.000543269)
(-0.00219503 0.0010168 0.000261446)
(-0.00209984 0.000717248 -5.3223e-06)
(-0.00191829 0.000405509 -0.000208808)
(-0.00166998 0.000104805 -0.000324256)
(-0.00136714 -0.000166785 -0.00034188)
(-0.00101927 -0.000393244 -0.000258326)
(-0.000637822 -0.000561165 -7.50784e-05)
(-0.000239067 -0.000661683 0.000196856)
(0.000154831 -0.000693706 0.00052831)
(0.000517132 -0.000670949 0.000864527)
(0.000823399 -0.000632311 0.00113112)
(0.00106376 -0.000640986 0.00126503)
(0.00125065 -0.000750725 0.0012552)
(0.00141285 -0.000966489 0.00115203)
(0.00159203 -0.00122769 0.00103927)
(0.0029672 -0.00241587 0.00124775)
(0.00272756 -0.00240379 1.93095e-05)
(0.00237755 -0.00224587 -0.00100145)
(0.00201695 -0.00199125 -0.0016798)
(0.00169664 -0.00169554 -0.00204918)
(0.00142871 -0.00140084 -0.00219525)
(0.00120985 -0.00112331 -0.00218819)
(0.00102417 -0.000858461 -0.00207297)
(0.00084089 -0.000593281 -0.0018727)
(0.000619734 -0.000316069 -0.00158933)
(0.000322872 -2.0229e-05 -0.00120353)
(-7.32729e-05 0.000297311 -0.000679844)
(-0.000571971 0.000636522 1.57752e-05)
(-0.00115426 0.000986628 0.000876401)
(-0.00177424 0.00132216 0.00179741)
(-0.00235311 0.00163062 0.002543)
(-0.00278658 0.00194613 0.00279403)
(-0.00299864 0.00224678 0.00231837)
(-0.0029672 0.00241587 0.00124775)
(-0.00272756 0.00240379 1.93095e-05)
(-0.00237755 0.00224587 -0.00100145)
(-0.00201695 0.00199125 -0.0016798)
(-0.00169664 0.00169554 -0.00204918)
(-0.00142871 0.00140084 -0.00219525)
(-0.00120985 0.00112331 -0.00218819)
(-0.00102417 0.000858461 -0.00207297)
(-0.00084089 0.000593281 -0.0018727)
(-0.000619734 0.000316069 -0.00158933)
(-0.000322872 2.0229e-05 -0.00120353)
(7.32729e-05 -0.000297311 -0.000679844)
(0.000571971 -0.000636522 1.57752e-05)
(0.00115426 -0.000986628 0.000876401)
(0.00177424 -0.00132216 0.00179741)
(0.00235311 -0.00163062 0.002543)
(0.00278658 -0.00194613 0.00279403)
(0.00299864 -0.00224678 0.00231837)
(0.00280068 -0.00213603 0.00132763)
(0.00270544 -0.00212914 0.000441978)
(0.00250003 -0.00197362 -0.000346587)
(0.00224381 -0.00171897 -0.000924769)
(0.00197649 -0.00141799 -0.00128738)
(0.00171627 -0.00111017 -0.00147252)
(0.00146745 -0.000813789 -0.00151874)
(0.00122242 -0.000531881 -0.00145332)
(0.000962685 -0.000261305 -0.00129083)
(0.000664497 7.38903e-07 -0.00103293)
(0.000307666 0.000254711 -0.000670341)
(-0.00011657 0.00050079 -0.000189954)
(-0.00060201 0.000740658 0.000409733)
(-0.0011269 0.000974936 0.00109376)
(-0.00165356 0.0012028 0.00176499)
(-0.00213111 0.00143588 0.00226234)
(-0.00250579 0.00170228 0.00240275)
(-0.00273676 0.00197235 0.00206664)
(-0.00280068 0.00213603 0.00132763)
(-0.00270544 0.00212914 0.000441978)
(-0.00250003 0.00197362 -0.000346587)
(-0.00224381 0.00171897 -0.000924769)
(-0.00197649 0.00141799 -0.00128738)
(-0.00171627 0.00111017 -0.00147252)
(-0.00146745 0.000813789 -0.00151874)
(-0.00122242 0.000531881 -0.00145332)
(-0.000962685 0.000261305 -0.00129083)
(-0.000664497 -7.38889e-07 -0.00103293)
(-0.000307666 -0.000254711 -0.000670341)
(0.00011657 -0.00050079 -0.000189954)
(0.00060201 -0.000740658 0.000409733)
(0.0011269 -0.000974936 0.00109376)
(0.00165356 -0.0012028 0.00176499)
(0.00213111 -0.00143588 0.00226234)
(0.00250579 -0.00170228 0.00240275)
(0.00273676 -0.00197235 0.00206664)
(0.00257385 -0.00188607 0.00136566)
(0.00261519 -0.0018903 0.000825657)
(0.0025592 -0.00174206 0.000279065)
(0.00241834 -0.0014878 -0.000191146)
(0.00221644 -0.00117902 -0.000541937)
(0.00197507 -0.000854118 -0.00076196)
(0.00170529 -0.000534695 -0.000856709)
(0.00140773 -0.000232476 -0.000835402)
(0.00107685 4.47214e-05 -0.000704183)
(0.000706449 0.000290467 -0.000464985)
(0.00029472 0.00050006 -0.000119169)
(-0.000152538 0.000672534 0.000323363)
(-0.000620622 0.000813634 0.000830542)
(-0.00108641 0.000939199 0.00133777)
(-0.00152214 0.00107609 0.00175535)
(-0.00190277 0.00125467 0.00199714)
(-0.00221235 0.00148569 0.00201109)
(-0.00243826 0.00172722 0.00178927)
(-0.00257385 0.00188607 0.00136566)
(-0.00261519 0.0018903 0.000825657)
(-0.0025592 0.00174206 0.000279065)
(-0.00241834 0.0014878 -0.000191146)
(-0.00221644 0.00117902 -0.000541937)
(-0.00197507 0.000854118 -0.000761959)
(-0.00170529 0.000534695 -0.000856709)
(-0.00140773 0.000232476 -0.000835402)
(-0.00107685 -4.47214e-05 -0.000704183)
(-0.000706449 -0.000290467 -0.000464985)
(-0.00029472 -0.00050006 -0.000119169)
(0.000152538 -0.000672534 0.000323363)
(0.000620622 -0.000813634 0.000830542)
(0.00108641 -0.000939199 0.00133777)
(0.00152214 -0.00107609 0.00175535)
(0.00190277 -0.00125467 0.00199714)
(0.00221235 -0.00148569 0.00201109)
(0.00243826 -0.00172722 0.00178927)
(0.00229493 -0.00167027 0.00135516)
(0.00245077 -0.00168088 0.0011324)
(0.00253521 -0.00154165 0.000827643)
(0.00251424 -0.00128954 0.000480197)
(0.00238945 -0.000973275 0.000158113)
(0.00217962 -0.000631078 -8.31814e-05)
(0.00190066 -0.000289072 -0.000215756)
(0.00156193 3.18466e-05 -0.000229626)
(0.00117151 0.000312973 -0.000122509)
(0.000740786 0.0005394 0.000102436)
(0.000285631 0.000702764 0.000432057)
(-0.000174819 0.000803293 0.000833482)
(-0.00061898 0.000853988 0.001244)
(-0.00102472 0.000888584 0.00157594)
(-0.00137632 0.000959138 0.0017535)
(-0.00167091 0.0011047 0.00176143)
(-0.00191454 0.00131256 0.00165553)
(-0.00211525 0.00152549 0.00151465)
(-0.00229493 0.00167027 0.00135516)
(-0.00245077 0.00168088 0.0011324)
(-0.00253521 0.00154165 0.000827643)
(-0.00251424 0.00128954 0.000480197)
(-0.00238945 0.000973275 0.000158113)
(-0.00217962 0.000631078 -8.31814e-05)
(-0.00190066 0.000289072 -0.000215756)
(-0.00156193 -3.18466e-05 -0.000229626)
(-0.00117151 -0.000312973 -0.000122509)
(-0.000740786 -0.0005394 0.000102436)
(-0.000285631 -0.000702764 0.000432057)
(0.000174819 -0.000803293 0.000833482)
(0.00061898 -0.000853988 0.001244)
(0.00102472 -0.000888584 0.00157594)
(0.00137632 -0.000959138 0.0017535)
(0.00167091 -0.0011047 0.00176143)
(0.00191454 -0.00131256 0.00165553)
(0.00211525 -0.00152549 0.00151465)
(0.00322574 -0.00293585 0.00172036)
(0.0030004 -0.00295913 0.000453349)
(0.00263527 -0.00281337 -0.000721554)
(0.00225037 -0.00255888 -0.00157915)
(0.00191006 -0.0022463 -0.00210116)
(0.0016221 -0.00191443 -0.00236116)
(0.00137376 -0.00158427 -0.00243007)
(0.0011457 -0.00125873 -0.00235294)
(0.000910472 -0.000930478 -0.00215171)
(0.000634836 -0.000590618 -0.00182881)
(0.000288388 -0.000232927 -0.00136993)
(-0.000147548 0.00014677 -0.000750146)
(-0.000675493 0.000550843 4.91417e-05)
(-0.00127852 0.000975663 0.00100123)
(-0.00191293 0.00141264 0.00198111)
(-0.00250339 0.00186016 0.00275299)
(-0.00296051 0.00231075 0.00304697)
(-0.00321558 0.00270399 0.00268778)
(-0.00322574 0.00293585 0.00172036)
(-0.0030004 0.00295913 0.000453349)
(-0.00263527 0.00281337 -0.000721554)
(-0.00225037 0.00255888 -0.00157915)
(-0.00191006 0.0022463 -0.00210116)
(-0.0016221 0.00191443 -0.00236116)
(-0.00137376 0.00158427 -0.00243007)
(-0.0011457 0.00125873 -0.00235294)
(-0.000910472 0.000930478 -0.00215171)
(-0.000634836 0.000590618 -0.00182881)
(-0.000288388 0.000232927 -0.00136993)
(0.000147548 -0.00014677 -0.000750146)
(0.000675492 -0.000550843 4.91417e-05)
(0.00127852 -0.000975663 0.00100123)
(0.00191293 -0.00141264 0.00198111)
(0.00250339 -0.00186016 0.00275299)
(0.00296051 -0.00231075 0.00304697)
(0.00321558 -0.00270399 0.00268778)
(0.00303863 -0.00252793 0.00172638)
(0.00293433 -0.002546 0.000814343)
(0.00270749 -0.00240914 -7.79642e-05)
(0.00242928 -0.00216365 -0.000782047)
(0.00214582 -0.00185626 -0.00125488)
(0.00187043 -0.00152405 -0.00152269)
(0.00160029 -0.00118889 -0.00162243)
(0.00132498 -0.000859135 -0.00158093)
(0.00102787 -0.00053574 -0.00141251)
(0.000689578 -0.000217758 -0.00112025)
(0.000294142 9.55726e-05 -0.00069947)
(-0.000165654 0.000405751 -0.000145309)
(-0.000685428 0.000715686 0.000532526)
(-0.00124601 0.00102809 0.00128569)
(-0.00180927 0.00134713 0.00200454)
(-0.00232026 0.00168281 0.00252673)
(-0.00272144 0.00203144 0.00269167)
(-0.00296929 0.00234055 0.00241233)
(-0.00303863 0.00252793 0.00172638)
(-0.00293433 0.002546 0.000814343)
(-0.00270749 0.00240914 -7.79642e-05)
(-0.00242928 0.00216365 -0.000782047)
(-0.00214582 0.00185626 -0.00125488)
(-0.00187043 0.00152405 -0.00152269)
(-0.00160029 0.00118889 -0.00162243)
(-0.00132498 0.000859135 -0.00158093)
(-0.00102787 0.00053574 -0.00141251)
(-0.000689578 0.000217758 -0.00112025)
(-0.000294142 -9.55726e-05 -0.000699471)
(0.000165654 -0.000405751 -0.000145309)
(0.000685428 -0.000715686 0.000532526)
(0.00124601 -0.00102809 0.00128569)
(0.00180927 -0.00134713 0.00200454)
(0.00232026 -0.00168281 0.00252673)
(0.00272143 -0.00203144 0.00269167)
(0.00296929 -0.00234055 0.00241233)
(0.00283053 -0.00216165 0.00170368)
(0.00283037 -0.002171 0.00114156)
(0.00273607 -0.0020418 0.000537721)
(0.00256769 -0.00180315 -5.85348e-06)
(0.00234767 -0.00149723 -0.00042482)
(0.0020917 -0.0011602 -0.000696611)
(0.00180565 -0.000815642 -0.000822682)
(0.00148772 -0.00047818 -0.000811326)
(0.00113249 -0.000157885 -0.000669415)
(0.000735166 0.000138108 -0.000401207)
(0.000294619 0.000406038 -1.21381e-05)
(-0.00018533 0.000646351 0.000482206)
(-0.000694366 0.000864515 0.00104264)
(-0.00121234 0.00107267 0.00159703)
(-0.00170828 0.00128986 0.00205042)
(-0.00214595 0.00153303 0.00231547)
(-0.00249176 0.00179308 0.00234113)
(-0.00272148 0.00202191 0.00212528)
(-0.00283053 0.00216165 0.00170368)
(-0.00283037 0.002171 0.00114156)
(-0.00273607 0.0020418 0.000537721)
(-0.00256769 0.00180315 -5.85346e-06)
(-0.00234767 0.00149723 -0.00042482)
(-0.0020917 0.0011602 -0.000696611)
(-0.00180565 0.000815642 -0.000822682)
(-0.00148772 0.00047818 -0.000811326)
(-0.00113249 0.000157885 -0.000669415)
(-0.000735166 -0.000138108 -0.000401207)
(-0.000294619 -0.000406038 -1.21381e-05)
(0.00018533 -0.000646351 0.000482206)
(0.000694366 -0.000864515 0.00104264)
(0.00121234 -0.00107267 0.00159703)
(0.00170828 -0.00128986 0.00205042)
(0.00214595 -0.00153303 0.00231547)
(0.00249176 -0.00179308 0.00234113)
(0.00272148 -0.00202191 0.00212528)
(0.00260494 -0.00184865 0.00166053)
(0.00268615 -0.00183953 0.00141265)
(0.00270767 -0.00171199 0.00108579)
(0.00264547 -0.00147759 0.000710921)
(0.00249443 -0.00117111 0.000359673)
(0.00226622 -0.000827212 9.5619e-05)
(0.00197245 -0.000471974 -4.78806e-05)
(0.00161984 -0.000126739 -5.94229e-05)
(0.00121469 0.000189464 6.19043e-05)
(0.000766805 0.000462127 0.000310069)
(0.000289362 0.000684185 0.000668593)
(-0.000203512 0.000856791 0.00110131)
(-0.000696347 0.000990397 0.0015419)
(-0.0011697 0.00110884 0.00189981)
(-0.00160188 0.00124524 0.00209917)
(-0.00197334 0.00141748 0.00212402)
(-0.00226669 0.00160458 0.0020205)
(-0.0024724 0.00176045 0.0018552)
(-0.00260494 0.00184865 0.00166053)
(-0.00268615 0.00183953 0.00141265)
(-0.00270767 0.00171199 0.00108579)
(-0.00264547 0.00147759 0.000710921)
(-0.00249443 0.00117111 0.000359673)
(-0.00226622 0.000827212 9.5619e-05)
(-0.00197245 0.000471974 -4.78806e-05)
(-0.00161984 0.000126739 -5.94229e-05)
(-0.00121469 -0.000189464 6.19043e-05)
(-0.000766805 -0.000462127 0.000310069)
(-0.000289362 -0.000684185 0.000668593)
(0.000203512 -0.000856791 0.00110131)
(0.000696347 -0.000990397 0.0015419)
(0.0011697 -0.00110884 0.00189981)
(0.00160188 -0.00124524 0.00209917)
(0.00197334 -0.00141748 0.00212402)
(0.00226669 -0.00160458 0.0020205)
(0.0024724 -0.00176045 0.0018552)
(0.00324962 -0.00320624 0.00198232)
(0.00305709 -0.00331161 0.000830544)
(0.00271683 -0.00324054 -0.000339868)
(0.00233928 -0.00303921 -0.00128013)
(0.00199716 -0.00275164 -0.0019105)
(0.0017027 -0.00241543 -0.00226639)
(0.00143908 -0.00205724 -0.00240538)
(0.00118404 -0.00168895 -0.00236857)
(0.000913393 -0.00131114 -0.00217767)
(0.000601927 -0.000919622 -0.00183904)
(0.00022795 -0.000509257 -0.00134783)
(-0.000222075 -7.44483e-05 -0.000693461)
(-0.00075075 0.000389411 0.000126361)
(-0.00134376 0.000881859 0.00107193)
(-0.00195912 0.00139796 0.00201879)
(-0.0025264 0.00193046 0.00275788)
(-0.00296777 0.00245381 0.00306488)
(-0.00322139 0.00290583 0.00279835)
(-0.00324962 0.00320624 0.00198232)
(-0.00305709 0.00331161 0.000830544)
(-0.00271683 0.00324054 -0.000339868)
(-0.00233928 0.00303921 -0.00128013)
(-0.00199716 0.00275164 -0.0019105)
(-0.0017027 0.00241543 -0.00226639)
(-0.00143908 0.00205724 -0.00240538)
(-0.00118404 0.00168895 -0.00236857)
(-0.000913393 0.00131114 -0.00217767)
(-0.000601927 0.000919622 -0.00183904)
(-0.00022795 0.000509257 -0.00134783)
(0.000222075 7.44483e-05 -0.000693461)
(0.00075075 -0.000389411 0.000126361)
(0.00134376 -0.000881859 0.00107193)
(0.00195912 -0.00139796 0.00201879)
(0.0025264 -0.00193046 0.00275788)
(0.00296777 -0.00245381 0.00306488)
(0.00322139 -0.00290583 0.00279835)
(0.0030703 -0.00273951 0.00196718)
(0.00296916 -0.00280873 0.00112755)
(0.00274566 -0.0027284 0.00024376)
(0.00246687 -0.00252936 -0.000509726)
(0.00218156 -0.00224881 -0.00105318)
(0.00190333 -0.00192077 -0.00138565)
(0.0016256 -0.00157021 -0.00153275)
(0.00133571 -0.00121121 -0.00151761)
(0.00101894 -0.000849812 -0.00135462)
(0.00066065 -0.00048788 -0.00105047)
(0.000249604 -0.00012498 -0.000608075)
(-0.000219501 0.000241463 -3.30642e-05)
(-0.000743721 0.000614932 0.000654198)
(-0.00130591 0.000997224 0.0013989)
(-0.0018675 0.00138903 0.00209548)
(-0.00237232 0.00178951 0.00260119)
(-0.00276467 0.00218121 0.0027818)
(-0.0030043 0.00251765 0.0025627)
(-0.0030703 0.00273951 0.00196718)
(-0.00296916 0.00280873 0.00112755)
(-0.00274566 0.0027284 0.00024376)
(-0.00246687 0.00252936 -0.000509726)
(-0.00218156 0.00224881 -0.00105318)
(-0.00190333 0.00192077 -0.00138565)
(-0.0016256 0.00157021 -0.00153275)
(-0.00133571 0.00121121 -0.00151761)
(-0.00101894 0.000849812 -0.00135462)
(-0.00066065 0.000487881 -0.00105047)
(-0.000249604 0.00012498 -0.000608075)
(0.0002195 -0.000241463 -3.30642e-05)
(0.000743721 -0.000614932 0.000654198)
(0.00130591 -0.000997224 0.0013989)
(0.0018675 -0.00138903 0.00209548)
(0.00237232 -0.00178951 0.00260119)
(0.00276467 -0.00218121 0.0027818)
(0.0030043 -0.00251765 0.0025627)
(0.00289649 -0.00231779 0.00193112)
(0.0028707 -0.00234333 0.00139657)
(0.00275277 -0.00224813 0.000800141)
(0.0025686 -0.00204694 0.000237763)
(0.00234057 -0.00176883 -0.000214989)
(0.00208098 -0.00144402 -0.000520734)
(0.00179182 -0.00109622 -0.000671876)
(0.00146931 -0.000742416 -0.000673312)
(0.00110829 -0.000394774 -0.000532242)
(0.000705162 -6.12278e-05 -0.000256157)
(0.000259291 0.000254879 0.00014399)
(-0.000226867 0.00055449 0.000645967)
(-0.000745631 0.000841531 0.00120539)
(-0.00127813 0.00112208 0.00175017)
(-0.00179063 0.00140342 0.00219306)
(-0.00224004 0.00168731 0.00245853)
(-0.0025867 0.0019576 0.00250294)
(-0.00280661 0.00218005 0.00231873)
(-0.00289649 0.00231779 0.00193112)
(-0.0028707 0.00234333 0.00139657)
(-0.00275277 0.00224813 0.000800141)
(-0.0025686 0.00204694 0.000237763)
(-0.00234057 0.00176883 -0.000214989)
(-0.00208098 0.00144402 -0.000520733)
(-0.00179182 0.00109622 -0.000671876)
(-0.00146931 0.000742416 -0.000673312)
(-0.00110829 0.000394774 -0.000532242)
(-0.000705162 6.12278e-05 -0.000256157)
(-0.000259291 -0.000254879 0.00014399)
(0.000226867 -0.00055449 0.000645967)
(0.000745631 -0.000841531 0.00120539)
(0.00127813 -0.00112208 0.00175017)
(0.00179063 -0.00140342 0.00219306)
(0.00224004 -0.00168731 0.00245853)
(0.0025867 -0.0019576 0.00250294)
(0.00280661 -0.00218005 0.00231873)
(0.00272736 -0.00195237 0.00188252)
(0.00275949 -0.00192587 0.00162545)
(0.00272955 -0.00180807 0.001301)
(0.00263049 -0.00159979 0.000931089)
(0.00245895 -0.00132028 0.000578547)
(0.00222151 -0.000995012 0.000308971)
(0.00192541 -0.000646884 0.000161184)
(0.00157483 -0.000296283 0.000149241)
(0.00117429 3.85687e-05 0.000273515)
(0.000731335 0.000344252 0.000525375)
(0.000255703 0.000614591 0.000884938)
(-0.000242678 0.000850268 0.00131316)
(-0.000751824 0.00105741 0.00174354)
(-0.00125271 0.00124804 0.00209117)
(-0.00171859 0.00143586 0.0022901)
(-0.00211874 0.00162158 0.0023283)
(-0.00242469 0.00178521 0.00224334)
(-0.00262359 0.00190098 0.00208591)
(-0.00272736 0.00195237 0.00188252)
(-0.00275949 0.00192587 0.00162545)
(-0.00272955 0.00180807 0.001301)
(-0.00263049 0.00159979 0.000931089)
(-0.00245895 0.00132028 0.000578547)
(-0.00222151 0.000995012 0.000308971)
(-0.00192541 0.000646884 0.000161184)
(-0.00157483 0.000296283 0.000149241)
(-0.00117429 -3.85687e-05 0.000273515)
(-0.000731336 -0.000344252 0.000525375)
(-0.000255703 -0.000614591 0.000884938)
(0.000242678 -0.000850268 0.00131316)
(0.000751824 -0.00105741 0.00174354)
(0.00125271 -0.00124804 0.00209117)
(0.00171859 -0.00143586 0.0022901)
(0.00211874 -0.00162158 0.0023283)
(0.00242469 -0.00178521 0.00224334)
(0.00262359 -0.00190098 0.00208591)
(0.00307694 -0.00328847 0.00205325)
(0.00291791 -0.003482 0.00107832)
(0.00262517 -0.00350604 2.31744e-05)
(0.00228292 -0.00338411 -0.000896315)
(0.00195745 -0.00314949 -0.00156804)
(0.00166749 -0.00283731 -0.0019829)
(0.00139954 -0.00247761 -0.00217368)
(0.00113205 -0.00208961 -0.00217249)
(0.000844432 -0.0016816 -0.00200035)
(0.000518496 -0.00125451 -0.00166882)
(0.00013967 -0.000804983 -0.00118295)
(-0.000301635 -0.000327306 -0.000545029)
(-0.000807348 0.000183141 0.000234427)
(-0.00136302 0.000725399 0.00110888)
(-0.00192746 0.00129274 0.00196443)
(-0.00243712 0.00187226 0.00262543)
(-0.00282718 0.00243467 0.00291175)
(-0.00304906 0.00292685 0.00271491)
(-0.00307694 0.00328847 0.00205325)
(-0.00291791 0.003482 0.00107832)
(-0.00262517 0.00350604 2.31745e-05)
(-0.00228292 0.00338411 -0.000896315)
(-0.00195745 0.00314949 -0.00156804)
(-0.00166749 0.00283731 -0.0019829)
(-0.00139954 0.00247761 -0.00217368)
(-0.00113205 0.00208961 -0.00217249)
(-0.000844432 0.0016816 -0.00200035)
(-0.000518496 0.00125451 -0.00166882)
(-0.00013967 0.000804983 -0.00118295)
(0.000301634 0.000327306 -0.000545029)
(0.000807348 -0.000183141 0.000234427)
(0.00136302 -0.000725399 0.00110888)
(0.00192746 -0.00129274 0.00196443)
(0.00243712 -0.00187226 0.00262543)
(0.00282718 -0.00243467 0.00291175)
(0.00304906 -0.00292685 0.00271491)
(0.00292379 -0.00280767 0.00205984)
(0.0028334 -0.00293527 0.00133905)
(0.00263168 -0.00292434 0.000539753)
(0.00237213 -0.0027896 -0.000188181)
(0.00209885 -0.00255705 -0.000749902)
(0.00182758 -0.00225593 -0.00111681)
(0.00155267 -0.00191209 -0.00129668)
(0.00126156 -0.00154391 -0.00130546)
(0.000941695 -0.00116212 -0.00115687)
(0.00058256 -0.000771607 -0.000861658)
(0.000176762 -0.000372935 -0.00043028)
(-0.000279177 3.61437e-05 0.000122531)
(-0.000782043 0.000457729 0.000769056)
(-0.00131436 0.000890552 0.00145405)
(-0.00183806 0.00133021 0.00208456)
(-0.00230113 0.00176882 0.00254227)
(-0.00265505 0.002187 0.00271812)
(-0.0028672 0.00254791 0.0025518)
(-0.00292379 0.00280767 0.00205984)
(-0.0028334 0.00293527 0.00133905)
(-0.00263168 0.00292434 0.000539753)
(-0.00237213 0.0027896 -0.000188181)
(-0.00209885 0.00255705 -0.000749902)
(-0.00182758 0.00225593 -0.00111681)
(-0.00155267 0.00191209 -0.00129668)
(-0.00126156 0.00154391 -0.00130546)
(-0.000941695 0.00116212 -0.00115687)
(-0.00058256 0.000771607 -0.000861658)
(-0.000176762 0.000372935 -0.00043028)
(0.000279177 -3.61436e-05 0.000122531)
(0.000782043 -0.000457729 0.000769056)
(0.00131436 -0.000890552 0.00145405)
(0.00183806 -0.00133021 0.00208456)
(0.00230113 -0.00176882 0.00254227)
(0.00265505 -0.002187 0.00271812)
(0.0028672 -0.00254791 0.0025518)
(0.00279619 -0.00237195 0.00204587)
(0.00275971 -0.00242394 0.0015733)
(0.00263568 -0.00236995 0.00102876)
(0.00244999 -0.00221615 0.000494542)
(0.00222445 -0.00198019 4.5589e-05)
(0.00197028 -0.00168464 -0.00027061)
(0.00168805 -0.00135117 -0.000436056)
(0.00137319 -0.000997899 -0.000450243)
(0.00102098 -0.000638509 -0.000319682)
(0.00062877 -0.000281793 -5.46824e-05)
(0.00019636 6.85252e-05 0.000328658)
(-0.000274068 0.000412379 0.000802639)
(-0.000774861 0.000750488 0.00132093)
(-0.00128659 0.00108235 0.00181777)
(-0.00177542 0.00140587 0.00222054)
(-0.00219966 0.00171489 0.0024685)
(-0.00252225 0.00199468 0.00252437)
(-0.00272176 0.00222218 0.00237775)
(-0.00279619 0.00237195 0.00204587)
(-0.00275971 0.00242394 0.0015733)
(-0.00263568 0.00236995 0.00102876)
(-0.00244999 0.00221615 0.000494542)
(-0.00222445 0.00198019 4.55891e-05)
(-0.00197028 0.00168464 -0.00027061)
(-0.00168805 0.00135117 -0.000436056)
(-0.00137319 0.000997899 -0.000450243)
(-0.00102098 0.000638509 -0.000319682)
(-0.00062877 0.000281793 -5.46824e-05)
(-0.00019636 -6.85251e-05 0.000328658)
(0.000274068 -0.000412379 0.000802639)
(0.000774861 -0.000750488 0.00132093)
(0.00128659 -0.00108235 0.00181777)
(0.00177542 -0.00140587 0.00222054)
(0.00219966 -0.00171489 0.0024685)
(0.00252225 -0.00199468 0.00252437)
(0.00272176 -0.00222218 0.00237775)
(0.0026895 -0.00198975 0.00201542)
(0.00269278 -0.0019591 0.00177247)
(0.00263041 -0.00185486 0.00147016)
(0.00250663 -0.00167611 0.00112791)
(0.00232331 -0.00143159 0.000797394)
(0.00208525 -0.00113666 0.00053907)
(0.00179656 -0.00080904 0.000394187)
(0.00145936 -0.000466964 0.00037981)
(0.00107651 -0.000127171 0.000496867)
(0.000653325 0.000198062 0.000735166)
(0.000196755 0.000502589 0.00107218)
(-0.000285452 0.000785074 0.00146714)
(-0.000781834 0.00104618 0.00185694)
(-0.00127271 0.00128734 0.00216882)
(-0.00173011 0.00150859 0.00235184)
(-0.00212179 0.00170269 0.00239881)
(-0.00241827 0.00185514 0.0023375)
(-0.00260493 0.00195316 0.0022033)
(-0.0026895 0.00198975 0.00201542)
(-0.00269278 0.0019591 0.00177247)
(-0.00263041 0.00185486 0.00147016)
(-0.00250663 0.00167611 0.00112791)
(-0.00232331 0.00143159 0.000797394)
(-0.00208525 0.00113666 0.00053907)
(-0.00179656 0.00080904 0.000394187)
(-0.00145936 0.000466964 0.00037981)
(-0.00107651 0.000127171 0.000496867)
(-0.000653325 -0.000198062 0.000735166)
(-0.000196755 -0.000502589 0.00107218)
(0.000285452 -0.000785074 0.00146714)
(0.000781834 -0.00104618 0.00185694)
(0.00127271 -0.00128734 0.00216882)
(0.00173011 -0.00150859 0.00235184)
(0.00212179 -0.00170269 0.00239881)
(0.00241827 -0.00185514 0.0023375)
(0.00260493 -0.00195316 0.0022033)
(0.00275714 -0.00324164 0.00197199)
(0.00262622 -0.00350743 0.00118652)
(0.00238672 -0.0036171 0.000300832)
(0.00209553 -0.00357624 -0.000520164)
(0.0018025 -0.00340602 -0.00116489)
(0.00152804 -0.00313652 -0.00159339)
(0.00126565 -0.00279769 -0.00181124)
(0.000998618 -0.00241259 -0.00183738)
(0.000710909 -0.00199487 -0.00168997)
(0.00038977 -0.00154982 -0.001384)
(2.54927e-05 -0.00107661 -0.000931652)
(-0.000388363 -0.000571334 -0.000344196)
(-0.000850986 -3.16146e-05 0.000358413)
(-0.00134504 0.000539578 0.00112535)
(-0.00183084 0.00113354 0.00185507)
(-0.00225529 0.00173487 0.00240644)
(-0.00256983 0.00231566 0.0026444)
(-0.00274167 0.00283325 0.00249379)
(-0.00275714 0.00324164 0.00197199)
(-0.00262622 0.00350743 0.00118652)
(-0.00238672 0.0036171 0.000300832)
(-0.00209553 0.00357624 -0.000520164)
(-0.0018025 0.00340602 -0.00116489)
(-0.00152804 0.00313652 -0.00159339)
(-0.00126565 0.00279769 -0.00181124)
(-0.000998618 0.00241259 -0.00183738)
(-0.000710909 0.00199487 -0.00168997)
(-0.00038977 0.00154982 -0.001384)
(-2.54928e-05 0.00107661 -0.000931652)
(0.000388363 0.000571334 -0.000344196)
(0.000850986 3.16146e-05 0.000358413)
(0.00134504 -0.000539578 0.00112535)
(0.00183084 -0.00113354 0.00185507)
(0.00225529 -0.00173487 0.00240644)
(0.00256983 -0.00231566 0.0026444)
(0.00274167 -0.00283325 0.00249379)
(0.00264084 -0.00277026 0.00202771)
(0.00256324 -0.00295043 0.00144)
(0.00239185 -0.00300448 0.000764683)
(0.00216465 -0.00293557 0.000117597)
(0.00191563 -0.00275959 -0.000411775)
(0.00166058 -0.00249987 -0.000778269)
(0.00139741 -0.00218063 -0.000971959)
(0.00111638 -0.00182194 -0.000999198)
(0.00080778 -0.0014375 -0.000871316)
(0.000464331 -0.00103465 -0.000601553)
(8.13905e-05 -0.000615705 -0.000205593)
(-0.000342552 -0.000180346 0.000295988)
(-0.00080216 0.000270712 0.000871594)
(-0.0012783 0.000733143 0.00146841)
(-0.00173542 0.00119961 0.00200732)
(-0.00213019 0.00165959 0.00239428)
(-0.00242537 0.00209481 0.00254633)
(-0.00259799 0.00247621 0.00241973)
(-0.00264084 0.00277026 0.00202771)
(-0.00256324 0.00295043 0.00144)
(-0.00239185 0.00300448 0.000764683)
(-0.00216465 0.00293557 0.000117597)
(-0.00191563 0.00275959 -0.000411775)
(-0.00166058 0.00249987 -0.000778269)
(-0.00139741 0.00218063 -0.000971959)
(-0.00111638 0.00182194 -0.000999198)
(-0.00080778 0.0014375 -0.000871316)
(-0.000464331 0.00103465 -0.000601553)
(-8.13906e-05 0.000615705 -0.000205593)
(0.000342552 0.000180346 0.000295988)
(0.00080216 -0.000270712 0.000871594)
(0.0012783 -0.000733143 0.00146841)
(0.00173542 -0.00119961 0.00200732)
(0.00213019 -0.00165959 0.00239428)
(0.00242537 -0.00209481 0.00254633)
(0.00259799 -0.00247621 0.00241973)
(0.0025656 -0.00234276 0.00205839)
(0.00252723 -0.0024259 0.00166454)
(0.00240978 -0.0024147 0.00119879)
(0.00223528 -0.00231011 0.000726992)
(0.0020226 -0.00212184 0.000315126)
(0.00178221 -0.00186563 1.30101e-05)
(0.00151521 -0.00155972 -0.000153533)
(0.00121783 -0.00122155 -0.000177917)
(0.000886235 -0.000865235 -6.47066e-05)
(0.00051864 -0.000500186 0.000174366)
(0.000115364 -0.000131262 0.000519779)
(-0.000320568 0.000239132 0.00094099)
(-0.000780002 0.000607882 0.0013934)
(-0.00124305 0.000969674 0.00182093)
(-0.00167893 0.00131772 0.00216626)
(-0.0020525 0.00164343 0.00238243)
(-0.00233363 0.00193436 0.00243958)
(-0.00250509 0.00217368 0.00232775)
(-0.0025656 0.00234276 0.00205839)
(-0.00252723 0.0024259 0.00166454)
(-0.00240978 0.0024147 0.00119879)
(-0.00223528 0.00231011 0.000726992)
(-0.0020226 0.00212184 0.000315126)
(-0.00178221 0.00186563 1.30101e-05)
(-0.00151521 0.00155972 -0.000153533)
(-0.00121783 0.00122155 -0.000177917)
(-0.000886235 0.000865235 -6.47066e-05)
(-0.00051864 0.000500186 0.000174366)
(-0.000115364 0.000131262 0.000519779)
(0.000320568 -0.000239132 0.00094099)
(0.000780002 -0.000607882 0.0013934)
(0.00124305 -0.000969674 0.00182093)
(0.00167893 -0.00131772 0.00216626)
(0.0020525 -0.00164343 0.00238243)
(0.00233363 -0.00193436 0.00243958)
(0.00250509 -0.00217368 0.00232775)
(0.00252395 -0.00196525 0.00206296)
(0.00251195 -0.00194415 0.00185136)
(0.00243395 -0.00186066 0.00158732)
(0.00229974 -0.00171395 0.00128911)
(0.00211517 -0.00150722 0.000998187)
(0.00188491 -0.00124849 0.00076573)
(0.00161168 -0.000950169 0.000631355)
(0.00129647 -0.000627351 0.000614243)
(0.00094095 -0.000294689 0.000716643)
(0.00054879 3.65423e-05 0.000927888)
(0.0001253 0.00035947 0.00122416)
(-0.000322213 0.000669782 0.00156518)
(-0.000781723 0.00096297 0.0018951)
(-0.00123406 0.00123341 0.00215675)
(-0.00165389 0.00147424 0.00231432)
(-0.00201274 0.00167622 0.00236417)
(-0.00228422 0.00182915 0.00232546)
(-0.00245348 0.00192634 0.00222106)
(-0.00252395 0.00196525 0.00206296)
(-0.00251195 0.00194415 0.00185136)
(-0.00243395 0.00186066 0.00158732)
(-0.00229974 0.00171395 0.00128911)
(-0.00211517 0.00150722 0.000998187)
(-0.00188491 0.00124849 0.00076573)
(-0.00161168 0.000950169 0.000631355)
(-0.00129647 0.000627351 0.000614243)
(-0.00094095 0.000294689 0.000716643)
(-0.00054879 -3.65423e-05 0.000927887)
(-0.0001253 -0.00035947 0.00122416)
(0.000322213 -0.000669782 0.00156518)
(0.000781723 -0.00096297 0.0018951)
(0.00123406 -0.00123341 0.00215675)
(0.00165389 -0.00147424 0.00231432)
(0.00201274 -0.00167622 0.00236417)
(0.00228422 -0.00182915 0.00232546)
(0.00245348 -0.00192634 0.00222106)
(0.00234021 -0.00310305 0.0017755)
(0.00223065 -0.00341484 0.00116997)
(0.00204047 -0.00358579 0.000470262)
(0.00180422 -0.00361159 -0.000207539)
(0.00155346 -0.00350365 -0.000771281)
(0.00130486 -0.0032851 -0.00116979)
(0.00105793 -0.00298251 -0.00138799)
(0.000802904 -0.0026188 -0.00143059)
(0.000529056 -0.00220988 -0.00131011)
(0.00022792 -0.00176402 -0.00104164)
(-0.000106638 -0.00128346 -0.000640808)
(-0.000477438 -0.000767663 -0.000124907)
(-0.000879079 -0.000217636 0.000478422)
(-0.00129124 0.000361471 0.00111575)
(-0.00167873 0.00095998 0.00169994)
(-0.00200201 0.00156229 0.00212496)
(-0.00222957 0.00214344 0.00229894)
(-0.00234353 0.0026692 0.00217667)
(-0.00234021 0.00310305 0.0017755)
(-0.00223065 0.00341484 0.00116997)
(-0.00204047 0.00358579 0.000470262)
(-0.00180422 0.00361159 -0.000207539)
(-0.00155346 0.00350365 -0.00077128)
(-0.00130486 0.0032851 -0.00116979)
(-0.00105793 0.00298251 -0.00138799)
(-0.000802904 0.0026188 -0.00143059)
(-0.000529056 0.00220988 -0.00131011)
(-0.00022792 0.00176402 -0.00104164)
(0.000106638 0.00128346 -0.000640808)
(0.000477438 0.000767663 -0.000124907)
(0.000879079 0.000217636 0.000478422)
(0.00129124 -0.000361471 0.00111575)
(0.00167873 -0.00095998 0.00169994)
(0.00200201 -0.00156229 0.00212496)
(0.00222957 -0.00214344 0.00229894)
(0.00234353 -0.0026692 0.00217667)
(0.0022646 -0.00265337 0.00189647)
(0.00219849 -0.00287175 0.00143896)
(0.0020585 -0.00297638 0.00090148)
(0.00186902 -0.00296411 0.000367274)
(0.00165267 -0.00284346 -9.07753e-05)
(0.00142238 -0.00263167 -0.000424383)
(0.00117939 -0.00234931 -0.000611787)
(0.000918314 -0.00201538 -0.000649764)
(0.000632859 -0.00164428 -0.000545452)
(0.000318453 -0.00124491 -0.000312036)
(-2.73288e-05 -0.000821741 3.26296e-05)
(-0.000403493 -0.000377349 0.000465147)
(-0.000801693 8.44557e-05 0.000952299)
(-0.00120192 0.000557327 0.00144515)
(-0.00157384 0.00103291 0.00187865)
(-0.00188523 0.00150019 0.00218231)
(-0.00211122 0.00194242 0.00229842)
(-0.00223838 0.0023358 0.00219927)
(-0.0022646 0.00265337 0.00189647)
(-0.00219849 0.00287175 0.00143896)
(-0.0020585 0.00297638 0.00090148)
(-0.00186902 0.00296411 0.000367274)
(-0.00165267 0.00284346 -9.07753e-05)
(-0.00142238 0.00263167 -0.000424383)
(-0.00117939 0.00234931 -0.000611787)
(-0.000918314 0.00201538 -0.000649763)
(-0.000632859 0.00164428 -0.000545452)
(-0.000318453 0.00124491 -0.000312036)
(2.73287e-05 0.000821741 3.26296e-05)
(0.000403493 0.000377349 0.000465147)
(0.000801693 -8.44557e-05 0.000952299)
(0.00120192 -0.000557327 0.00144515)
(0.00157384 -0.00103291 0.00187865)
(0.00188523 -0.00150019 0.00218231)
(0.00211122 -0.00194242 0.00229842)
(0.00223838 -0.0023358 0.00219927)
(0.00224155 -0.00224524 0.00198469)
(0.0022051 -0.00235741 0.00167351)
(0.00210103 -0.00238484 0.00129866)
(0.00194607 -0.00232564 0.000909658)
(0.00175471 -0.00218459 0.000559359)
(0.00153581 -0.00197225 0.000292849)
(0.00129154 -0.00170292 0.000138842)
(0.00102001 -0.00139177 0.000108813)
(0.000718916 -0.001052 0.000201023)
(0.0003874 -0.000693225 0.000403995)
(2.66194e-05 -0.000321793 0.000697233)
(-0.000358995 5.71083e-05 0.00105045)
(-0.000758866 0.000437202 0.0014238)
(-0.00115414 0.000810761 0.00177193)
(-0.00151934 0.00116953 0.00205133)
(-0.00182766 0.00150459 0.00222714)
(-0.00205708 0.00180487 0.00227719)
(-0.00219528 0.0020567 0.00219379)
(-0.00224155 0.00224524 0.00198469)
(-0.0022051 0.00235741 0.00167351)
(-0.00210103 0.00238484 0.00129866)
(-0.00194607 0.00232564 0.000909658)
(-0.00175471 0.00218459 0.000559359)
(-0.00153581 0.00197225 0.000292849)
(-0.00129154 0.00170292 0.000138842)
(-0.00102001 0.00139177 0.000108813)
(-0.000718916 0.001052 0.000201023)
(-0.0003874 0.000693225 0.000403995)
(-2.66194e-05 0.000321793 0.000697233)
(0.000358995 -5.71082e-05 0.00105045)
(0.000758866 -0.000437202 0.0014238)
(0.00115414 -0.000810761 0.00177193)
(0.00151934 -0.00116953 0.00205133)
(0.00182766 -0.00150459 0.00222714)
(0.00205708 -0.00180487 0.00227719)
(0.00219528 -0.0020567 0.00219379)
(0.00226225 -0.00188375 0.00203443)
(0.00224302 -0.0018813 0.00186315)
(0.00216145 -0.00182373 0.00164731)
(0.00202896 -0.0017103 0.00140329)
(0.00185311 -0.00154167 0.00116336)
(0.00163869 -0.00132166 0.00096789)
(0.00138807 -0.00105842 0.000851275)
(0.00110209 -0.0007635 0.000832784)
(0.000781972 -0.00044904 0.000915935)
(0.000430505 -0.000125346 0.00109063)
(5.23513e-05 0.00019965 0.00133361)
(-0.000345077 0.000518795 0.00160826)
(-0.000749931 0.00082401 0.00186934)
(-0.00114536 0.00110631 0.00207573)
(-0.00151048 0.00135651 0.00220405)
(-0.00182198 0.00156547 0.00225236)
(-0.00205783 0.00172534 0.00223247)
(-0.00220445 0.00183175 0.00215769)
(-0.00226225 0.00188375 0.00203443)
(-0.00224302 0.0018813 0.00186315)
(-0.00216145 0.00182373 0.00164731)
(-0.00202896 0.0017103 0.00140329)
(-0.00185311 0.00154167 0.00116336)
(-0.00163869 0.00132166 0.00096789)
(-0.00138807 0.00105842 0.000851275)
(-0.00110209 0.0007635 0.000832784)
(-0.000781972 0.00044904 0.000915935)
(-0.000430505 0.000125346 0.00109063)
(-5.23513e-05 -0.00019965 0.00133361)
(0.000345077 -0.000518795 0.00160826)
(0.000749931 -0.00082401 0.00186934)
(0.00114536 -0.00110631 0.00207573)
(0.00151048 -0.00135651 0.00220405)
(0.00182198 -0.00156547 0.00225236)
(0.00205783 -0.00172534 0.00223247)
(0.00220445 -0.00183175 0.00215769)
(0.00186972 -0.00288377 0.00149575)
(0.00177565 -0.00321076 0.00105299)
(0.00162699 -0.00341362 0.000535285)
(0.00144195 -0.00348434 1.84899e-05)
(0.00123694 -0.00342798 -0.000430442)
(0.00102239 -0.00326043 -0.000764048)
(0.000800734 -0.00300234 -0.000957329)
(0.000568448 -0.00267336 -0.0010036)
(0.000320073 -0.00228883 -0.000908238)
(5.10021e-05 -0.00185876 -0.000683622)
(-0.000241258 -0.00138863 -0.000346278)
(-0.000554974 -0.000881944 8.21189e-05)
(-0.000880193 -0.000343138 0.000568499)
(-0.0011964 0.000221002 0.00106131)
(-0.00147647 0.000800664 0.00149193)
(-0.00169522 0.00138119 0.00178859)
(-0.0018362 0.00194086 0.00189641)
(-0.00189336 0.00245165 0.00179336)
(-0.00186972 0.00288377 0.00149575)
(-0.00177565 0.00321076 0.00105299)
(-0.00162699 0.00341362 0.000535285)
(-0.00144195 0.00348434 1.849e-05)
(-0.00123694 0.00342798 -0.000430442)
(-0.00102239 0.00326043 -0.000764048)
(-0.000800734 0.00300234 -0.000957329)
(-0.000568448 0.00267336 -0.0010036)
(-0.000320073 0.00228883 -0.000908238)
(-5.10022e-05 0.00185876 -0.000683622)
(0.000241258 0.00138863 -0.000346278)
(0.000554974 0.000881944 8.21188e-05)
(0.000880193 0.000343138 0.000568499)
(0.0011964 -0.000221002 0.00106131)
(0.00147647 -0.000800664 0.00149193)
(0.00169522 -0.00138119 0.00178859)
(0.0018362 -0.00194086 0.00189641)
(0.00189336 -0.00245165 0.00179336)
(0.00183409 -0.00246555 0.00169129)
(0.00177676 -0.00270268 0.00135357)
(0.00166513 -0.00283891 0.00095242)
(0.00151301 -0.00286871 0.000543772)
(0.00133327 -0.002796 0.000180748)
(0.00113456 -0.00263247 -9.48753e-05)
(0.000919797 -0.00239385 -0.000257451)
(0.000687606 -0.00209592 -0.000296984)
(0.000435243 -0.00175183 -0.000215691)
(0.000160683 -0.00137112 -2.4557e-05)
(-0.000136141 -0.000960377 0.000258884)
(-0.000451361 -0.000525186 0.000610579)
(-0.000774304 -7.18201e-05 0.000997922)
(-0.00108645 0.000392361 0.00137815)
(-0.0013649 0.00085891 0.0017014)
(-0.00158881 0.00131702 0.0019193)
(-0.00174428 0.00175135 0.00199589)
(-0.0018256 0.00214168 0.00191646)
(-0.00183409 0.00246555 0.00169129)
(-0.00177676 0.00270268 0.00135357)
(-0.00166513 0.00283891 0.00095242)
(-0.00151301 0.00286871 0.000543772)
(-0.00133327 0.002796 0.000180748)
(-0.00113456 0.00263247 -9.48753e-05)
(-0.000919797 0.00239385 -0.000257451)
(-0.000687606 0.00209592 -0.000296984)
(-0.000435243 0.00175183 -0.000215691)
(-0.000160683 0.00137112 -2.45571e-05)
(0.000136141 0.000960377 0.000258884)
(0.000451361 0.000525186 0.000610579)
(0.000774304 7.18201e-05 0.000997922)
(0.00108645 -0.000392361 0.00137815)
(0.0013649 -0.00085891 0.0017014)
(0.00158881 -0.00131702 0.0019193)
(0.00174428 -0.00175135 0.00199589)
(0.0018256 -0.00214168 0.00191646)
(0.00185837 -0.00208549 0.00184418)
(0.00182461 -0.00221884 0.00161186)
(0.0017363 -0.00227641 0.00132908)
(0.00160491 -0.00225513 0.00103088)
(0.00144036 -0.00215705 0.000756067)
(0.00124933 -0.00198903 0.000540621)
(0.00103463 -0.00176154 0.000411064)
(0.000796418 -0.00148651 0.00038099)
(0.000534209 -0.00117517 0.000451387)
(0.000248349 -0.000836799 0.000612502)
(-5.8934e-05 -0.000479047 0.000845312)
(-0.00038198 -0.000109351 0.0011227)
(-0.000709995 0.000264218 0.00141176)
(-0.00102686 0.000633234 0.00167783)
(-0.00131336 0.000989352 0.00188943)
(-0.0015508 0.00132373 0.00202204)
(-0.00172465 0.00162601 0.00206035)
(-0.0018272 0.00188414 0.00199919)
(-0.00185837 0.00208549 0.00184418)
(-0.00182461 0.00221884 0.00161186)
(-0.0017363 0.00227641 0.00132908)
(-0.00160491 0.00225513 0.00103088)
(-0.00144036 0.00215705 0.000756067)
(-0.00124933 0.00198903 0.000540621)
(-0.00103463 0.00176154 0.000411064)
(-0.000796419 0.00148651 0.00038099)
(-0.000534209 0.00117517 0.000451387)
(-0.000248349 0.000836799 0.000612502)
(5.89339e-05 0.000479047 0.000845312)
(0.000381979 0.000109351 0.0011227)
(0.000709995 -0.000264218 0.00141176)
(0.00102686 -0.000633234 0.00167783)
(0.00131336 -0.000989352 0.00188943)
(0.0015508 -0.00132373 0.00202204)
(0.00172465 -0.00162601 0.00206035)
(0.0018272 -0.00188414 0.00199919)
(0.00193371 -0.00174865 0.00194435)
(0.00191149 -0.00176817 0.00181498)
(0.00183408 -0.00173785 0.00165035)
(0.00171204 -0.00165691 0.00146407)
(0.00155289 -0.00152511 0.00128007)
(0.00136129 -0.0013443 0.00112794)
(0.00113966 -0.00111972 0.00103451)
(0.000889261 -0.000859656 0.00101668)
(0.000611521 -0.000573612 0.00107848)
(0.000309022 -0.000270769 0.00121128)
(-1.38552e-05 4.0241e-05 0.00139473)
(-0.000350076 0.000350531 0.00159909)
(-0.000689294 0.000650527 0.00179151)
(-0.00101794 0.000930457 0.0019449)
(-0.0013196 0.00118092 0.0020446)
(-0.00157591 0.0013933 0.00208874)
(-0.00176946 0.00156078 0.00208306)
(-0.00188904 0.00167955 0.00203398)
(-0.00193371 0.00174865 0.00194435)
(-0.00191149 0.00176817 0.00181498)
(-0.00183408 0.00173785 0.00165035)
(-0.00171204 0.00165691 0.00146407)
(-0.00155289 0.00152511 0.00128007)
(-0.00136129 0.0013443 0.00112794)
(-0.00113966 0.00111972 0.00103451)
(-0.000889261 0.000859656 0.00101668)
(-0.000611522 0.000573612 0.00107848)
(-0.000309022 0.000270769 0.00121128)
(1.38551e-05 -4.02409e-05 0.00139473)
(0.000350076 -0.000350531 0.00159909)
(0.000689294 -0.000650527 0.00179151)
(0.00101794 -0.000930457 0.0019449)
(0.0013196 -0.00118092 0.0020446)
(0.00157591 -0.0013933 0.00208874)
(0.00176946 -0.00156078 0.00208306)
(0.00188904 -0.00167955 0.00203398)
(0.0013809 -0.00257118 0.00116472)
(0.00129847 -0.00288164 0.000865525)
(0.0011832 -0.00308728 0.000515101)
(0.00104252 -0.00317984 0.000158616)
(0.000882509 -0.00316051 -0.000160691)
(0.00070775 -0.00303858 -0.000406784)
(0.000520824 -0.00282782 -0.000554679)
(0.000321961 -0.00254273 -0.000591981)
(0.000109949 -0.0021965 -0.000518035)
(-0.000115975 -0.00179998 -0.00034156)
(-0.000354137 -0.00136162 -7.86514e-05)
(-0.000598377 -0.0008884 0.000246954)
(-0.00083656 -0.000387224 0.000601954)
(-0.00105174 0.000134294 0.000943644)
(-0.00122667 0.00066669 0.00122522)
(-0.00134894 0.00119674 0.00140515)
(-0.00141347 0.00170609 0.00145633)
(-0.00142202 0.00217216 0.00137172)
(-0.0013809 0.00257118 0.00116472)
(-0.00129847 0.00288164 0.000865525)
(-0.0011832 0.00308728 0.000515101)
(-0.00104252 0.00317984 0.000158616)
(-0.000882509 0.00316051 -0.000160691)
(-0.00070775 0.00303858 -0.000406784)
(-0.000520824 0.00282782 -0.000554679)
(-0.000321961 0.00254273 -0.000591981)
(-0.000109949 0.0021965 -0.000518035)
(0.000115975 0.00179998 -0.00034156)
(0.000354136 0.00136162 -7.86514e-05)
(0.000598377 0.0008884 0.000246954)
(0.00083656 0.000387224 0.000601954)
(0.00105174 -0.000134294 0.000943644)
(0.00122667 -0.00066669 0.00122522)
(0.00134894 -0.00119674 0.00140515)
(0.00141347 -0.00170609 0.00145633)
(0.00142202 -0.00217216 0.00137172)
(0.00138262 -0.00219816 0.00143911)
(0.00133161 -0.00243173 0.00120799)
(0.00124383 -0.00257913 0.000933074)
(0.00112573 -0.00263462 0.000648906)
(0.000983202 -0.00259934 0.000390259)
(0.000820908 -0.0024803 0.000187838)
(0.000641771 -0.00228802 6.43998e-05)
(0.000446945 -0.00203396 3.22868e-05)
(0.00023658 -0.00172895 9.30661e-05)
(1.1163e-05 -0.00138241 0.00023887)
(-0.000226825 -0.00100265 0.000454099)
(-0.000471141 -0.000597398 0.000716382)
(-0.000710794 -0.000174321 0.000997028)
(-0.000931237 0.00025892 0.0012627)
(-0.00111781 0.000694061 0.00147939)
(-0.00125945 0.00112076 0.00161787)
(-0.00135058 0.00152525 0.00165884)
(-0.00139064 0.00189048 0.00159642)
(-0.00138262 0.00219816 0.00143911)
(-0.00133161 0.00243173 0.00120799)
(-0.00124383 0.00257913 0.000933074)
(-0.00112573 0.00263462 0.000648906)
(-0.000983202 0.00259934 0.000390259)
(-0.000820908 0.0024803 0.000187838)
(-0.000641771 0.00228802 6.43998e-05)
(-0.000446945 0.00203396 3.22868e-05)
(-0.00023658 0.00172895 9.30661e-05)
(-1.11631e-05 0.00138241 0.00023887)
(0.000226825 0.00100265 0.000454099)
(0.000471141 0.000597398 0.000716382)
(0.000710794 0.000174321 0.000997028)
(0.000931237 -0.00025892 0.0012627)
(0.00111781 -0.000694061 0.00147939)
(0.00125945 -0.00112076 0.00161787)
(0.00135058 -0.00152525 0.00165884)
(0.00139064 -0.00189048 0.00159642)
(0.00144656 -0.00185905 0.00165901)
(0.00141511 -0.00200119 0.00149798)
(0.00134251 -0.00207737 0.00130156)
(0.0012357 -0.00208438 0.00109274)
(0.0011008 -0.00202279 0.000897411)
(0.000942339 -0.00189681 0.000740936)
(0.00076317 -0.00171346 0.000644023)
(0.000564917 -0.00148126 0.000619191)
(0.000348736 -0.00120896 0.000669005)
(0.000116215 -0.000904923 0.000786295)
(-0.000129437 -0.000577462 0.000955537)
(-0.000382109 -0.000235047 0.00115518)
(-0.000632233 0.000113788 0.00136057)
(-0.000867558 0.000460792 0.00154731)
(-0.001075 0.000797854 0.00169415)
(-0.00124287 0.00111635 0.00178505)
(-0.00136272 0.00140654 0.00181026)
(-0.00143047 0.0016577 0.00176685)
(-0.00144656 0.00185905 0.00165901)
(-0.00141511 0.00200119 0.00149798)
(-0.00134251 0.00207737 0.00130156)
(-0.0012357 0.00208438 0.00109274)
(-0.0011008 0.00202279 0.000897411)
(-0.000942339 0.00189681 0.000740936)
(-0.00076317 0.00171346 0.000644023)
(-0.000564917 0.00148126 0.000619191)
(-0.000348736 0.00120896 0.000669005)
(-0.000116215 0.000904923 0.000786295)
(0.000129437 0.000577462 0.000955537)
(0.000382109 0.000235047 0.00115518)
(0.000632233 -0.000113788 0.00136057)
(0.000867558 -0.000460792 0.00154731)
(0.001075 -0.000797854 0.00169415)
(0.00124287 -0.00111635 0.00178505)
(0.00136272 -0.00140654 0.00181026)
(0.00143047 -0.0016577 0.00176685)
(0.00156487 -0.00155885 0.00181009)
(0.00154193 -0.00159791 0.00171976)
(0.00147338 -0.00159203 0.00160407)
(0.00136752 -0.00154046 0.00147348)
(0.00123081 -0.00144286 0.00134444)
(0.00106746 -0.00130037 0.0012367)
(0.000880069 -0.00111649 0.00116882)
(0.000670518 -0.000896912 0.00115344)
(0.00044074 -0.000648679 0.00119412)
(0.000193347 -0.000379528 0.00128441)
(-6.77275e-05 -9.78372e-05 0.00140904)
(-0.000336603 0.000187339 0.00154725)
(-0.000605165 0.000466596 0.00167797)
(-0.00086307 0.000730637 0.00178473)
(-0.00109784 0.000970613 0.0018583)
(-0.00129565 0.00117852 0.00189609)
(-0.0014437 0.00134807 0.00189946)
(-0.00153384 0.00147539 0.00187043)
(-0.00156487 0.00155885 0.00181009)
(-0.00154193 0.00159791 0.00171976)
(-0.00147338 0.00159203 0.00160407)
(-0.00136752 0.00154046 0.00147348)
(-0.00123081 0.00144286 0.00134444)
(-0.00106746 0.00130037 0.0012367)
(-0.000880069 0.00111649 0.00116882)
(-0.000670518 0.000896912 0.00115344)
(-0.00044074 0.000648679 0.00119412)
(-0.000193347 0.000379528 0.00128441)
(6.77275e-05 9.78372e-05 0.00140904)
(0.000336603 -0.000187339 0.00154725)
(0.000605165 -0.000466596 0.00167797)
(0.00086307 -0.000730637 0.00178473)
(0.00109784 -0.000970613 0.0018583)
(0.00129565 -0.00117852 0.00189609)
(0.0014437 -0.00134807 0.00189946)
(0.00153384 -0.00147539 0.00187043)
(0.000903406 -0.00213796 0.000822389)
(0.000831684 -0.00240186 0.000645917)
(0.000743723 -0.00258379 0.000441013)
(0.000641032 -0.00267657 0.000231008)
(0.000524068 -0.0026789 3.97715e-05)
(0.00039345 -0.00259463 -0.000110427)
(0.000250353 -0.00243101 -0.000201318)
(9.60017e-05 -0.00219735 -0.000221174)
(-6.83057e-05 -0.0019044 -0.000166731)
(-0.000239912 -0.00156329 -4.37107e-05)
(-0.000413356 -0.00118418 0.000133869)
(-0.000579956 -0.00077572 0.000344956)
(-0.000728744 -0.000345579 0.00056335)
(-0.000848785 9.8693e-05 0.000761047)
(-0.000932117 0.000548486 0.000912649)
(-0.000975721 0.000992642 0.000999394)
(-0.000981614 0.00141684 0.00101167)
(-0.00095529 0.00180437 0.000949652)
(-0.000903406 0.00213796 0.000822389)
(-0.000831684 0.00240186 0.000645917)
(-0.000743723 0.00258379 0.000441013)
(-0.000641032 0.00267657 0.000231008)
(-0.000524068 0.0026789 3.97716e-05)
(-0.000393451 0.00259463 -0.000110427)
(-0.000250353 0.00243101 -0.000201318)
(-9.60018e-05 0.00219735 -0.000221174)
(6.83056e-05 0.0019044 -0.000166731)
(0.000239912 0.00156329 -4.37107e-05)
(0.000413356 0.00118418 0.000133869)
(0.000579956 0.00077572 0.000344956)
(0.000728744 0.000345579 0.00056335)
(0.000848785 -9.8693e-05 0.000761047)
(0.000932117 -0.000548486 0.000912649)
(0.000975721 -0.000992642 0.000999394)
(0.000981614 -0.00141684 0.00101167)
(0.00095529 -0.00180437 0.000949652)
(0.000939114 -0.00183033 0.00117433)
(0.000893512 -0.00203678 0.00103529)
(0.000825731 -0.00217481 0.000871187)
(0.000737916 -0.00223932 0.000700803)
(0.000631877 -0.00222964 0.000543812)
(0.00050946 -0.00214893 0.000419017)
(0.000372646 -0.00200292 0.00034217)
(0.00022332 -0.00179892 0.000323527)
(6.32627e-05 -0.00154521 0.000365963)
(-0.000104993 -0.00125071 0.000464399)
(-0.000276937 -0.000924303 0.000606691)
(-0.000445474 -0.000574396 0.000775255)
(-0.000601532 -0.00020873 0.000949217)
(-0.000735856 0.000165344 0.00110708)
(-0.000841133 0.000540056 0.0012296)
(-0.000913425 0.00090611 0.00130222)
(-0.000952291 0.00125205 0.00131674)
(-0.000959789 0.00156467 0.00127212)
(-0.000939114 0.00183033 0.00117433)
(-0.000893512 0.00203678 0.00103529)
(-0.000825731 0.00217481 0.000871187)
(-0.000737916 0.00223932 0.000700803)
(-0.000631877 0.00222964 0.000543812)
(-0.00050946 0.00214893 0.000419017)
(-0.000372647 0.00200292 0.00034217)
(-0.00022332 0.00179892 0.000323527)
(-6.32628e-05 0.00154521 0.000365963)
(0.000104993 0.00125071 0.000464399)
(0.000276937 0.000924303 0.000606691)
(0.000445474 0.000574396 0.000775255)
(0.000601532 0.00020873 0.000949217)
(0.000735856 -0.000165344 0.00110708)
(0.000841133 -0.000540056 0.0012296)
(0.000913425 -0.00090611 0.00130222)
(0.000952291 -0.00125205 0.00131674)
(0.000959789 -0.00156467 0.00127212)
(0.00103287 -0.00155148 0.00145712)
(0.00100381 -0.00168622 0.00135846)
(0.000946235 -0.00176705 0.00123878)
(0.000863799 -0.00179105 0.00111148)
(0.000759853 -0.00175795 0.000991661)
(0.000637266 -0.00166996 0.000894557)
(0.000498543 -0.00153123 0.0008335)
(0.000345926 -0.0013472 0.000817469)
(0.000181514 -0.00112416 0.000849045)
(7.71848e-06 -0.000869225 0.000923715)
(-0.000171813 -0.000590273 0.00103086)
(-0.000351514 -0.000295468 0.00115596)
(-0.000524091 7.24936e-06 0.00128313)
(-0.000681434 0.000310284 0.00139729)
(-0.000815835 0.000606118 0.0014858)
(-0.000921039 0.000886802 0.00153936)
(-0.000992985 0.0011438 0.00155257)
(-0.00103005 0.00136821 0.00152416)
(-0.00103287 0.00155148 0.00145712)
(-0.00100381 0.00168622 0.00135846)
(-0.000946235 0.00176705 0.00123878)
(-0.000863799 0.00179105 0.00111148)
(-0.000759853 0.00175795 0.000991661)
(-0.000637266 0.00166996 0.000894557)
(-0.000498543 0.00153123 0.0008335)
(-0.000345926 0.0013472 0.000817469)
(-0.000181514 0.00112416 0.000849045)
(-7.71854e-06 0.000869225 0.000923715)
(0.000171813 0.000590273 0.00103086)
(0.000351513 0.000295468 0.00115596)
(0.000524091 -7.24932e-06 0.00128313)
(0.000681434 -0.000310284 0.00139729)
(0.000815835 -0.000606118 0.0014858)
(0.000921039 -0.000886802 0.00153936)
(0.000992985 -0.0011438 0.00155257)
(0.00103005 -0.00136821 0.00152416)
(0.0011782 -0.00130549 0.00165193)
(0.00115639 -0.001356 0.0015961)
(0.00109976 -0.00136769 0.00152441)
(0.0010139 -0.00133993 0.0014439)
(0.000903615 -0.00127262 0.00136454)
(0.000772531 -0.00116679 0.00129785)
(0.000623432 -0.00102495 0.00125479)
(0.000458734 -0.000850866 0.00124315)
(0.000280757 -0.000649396 0.00126535)
(9.19768e-05 -0.000426455 0.0013175)
(-0.000104472 -0.000189133 0.00139038)
(-0.000304232 5.46747e-05 0.00147211)
(-0.000501409 0.000296732 0.00155106)
(-0.000688493 0.000528875 0.00161808)
(-0.000856569 0.000743277 0.0016673)
(-0.000996189 0.000932915 0.00169584)
(-0.00109907 0.00109215 0.00170277)
(-0.00116005 0.00121711 0.001688)
(-0.0011782 0.00130549 0.00165193)
(-0.00115639 0.001356 0.0015961)
(-0.00109976 0.00136769 0.00152441)
(-0.0010139 0.00133993 0.0014439)
(-0.000903615 0.00127262 0.00136454)
(-0.000772531 0.00116679 0.00129785)
(-0.000623432 0.00102495 0.00125479)
(-0.000458734 0.000850866 0.00124315)
(-0.000280757 0.000649396 0.00126535)
(-9.19769e-05 0.000426455 0.0013175)
(0.000104472 0.000189133 0.00139038)
(0.000304232 -5.46746e-05 0.00147211)
(0.000501409 -0.000296732 0.00155106)
(0.000688493 -0.000528875 0.00161808)
(0.000856569 -0.000743277 0.0016673)
(0.000996189 -0.000932915 0.00169584)
(0.00109907 -0.00109215 0.00170277)
(0.00116005 -0.00121711 0.001688)
(0.000470481 -0.00155507 0.00052854)
(0.000412318 -0.00174599 0.000449907)
(0.000349389 -0.00188113 0.000361219)
(0.000281195 -0.00195483 0.00027155)
(0.000206394 -0.00196433 0.000190491)
(0.000123735 -0.00190953 0.000127613)
(3.25654e-05 -0.00179294 9.16291e-05)
(-6.69104e-05 -0.00162011 8.89988e-05)
(-0.000172865 -0.00139985 0.000122006)
(-0.000280818 -0.00114258 0.000187222)
(-0.000383648 -0.000857792 0.000275634)
(-0.000473107 -0.00055309 0.000374516)
(-0.000541879 -0.000234767 0.000470098)
(-0.000585201 9.10976e-05 0.000550077)
(-0.000601742 0.000417807 0.000605338)
(-0.000593588 0.00073739 0.000630646)
(-0.00056534 0.00104046 0.000624564)
(-0.000522615 0.00131659 0.000588986)
(-0.000470481 0.00155507 0.00052854)
(-0.000412318 0.00174599 0.000449908)
(-0.000349389 0.00188113 0.000361219)
(-0.000281195 0.00195483 0.00027155)
(-0.000206394 0.00196433 0.000190491)
(-0.000123735 0.00190953 0.000127613)
(-3.25655e-05 0.00179294 9.16291e-05)
(6.69103e-05 0.00162011 8.89988e-05)
(0.000172865 0.00139985 0.000122006)
(0.000280818 0.00114258 0.000187222)
(0.000383648 0.000857792 0.000275634)
(0.000473106 0.00055309 0.000374516)
(0.000541879 0.000234767 0.000470098)
(0.000585201 -9.10975e-05 0.000550077)
(0.000601742 -0.000417806 0.000605338)
(0.000593588 -0.00073739 0.000630646)
(0.00056534 -0.00104046 0.000624564)
(0.000522615 -0.00131659 0.000588986)
(0.00053299 -0.00133757 0.000948095)
(0.000494563 -0.00149311 0.000884212)
(0.000445307 -0.00160117 0.000810542)
(0.000385609 -0.00165766 0.000734928)
(0.000315621 -0.00166083 0.000665723)
(0.000235691 -0.001611 0.000611245)
(0.000146544 -0.00151038 0.000578934)
(4.93505e-05 -0.00136314 0.000574115)
(-5.39597e-05 -0.00117555 0.000598527)
(-0.000160056 -0.00095531 0.00064936)
(-0.000263921 -0.00071027 0.000719576)
(-0.000359513 -0.000447521 0.00079937)
(-0.000441051 -0.000173352 0.000878086)
(-0.000504219 0.000106264 0.000945939)
(-0.000546852 0.000385018 0.000995204)
(-0.000569 0.000655828 0.00102084)
(-0.000572387 0.000910653 0.00102067)
(-0.000559552 0.0011408 0.000995349)
(-0.00053299 0.00133757 0.000948095)
(-0.000494563 0.00149311 0.000884212)
(-0.000445307 0.00160117 0.000810542)
(-0.000385609 0.00165766 0.000734928)
(-0.000315621 0.00166083 0.000665723)
(-0.000235691 0.001611 0.000611245)
(-0.000146544 0.00151038 0.000578934)
(-4.93506e-05 0.00136314 0.000574115)
(5.39596e-05 0.00117555 0.000598527)
(0.000160056 0.00095531 0.00064936)
(0.000263921 0.00071027 0.000719576)
(0.000359513 0.000447521 0.00079937)
(0.000441051 0.000173352 0.000878086)
(0.000504219 -0.000106264 0.000945939)
(0.000546852 -0.000385018 0.000995204)
(0.000569 -0.000655828 0.00102084)
(0.000572387 -0.000910653 0.00102067)
(0.000559552 -0.0011408 0.000995349)
(0.000642061 -0.00114155 0.00127894)
(0.00061683 -0.0012493 0.00123264)
(0.000574339 -0.00131824 0.00117727)
(0.000516217 -0.00134603 0.00111884)
(0.000444144 -0.00133196 0.00106409)
(0.000359882 -0.00127678 0.00101988)
(0.000265335 -0.00118246 0.000992364)
(0.00016249 -0.00105204 0.000985894)
(5.34013e-05 -0.000889754 0.00100183)
(-5.95235e-05 -0.000701065 0.00103796)
(-0.000173051 -0.000492332 0.00108901)
(-0.000283024 -0.000270098 0.00114785)
(-0.000384821 -4.06805e-05 0.00120689)
(-0.000474026 0.00018982 0.00125913)
(-0.000546987 0.000415324 0.00129881)
(-0.000601135 0.000629578 0.00132188)
(-0.000635084 0.000826188 0.0013261)
(-0.000648536 0.000998818 0.00131123)
(-0.000642061 0.00114155 0.00127894)
(-0.00061683 0.0012493 0.00123264)
(-0.000574339 0.00131824 0.00117727)
(-0.000516217 0.00134603 0.00111884)
(-0.000444144 0.00133196 0.00106409)
(-0.000359883 0.00127678 0.00101988)
(-0.000265335 0.00118246 0.000992364)
(-0.00016249 0.00105204 0.000985894)
(-5.34014e-05 0.000889754 0.00100183)
(5.95234e-05 0.000701065 0.00103796)
(0.000173051 0.000492332 0.00108901)
(0.000283024 0.000270098 0.00114785)
(0.000384821 4.06805e-05 0.00120689)
(0.000474026 -0.00018982 0.00125913)
(0.000546987 -0.000415324 0.00129881)
(0.000601135 -0.000629578 0.00132188)
(0.000635084 -0.000826188 0.0013261)
(0.000648536 -0.000998818 0.00131123)
(0.000791142 -0.000969375 0.00149724)
(0.000772464 -0.00101768 0.00147117)
(0.000730102 -0.0010362 0.00143742)
(0.000667123 -0.00102448 0.00139954)
(0.000586606 -0.00098277 0.00136218)
(0.000491422 -0.00091206 0.00133055)
(0.000384284 -0.000814063 0.00130954)
(0.000267748 -0.000691048 0.00130263)
(0.000144077 -0.000545917 0.001311)
(1.5273e-05 -0.000382592 0.00133302)
(-0.000116509 -0.000206138 0.00136486)
(-0.000248401 -2.24991e-05 0.00140159)
(-0.000376507 0.000161992 0.00143835)
(-0.00049595 0.000340982 0.00147101)
(-0.000601244 0.00050843 0.00149651)
(-0.000686973 0.000658927 0.00151279)
(-0.000748678 0.000788008 0.00151861)
(-0.000783621 0.000892283 0.00151339)
(-0.000791142 0.000969375 0.00149724)
(-0.000772464 0.00101768 0.00147117)
(-0.000730102 0.0010362 0.00143742)
(-0.000667123 0.00102448 0.00139954)
(-0.000586606 0.00098277 0.00136218)
(-0.000491422 0.00091206 0.00133055)
(-0.000384284 0.000814063 0.00130954)
(-0.000267748 0.000691048 0.00130263)
(-0.000144077 0.000545917 0.001311)
(-1.5273e-05 0.000382592 0.00133302)
(0.000116509 0.000206138 0.00136486)
(0.000248401 2.24991e-05 0.00140159)
(0.000376507 -0.000161992 0.00143835)
(0.00049595 -0.000340982 0.00147101)
(0.000601244 -0.00050843 0.00149651)
(0.000686973 -0.000658927 0.00151279)
(0.000748678 -0.000788008 0.00151861)
(0.000783621 -0.000892283 0.00151339)
(0.000132165 -0.000816011 0.000376949)
(9.41249e-05 -0.000915273 0.000364283)
(5.76857e-05 -0.000986819 0.000352151)
(2.27828e-05 -0.00102711 0.000341501)
(-1.13862e-05 -0.00103334 0.000333141)
(-4.62289e-05 -0.00100382 0.000327896)
(-8.34148e-05 -0.000938992 0.00032668)
(-0.000123974 -0.000842427 0.000330301)
(-0.000167114 -0.000720553 0.000339029)
(-0.000209659 -0.000580738 0.000352102)
(-0.000246722 -0.00042905 0.000367601)
(-0.000273343 -0.000269381 0.000382959)
(-0.000286154 -0.000104204 0.000395735)
(-0.000284189 6.40717e-05 0.000404184)
(-0.00026868 0.000232265 0.000407448)
(-0.000242353 0.000396345 0.000405489)
(-0.000208638 0.00055166 0.000398948)
(-0.000170963 0.000693226 0.000388967)
(-0.000132165 0.000816011 0.000376949)
(-9.4125e-05 0.000915273 0.000364283)
(-5.76857e-05 0.000986819 0.000352151)
(-2.27828e-05 0.00102711 0.000341501)
(1.13861e-05 0.00103334 0.000333141)
(4.62289e-05 0.00100382 0.000327896)
(8.34147e-05 0.000938992 0.00032668)
(0.000123974 0.000842427 0.000330301)
(0.000167114 0.000720553 0.000339029)
(0.000209659 0.000580738 0.000352102)
(0.000246722 0.00042905 0.000367601)
(0.000273343 0.000269381 0.000382959)
(0.000286154 0.000104204 0.000395735)
(0.000284188 -6.40717e-05 0.000404184)
(0.00026868 -0.000232265 0.000407448)
(0.000242353 -0.000396345 0.000405489)
(0.000208638 -0.00055166 0.000398948)
(0.000170963 -0.000693226 0.000388967)
(0.00020284 -0.000707759 0.000835535)
(0.000176486 -0.00079082 0.000824722)
(0.000147055 -0.000849776 0.000813716)
(0.00011482 -0.000882157 0.000803623)
(7.98309e-05 -0.000886202 0.000795468)
(4.19608e-05 -0.000861066 0.000790164)
(1.01612e-06 -0.000807292 0.000788458)
(-4.2889e-05 -0.000727259 0.000790827)
(-8.8761e-05 -0.000625137 0.000797264)
(-0.000134392 -0.000505959 0.000807108)
(-0.000176613 -0.000374453 0.000819036)
(-0.000212106 -0.000234432 0.000831326)
(-0.000238331 -8.89826e-05 0.000842263)
(-0.000254058 5.89628e-05 0.000850464)
(-0.000259376 0.000206122 0.000855005)
(-0.000255337 0.000348751 0.000855465)
(-0.000243497 0.000482731 0.000851936)
(-0.000225519 0.000603793 0.000844983)
(-0.00020284 0.000707759 0.000835535)
(-0.000176486 0.00079082 0.000824722)
(-0.000147055 0.000849776 0.000813716)
(-0.000114821 0.000882157 0.000803623)
(-7.98309e-05 0.000886202 0.000795468)
(-4.19608e-05 0.000861066 0.000790164)
(-1.01618e-06 0.000807292 0.000788458)
(4.28889e-05 0.000727259 0.000790827)
(8.87609e-05 0.000625137 0.000797264)
(0.000134391 0.000505959 0.000807108)
(0.000176613 0.000374453 0.000819036)
(0.000212106 0.000234432 0.000831326)
(0.000238331 8.89826e-05 0.000842263)
(0.000254058 -5.89628e-05 0.000850464)
(0.000259376 -0.000206122 0.000855005)
(0.000255337 -0.000348751 0.000855465)
(0.000243497 -0.000482731 0.000851936)
(0.000225519 -0.000603793 0.000844983)
(0.000295525 -0.000610925 0.00118339)
(0.000277697 -0.000671185 0.00117588)
(0.000252104 -0.00071097 0.00116746)
(0.000219432 -0.000728991 0.0011591)
(0.000180508 -0.000724635 0.00115182)
(0.000136277 -0.000697867 0.00114652)
(8.77698e-05 -0.000649275 0.0011439)
(3.60847e-05 -0.000580296 0.00114431)
(-1.752e-05 -0.000493352 0.00114769)
(-7.15048e-05 -0.000391674 0.00115364)
(-0.000123989 -0.000278888 0.00116136)
(-0.000172857 -0.000158599 0.00116989)
(-0.000216039 -3.42193e-05 0.00117818)
(-0.000251818 9.09474e-05 0.00118525)
(-0.000279019 0.000213592 0.00119031)
(-0.000297007 0.000330296 0.00119278)
(-0.000305615 0.000437617 0.00119236)
(-0.000304998 0.000532192 0.0011891)
(-0.000295525 0.000610925 0.00118339)
(-0.000277697 0.000671185 0.00117588)
(-0.000252104 0.00071097 0.00116746)
(-0.000219432 0.000728991 0.0011591)
(-0.000180508 0.000724635 0.00115182)
(-0.000136277 0.000697867 0.00114652)
(-8.77699e-05 0.000649275 0.0011439)
(-3.60847e-05 0.000580296 0.00114431)
(1.752e-05 0.000493352 0.00114769)
(7.15047e-05 0.000391674 0.00115364)
(0.000123989 0.000278888 0.00116136)
(0.000172857 0.000158599 0.00116989)
(0.000216039 3.42193e-05 0.00117818)
(0.000251818 -9.09474e-05 0.00118525)
(0.000279019 -0.000213592 0.00119031)
(0.000297007 -0.000330296 0.00119278)
(0.000305615 -0.000437617 0.00119236)
(0.000304998 -0.000532192 0.0011891)
(0.000408327 -0.000526621 0.00139103)
(0.000395847 -0.00055661 0.00138799)
(0.000370937 -0.000569973 0.00138337)
(0.000334816 -0.00056663 0.00137775)
(0.000289004 -0.000546943 0.00137191)
(0.000235258 -0.000511546 0.00136672)
(0.000175463 -0.000461213 0.00136292)
(0.000111468 -0.000396892 0.00136098)
(4.49042e-05 -0.000319905 0.00136106)
(-2.2879e-05 -0.0002322 0.001363)
(-9.06451e-05 -0.000136423 0.00136645)
(-0.000156947 -3.58101e-05 0.00137093)
(-0.000219917 6.61073e-05 0.00137594)
(-0.000277308 0.000165785 0.00138097)
(-0.000326735 0.000259871 0.00138553)
(-0.000365992 0.000345349 0.00138919)
(-0.000393314 0.000419629 0.00139153)
(-0.000407566 0.000480589 0.00139222)
(-0.000408327 0.000526621 0.00139103)
(-0.000395847 0.00055661 0.00138799)
(-0.000370938 0.000569973 0.00138337)
(-0.000334816 0.00056663 0.00137775)
(-0.000289004 0.000546943 0.00137191)
(-0.000235258 0.000511546 0.00136672)
(-0.000175463 0.000461213 0.00136292)
(-0.000111468 0.000396892 0.00136098)
(-4.49043e-05 0.000319905 0.00136106)
(2.2879e-05 0.0002322 0.001363)
(9.06451e-05 0.000136423 0.00136645)
(0.000156947 3.58102e-05 0.00137093)
(0.000219917 -6.61073e-05 0.00137594)
(0.000277308 -0.000165785 0.00138097)
(0.000326735 -0.000259871 0.00138553)
(0.000365992 -0.000345349 0.00138919)
(0.000393314 -0.000419629 0.00139153)
(0.000407566 -0.000480589 0.00139222)
(-3.23289e-11 7.87606e-12 0.000557014)
(-2.39402e-11 1.92114e-12 0.000990867)
(-1.52869e-11 -4.00014e-12 0.00128117)
(-7.16818e-12 -8.08453e-12 0.00143145)
)
;

boundaryField
{
    fixed
    {
        type            fixedValue;
        value           uniform (0 0 0);
    }
    inside
    {
        type            calculated;
    }
    outside
    {
        type            calculated;
    }
}


// ************************************************************************* //
