/*--------------------------------*- C++ -*----------------------------------*\
| =========                 |                                                 |
| \\      /  F ield         | OpenFOAM: The Open Source CFD Toolbox           |
|  \\    /   O peration     | Version:  2312                                  |
|   \\  /    A nd           | Website:  www.openfoam.com                      |
|    \\/     M anipulation  |                                                 |
\*---------------------------------------------------------------------------*/
FoamFile
{
    version     2.0;
    format      ascii;
    arch        "LSB;label=32;scalar=64";
    class       volScalarField;
    location    "0.3";
    object      sigmaEq;
}
// * * * * * * * * * * * * * * * * * * * * * * * * * * * * * * * * * * * * * //

dimensions      [1 -1 -2 0 0 0 0];

internalField   nonuniform List<scalar> 
1620
(
15917.6
15917.6
15917.6
15917.6
15917.6
15917.6
15917.6
15917.6
15917.6
15917.6
15917.6
15917.6
15917.6
15917.6
15917.6
15917.6
15917.6
15917.6
15917.6
15917.6
15917.6
15917.6
15917.6
15917.6
15917.6
15917.6
15917.6
15917.6
15917.6
15917.6
15917.6
15917.6
15917.6
15917.6
15917.6
15917.6
18039.1
18039.1
18039.1
18039.1
18039.1
18039.1
18039.1
18039.1
18039.1
18039.1
18039.1
18039.1
18039.1
18039.1
18039.1
18039.1
18039.1
18039.1
18039.1
18039.1
18039.1
18039.1
18039.1
18039.1
18039.1
18039.1
18039.1
18039.1
18039.1
18039.1
18039.1
18039.1
18039.1
18039.1
18039.1
18039.1
19783.8
19783.8
19783.8
19783.8
19783.8
19783.8
19783.8
19783.8
19783.8
19783.8
19783.8
19783.8
19783.8
19783.8
19783.8
19783.8
19783.8
19783.8
19783.8
19783.8
19783.8
19783.8
19783.8
19783.8
19783.8
19783.8
19783.8
19783.8
19783.8
19783.8
19783.8
19783.8
19783.8
19783.8
19783.8
19783.8
15791.4
15791.4
15791.4
15791.4
15791.4
15791.4
15791.4
15791.4
15791.4
15791.4
15791.4
15791.4
15791.4
15791.4
15791.4
15791.4
15791.4
15791.4
15791.4
15791.4
15791.4
15791.4
15791.4
15791.4
15791.4
15791.4
15791.4
15791.4
15791.4
15791.4
15791.4
15791.4
15791.4
15791.4
15791.4
15791.4
18078.4
18078.4
18078.4
18078.4
18078.4
18078.4
18078.4
18078.4
18078.4
18078.4
18078.4
18078.4
18078.4
18078.4
18078.4
18078.4
18078.4
18078.4
18078.4
18078.4
18078.4
18078.4
18078.4
18078.4
18078.4
18078.4
18078.4
18078.4
18078.4
18078.4
18078.4
18078.4
18078.4
18078.4
18078.4
18078.4
19603.1
19603.1
19603.1
19603.1
19603.1
19603.1
19603.1
19603.1
19603.1
19603.1
19603.1
19603.1
19603.1
19603.1
19603.1
19603.1
19603.1
19603.1
19603.1
19603.1
19603.1
19603.1
19603.1
19603.1
19603.1
19603.1
19603.1
19603.1
19603.1
19603.1
19603.1
19603.1
19603.1
19603.1
19603.1
19603.1
15402.6
15402.6
15402.6
15402.6
15402.6
15402.6
15402.6
15402.6
15402.6
15402.6
15402.6
15402.6
15402.6
15402.6
15402.6
15402.6
15402.6
15402.6
15402.6
15402.6
15402.6
15402.6
15402.6
15402.6
15402.6
15402.6
15402.6
15402.6
15402.6
15402.6
15402.6
15402.6
15402.6
15402.6
15402.6
15402.6
18259.3
18259.3
18259.3
18259.3
18259.3
18259.3
18259.3
18259.3
18259.3
18259.3
18259.3
18259.3
18259.3
18259.3
18259.3
18259.3
18259.3
18259.3
18259.3
18259.3
18259.3
18259.3
18259.3
18259.3
18259.3
18259.3
18259.3
18259.3
18259.3
18259.3
18259.3
18259.3
18259.3
18259.3
18259.3
18259.3
19237.7
19237.7
19237.7
19237.7
19237.7
19237.7
19237.7
19237.7
19237.7
19237.7
19237.7
19237.7
19237.7
19237.7
19237.7
19237.7
19237.7
19237.7
19237.7
19237.7
19237.7
19237.7
19237.7
19237.7
19237.7
19237.7
19237.7
19237.7
19237.7
19237.7
19237.7
19237.7
19237.7
19237.7
19237.7
19237.7
15053.9
15053.9
15053.9
15053.9
15053.9
15053.9
15053.9
15053.9
15053.9
15053.9
15053.9
15053.9
15053.9
15053.9
15053.9
15053.9
15053.9
15053.9
15053.9
15053.9
15053.9
15053.9
15053.9
15053.9
15053.9
15053.9
15053.9
15053.9
15053.9
15053.9
15053.9
15053.9
15053.9
15053.9
15053.9
15053.9
18394.1
18394.1
18394.1
18394.1
18394.1
18394.1
18394.1
18394.1
18394.1
18394.1
18394.1
18394.1
18394.1
18394.1
18394.1
18394.1
18394.1
18394.1
18394.1
18394.1
18394.1
18394.1
18394.1
18394.1
18394.1
18394.1
18394.1
18394.1
18394.1
18394.1
18394.1
18394.1
18394.1
18394.1
18394.1
18394.1
18990.9
18990.9
18990.9
18990.9
18990.9
18990.9
18990.9
18990.9
18990.9
18990.9
18990.9
18990.9
18990.9
18990.9
18990.9
18990.9
18990.9
18990.9
18990.9
18990.9
18990.9
18990.9
18990.9
18990.9
18990.9
18990.9
18990.9
18990.9
18990.9
18990.9
18990.9
18990.9
18990.9
18990.9
18990.9
18990.9
14790
14790
14790
14790
14790
14790
14790
14790
14790
14790
14790
14790
14790
14790
14790
14790
14790
14790
14790
14790
14790
14790
14790
14790
14790
14790
14790
14790
14790
14790
14790
14790
14790
14790
14790
14790
18433.4
18433.4
18433.4
18433.4
18433.4
18433.4
18433.4
18433.4
18433.4
18433.4
18433.4
18433.4
18433.4
18433.4
18433.4
18433.4
18433.4
18433.4
18433.4
18433.4
18433.4
18433.4
18433.4
18433.4
18433.4
18433.4
18433.4
18433.4
18433.4
18433.4
18433.4
18433.4
18433.4
18433.4
18433.4
18433.4
18816.9
18816.9
18816.9
18816.9
18816.9
18816.9
18816.9
18816.9
18816.9
18816.9
18816.9
18816.9
18816.9
18816.9
18816.9
18816.9
18816.9
18816.9
18816.9
18816.9
18816.9
18816.9
18816.9
18816.9
18816.9
18816.9
18816.9
18816.9
18816.9
18816.9
18816.9
18816.9
18816.9
18816.9
18816.9
18816.9
14606.3
14606.3
14606.3
14606.3
14606.3
14606.3
14606.3
14606.3
14606.3
14606.3
14606.3
14606.3
14606.3
14606.3
14606.3
14606.3
14606.3
14606.3
14606.3
14606.3
14606.3
14606.3
14606.3
14606.3
14606.3
14606.3
14606.3
14606.3
14606.3
14606.3
14606.3
14606.3
14606.3
14606.3
14606.3
14606.3
18361.7
18361.7
18361.7
18361.7
18361.7
18361.7
18361.7
18361.7
18361.7
18361.7
18361.7
18361.7
18361.7
18361.7
18361.7
18361.7
18361.7
18361.7
18361.7
18361.7
18361.7
18361.7
18361.7
18361.7
18361.7
18361.7
18361.7
18361.7
18361.7
18361.7
18361.7
18361.7
18361.7
18361.7
18361.7
18361.7
18669.1
18669.1
18669.1
18669.1
18669.1
18669.1
18669.1
18669.1
18669.1
18669.1
18669.1
18669.1
18669.1
18669.1
18669.1
18669.1
18669.1
18669.1
18669.1
18669.1
18669.1
18669.1
18669.1
18669.1
18669.1
18669.1
18669.1
18669.1
18669.1
18669.1
18669.1
18669.1
18669.1
18669.1
18669.1
18669.1
14490.4
14490.4
14490.4
14490.4
14490.4
14490.4
14490.4
14490.4
14490.4
14490.4
14490.4
14490.4
14490.4
14490.4
14490.4
14490.4
14490.4
14490.4
14490.4
14490.4
14490.4
14490.4
14490.4
14490.4
14490.4
14490.4
14490.4
14490.4
14490.4
14490.4
14490.4
14490.4
14490.4
14490.4
14490.4
14490.4
18188.3
18188.2
18188.2
18188.2
18188.2
18188.2
18188.2
18188.2
18188.3
18188.3
18188.2
18188.2
18188.2
18188.2
18188.2
18188.2
18188.2
18188.3
18188.3
18188.2
18188.2
18188.2
18188.2
18188.2
18188.2
18188.2
18188.3
18188.3
18188.2
18188.2
18188.2
18188.2
18188.2
18188.2
18188.2
18188.3
18504.6
18504.6
18504.6
18504.5
18504.5
18504.5
18504.6
18504.6
18504.6
18504.6
18504.6
18504.6
18504.5
18504.5
18504.5
18504.6
18504.6
18504.6
18504.6
18504.6
18504.6
18504.5
18504.5
18504.5
18504.6
18504.6
18504.6
18504.6
18504.6
18504.6
18504.5
18504.5
18504.5
18504.6
18504.6
18504.6
14441.3
14441.3
14441.3
14441.3
14441.3
14441.3
14441.3
14441.3
14441.3
14441.3
14441.3
14441.3
14441.3
14441.3
14441.3
14441.3
14441.3
14441.3
14441.3
14441.3
14441.3
14441.3
14441.3
14441.3
14441.3
14441.3
14441.3
14441.3
14441.3
14441.3
14441.3
14441.3
14441.3
14441.3
14441.3
14441.3
17951.4
17951.4
17951.4
17951.4
17951.4
17951.4
17951.4
17951.4
17951.4
17951.4
17951.4
17951.4
17951.4
17951.4
17951.4
17951.4
17951.4
17951.4
17951.4
17951.4
17951.4
17951.4
17951.4
17951.4
17951.4
17951.4
17951.4
17951.4
17951.4
17951.4
17951.4
17951.4
17951.4
17951.4
17951.4
17951.4
18311.7
18311.7
18311.7
18311.7
18311.7
18311.7
18311.7
18311.7
18311.7
18311.7
18311.7
18311.7
18311.7
18311.7
18311.7
18311.7
18311.7
18311.7
18311.7
18311.7
18311.7
18311.7
18311.7
18311.7
18311.7
18311.7
18311.7
18311.7
18311.7
18311.7
18311.7
18311.7
18311.7
18311.7
18311.7
18311.7
14477.2
14477.2
14477.2
14477.2
14477.2
14477.2
14477.2
14477.2
14477.2
14477.2
14477.2
14477.2
14477.2
14477.2
14477.2
14477.2
14477.2
14477.2
14477.2
14477.2
14477.2
14477.2
14477.2
14477.2
14477.2
14477.2
14477.2
14477.2
14477.2
14477.2
14477.2
14477.2
14477.2
14477.2
14477.2
14477.2
17727.9
17727.8
17727.8
17727.8
17727.8
17727.8
17727.8
17727.8
17727.8
17727.9
17727.8
17727.8
17727.8
17727.8
17727.8
17727.8
17727.8
17727.8
17727.9
17727.8
17727.8
17727.8
17727.8
17727.8
17727.8
17727.8
17727.8
17727.9
17727.8
17727.8
17727.8
17727.8
17727.8
17727.8
17727.8
17727.8
18123.1
18123.1
18123.1
18123.1
18123.1
18123.1
18123.1
18123.1
18123.1
18123.1
18123.1
18123.1
18123.1
18123.1
18123.1
18123.1
18123.1
18123.1
18123.1
18123.1
18123.1
18123.1
18123.1
18123.1
18123.1
18123.1
18123.1
18123.1
18123.1
18123.1
18123.1
18123.1
18123.1
18123.1
18123.1
18123.1
14646.3
14646.3
14646.3
14646.3
14646.3
14646.3
14646.3
14646.3
14646.3
14646.3
14646.3
14646.3
14646.3
14646.3
14646.3
14646.3
14646.3
14646.3
14646.3
14646.3
14646.3
14646.3
14646.3
14646.3
14646.3
14646.3
14646.3
14646.3
14646.3
14646.3
14646.3
14646.3
14646.3
14646.3
14646.3
14646.3
17624.1
17624.1
17624.1
17624.1
17624.1
17624.1
17624.1
17624.1
17624.1
17624.1
17624.1
17624.1
17624.1
17624.1
17624.1
17624.1
17624.1
17624.1
17624.1
17624.1
17624.1
17624.1
17624.1
17624.1
17624.1
17624.1
17624.1
17624.1
17624.1
17624.1
17624.1
17624.1
17624.1
17624.1
17624.1
17624.1
18012
18012
18012
18012
18012
18012
18012
18012
18012
18012
18012
18012
18012
18012
18012
18012
18012
18012
18012
18012
18012
18012
18012
18012
18012
18012
18012
18012
18012
18012
18012
18012
18012
18012
18012
18012
15051.6
15051.6
15051.6
15051.6
15051.6
15051.6
15051.6
15051.6
15051.6
15051.6
15051.6
15051.6
15051.6
15051.6
15051.6
15051.6
15051.6
15051.6
15051.6
15051.6
15051.6
15051.6
15051.6
15051.6
15051.6
15051.6
15051.6
15051.6
15051.6
15051.6
15051.6
15051.6
15051.6
15051.6
15051.6
15051.6
17745.5
17745.5
17745.6
17745.6
17745.6
17745.6
17745.5
17745.5
17745.5
17745.5
17745.5
17745.6
17745.6
17745.6
17745.6
17745.5
17745.5
17745.5
17745.5
17745.5
17745.6
17745.6
17745.6
17745.6
17745.5
17745.5
17745.5
17745.5
17745.5
17745.5
17745.6
17745.6
17745.6
17745.5
17745.5
17745.5
18066.4
18066.4
18066.4
18066.4
18066.4
18066.4
18066.4
18066.4
18066.4
18066.4
18066.4
18066.4
18066.4
18066.4
18066.4
18066.4
18066.4
18066.4
18066.4
18066.4
18066.4
18066.4
18066.4
18066.4
18066.4
18066.4
18066.4
18066.4
18066.4
18066.4
18066.4
18066.4
18066.4
18066.4
18066.4
18066.4
15909.9
15909.9
15909.9
15909.9
15909.9
15909.9
15909.9
15909.9
15909.9
15909.9
15909.9
15909.9
15909.9
15909.9
15909.9
15909.9
15909.9
15909.9
15909.9
15909.9
15909.9
15909.9
15909.9
15909.9
15909.9
15909.9
15909.9
15909.9
15909.9
15909.9
15909.9
15909.9
15909.9
15909.9
15909.9
15909.9
18163.4
18163.4
18163.4
18163.4
18163.5
18163.5
18163.4
18163.4
18163.4
18163.4
18163.4
18163.4
18163.4
18163.5
18163.5
18163.4
18163.4
18163.4
18163.4
18163.4
18163.4
18163.4
18163.5
18163.5
18163.4
18163.4
18163.4
18163.4
18163.4
18163.4
18163.4
18163.4
18163.5
18163.4
18163.4
18163.4
18367.3
18367.3
18367.3
18367.3
18367.3
18367.3
18367.3
18367.3
18367.3
18367.3
18367.3
18367.3
18367.3
18367.3
18367.3
18367.3
18367.3
18367.3
18367.3
18367.3
18367.3
18367.3
18367.3
18367.3
18367.3
18367.3
18367.3
18367.3
18367.3
18367.3
18367.3
18367.3
18367.3
18367.3
18367.3
18367.3
17629.8
17629.8
17629.8
17629.8
17629.8
17629.8
17629.9
17629.9
17629.8
17629.8
17629.8
17629.8
17629.8
17629.8
17629.8
17629.9
17629.9
17629.8
17629.8
17629.8
17629.8
17629.8
17629.8
17629.8
17629.9
17629.9
17629.8
17629.8
17629.8
17629.8
17629.8
17629.8
17629.8
17629.9
17629.9
17629.8
18961.9
18961.9
18962
18962
18962
18962
18962
18962
18961.9
18961.9
18961.9
18962
18962
18962
18962
18962
18962
18961.9
18961.9
18961.9
18962
18962
18962
18962
18962
18962
18961.9
18961.9
18961.9
18962
18962
18962
18962
18962
18962
18961.9
19035.9
19035.9
19035.9
19035.9
19035.9
19035.9
19035.9
19035.9
19035.8
19035.9
19035.9
19035.9
19035.9
19035.9
19035.9
19035.9
19035.9
19035.9
19035.9
19035.9
19035.9
19035.9
19035.9
19035.9
19035.9
19035.9
19035.8
19035.9
19035.9
19035.9
19035.9
19035.9
19035.9
19035.9
19035.9
19035.8
20727.9
20727.9
20727.8
20727.7
20727.8
20727.8
20727.9
20728
20728.1
20727.9
20727.9
20727.8
20727.7
20727.8
20727.9
20727.9
20728
20728.1
20727.9
20727.9
20727.8
20727.7
20727.8
20727.8
20727.9
20728
20728.1
20727.9
20727.9
20727.8
20727.7
20727.8
20727.8
20727.9
20728
20728.1
20410.5
20410.5
20410.6
20410.7
20410.7
20410.7
20410.7
20410.7
20410.6
20410.5
20410.5
20410.6
20410.7
20410.7
20410.7
20410.7
20410.7
20410.6
20410.5
20410.5
20410.6
20410.7
20410.7
20410.7
20410.7
20410.7
20410.6
20410.5
20410.5
20410.6
20410.7
20410.7
20410.7
20410.7
20410.7
20410.6
20372
20372
20372.1
20372.1
20372.1
20372
20372
20372
20372
20372
20372
20372.1
20372.1
20372.1
20372
20372
20372
20372
20372
20372
20372.1
20372.1
20372.1
20372
20372
20372
20372
20372
20372
20372.1
20372.1
20372.1
20372
20372
20372
20372
27634.7
27628.4
27626.3
27635.7
27633.8
27625
27630.5
27635.9
27631.7
27634.7
27628.4
27626.3
27635.7
27633.8
27625
27630.5
27635.9
27631.7
27634.7
27628.4
27626.3
27635.6
27633.8
27625
27630.4
27635.9
27631.7
27634.7
27628.4
27626.3
27635.6
27633.8
27625
27630.4
27635.9
27631.7
23593
23592.9
23593.2
23593.2
23593.5
23593.4
23593.4
23593.4
23593.1
23593
23592.9
23593.2
23593.2
23593.5
23593.4
23593.4
23593.4
23593.1
23593
23592.9
23593.2
23593.2
23593.5
23593.4
23593.4
23593.4
23593.1
23593
23592.9
23593.2
23593.1
23593.5
23593.4
23593.4
23593.4
23593.1
21417.1
21417.1
21417
21417.2
21417
21417.1
21417.2
21417.1
21417.1
21417.1
21417.1
21417
21417.2
21417
21417.1
21417.2
21417.1
21417.1
21417.1
21417.1
21417
21417.2
21417
21417.1
21417.2
21417.1
21417.1
21417.1
21417.1
21417
21417.2
21417
21417.1
21417.2
21417.1
21417.1
)
;

boundaryField
{
    fixed
    {
        type            calculated;
        value           nonuniform List<scalar> 
108
(
18748.3
18748.3
18748.3
18748.3
18748.3
18748.3
18748.3
18748.3
18748.3
18748.3
18748.3
18748.3
18748.3
18748.3
18748.3
18748.3
18748.3
18748.3
18748.3
18748.3
18748.3
18748.3
18748.3
18748.3
18748.3
18748.3
18748.3
18748.3
18748.3
18748.3
18748.3
18748.3
18748.3
18748.3
18748.3
18748.3
18683.4
18683.4
18683.4
18683.4
18683.4
18683.4
18683.4
18683.4
18683.4
18683.4
18683.4
18683.4
18683.4
18683.4
18683.4
18683.4
18683.4
18683.4
18683.4
18683.4
18683.4
18683.4
18683.4
18683.4
18683.4
18683.4
18683.4
18683.4
18683.4
18683.4
18683.4
18683.4
18683.4
18683.4
18683.4
18683.4
18562.9
18562.9
18562.9
18562.9
18562.9
18562.9
18562.9
18562.9
18562.9
18562.9
18562.9
18562.9
18562.9
18562.9
18562.9
18562.9
18562.9
18562.9
18562.9
18562.9
18562.9
18562.9
18562.9
18562.9
18562.9
18562.9
18562.9
18562.9
18562.9
18562.9
18562.9
18562.9
18562.9
18562.9
18562.9
18562.9
)
;
    }
    inside
    {
        type            calculated;
        value           nonuniform List<scalar> 
540
(
18562.9
18562.9
18562.9
18562.9
18562.9
18562.9
18562.9
18562.9
18562.9
18562.9
18562.9
18562.9
18562.9
18562.9
18562.9
18562.9
18562.9
18562.9
18562.9
18562.9
18562.9
18562.9
18562.9
18562.9
18562.9
18562.9
18562.9
18562.9
18562.9
18562.9
18562.9
18562.9
18562.9
18562.9
18562.9
18562.9
18798.3
18798.3
18798.3
18798.3
18798.3
18798.3
18798.3
18798.3
18798.3
18798.3
18798.3
18798.3
18798.3
18798.3
18798.3
18798.3
18798.3
18798.3
18798.3
18798.3
18798.3
18798.3
18798.3
18798.3
18798.3
18798.3
18798.3
18798.3
18798.3
18798.3
18798.3
18798.3
18798.3
18798.3
18798.3
18798.3
19004
19004
19004
19004
19004
19004
19004
19004
19004
19004
19004
19004
19004
19004
19004
19004
19004
19004
19004
19004
19004
19004
19004
19004
19004
19004
19004
19004
19004
19004
19004
19004
19004
19004
19004
19004
19167.6
19167.6
19167.6
19167.6
19167.6
19167.6
19167.6
19167.6
19167.6
19167.6
19167.6
19167.6
19167.6
19167.6
19167.6
19167.6
19167.6
19167.6
19167.6
19167.6
19167.6
19167.6
19167.6
19167.6
19167.6
19167.6
19167.6
19167.6
19167.6
19167.6
19167.6
19167.6
19167.6
19167.6
19167.6
19167.6
19251.6
19251.6
19251.6
19251.6
19251.6
19251.6
19251.6
19251.6
19251.6
19251.6
19251.6
19251.6
19251.6
19251.6
19251.6
19251.6
19251.6
19251.6
19251.6
19251.6
19251.6
19251.6
19251.6
19251.6
19251.6
19251.6
19251.6
19251.6
19251.6
19251.6
19251.6
19251.6
19251.6
19251.6
19251.6
19251.6
19227.4
19227.4
19227.4
19227.4
19227.4
19227.4
19227.4
19227.4
19227.4
19227.4
19227.4
19227.4
19227.4
19227.4
19227.4
19227.4
19227.4
19227.4
19227.4
19227.4
19227.4
19227.4
19227.4
19227.4
19227.4
19227.4
19227.4
19227.4
19227.4
19227.4
19227.4
19227.4
19227.4
19227.4
19227.4
19227.4
19092.7
19092.7
19092.7
19092.7
19092.7
19092.7
19092.7
19092.7
19092.7
19092.7
19092.7
19092.7
19092.7
19092.7
19092.7
19092.7
19092.7
19092.7
19092.7
19092.7
19092.7
19092.7
19092.7
19092.7
19092.7
19092.7
19092.7
19092.7
19092.7
19092.7
19092.7
19092.7
19092.7
19092.7
19092.7
19092.7
18888
18888
18888
18888
18888
18888
18888
18888
18888
18888
18888
18888
18888
18888
18888
18888
18888
18888
18888
18888
18888
18888
18888
18888
18888
18888
18888
18888
18888
18888
18888
18888
18888
18888
18888
18888
18703.5
18703.5
18703.5
18703.5
18703.5
18703.5
18703.5
18703.5
18703.5
18703.5
18703.5
18703.5
18703.5
18703.5
18703.5
18703.5
18703.5
18703.5
18703.5
18703.5
18703.5
18703.5
18703.5
18703.5
18703.5
18703.5
18703.5
18703.5
18703.5
18703.5
18703.5
18703.5
18703.5
18703.5
18703.5
18703.5
18658.4
18658.4
18658.4
18658.4
18658.4
18658.4
18658.3
18658.4
18658.4
18658.4
18658.4
18658.4
18658.4
18658.4
18658.4
18658.3
18658.4
18658.4
18658.4
18658.4
18658.4
18658.4
18658.4
18658.4
18658.3
18658.4
18658.4
18658.4
18658.4
18658.4
18658.4
18658.4
18658.4
18658.4
18658.4
18658.4
18846.1
18846.1
18846.1
18846.1
18846.1
18846.1
18846.1
18846.1
18846.1
18846.1
18846.1
18846.1
18846.1
18846.1
18846.1
18846.1
18846.1
18846.1
18846.1
18846.1
18846.1
18846.1
18846.1
18846.1
18846.1
18846.1
18846.1
18846.1
18846.1
18846.1
18846.1
18846.1
18846.1
18846.1
18846.1
18846.1
19290.1
19290.1
19290.1
19290.1
19290.1
19290.1
19290.1
19290
19290
19290.1
19290.1
19290.1
19290.1
19290.1
19290.1
19290.1
19290.1
19290
19290.1
19290.1
19290.1
19290.1
19290.1
19290.1
19290.1
19290.1
19290
19290.1
19290.1
19290.1
19290.1
19290.1
19290.1
19290.1
19290.1
19290
19950.8
19950.8
19950.9
19950.9
19950.9
19950.9
19950.8
19950.8
19950.8
19950.8
19950.8
19950.9
19950.9
19950.9
19950.9
19950.9
19950.8
19950.8
19950.8
19950.8
19950.9
19950.9
19950.9
19950.9
19950.9
19950.8
19950.8
19950.8
19950.8
19950.9
19950.9
19950.9
19950.9
19950.9
19950.8
19950.8
20756.7
20756.7
20756.8
20756.8
20756.8
20756.8
20756.8
20756.7
20756.7
20756.7
20756.7
20756.8
20756.8
20756.8
20756.8
20756.8
20756.7
20756.7
20756.7
20756.7
20756.8
20756.8
20756.8
20756.8
20756.8
20756.7
20756.7
20756.7
20756.7
20756.8
20756.8
20756.8
20756.8
20756.8
20756.7
20756.7
20570.5
20570.5
20570.5
20570.5
20570.5
20570.5
20570.5
20570.5
20570.5
20570.5
20570.4
20570.5
20570.5
20570.5
20570.5
20570.5
20570.5
20570.5
20570.5
20570.5
20570.5
20570.5
20570.5
20570.5
20570.5
20570.5
20570.5
20570.5
20570.4
20570.5
20570.5
20570.5
20570.5
20570.5
20570.5
20570.5
)
;
    }
    outside
    {
        type            calculated;
        value           nonuniform List<scalar> 
540
(
18748.3
18748.3
18748.3
18748.3
18748.3
18748.3
18748.3
18748.3
18748.3
18748.3
18748.3
18748.3
18748.3
18748.3
18748.3
18748.3
18748.3
18748.3
18748.3
18748.3
18748.3
18748.3
18748.3
18748.3
18748.3
18748.3
18748.3
18748.3
18748.3
18748.3
18748.3
18748.3
18748.3
18748.3
18748.3
18748.3
19044
19044
19044
19044
19044
19044
19044
19044
19044
19044
19044
19044
19044
19044
19044
19044
19044
19044
19044
19044
19044
19044
19044
19044
19044
19044
19044
19044
19044
19044
19044
19044
19044
19044
19044
19044
19337.4
19337.4
19337.4
19337.4
19337.4
19337.4
19337.4
19337.4
19337.4
19337.4
19337.4
19337.4
19337.4
19337.4
19337.4
19337.4
19337.4
19337.4
19337.4
19337.4
19337.4
19337.4
19337.4
19337.4
19337.4
19337.4
19337.4
19337.4
19337.4
19337.4
19337.4
19337.4
19337.4
19337.4
19337.4
19337.4
19568.3
19568.3
19568.3
19568.3
19568.3
19568.3
19568.3
19568.3
19568.3
19568.3
19568.3
19568.3
19568.3
19568.3
19568.3
19568.3
19568.3
19568.3
19568.3
19568.3
19568.3
19568.3
19568.3
19568.3
19568.3
19568.3
19568.3
19568.3
19568.3
19568.3
19568.3
19568.3
19568.3
19568.3
19568.3
19568.3
19698.7
19698.7
19698.7
19698.7
19698.7
19698.6
19698.7
19698.7
19698.7
19698.7
19698.7
19698.7
19698.7
19698.7
19698.6
19698.7
19698.7
19698.7
19698.7
19698.7
19698.7
19698.7
19698.7
19698.6
19698.7
19698.7
19698.7
19698.7
19698.7
19698.7
19698.7
19698.7
19698.6
19698.7
19698.7
19698.7
19715.9
19715.9
19715.9
19715.9
19715.9
19715.9
19715.9
19715.9
19715.9
19715.9
19715.9
19715.9
19715.9
19715.9
19715.9
19715.9
19715.9
19715.9
19715.9
19715.9
19715.9
19715.9
19715.9
19715.9
19715.9
19715.9
19715.9
19715.9
19715.9
19715.9
19715.9
19715.9
19715.9
19715.9
19715.9
19715.9
19635.1
19635.1
19635.1
19635.1
19635.1
19635.1
19635.1
19635.1
19635.1
19635.1
19635.1
19635.1
19635.1
19635.1
19635.1
19635.1
19635.1
19635.1
19635.1
19635.1
19635.1
19635.1
19635.1
19635.1
19635.1
19635.1
19635.1
19635.1
19635.1
19635.1
19635.1
19635.1
19635.1
19635.1
19635.1
19635.1
19498.1
19498.1
19498
19498
19498
19498.1
19498.1
19498
19498
19498.1
19498.1
19498
19498
19498
19498.1
19498.1
19498
19498
19498.1
19498.1
19498
19498
19498
19498.1
19498.1
19498
19498
19498.1
19498.1
19498
19498
19498
19498.1
19498.1
19498
19498
19374.3
19374.3
19374.3
19374.3
19374.3
19374.3
19374.3
19374.3
19374.3
19374.3
19374.3
19374.3
19374.3
19374.3
19374.3
19374.3
19374.3
19374.3
19374.3
19374.3
19374.3
19374.3
19374.3
19374.3
19374.3
19374.3
19374.3
19374.3
19374.3
19374.3
19374.3
19374.3
19374.3
19374.3
19374.3
19374.3
19361
19361
19361
19361
19361
19361
19361
19361
19361
19361
19361
19361
19361
19361
19361
19361
19361
19361
19361
19361
19361
19361
19361
19361
19361
19361
19361
19361
19361
19361
19361
19361
19361
19361
19361
19361
19577.9
19577.9
19577.9
19577.9
19577.9
19577.9
19577.9
19577.9
19577.9
19577.9
19577.9
19577.9
19577.9
19577.9
19577.9
19577.9
19577.9
19577.9
19577.9
19577.9
19577.9
19577.9
19577.9
19577.9
19577.9
19577.9
19577.9
19577.9
19577.9
19577.9
19577.9
19577.9
19577.9
19577.9
19577.9
19577.9
20179.8
20179.8
20179.8
20179.8
20179.9
20179.8
20179.8
20179.8
20179.8
20179.8
20179.8
20179.8
20179.8
20179.9
20179.9
20179.8
20179.8
20179.8
20179.8
20179.8
20179.8
20179.8
20179.9
20179.9
20179.8
20179.8
20179.8
20179.8
20179.8
20179.8
20179.8
20179.9
20179.9
20179.8
20179.8
20179.8
21511.8
21511.9
21511.9
21511.9
21512
21512
21511.9
21511.8
21511.8
21511.8
21511.9
21511.9
21511.9
21512
21512
21511.9
21511.8
21511.8
21511.8
21511.9
21511.9
21511.9
21512
21512
21511.9
21511.8
21511.8
21511.8
21511.9
21511.9
21511.9
21512
21512
21511.9
21511.8
21511.8
25341.3
25341.6
25342
25342
25341.5
25341.4
25341.6
25341
25340.4
25341.3
25341.6
25342
25342.1
25341.5
25341.5
25341.6
25341
25340.4
25341.3
25341.6
25342
25342.1
25341.5
25341.5
25341.6
25341
25340.4
25341.3
25341.6
25342
25342.1
25341.5
25341.5
25341.6
25341
25340.4
70935.6
70959.2
70968
70942.5
70939.3
70962.8
70955.9
70934
70930.9
70935.4
70959.2
70968.3
70942.9
70939.8
70963.2
70956.2
70934.2
70931.2
70935.7
70959.4
70968.5
70943.1
70939.8
70963.3
70956.2
70934.2
70931.1
70935.6
70959.3
70968.3
70942.9
70939.7
70963.1
70956.2
70934.3
70931.2
)
;
    }
}


// ************************************************************************* //
