/*--------------------------------*- C++ -*----------------------------------*\
| =========                 |                                                 |
| \\      /  F ield         | OpenFOAM: The Open Source CFD Toolbox           |
|  \\    /   O peration     | Version:  2312                                  |
|   \\  /    A nd           | Website:  www.openfoam.com                      |
|    \\/     M anipulation  |                                                 |
\*---------------------------------------------------------------------------*/
FoamFile
{
    version     2.0;
    format      ascii;
    arch        "LSB;label=32;scalar=64";
    class       volVectorField;
    location    "0";
    object      f0;
}
// * * * * * * * * * * * * * * * * * * * * * * * * * * * * * * * * * * * * * //

dimensions      [0 0 0 0 0 0 0];

internalField   nonuniform List<vector> 
1620
(
(0.0747961 -0.745175 -0.662661)
(0.203057 -0.720867 -0.662661)
(0.325151 -0.674654 -0.66266)
(0.437363 -0.607941 -0.662662)
(0.536285 -0.522759 -0.662663)
(0.618913 -0.421693 -0.662662)
(0.682739 -0.307814 -0.66266)
(0.725817 -0.184581 -0.662661)
(0.746843 -0.0557397 -0.662661)
(0.745175 0.0747961 -0.662661)
(0.720867 0.203057 -0.662661)
(0.674654 0.325151 -0.66266)
(0.607941 0.437363 -0.662662)
(0.522759 0.536285 -0.662663)
(0.421693 0.618913 -0.662662)
(0.307814 0.682739 -0.66266)
(0.184581 0.725817 -0.662661)
(0.0557397 0.746843 -0.662661)
(-0.0747961 0.745175 -0.662661)
(-0.203057 0.720867 -0.662661)
(-0.325151 0.674654 -0.66266)
(-0.437363 0.607941 -0.662662)
(-0.536285 0.522759 -0.662663)
(-0.618913 0.421693 -0.662662)
(-0.682739 0.307814 -0.66266)
(-0.725817 0.184581 -0.662661)
(-0.746843 0.0557397 -0.662661)
(-0.745175 -0.0747961 -0.662661)
(-0.720867 -0.203057 -0.662661)
(-0.674654 -0.325151 -0.66266)
(-0.607941 -0.437363 -0.662662)
(-0.522759 -0.536285 -0.662663)
(-0.421693 -0.618913 -0.662662)
(-0.307814 -0.682739 -0.66266)
(-0.184581 -0.725817 -0.662661)
(-0.0557397 -0.746843 -0.662661)
(0.0884156 -0.99176 -0.0927081)
(0.259289 -0.96134 -0.0927081)
(0.422286 -0.901709 -0.0927076)
(0.572451 -0.814681 -0.0927103)
(0.705221 -0.702899 -0.0927125)
(0.816564 -0.569762 -0.0927103)
(0.903097 -0.419311 -0.0927076)
(0.96219 -0.256118 -0.0927081)
(0.992046 -0.0851448 -0.0927081)
(0.99176 0.0884156 -0.0927081)
(0.96134 0.259289 -0.0927081)
(0.901709 0.422286 -0.0927076)
(0.814681 0.572451 -0.0927103)
(0.702899 0.705221 -0.0927125)
(0.569762 0.816564 -0.0927103)
(0.419311 0.903097 -0.0927076)
(0.256118 0.96219 -0.0927081)
(0.0851448 0.992046 -0.0927081)
(-0.0884156 0.99176 -0.0927081)
(-0.259289 0.96134 -0.0927081)
(-0.422286 0.901709 -0.0927076)
(-0.572451 0.814681 -0.0927103)
(-0.705221 0.702899 -0.0927125)
(-0.816564 0.569762 -0.0927103)
(-0.903097 0.419311 -0.0927076)
(-0.96219 0.256118 -0.0927081)
(-0.992046 0.0851448 -0.0927081)
(-0.99176 -0.0884156 -0.0927081)
(-0.96134 -0.259289 -0.0927081)
(-0.901709 -0.422286 -0.0927076)
(-0.814681 -0.572451 -0.0927103)
(-0.702899 -0.705221 -0.0927125)
(-0.569762 -0.816564 -0.0927103)
(-0.419311 -0.903097 -0.0927076)
(-0.256118 -0.96219 -0.0927081)
(-0.0851448 -0.992046 -0.0927081)
(0.0531374 -0.809684 0.584455)
(0.19293 -0.788156 0.584455)
(0.326862 -0.74268 0.584456)
(0.450862 -0.674638 0.584455)
(0.561162 -0.586099 0.584453)
(0.65441 -0.47975 0.584455)
(0.727776 -0.358824 0.584456)
(0.779029 -0.226994 0.584455)
(0.806611 -0.0882694 0.584455)
(0.809684 0.0531374 0.584455)
(0.788156 0.19293 0.584455)
(0.74268 0.326862 0.584456)
(0.674638 0.450862 0.584455)
(0.586099 0.561162 0.584453)
(0.47975 0.65441 0.584455)
(0.358824 0.727776 0.584456)
(0.226994 0.779029 0.584455)
(0.0882694 0.806611 0.584455)
(-0.0531374 0.809684 0.584455)
(-0.19293 0.788156 0.584455)
(-0.326862 0.74268 0.584456)
(-0.450862 0.674638 0.584455)
(-0.561162 0.586099 0.584453)
(-0.65441 0.47975 0.584455)
(-0.727776 0.358824 0.584456)
(-0.779029 0.226994 0.584455)
(-0.806611 0.0882694 0.584455)
(-0.809684 -0.0531374 0.584455)
(-0.788156 -0.19293 0.584455)
(-0.74268 -0.326862 0.584456)
(-0.674638 -0.450862 0.584455)
(-0.586099 -0.561162 0.584453)
(-0.47975 -0.65441 0.584455)
(-0.358824 -0.727776 0.584456)
(-0.226994 -0.779029 0.584455)
(-0.0882694 -0.806611 0.584455)
(0.078172 -0.709027 -0.700835)
(0.200103 -0.68468 -0.700837)
(0.315958 -0.639531 -0.700835)
(0.422211 -0.574947 -0.700838)
(0.515635 -0.492896 -0.700838)
(0.593389 -0.395872 -0.700838)
(0.65312 -0.286816 -0.700835)
(0.693002 -0.169045 -0.700837)
(0.71183 -0.0461398 -0.700835)
(0.709027 0.078172 -0.700835)
(0.68468 0.200103 -0.700837)
(0.639531 0.315958 -0.700835)
(0.574947 0.422211 -0.700838)
(0.492896 0.515635 -0.700838)
(0.395872 0.593389 -0.700838)
(0.286816 0.65312 -0.700835)
(0.169045 0.693002 -0.700837)
(0.0461398 0.71183 -0.700835)
(-0.078172 0.709027 -0.700835)
(-0.200103 0.68468 -0.700837)
(-0.315958 0.639531 -0.700835)
(-0.422211 0.574947 -0.700838)
(-0.515635 0.492896 -0.700838)
(-0.593389 0.395872 -0.700838)
(-0.65312 0.286816 -0.700835)
(-0.693002 0.169045 -0.700837)
(-0.71183 0.0461398 -0.700835)
(-0.709027 -0.078172 -0.700835)
(-0.68468 -0.200103 -0.700837)
(-0.639531 -0.315958 -0.700835)
(-0.574947 -0.422211 -0.700838)
(-0.492896 -0.515635 -0.700838)
(-0.395872 -0.593389 -0.700838)
(-0.286816 -0.65312 -0.700835)
(-0.169045 -0.693002 -0.700837)
(-0.0461398 -0.71183 -0.700835)
(0.091113 -0.988291 -0.122391)
(0.261342 -0.957455 -0.122394)
(0.423633 -0.897527 -0.122393)
(0.573051 -0.810329 -0.122395)
(0.705057 -0.698509 -0.122394)
(0.81564 -0.565465 -0.122395)
(0.901441 -0.41524 -0.122393)
(0.959851 -0.252398 -0.122394)
(0.989098 -0.0818885 -0.122391)
(0.988291 0.091113 -0.122391)
(0.957455 0.261342 -0.122394)
(0.897527 0.423633 -0.122393)
(0.810329 0.573051 -0.122395)
(0.698509 0.705057 -0.122394)
(0.565465 0.81564 -0.122395)
(0.41524 0.901441 -0.122393)
(0.252398 0.959851 -0.122394)
(0.0818885 0.989098 -0.122391)
(-0.091113 0.988291 -0.122391)
(-0.261342 0.957455 -0.122394)
(-0.423633 0.897527 -0.122393)
(-0.573051 0.810329 -0.122395)
(-0.705057 0.698509 -0.122394)
(-0.81564 0.565465 -0.122395)
(-0.901441 0.41524 -0.122393)
(-0.959851 0.252398 -0.122394)
(-0.989098 0.0818885 -0.122391)
(-0.988291 -0.091113 -0.122391)
(-0.957455 -0.261342 -0.122394)
(-0.897527 -0.423633 -0.122393)
(-0.810329 -0.573051 -0.122395)
(-0.698509 -0.705057 -0.122394)
(-0.565465 -0.81564 -0.122395)
(-0.41524 -0.901441 -0.122393)
(-0.252398 -0.959851 -0.122394)
(-0.0818885 -0.989098 -0.122391)
(0.0413747 -0.817055 0.575074)
(0.182626 -0.797458 0.575073)
(0.318327 -0.75363 0.575074)
(0.444358 -0.686903 0.575074)
(0.556887 -0.599306 0.575073)
(0.652494 -0.493499 0.575074)
(0.728278 -0.372695 0.575074)
(0.781932 -0.24057 0.575073)
(0.811826 -0.101136 0.575074)
(0.817055 0.0413747 0.575074)
(0.797458 0.182626 0.575073)
(0.75363 0.318327 0.575074)
(0.686903 0.444358 0.575074)
(0.599306 0.556887 0.575073)
(0.493499 0.652494 0.575074)
(0.372695 0.728278 0.575074)
(0.24057 0.781932 0.575073)
(0.101136 0.811826 0.575074)
(-0.0413747 0.817055 0.575074)
(-0.182626 0.797458 0.575073)
(-0.318327 0.75363 0.575074)
(-0.444358 0.686903 0.575074)
(-0.556887 0.599306 0.575073)
(-0.652494 0.493499 0.575074)
(-0.728278 0.372695 0.575074)
(-0.781932 0.24057 0.575073)
(-0.811826 0.101136 0.575074)
(-0.817055 -0.0413747 0.575074)
(-0.797458 -0.182626 0.575073)
(-0.75363 -0.318327 0.575074)
(-0.686903 -0.444358 0.575074)
(-0.599306 -0.556887 0.575073)
(-0.493499 -0.652494 0.575074)
(-0.372695 -0.728278 0.575074)
(-0.24057 -0.781932 0.575073)
(-0.101136 -0.811826 0.575074)
(0.0639224 -0.710106 -0.701187)
(0.186262 -0.688217 -0.701188)
(0.302939 -0.645418 -0.701187)
(0.410411 -0.583006 -0.701189)
(0.505417 -0.502884 -0.701186)
(0.58506 -0.407478 -0.701189)
(0.646931 -0.299694 -0.701187)
(0.689144 -0.182801 -0.701188)
(0.710418 -0.0603575 -0.701187)
(0.710106 0.0639224 -0.701187)
(0.688217 0.186262 -0.701188)
(0.645418 0.302939 -0.701187)
(0.583006 0.410411 -0.701189)
(0.502884 0.505417 -0.701186)
(0.407478 0.58506 -0.701189)
(0.299694 0.646931 -0.701187)
(0.182801 0.689144 -0.701188)
(0.0603575 0.710418 -0.701187)
(-0.0639224 0.710106 -0.701187)
(-0.186262 0.688217 -0.701188)
(-0.302939 0.645418 -0.701187)
(-0.410411 0.583006 -0.701189)
(-0.505417 0.502884 -0.701186)
(-0.58506 0.407478 -0.701189)
(-0.646931 0.299694 -0.701187)
(-0.689144 0.182801 -0.701188)
(-0.710418 0.0603575 -0.701187)
(-0.710106 -0.0639224 -0.701187)
(-0.688217 -0.186262 -0.701188)
(-0.645418 -0.302939 -0.701187)
(-0.583006 -0.410411 -0.701189)
(-0.502884 -0.505417 -0.701186)
(-0.407478 -0.58506 -0.701189)
(-0.299694 -0.646931 -0.701187)
(-0.182801 -0.689144 -0.701188)
(-0.0603575 -0.710418 -0.701187)
(0.0865067 -0.988019 -0.127806)
(0.256759 -0.957987 -0.127808)
(0.419212 -0.898848 -0.127808)
(0.568925 -0.812397 -0.127808)
(0.701354 -0.701262 -0.127805)
(0.812472 -0.568818 -0.127808)
(0.898903 -0.419094 -0.127808)
(0.958021 -0.256633 -0.127807)
(0.988031 -0.0863771 -0.127806)
(0.988019 0.0865067 -0.127806)
(0.957987 0.256759 -0.127807)
(0.898848 0.419212 -0.127808)
(0.812397 0.568925 -0.127808)
(0.701262 0.701354 -0.127805)
(0.568818 0.812472 -0.127808)
(0.419094 0.898903 -0.127808)
(0.256633 0.958021 -0.127807)
(0.0863771 0.988031 -0.127806)
(-0.0865067 0.988019 -0.127806)
(-0.256759 0.957987 -0.127807)
(-0.419212 0.898848 -0.127808)
(-0.568925 0.812397 -0.127808)
(-0.701354 0.701262 -0.127805)
(-0.812472 0.568818 -0.127808)
(-0.898903 0.419094 -0.127808)
(-0.958021 0.256633 -0.127807)
(-0.988031 0.0863771 -0.127806)
(-0.988019 -0.0865067 -0.127806)
(-0.957987 -0.256759 -0.127807)
(-0.898848 -0.419212 -0.127808)
(-0.812397 -0.568925 -0.127808)
(-0.701262 -0.701354 -0.127805)
(-0.568818 -0.812472 -0.127808)
(-0.419094 -0.898903 -0.127808)
(-0.256633 -0.958021 -0.127808)
(-0.0863771 -0.988031 -0.127806)
(0.0681682 -0.817311 0.57215)
(0.209057 -0.793058 0.572149)
(0.343594 -0.744707 0.572149)
(0.467691 -0.673728 0.57215)
(0.577578 -0.582279 0.572149)
(0.669915 -0.473137 0.57215)
(0.741897 -0.34962 0.572149)
(0.791336 -0.215481 0.572149)
(0.816732 -0.0747928 0.57215)
(0.817311 0.0681682 0.57215)
(0.793058 0.209057 0.572149)
(0.744707 0.343594 0.572149)
(0.673728 0.467691 0.57215)
(0.582279 0.577578 0.572149)
(0.473137 0.669915 0.57215)
(0.34962 0.741897 0.572149)
(0.215481 0.791336 0.572149)
(0.0747928 0.816732 0.57215)
(-0.0681682 0.817311 0.57215)
(-0.209057 0.793058 0.572149)
(-0.343594 0.744707 0.572149)
(-0.467691 0.673728 0.57215)
(-0.577578 0.582279 0.572149)
(-0.669915 0.473137 0.57215)
(-0.741897 0.34962 0.572149)
(-0.791336 0.215481 0.572149)
(-0.816732 0.0747928 0.57215)
(-0.817311 -0.0681682 0.57215)
(-0.793058 -0.209057 0.572149)
(-0.744707 -0.343594 0.572149)
(-0.673728 -0.467691 0.57215)
(-0.582279 -0.577578 0.572149)
(-0.473137 -0.669915 0.57215)
(-0.34962 -0.741897 0.572149)
(-0.215481 -0.791336 0.572149)
(-0.0747928 -0.816732 0.57215)
(0.0329591 -0.715984 -0.697338)
(0.156789 -0.699385 -0.697336)
(0.275856 -0.661533 -0.697336)
(0.386538 -0.60358 -0.697337)
(0.485475 -0.527291 -0.697337)
(0.569663 -0.434977 -0.697337)
(0.636542 -0.32945 -0.697336)
(0.68408 -0.213907 -0.697336)
(0.71083 -0.0918693 -0.697338)
(0.715984 0.0329591 -0.697338)
(0.699385 0.156789 -0.697336)
(0.661533 0.275856 -0.697336)
(0.60358 0.386538 -0.697337)
(0.527291 0.485475 -0.697337)
(0.434977 0.569663 -0.697337)
(0.32945 0.636542 -0.697336)
(0.213907 0.68408 -0.697336)
(0.0918693 0.71083 -0.697338)
(-0.0329591 0.715984 -0.697338)
(-0.156789 0.699385 -0.697336)
(-0.275856 0.661533 -0.697336)
(-0.386538 0.60358 -0.697337)
(-0.485475 0.527291 -0.697337)
(-0.569663 0.434977 -0.697337)
(-0.636542 0.32945 -0.697336)
(-0.68408 0.213907 -0.697336)
(-0.71083 0.0918693 -0.697338)
(-0.715984 -0.0329591 -0.697338)
(-0.699385 -0.156789 -0.697336)
(-0.661533 -0.275856 -0.697336)
(-0.60358 -0.386538 -0.697337)
(-0.527291 -0.485475 -0.697337)
(-0.434977 -0.569663 -0.697337)
(-0.32945 -0.636542 -0.697336)
(-0.213907 -0.68408 -0.697336)
(-0.0918693 -0.71083 -0.697338)
(0.0805311 -0.988298 -0.129545)
(0.250924 -0.959299 -0.129545)
(0.413693 -0.901153 -0.129545)
(0.563892 -0.815625 -0.129546)
(0.696956 -0.705316 -0.129546)
(0.808844 -0.573575 -0.129546)
(0.896157 -0.424407 -0.129545)
(0.95624 -0.262343 -0.129545)
(0.987268 -0.0923079 -0.129545)
(0.988298 0.0805311 -0.129545)
(0.959299 0.250924 -0.129545)
(0.901153 0.413693 -0.129545)
(0.815625 0.563892 -0.129546)
(0.705316 0.696956 -0.129546)
(0.573575 0.808844 -0.129546)
(0.424407 0.896157 -0.129545)
(0.262343 0.95624 -0.129545)
(0.0923079 0.987268 -0.129545)
(-0.0805311 0.988298 -0.129545)
(-0.250924 0.959299 -0.129545)
(-0.413693 0.901153 -0.129545)
(-0.563892 0.815625 -0.129546)
(-0.696956 0.705316 -0.129546)
(-0.808844 0.573575 -0.129546)
(-0.896157 0.424407 -0.129545)
(-0.95624 0.262343 -0.129545)
(-0.987268 0.0923079 -0.129545)
(-0.988298 -0.0805311 -0.129545)
(-0.959299 -0.250924 -0.129545)
(-0.901153 -0.413693 -0.129545)
(-0.815625 -0.563892 -0.129546)
(-0.705316 -0.696956 -0.129546)
(-0.573575 -0.808844 -0.129546)
(-0.424407 -0.896157 -0.129545)
(-0.262343 -0.95624 -0.129545)
(-0.0923079 -0.987268 -0.129545)
(0.094399 -0.816966 0.568907)
(0.23483 -0.788163 0.568906)
(0.368126 -0.735411 0.568907)
(0.490236 -0.660313 0.568907)
(0.59745 -0.565154 0.568906)
(0.686511 -0.452822 0.568907)
(0.754713 -0.326731 0.568907)
(0.799984 -0.190713 0.568906)
(0.820947 -0.0488992 0.568907)
(0.816966 0.094399 0.568907)
(0.788163 0.23483 0.568906)
(0.735411 0.368126 0.568907)
(0.660313 0.490236 0.568907)
(0.565154 0.59745 0.568906)
(0.452822 0.686511 0.568907)
(0.326731 0.754713 0.568907)
(0.190713 0.799984 0.568906)
(0.0488992 0.820947 0.568907)
(-0.094399 0.816966 0.568907)
(-0.23483 0.788163 0.568906)
(-0.368126 0.735411 0.568907)
(-0.490236 0.660313 0.568907)
(-0.59745 0.565154 0.568906)
(-0.686511 0.452822 0.568907)
(-0.754713 0.326731 0.568907)
(-0.799984 0.190713 0.568906)
(-0.820947 0.0488992 0.568907)
(-0.816966 -0.094399 0.568907)
(-0.788163 -0.23483 0.568906)
(-0.735411 -0.368126 0.568907)
(-0.660313 -0.490236 0.568907)
(-0.565154 -0.59745 0.568906)
(-0.452822 -0.686511 0.568907)
(-0.326731 -0.754713 0.568907)
(-0.190713 -0.799984 0.568906)
(-0.0488992 -0.820947 0.568907)
(-0.0011382 -0.721911 -0.691985)
(0.124238 -0.711143 -0.691984)
(0.245839 -0.678764 -0.691984)
(0.359973 -0.625762 -0.691983)
(0.463164 -0.553746 -0.691986)
(0.552286 -0.464908 -0.691983)
(0.624625 -0.361942 -0.691984)
(0.677987 -0.247977 -0.691984)
(0.710746 -0.126478 -0.691985)
(0.721911 -0.0011382 -0.691985)
(0.711143 0.124238 -0.691984)
(0.678764 0.245839 -0.691984)
(0.625762 0.359973 -0.691983)
(0.553746 0.463164 -0.691986)
(0.464908 0.552286 -0.691983)
(0.361942 0.624625 -0.691984)
(0.247977 0.677987 -0.691984)
(0.126478 0.710746 -0.691985)
(0.0011382 0.721911 -0.691985)
(-0.124238 0.711143 -0.691984)
(-0.245839 0.678764 -0.691984)
(-0.359973 0.625762 -0.691983)
(-0.463164 0.553746 -0.691986)
(-0.552286 0.464908 -0.691983)
(-0.624625 0.361942 -0.691984)
(-0.677987 0.247977 -0.691984)
(-0.710746 0.126478 -0.691985)
(-0.721911 0.0011382 -0.691985)
(-0.711143 -0.124238 -0.691984)
(-0.678764 -0.245839 -0.691984)
(-0.625762 -0.359973 -0.691983)
(-0.553746 -0.463164 -0.691986)
(-0.464908 -0.552286 -0.691983)
(-0.361942 -0.624625 -0.691984)
(-0.247977 -0.677987 -0.691984)
(-0.126478 -0.710746 -0.691985)
(0.0739625 -0.98853 -0.131672)
(0.244496 -0.960669 -0.131672)
(0.4076 -0.903618 -0.131671)
(0.55832 -0.81911 -0.13167)
(0.692074 -0.709716 -0.131673)
(0.8048 -0.578757 -0.13167)
(0.893074 -0.430211 -0.131671)
(0.954211 -0.268595 -0.131672)
(0.986356 -0.0988166 -0.131672)
(0.98853 0.0739625 -0.131672)
(0.960669 0.244496 -0.131672)
(0.903618 0.4076 -0.131671)
(0.81911 0.55832 -0.13167)
(0.709716 0.692074 -0.131673)
(0.578757 0.8048 -0.13167)
(0.430211 0.893074 -0.131671)
(0.268595 0.954211 -0.131672)
(0.0988166 0.986356 -0.131672)
(-0.0739625 0.98853 -0.131672)
(-0.244496 0.960669 -0.131672)
(-0.4076 0.903618 -0.131671)
(-0.55832 0.81911 -0.13167)
(-0.692074 0.709716 -0.131673)
(-0.8048 0.578757 -0.13167)
(-0.893074 0.430211 -0.131671)
(-0.954211 0.268595 -0.131672)
(-0.986356 0.0988166 -0.131672)
(-0.98853 -0.0739625 -0.131672)
(-0.960669 -0.244496 -0.131672)
(-0.903618 -0.4076 -0.131671)
(-0.81911 -0.55832 -0.13167)
(-0.709716 -0.692074 -0.131673)
(-0.578757 -0.8048 -0.13167)
(-0.430211 -0.893074 -0.131671)
(-0.268595 -0.954211 -0.131672)
(-0.0988166 -0.986356 -0.131672)
(0.119983 -0.816955 0.564083)
(0.260024 -0.783707 0.564084)
(0.392164 -0.726649 0.564083)
(0.512387 -0.64751 0.564084)
(0.617041 -0.548699 0.564083)
(0.702947 -0.433215 0.564084)
(0.767495 -0.304568 0.564083)
(0.808722 -0.166667 0.564084)
(0.825378 -0.0237007 0.564083)
(0.816955 0.119983 0.564083)
(0.783707 0.260024 0.564084)
(0.726648 0.392164 0.564083)
(0.64751 0.512387 0.564084)
(0.548699 0.617041 0.564083)
(0.433215 0.702947 0.564084)
(0.304568 0.767495 0.564083)
(0.166667 0.808722 0.564084)
(0.0237007 0.825378 0.564083)
(-0.119983 0.816955 0.564083)
(-0.260024 0.783707 0.564084)
(-0.392164 0.726648 0.564083)
(-0.512387 0.64751 0.564084)
(-0.617041 0.548699 0.564083)
(-0.702947 0.433215 0.564084)
(-0.767495 0.304568 0.564083)
(-0.808722 0.166667 0.564084)
(-0.825378 0.0237007 0.564083)
(-0.816955 -0.119983 0.564083)
(-0.783707 -0.260024 0.564084)
(-0.726648 -0.392164 0.564083)
(-0.64751 -0.512387 0.564084)
(-0.548699 -0.617041 0.564083)
(-0.433215 -0.702947 0.564084)
(-0.304568 -0.767495 0.564083)
(-0.166667 -0.808722 0.564084)
(-0.0237007 -0.825378 0.564083)
(-0.037182 -0.72733 -0.68528)
(0.0896817 -0.722737 -0.68528)
(0.21382 -0.696183 -0.685281)
(0.331464 -0.648478 -0.685279)
(0.439036 -0.581067 -0.68528)
(0.533268 -0.496002 -0.685279)
(0.611294 -0.395866 -0.685281)
(0.670749 -0.283702 -0.68528)
(0.709824 -0.162917 -0.68528)
(0.72733 -0.037182 -0.68528)
(0.722737 0.0896817 -0.68528)
(0.696183 0.21382 -0.685281)
(0.648478 0.331464 -0.685279)
(0.581067 0.439036 -0.68528)
(0.496002 0.533268 -0.685279)
(0.395866 0.611294 -0.685281)
(0.283702 0.670749 -0.68528)
(0.162917 0.709824 -0.68528)
(0.037182 0.72733 -0.68528)
(-0.0896817 0.722737 -0.68528)
(-0.21382 0.696183 -0.685281)
(-0.331464 0.648478 -0.685279)
(-0.439036 0.581067 -0.68528)
(-0.533268 0.496002 -0.685279)
(-0.611294 0.395866 -0.685281)
(-0.670749 0.283702 -0.68528)
(-0.709824 0.162917 -0.68528)
(-0.72733 0.037182 -0.68528)
(-0.722737 -0.0896817 -0.68528)
(-0.696183 -0.21382 -0.685281)
(-0.648478 -0.331464 -0.685279)
(-0.581067 -0.439036 -0.68528)
(-0.496002 -0.533268 -0.685279)
(-0.395866 -0.611294 -0.685281)
(-0.283702 -0.670749 -0.68528)
(-0.162917 -0.709824 -0.68528)
(0.0665131 -0.988592 -0.135136)
(0.237171 -0.962023 -0.135136)
(0.400621 -0.906223 -0.135137)
(0.551898 -0.822889 -0.135136)
(0.686407 -0.714551 -0.135136)
(0.80006 -0.584502 -0.135136)
(0.889402 -0.436694 -0.135137)
(0.951721 -0.275617 -0.135136)
(0.985123 -0.106164 -0.135136)
(0.988592 0.0665131 -0.135136)
(0.962023 0.237171 -0.135136)
(0.906223 0.400621 -0.135137)
(0.822889 0.551898 -0.135136)
(0.714551 0.686407 -0.135136)
(0.584502 0.80006 -0.135136)
(0.436694 0.889402 -0.135137)
(0.275617 0.951721 -0.135136)
(0.106164 0.985123 -0.135136)
(-0.0665131 0.988592 -0.135136)
(-0.237171 0.962023 -0.135136)
(-0.400621 0.906223 -0.135137)
(-0.551898 0.822889 -0.135136)
(-0.686407 0.714551 -0.135136)
(-0.80006 0.584502 -0.135136)
(-0.889402 0.436694 -0.135137)
(-0.951721 0.275617 -0.135136)
(-0.985123 0.106164 -0.135136)
(-0.988592 -0.0665131 -0.135136)
(-0.962023 -0.237171 -0.135136)
(-0.906223 -0.400621 -0.135137)
(-0.822889 -0.551898 -0.135136)
(-0.714551 -0.686407 -0.135136)
(-0.584502 -0.80006 -0.135136)
(-0.436694 -0.889402 -0.135137)
(-0.275617 -0.951721 -0.135136)
(-0.106164 -0.985123 -0.135136)
(0.14526 -0.817494 0.557318)
(0.285011 -0.779849 0.557318)
(0.416101 -0.71851 0.557318)
(0.534546 -0.63534 0.557318)
(0.636751 -0.532865 0.557318)
(0.719608 -0.414199 0.557318)
(0.7806 -0.282949 0.557318)
(0.817875 -0.1431 0.557318)
(0.830298 0.00109736 0.557318)
(0.817494 0.14526 0.557318)
(0.779849 0.285011 0.557318)
(0.71851 0.416101 0.557318)
(0.63534 0.534546 0.557318)
(0.532865 0.636751 0.557318)
(0.414199 0.719608 0.557318)
(0.282949 0.7806 0.557318)
(0.1431 0.817875 0.557318)
(-0.00109736 0.830298 0.557318)
(-0.14526 0.817494 0.557318)
(-0.285011 0.779849 0.557318)
(-0.416101 0.71851 0.557318)
(-0.534546 0.63534 0.557318)
(-0.636751 0.532865 0.557318)
(-0.719608 0.414199 0.557318)
(-0.7806 0.282949 0.557318)
(-0.817875 0.1431 0.557318)
(-0.830298 -0.00109736 0.557318)
(-0.817494 -0.14526 0.557318)
(-0.779849 -0.285011 0.557318)
(-0.71851 -0.416101 0.557318)
(-0.63534 -0.534546 0.557318)
(-0.532865 -0.636751 0.557318)
(-0.414199 -0.719608 0.557318)
(-0.282949 -0.7806 0.557318)
(-0.1431 -0.817875 0.557318)
(0.00109736 -0.830298 0.557318)
(-0.0756174 -0.732046 -0.677046)
(0.0526489 -0.734054 -0.677047)
(0.179316 -0.713759 -0.677047)
(0.300535 -0.67178 -0.677045)
(0.412624 -0.609385 -0.677046)
(0.512175 -0.528476 -0.677045)
(0.59616 -0.431509 -0.677047)
(0.662034 -0.321433 -0.677047)
(0.707793 -0.201587 -0.677046)
(0.732046 -0.0756174 -0.677046)
(0.734054 0.0526489 -0.677047)
(0.713759 0.179316 -0.677047)
(0.67178 0.300535 -0.677045)
(0.609385 0.412624 -0.677046)
(0.528476 0.512175 -0.677045)
(0.431509 0.59616 -0.677047)
(0.321433 0.662034 -0.677047)
(0.201587 0.707793 -0.677046)
(0.0756174 0.732046 -0.677046)
(-0.0526489 0.734054 -0.677047)
(-0.179316 0.713759 -0.677047)
(-0.300535 0.67178 -0.677045)
(-0.412624 0.609385 -0.677046)
(-0.512175 0.528476 -0.677045)
(-0.59616 0.431509 -0.677047)
(-0.662034 0.321433 -0.677047)
(-0.707793 0.201587 -0.677046)
(-0.732046 0.0756174 -0.677046)
(-0.734054 -0.0526489 -0.677047)
(-0.713759 -0.179316 -0.677047)
(-0.67178 -0.300535 -0.677045)
(-0.609385 -0.412624 -0.677046)
(-0.528476 -0.512175 -0.677045)
(-0.431509 -0.59616 -0.677047)
(-0.321433 -0.662034 -0.677047)
(-0.201587 -0.707793 -0.677046)
(0.0574415 -0.98837 -0.140802)
(0.228199 -0.963379 -0.140804)
(0.39202 -0.909118 -0.140804)
(0.543931 -0.827233 -0.140803)
(0.679315 -0.720213 -0.140803)
(0.794058 -0.591309 -0.140803)
(0.884674 -0.444439 -0.140804)
(0.948409 -0.284067 -0.140804)
(0.983329 -0.115059 -0.140802)
(0.98837 0.0574415 -0.140802)
(0.963379 0.228199 -0.140804)
(0.909118 0.39202 -0.140804)
(0.827233 0.543931 -0.140803)
(0.720213 0.679315 -0.140803)
(0.591309 0.794058 -0.140803)
(0.444439 0.884674 -0.140804)
(0.284067 0.948409 -0.140804)
(0.115059 0.983329 -0.140802)
(-0.0574415 0.98837 -0.140802)
(-0.228199 0.963379 -0.140804)
(-0.39202 0.909118 -0.140804)
(-0.543931 0.827233 -0.140803)
(-0.679315 0.720213 -0.140803)
(-0.794058 0.591309 -0.140803)
(-0.884674 0.444439 -0.140804)
(-0.948409 0.284067 -0.140804)
(-0.983329 0.115059 -0.140802)
(-0.98837 -0.0574415 -0.140802)
(-0.963379 -0.228199 -0.140804)
(-0.909118 -0.39202 -0.140804)
(-0.827233 -0.543931 -0.140803)
(-0.720213 -0.679315 -0.140803)
(-0.591309 -0.794058 -0.140803)
(-0.444439 -0.884674 -0.140804)
(-0.284067 -0.948409 -0.140804)
(-0.115059 -0.983329 -0.140802)
(0.170849 -0.818689 0.548233)
(0.310417 -0.776584 0.548232)
(0.440553 -0.710883 0.548232)
(0.557303 -0.623582 0.548233)
(0.65712 -0.517334 0.548233)
(0.736971 -0.395367 0.548233)
(0.79443 -0.261387 0.548232)
(0.82775 -0.119464 0.548232)
(0.835919 0.0260875 0.548233)
(0.818689 0.170849 0.548233)
(0.776584 0.310417 0.548232)
(0.710883 0.440553 0.548232)
(0.623582 0.557303 0.548233)
(0.517334 0.65712 0.548233)
(0.395367 0.736971 0.548233)
(0.261387 0.79443 0.548232)
(0.119464 0.82775 0.548232)
(-0.0260875 0.835919 0.548233)
(-0.170849 0.818689 0.548233)
(-0.310417 0.776584 0.548232)
(-0.440553 0.710883 0.548232)
(-0.557303 0.623582 0.548233)
(-0.65712 0.517334 0.548233)
(-0.736971 0.395367 0.548233)
(-0.79443 0.261387 0.548232)
(-0.82775 0.119464 0.548232)
(-0.835919 -0.0260875 0.548233)
(-0.818689 -0.170849 0.548233)
(-0.776584 -0.310417 0.548232)
(-0.710883 -0.440553 0.548232)
(-0.623582 -0.557303 0.548233)
(-0.517334 -0.65712 0.548233)
(-0.395367 -0.736971 0.548233)
(-0.261387 -0.79443 0.548232)
(-0.119464 -0.82775 0.548232)
(0.0260875 -0.835919 0.548233)
(-0.11746 -0.735921 -0.666801)
(0.0121125 -0.745136 -0.666803)
(0.14132 -0.731712 -0.666803)
(0.266234 -0.696057 -0.666802)
(0.383059 -0.639251 -0.666802)
(0.488244 -0.563021 -0.666802)
(0.578594 -0.469684 -0.666803)
(0.651362 -0.362079 -0.666803)
(0.704343 -0.243469 -0.666801)
(0.735921 -0.11746 -0.666801)
(0.745136 0.0121125 -0.666803)
(0.731712 0.14132 -0.666803)
(0.696057 0.266234 -0.666802)
(0.639251 0.383059 -0.666802)
(0.563021 0.488244 -0.666802)
(0.469684 0.578594 -0.666803)
(0.362079 0.651362 -0.666803)
(0.243469 0.704343 -0.666801)
(0.11746 0.735921 -0.666801)
(-0.0121125 0.745136 -0.666803)
(-0.14132 0.731712 -0.666803)
(-0.266234 0.696057 -0.666802)
(-0.383059 0.639251 -0.666802)
(-0.488244 0.563021 -0.666802)
(-0.578594 0.469684 -0.666803)
(-0.651362 0.362079 -0.666803)
(-0.704343 0.243469 -0.666801)
(-0.735921 0.11746 -0.666801)
(-0.745136 -0.0121125 -0.666803)
(-0.731712 -0.14132 -0.666803)
(-0.696057 -0.266234 -0.666802)
(-0.639251 -0.383059 -0.666802)
(-0.563021 -0.488244 -0.666802)
(-0.469684 -0.578594 -0.666803)
(-0.362079 -0.651362 -0.666803)
(-0.243469 -0.704343 -0.666801)
(0.0454975 -0.987669 -0.1498)
(0.216312 -0.964763 -0.149803)
(0.380554 -0.912545 -0.149802)
(0.533235 -0.832598 -0.149802)
(0.669713 -0.727354 -0.149801)
(0.785842 -0.60001 -0.149802)
(0.878095 -0.454433 -0.149802)
(0.943665 -0.295051 -0.149803)
(0.980564 -0.126703 -0.1498)
(0.987669 0.0454975 -0.1498)
(0.964763 0.216312 -0.149803)
(0.912545 0.380554 -0.149802)
(0.832598 0.533235 -0.149802)
(0.727354 0.669713 -0.149801)
(0.60001 0.785842 -0.149802)
(0.454433 0.878095 -0.149802)
(0.295051 0.943665 -0.149803)
(0.126703 0.980564 -0.1498)
(-0.0454975 0.987669 -0.1498)
(-0.216312 0.964763 -0.149803)
(-0.380554 0.912545 -0.149802)
(-0.533235 0.832598 -0.149802)
(-0.669713 0.727354 -0.149801)
(-0.785842 0.60001 -0.149802)
(-0.878095 0.454433 -0.149802)
(-0.943665 0.295051 -0.149803)
(-0.980564 0.126703 -0.1498)
(-0.987669 -0.0454975 -0.1498)
(-0.964763 -0.216312 -0.149803)
(-0.912545 -0.380554 -0.149802)
(-0.832598 -0.533235 -0.149802)
(-0.727354 -0.669713 -0.149801)
(-0.60001 -0.785842 -0.149802)
(-0.454433 -0.878095 -0.149802)
(-0.295051 -0.943665 -0.149803)
(-0.126703 -0.980564 -0.1498)
(0.197512 -0.820759 0.536045)
(0.337035 -0.773992 0.536045)
(0.466316 -0.703708 0.536045)
(0.58143 -0.612042 0.536045)
(0.678877 -0.501779 0.536045)
(0.755696 -0.37627 0.536045)
(0.809554 -0.239328 0.536045)
(0.838814 -0.0951161 0.536045)
(0.842587 0.0519876 0.536045)
(0.820759 0.197512 0.536045)
(0.773992 0.337035 0.536045)
(0.703708 0.466316 0.536045)
(0.612042 0.58143 0.536045)
(0.501779 0.678877 0.536045)
(0.37627 0.755696 0.536045)
(0.239328 0.809554 0.536045)
(0.0951161 0.838814 0.536045)
(-0.0519876 0.842587 0.536045)
(-0.197512 0.820759 0.536045)
(-0.337035 0.773992 0.536045)
(-0.466316 0.703708 0.536045)
(-0.58143 0.612042 0.536045)
(-0.678877 0.501779 0.536045)
(-0.755696 0.37627 0.536045)
(-0.809554 0.239328 0.536045)
(-0.838814 0.0951161 0.536045)
(-0.842587 -0.0519876 0.536045)
(-0.820759 -0.197512 0.536045)
(-0.773992 -0.337035 0.536045)
(-0.703708 -0.466316 0.536045)
(-0.612042 -0.58143 0.536045)
(-0.501779 -0.678877 0.536045)
(-0.37627 -0.755696 0.536045)
(-0.239328 -0.809554 0.536045)
(-0.0951161 -0.838814 0.536045)
(0.0519876 -0.842587 0.536045)
(-0.164801 -0.738553 -0.653743)
(-0.0340524 -0.755948 -0.653745)
(0.0977353 -0.750378 -0.653744)
(0.226551 -0.722006 -0.653745)
(0.348484 -0.671697 -0.653744)
(0.459828 -0.600979 -0.653745)
(0.557204 -0.511999 -0.653744)
(0.637644 -0.407465 -0.653745)
(0.698714 -0.290549 -0.653743)
(0.738553 -0.164801 -0.653743)
(0.755948 -0.0340524 -0.653745)
(0.750378 0.0977353 -0.653744)
(0.722006 0.226551 -0.653745)
(0.671697 0.348484 -0.653744)
(0.600979 0.459828 -0.653745)
(0.511999 0.557204 -0.653744)
(0.407465 0.637644 -0.653745)
(0.290549 0.698714 -0.653743)
(0.164801 0.738553 -0.653743)
(0.0340524 0.755948 -0.653745)
(-0.0977353 0.750378 -0.653744)
(-0.226551 0.722006 -0.653745)
(-0.348484 0.671697 -0.653744)
(-0.459828 0.600979 -0.653745)
(-0.557204 0.511999 -0.653744)
(-0.637644 0.407465 -0.653745)
(-0.698714 0.290549 -0.653743)
(-0.738553 0.164801 -0.653743)
(-0.755948 0.0340524 -0.653745)
(-0.750378 -0.0977353 -0.653744)
(-0.722006 -0.226551 -0.653745)
(-0.671697 -0.348484 -0.653744)
(-0.600979 -0.459828 -0.653745)
(-0.511999 -0.557204 -0.653744)
(-0.407465 -0.637644 -0.653745)
(-0.290549 -0.698714 -0.653743)
(0.0288202 -0.986217 -0.162928)
(0.199636 -0.96623 -0.162928)
(0.364388 -0.916884 -0.162927)
(0.518066 -0.839679 -0.16293)
(0.656004 -0.736961 -0.162929)
(0.77401 -0.611852 -0.16293)
(0.868499 -0.46815 -0.162927)
(0.936598 -0.310225 -0.162928)
(0.976238 -0.142874 -0.162928)
(0.986217 0.0288202 -0.162928)
(0.96623 0.199636 -0.162928)
(0.916884 0.364388 -0.162927)
(0.839679 0.518066 -0.16293)
(0.736961 0.656004 -0.162929)
(0.611852 0.77401 -0.16293)
(0.46815 0.868499 -0.162927)
(0.310225 0.936598 -0.162928)
(0.142874 0.976238 -0.162928)
(-0.0288202 0.986217 -0.162928)
(-0.199636 0.96623 -0.162928)
(-0.364388 0.916884 -0.162927)
(-0.518066 0.839679 -0.16293)
(-0.656004 0.736961 -0.162929)
(-0.77401 0.611852 -0.16293)
(-0.868499 0.46815 -0.162927)
(-0.936598 0.310225 -0.162928)
(-0.976238 0.142874 -0.162928)
(-0.986217 -0.0288202 -0.162928)
(-0.96623 -0.199636 -0.162928)
(-0.916884 -0.364388 -0.162927)
(-0.839679 -0.518066 -0.16293)
(-0.736961 -0.656004 -0.162929)
(-0.611852 -0.77401 -0.16293)
(-0.46815 -0.868499 -0.162927)
(-0.310225 -0.936598 -0.162928)
(-0.142874 -0.976238 -0.162928)
(0.226154 -0.8239 0.519657)
(0.365787 -0.772111 0.519657)
(0.494306 -0.696862 0.519658)
(0.607807 -0.60044 0.519657)
(0.702837 -0.485775 0.519656)
(0.776513 -0.356349 0.519657)
(0.826595 -0.216095 0.519658)
(0.851562 -0.0692758 0.519657)
(0.850654 0.0796511 0.519657)
(0.8239 0.226154 0.519657)
(0.772111 0.365787 0.519657)
(0.696862 0.494306 0.519658)
(0.60044 0.607807 0.519657)
(0.485775 0.702837 0.519656)
(0.356349 0.776513 0.519657)
(0.216095 0.826595 0.519658)
(0.0692758 0.851562 0.519657)
(-0.0796511 0.850654 0.519657)
(-0.226154 0.8239 0.519657)
(-0.365787 0.772111 0.519657)
(-0.494306 0.696862 0.519658)
(-0.607807 0.60044 0.519657)
(-0.702837 0.485775 0.519656)
(-0.776513 0.356349 0.519657)
(-0.826595 0.216095 0.519658)
(-0.851562 0.0692758 0.519657)
(-0.850654 -0.0796511 0.519657)
(-0.8239 -0.226154 0.519657)
(-0.772111 -0.365787 0.519657)
(-0.696862 -0.494306 0.519658)
(-0.60044 -0.607807 0.519657)
(-0.485775 -0.702837 0.519656)
(-0.356349 -0.776513 0.519657)
(-0.216095 -0.826595 0.519658)
(-0.0692758 -0.851562 0.519657)
(0.0796511 -0.850654 0.519657)
(-0.221886 -0.738971 -0.636151)
(-0.0901932 -0.766274 -0.636151)
(0.0442412 -0.770296 -0.63615)
(0.177328 -0.75091 -0.636151)
(0.305027 -0.70871 -0.636151)
(0.423458 -0.644976 -0.636151)
(0.529027 -0.561644 -0.63615)
(0.618517 -0.461246 -0.636151)
(0.689215 -0.346836 -0.636151)
(0.738971 -0.221886 -0.636151)
(0.766274 -0.0901932 -0.636151)
(0.770296 0.0442412 -0.63615)
(0.75091 0.177328 -0.636151)
(0.70871 0.305027 -0.636151)
(0.644976 0.423458 -0.636151)
(0.561644 0.529027 -0.63615)
(0.461246 0.618517 -0.636151)
(0.346836 0.689215 -0.636151)
(0.221886 0.738971 -0.636151)
(0.0901932 0.766274 -0.636151)
(-0.0442412 0.770296 -0.63615)
(-0.177328 0.75091 -0.636151)
(-0.305027 0.70871 -0.636151)
(-0.423458 0.644976 -0.636151)
(-0.529027 0.561644 -0.63615)
(-0.618517 0.461246 -0.636151)
(-0.689215 0.346836 -0.636151)
(-0.738971 0.221886 -0.636151)
(-0.766274 0.0901932 -0.636151)
(-0.770296 -0.0442412 -0.63615)
(-0.75091 -0.177328 -0.636151)
(-0.70871 -0.305027 -0.636151)
(-0.644976 -0.423458 -0.636151)
(-0.561644 -0.529027 -0.63615)
(-0.461246 -0.618517 -0.636151)
(-0.346836 -0.689215 -0.636151)
(0.00502313 -0.983703 -0.179731)
(0.175766 -0.967886 -0.17973)
(0.341169 -0.92266 -0.179729)
(0.496203 -0.8494 -0.17973)
(0.63616 -0.750331 -0.179731)
(0.75679 -0.628464 -0.17973)
(0.854424 -0.487501 -0.179729)
(0.926097 -0.331725 -0.17973)
(0.969631 -0.165871 -0.179731)
(0.983703 0.00502313 -0.179731)
(0.967886 0.175766 -0.17973)
(0.92266 0.341169 -0.179729)
(0.8494 0.496203 -0.17973)
(0.750331 0.63616 -0.179731)
(0.628464 0.75679 -0.17973)
(0.487501 0.854424 -0.179729)
(0.331725 0.926097 -0.17973)
(0.165871 0.969631 -0.179731)
(-0.00502313 0.983703 -0.179731)
(-0.175766 0.967886 -0.17973)
(-0.341169 0.92266 -0.179729)
(-0.496203 0.8494 -0.17973)
(-0.63616 0.750331 -0.179731)
(-0.75679 0.628464 -0.17973)
(-0.854424 0.487501 -0.179729)
(-0.926097 0.331725 -0.17973)
(-0.969631 0.165871 -0.179731)
(-0.983703 -0.00502313 -0.179731)
(-0.967886 -0.175766 -0.17973)
(-0.92266 -0.341169 -0.179729)
(-0.8494 -0.496203 -0.17973)
(-0.750331 -0.63616 -0.179731)
(-0.628464 -0.75679 -0.17973)
(-0.487501 -0.854424 -0.179729)
(-0.331725 -0.926097 -0.17973)
(-0.165871 -0.969631 -0.179731)
(0.258088 -0.828027 0.497756)
(0.397953 -0.770631 0.497756)
(0.525727 -0.689818 0.497758)
(0.637525 -0.588048 0.497756)
(0.729953 -0.46841 0.497756)
(0.800201 -0.334539 0.497756)
(0.846136 -0.190503 0.497758)
(0.866363 -0.0406779 0.497756)
(0.860264 0.110384 0.497756)
(0.828027 0.258088 0.497756)
(0.770631 0.397953 0.497756)
(0.689818 0.525727 0.497758)
(0.588048 0.637525 0.497756)
(0.46841 0.729953 0.497756)
(0.334539 0.800201 0.497756)
(0.190503 0.846136 0.497758)
(0.0406779 0.866363 0.497756)
(-0.110384 0.860264 0.497756)
(-0.258088 0.828027 0.497756)
(-0.397953 0.770631 0.497756)
(-0.525727 0.689818 0.497758)
(-0.637525 0.588048 0.497756)
(-0.729953 0.46841 0.497756)
(-0.800201 0.334539 0.497756)
(-0.846136 0.190503 0.497758)
(-0.866363 0.0406779 0.497756)
(-0.860264 -0.110384 0.497756)
(-0.828027 -0.258088 0.497756)
(-0.770631 -0.397953 0.497756)
(-0.689818 -0.525727 0.497758)
(-0.588048 -0.637525 0.497756)
(-0.46841 -0.729953 0.497756)
(-0.334539 -0.800201 0.497756)
(-0.190503 -0.846136 0.497758)
(-0.0406779 -0.866363 0.497756)
(0.110384 -0.860264 0.497756)
(-0.297093 -0.735424 -0.609006)
(-0.16487 -0.775842 -0.609005)
(-0.027638 -0.792686 -0.609003)
(0.110426 -0.785442 -0.609005)
(0.24514 -0.754334 -0.609005)
(0.372402 -0.700307 -0.609005)
(0.488353 -0.625001 -0.609003)
(0.589468 -0.530699 -0.609005)
(0.672664 -0.42028 -0.609006)
(0.735424 -0.297093 -0.609006)
(0.775842 -0.16487 -0.609005)
(0.792686 -0.027638 -0.609003)
(0.785442 0.110426 -0.609005)
(0.754334 0.24514 -0.609005)
(0.700307 0.372402 -0.609005)
(0.625001 0.488353 -0.609003)
(0.530699 0.589468 -0.609005)
(0.42028 0.672664 -0.609006)
(0.297093 0.735424 -0.609006)
(0.16487 0.775842 -0.609005)
(0.027638 0.792686 -0.609003)
(-0.110426 0.785442 -0.609005)
(-0.24514 0.754334 -0.609005)
(-0.372402 0.700307 -0.609005)
(-0.488353 0.625001 -0.609003)
(-0.589468 0.530699 -0.609005)
(-0.672664 0.42028 -0.609006)
(-0.735424 0.297093 -0.609006)
(-0.775842 0.16487 -0.609005)
(-0.792686 0.027638 -0.609003)
(-0.785442 -0.110426 -0.609005)
(-0.754334 -0.24514 -0.609005)
(-0.700307 -0.372402 -0.609005)
(-0.625001 -0.488353 -0.609003)
(-0.530699 -0.589468 -0.609005)
(-0.42028 -0.672664 -0.609006)
(-0.0283208 -0.979992 -0.197012)
(0.142283 -0.970022 -0.197011)
(0.308566 -0.930577 -0.19701)
(0.465471 -0.862858 -0.19701)
(0.608233 -0.768921 -0.19701)
(0.732515 -0.65162 -0.19701)
(0.834539 -0.514521 -0.19701)
(0.911206 -0.361787 -0.197011)
(0.960186 -0.198064 -0.197012)
(0.979992 -0.0283208 -0.197012)
(0.970022 0.142283 -0.197011)
(0.930577 0.308566 -0.19701)
(0.862858 0.465471 -0.19701)
(0.768921 0.608233 -0.19701)
(0.65162 0.732515 -0.19701)
(0.514521 0.834539 -0.19701)
(0.361787 0.911206 -0.197011)
(0.198064 0.960186 -0.197012)
(0.0283208 0.979992 -0.197012)
(-0.142283 0.970022 -0.197011)
(-0.308566 0.930577 -0.19701)
(-0.465471 0.862858 -0.19701)
(-0.608233 0.768921 -0.19701)
(-0.732515 0.65162 -0.19701)
(-0.834539 0.514521 -0.19701)
(-0.911206 0.361787 -0.197011)
(-0.960186 0.198064 -0.197012)
(-0.979992 0.0283208 -0.197012)
(-0.970022 -0.142283 -0.197011)
(-0.930577 -0.308566 -0.19701)
(-0.862858 -0.465471 -0.19701)
(-0.768921 -0.608233 -0.19701)
(-0.65162 -0.732515 -0.19701)
(-0.514521 -0.834539 -0.19701)
(-0.361787 -0.911206 -0.197011)
(-0.198064 -0.960186 -0.197012)
(0.295323 -0.832728 0.468346)
(0.435438 -0.768795 0.468346)
(0.562323 -0.681501 0.468347)
(0.672122 -0.573502 0.468347)
(0.761498 -0.448076 0.468346)
(0.827737 -0.309036 0.468347)
(0.868825 -0.160606 0.468347)
(0.883515 -0.00729621 0.468346)
(0.871359 0.146236 0.468346)
(0.832728 0.295323 0.468346)
(0.768795 0.435438 0.468346)
(0.681501 0.562323 0.468347)
(0.573502 0.672122 0.468347)
(0.448076 0.761498 0.468346)
(0.309036 0.827737 0.468347)
(0.160606 0.868825 0.468347)
(0.00729621 0.883515 0.468346)
(-0.146236 0.871359 0.468346)
(-0.295323 0.832728 0.468346)
(-0.435438 0.768795 0.468346)
(-0.562323 0.681501 0.468347)
(-0.672122 0.573502 0.468347)
(-0.761498 0.448076 0.468346)
(-0.827737 0.309036 0.468347)
(-0.868825 0.160606 0.468347)
(-0.883515 0.00729621 0.468346)
(-0.871359 -0.146236 0.468346)
(-0.832728 -0.295323 0.468346)
(-0.768795 -0.435438 0.468346)
(-0.681501 -0.562323 0.468347)
(-0.573502 -0.672122 0.468347)
(-0.448076 -0.761498 0.468346)
(-0.309036 -0.827737 0.468347)
(-0.160606 -0.868825 0.468347)
(-0.0072962 -0.883515 0.468346)
(0.146236 -0.871359 0.468346)
(-0.404587 -0.724631 -0.557871)
(-0.272604 -0.78388 -0.557869)
(-0.132346 -0.819309 -0.557869)
(0.0119358 -0.829843 -0.55787)
(0.155856 -0.815163 -0.557869)
(0.295041 -0.775714 -0.55787)
(0.425255 -0.7127 -0.557869)
(0.542558 -0.628023 -0.557869)
(0.64337 -0.524266 -0.557871)
(0.724631 -0.404587 -0.557871)
(0.78388 -0.272604 -0.557869)
(0.819309 -0.132346 -0.557869)
(0.829843 0.0119358 -0.55787)
(0.815163 0.155856 -0.557869)
(0.775714 0.295041 -0.55787)
(0.7127 0.425255 -0.557869)
(0.628023 0.542558 -0.557869)
(0.524266 0.64337 -0.557871)
(0.404587 0.724631 -0.557871)
(0.272604 0.78388 -0.557869)
(0.132346 0.819309 -0.557869)
(-0.0119358 0.829843 -0.55787)
(-0.155856 0.815163 -0.557869)
(-0.295041 0.775714 -0.55787)
(-0.425255 0.7127 -0.557869)
(-0.542558 0.628023 -0.557869)
(-0.64337 0.524266 -0.557871)
(-0.724631 0.404587 -0.557871)
(-0.78388 0.272604 -0.557869)
(-0.819309 0.132346 -0.557869)
(-0.829843 -0.0119358 -0.55787)
(-0.815163 -0.155856 -0.557869)
(-0.775714 -0.295041 -0.55787)
(-0.7127 -0.425255 -0.557869)
(-0.628023 -0.542558 -0.557869)
(-0.524266 -0.64337 -0.557871)
(-0.0734364 -0.975308 -0.208281)
(0.09704 -0.973243 -0.208281)
(0.264568 -0.941606 -0.208281)
(0.424059 -0.881359 -0.20828)
(0.570662 -0.794333 -0.20828)
(0.699927 -0.683171 -0.20828)
(0.807924 -0.551251 -0.208281)
(0.891374 -0.402581 -0.208281)
(0.947739 -0.24168 -0.208281)
(0.975308 -0.0734364 -0.208281)
(0.973243 0.09704 -0.208281)
(0.941606 0.264568 -0.208281)
(0.881359 0.424059 -0.20828)
(0.794333 0.570662 -0.20828)
(0.683171 0.699927 -0.20828)
(0.551251 0.807924 -0.208281)
(0.402581 0.891374 -0.208281)
(0.24168 0.947739 -0.208281)
(0.0734364 0.975308 -0.208281)
(-0.09704 0.973243 -0.208281)
(-0.264568 0.941606 -0.208281)
(-0.424059 0.881359 -0.20828)
(-0.570662 0.794333 -0.20828)
(-0.699927 0.683171 -0.20828)
(-0.807924 0.551251 -0.208281)
(-0.891374 0.402581 -0.208281)
(-0.947739 0.24168 -0.208281)
(-0.975308 0.0734364 -0.208281)
(-0.973243 -0.09704 -0.208281)
(-0.941606 -0.264568 -0.208281)
(-0.881359 -0.424059 -0.20828)
(-0.794333 -0.570662 -0.20828)
(-0.683171 -0.699927 -0.20828)
(-0.551251 -0.807924 -0.208281)
(-0.402581 -0.891374 -0.208281)
(-0.24168 -0.947739 -0.208281)
(0.340871 -0.837171 0.427729)
(0.481064 -0.765262 0.427728)
(0.606644 -0.670098 0.427729)
(0.713789 -0.554575 0.427729)
(0.799245 -0.422202 0.427729)
(0.860417 -0.277002 0.427729)
(0.895447 -0.123383 0.427729)
(0.903268 0.0339852 0.427728)
(0.883644 0.190319 0.427729)
(0.837171 0.340871 0.427729)
(0.765262 0.481064 0.427728)
(0.670098 0.606644 0.427729)
(0.554575 0.713789 0.427729)
(0.422202 0.799245 0.427729)
(0.277002 0.860417 0.427729)
(0.123383 0.895447 0.427729)
(-0.0339852 0.903268 0.427728)
(-0.190319 0.883644 0.427729)
(-0.340871 0.837171 0.427729)
(-0.481064 0.765262 0.427728)
(-0.606644 0.670098 0.427729)
(-0.713789 0.554575 0.427729)
(-0.799245 0.422202 0.427729)
(-0.860417 0.277002 0.427729)
(-0.895447 0.123383 0.427729)
(-0.903268 -0.0339852 0.427728)
(-0.883644 -0.190319 0.427729)
(-0.837171 -0.340871 0.427729)
(-0.765262 -0.481064 0.427728)
(-0.670098 -0.606644 0.427729)
(-0.554575 -0.713789 0.427729)
(-0.422202 -0.799245 0.427729)
(-0.277002 -0.860417 0.427729)
(-0.123383 -0.895447 0.427729)
(0.0339852 -0.903268 0.427728)
(0.190319 -0.883644 0.427729)
(-0.556092 -0.701086 -0.446362)
(-0.425895 -0.787005 -0.44636)
(-0.282773 -0.849001 -0.44636)
(-0.131054 -0.885205 -0.44636)
(0.0246563 -0.894514 -0.44636)
(0.179618 -0.876642 -0.44636)
(0.329107 -0.832136 -0.44636)
(0.468603 -0.762348 -0.44636)
(0.593872 -0.669385 -0.446362)
(0.701086 -0.556092 -0.446362)
(0.787005 -0.425895 -0.44636)
(0.849001 -0.282773 -0.44636)
(0.885205 -0.131054 -0.44636)
(0.894514 0.0246563 -0.44636)
(0.876642 0.179618 -0.44636)
(0.832136 0.329107 -0.44636)
(0.762348 0.468603 -0.44636)
(0.669385 0.593872 -0.446362)
(0.556092 0.701086 -0.446362)
(0.425895 0.787005 -0.44636)
(0.282773 0.849001 -0.44636)
(0.131054 0.885205 -0.44636)
(-0.0246563 0.894514 -0.44636)
(-0.179618 0.876642 -0.44636)
(-0.329107 0.832136 -0.44636)
(-0.468603 0.762348 -0.44636)
(-0.593872 0.669385 -0.446362)
(-0.701086 0.556092 -0.446362)
(-0.787005 0.425895 -0.44636)
(-0.849001 0.282773 -0.44636)
(-0.885205 0.131054 -0.44636)
(-0.894514 -0.0246563 -0.44636)
(-0.876642 -0.179618 -0.44636)
(-0.832136 -0.329107 -0.44636)
(-0.762348 -0.468603 -0.44636)
(-0.669385 -0.593872 -0.446362)
(-0.13127 -0.970455 -0.20245)
(0.0392408 -0.978506 -0.20245)
(0.208561 -0.956826 -0.202451)
(0.371548 -0.906072 -0.202449)
(0.523238 -0.82779 -0.20245)
(0.659034 -0.724354 -0.202449)
(0.774804 -0.598909 -0.202451)
(0.867033 -0.455266 -0.20245)
(0.932917 -0.297792 -0.20245)
(0.970455 -0.13127 -0.20245)
(0.978506 0.0392408 -0.20245)
(0.956826 0.208561 -0.202451)
(0.906072 0.371548 -0.202449)
(0.82779 0.523238 -0.20245)
(0.724354 0.659034 -0.202449)
(0.598909 0.774804 -0.202451)
(0.455266 0.867033 -0.20245)
(0.297792 0.932917 -0.20245)
(0.13127 0.970455 -0.20245)
(-0.0392408 0.978506 -0.20245)
(-0.208561 0.956826 -0.202451)
(-0.371548 0.906072 -0.202449)
(-0.523238 0.82779 -0.20245)
(-0.659034 0.724354 -0.202449)
(-0.774804 0.598909 -0.202451)
(-0.867033 0.455266 -0.20245)
(-0.932917 0.297792 -0.20245)
(-0.970455 0.13127 -0.20245)
(-0.978506 -0.0392408 -0.20245)
(-0.956826 -0.208561 -0.202451)
(-0.906072 -0.371548 -0.202449)
(-0.82779 -0.523238 -0.20245)
(-0.724354 -0.659034 -0.202449)
(-0.598909 -0.774804 -0.202451)
(-0.455266 -0.867033 -0.20245)
(-0.297792 -0.932917 -0.20245)
(0.398106 -0.840396 0.367759)
(0.53799 -0.758499 0.367758)
(0.661531 -0.653552 0.367758)
(0.764969 -0.52875 0.367759)
(0.845163 -0.387881 0.36776)
(0.899678 -0.235231 0.367759)
(0.926857 -0.0754263 0.367758)
(0.925874 0.0866678 0.367758)
(0.896758 0.246127 0.367759)
(0.840396 0.398106 0.367759)
(0.758499 0.53799 0.367758)
(0.653552 0.661531 0.367758)
(0.52875 0.764969 0.367759)
(0.387881 0.845163 0.36776)
(0.235231 0.899678 0.367759)
(0.0754263 0.926857 0.367758)
(-0.0866678 0.925874 0.367758)
(-0.246127 0.896758 0.367759)
(-0.398106 0.840396 0.367759)
(-0.53799 0.758499 0.367758)
(-0.661531 0.653552 0.367758)
(-0.764969 0.52875 0.367759)
(-0.845163 0.387881 0.36776)
(-0.899678 0.235231 0.367759)
(-0.926857 0.0754263 0.367758)
(-0.925874 -0.0866678 0.367758)
(-0.896758 -0.246127 0.367759)
(-0.840396 -0.398106 0.367759)
(-0.758499 -0.53799 0.367758)
(-0.653552 -0.661531 0.367758)
(-0.52875 -0.764969 0.367759)
(-0.387881 -0.845163 0.36776)
(-0.235231 -0.899678 0.367759)
(-0.0754263 -0.926857 0.367758)
(0.0866678 -0.925874 0.367758)
(0.246127 -0.896758 0.367759)
(-0.720684 -0.659855 -0.212617)
(-0.59517 -0.774962 -0.212619)
(-0.451558 -0.866538 -0.212618)
(-0.294207 -0.931792 -0.212619)
(-0.127958 -0.968721 -0.212618)
(0.042178 -0.976225 -0.212619)
(0.21108 -0.954064 -0.212618)
(0.373541 -0.902918 -0.212619)
(0.52464 -0.824346 -0.212617)
(0.659855 -0.720684 -0.212617)
(0.774962 -0.59517 -0.212619)
(0.866538 -0.451558 -0.212618)
(0.931791 -0.294207 -0.212619)
(0.968721 -0.127958 -0.212618)
(0.976225 0.0421779 -0.212619)
(0.954064 0.21108 -0.212618)
(0.902918 0.37354 -0.212619)
(0.824346 0.52464 -0.212617)
(0.720684 0.659855 -0.212617)
(0.59517 0.774962 -0.212619)
(0.451558 0.866538 -0.212618)
(0.294207 0.931791 -0.212619)
(0.127958 0.968721 -0.212618)
(-0.0421779 0.976225 -0.212619)
(-0.21108 0.954064 -0.212618)
(-0.37354 0.902918 -0.212619)
(-0.52464 0.824346 -0.212617)
(-0.659855 0.720684 -0.212617)
(-0.774962 0.59517 -0.212619)
(-0.866538 0.451558 -0.212618)
(-0.931791 0.294207 -0.212619)
(-0.968721 0.127958 -0.212618)
(-0.976225 -0.0421779 -0.212619)
(-0.954064 -0.21108 -0.212618)
(-0.902918 -0.37354 -0.212619)
(-0.824346 -0.52464 -0.212617)
(-0.198013 -0.966217 -0.16497)
(-0.0272256 -0.985923 -0.16497)
(0.144394 -0.975672 -0.164969)
(0.311625 -0.935775 -0.164969)
(0.469386 -0.867446 -0.16497)
(0.612886 -0.772759 -0.164969)
(0.737762 -0.654593 -0.164969)
(0.840224 -0.516535 -0.16497)
(0.917154 -0.362786 -0.16497)
(0.966217 -0.198013 -0.16497)
(0.985923 -0.0272257 -0.16497)
(0.975672 0.144394 -0.164969)
(0.935775 0.311625 -0.164969)
(0.867446 0.469386 -0.16497)
(0.772759 0.612886 -0.164969)
(0.654593 0.737762 -0.164969)
(0.516535 0.840224 -0.16497)
(0.362786 0.917154 -0.16497)
(0.198014 0.966217 -0.16497)
(0.0272257 0.985923 -0.16497)
(-0.144394 0.975672 -0.164969)
(-0.311625 0.935775 -0.164969)
(-0.469386 0.867446 -0.16497)
(-0.612886 0.772759 -0.164969)
(-0.737762 0.654593 -0.164969)
(-0.840224 0.516535 -0.16497)
(-0.917154 0.362786 -0.16497)
(-0.966217 0.198014 -0.16497)
(-0.985923 0.0272257 -0.16497)
(-0.975672 -0.144394 -0.164969)
(-0.935775 -0.311625 -0.164969)
(-0.867446 -0.469386 -0.16497)
(-0.772759 -0.612886 -0.164969)
(-0.654593 -0.737762 -0.164969)
(-0.516535 -0.840224 -0.16497)
(-0.362786 -0.917154 -0.16497)
(0.463444 -0.84259 0.274338)
(0.602718 -0.749313 0.274338)
(0.723678 -0.633269 0.274338)
(0.822651 -0.497979 0.274338)
(0.896626 -0.347564 0.274339)
(0.943357 -0.186589 0.274338)
(0.961427 -0.0199369 0.274338)
(0.950283 0.147315 0.274338)
(0.910264 0.310092 0.274338)
(0.84259 0.463444 0.274338)
(0.749313 0.602718 0.274338)
(0.633269 0.723678 0.274338)
(0.497979 0.822651 0.274338)
(0.347564 0.896626 0.274339)
(0.186589 0.943357 0.274338)
(0.0199369 0.961427 0.274338)
(-0.147315 0.950283 0.274338)
(-0.310092 0.910264 0.274338)
(-0.463444 0.84259 0.274338)
(-0.602718 0.749313 0.274338)
(-0.723678 0.633269 0.274338)
(-0.822651 0.497979 0.274338)
(-0.896626 0.347564 0.274339)
(-0.943357 0.186589 0.274338)
(-0.961427 0.0199369 0.274338)
(-0.950283 -0.147315 0.274338)
(-0.910264 -0.310092 0.274338)
(-0.84259 -0.463444 0.274338)
(-0.749313 -0.602718 0.274338)
(-0.633269 -0.723678 0.274338)
(-0.497979 -0.822651 0.274338)
(-0.347564 -0.896626 0.274339)
(-0.186589 -0.943357 0.274338)
(-0.0199369 -0.961427 0.274338)
(0.147315 -0.950283 0.274338)
(0.310092 -0.910264 0.274338)
(0.814355 0.57655 -0.0664497)
(0.701557 0.709513 -0.0664001)
(0.567845 0.820446 -0.0664854)
(0.417343 0.906318 -0.0664316)
(0.253186 0.965136 -0.0664052)
(0.0812918 0.994474 -0.0664317)
(-0.0919884 0.993538 -0.0664855)
(-0.262927 0.962528 -0.0664)
(-0.426475 0.902055 -0.06645)
(-0.576549 0.814356 -0.06645)
(-0.709514 0.701556 -0.0664001)
(-0.820448 0.567842 -0.0664856)
(-0.906319 0.417341 -0.0664318)
(-0.965136 0.253185 -0.0664054)
(-0.994474 0.0812906 -0.0664318)
(-0.993538 -0.0919896 -0.0664856)
(-0.962528 -0.262928 -0.0664001)
(-0.902054 -0.426477 -0.0664501)
(-0.814355 -0.57655 -0.0664501)
(-0.701555 -0.709515 -0.0664001)
(-0.56784 -0.820449 -0.0664856)
(-0.41734 -0.906319 -0.0664318)
(-0.253184 -0.965136 -0.0664054)
(-0.0812894 -0.994474 -0.0664318)
(0.0919905 -0.993538 -0.0664856)
(0.262929 -0.962528 -0.0664)
(0.426477 -0.902054 -0.06645)
(0.57655 -0.814355 -0.06645)
(0.709515 -0.701555 -0.0664)
(0.820449 -0.56784 -0.0664855)
(0.906319 -0.417339 -0.0664317)
(0.965137 -0.253183 -0.0664052)
(0.994474 -0.0812883 -0.0664316)
(0.993538 0.0919923 -0.0664854)
(0.962527 0.262931 -0.0663998)
(0.902054 0.426478 -0.0664499)
(-0.256426 -0.958531 -0.124351)
(-0.0860928 -0.988496 -0.124352)
(0.0868801 -0.988428 -0.124348)
(0.25719 -0.958326 -0.124357)
(0.419695 -0.899108 -0.124344)
(0.569454 -0.812563 -0.124357)
(0.701892 -0.701345 -0.124348)
(0.813026 -0.568792 -0.124352)
(0.89944 -0.41898 -0.124351)
(0.958531 -0.256426 -0.124351)
(0.988496 -0.0860927 -0.124352)
(0.988428 0.0868803 -0.124348)
(0.958326 0.25719 -0.124357)
(0.899108 0.419695 -0.124344)
(0.812563 0.569454 -0.124357)
(0.701345 0.701892 -0.124348)
(0.568793 0.813026 -0.124352)
(0.41898 0.89944 -0.124351)
(0.256426 0.958531 -0.124351)
(0.0860928 0.988496 -0.124352)
(-0.0868803 0.988428 -0.124348)
(-0.25719 0.958326 -0.124357)
(-0.419695 0.899108 -0.124344)
(-0.569454 0.812563 -0.124357)
(-0.701892 0.701345 -0.124348)
(-0.813026 0.568792 -0.124352)
(-0.89944 0.41898 -0.124351)
(-0.958531 0.256426 -0.124351)
(-0.988496 0.0860927 -0.124352)
(-0.988428 -0.0868803 -0.124348)
(-0.958326 -0.257191 -0.124357)
(-0.899108 -0.419695 -0.124344)
(-0.812563 -0.569454 -0.124357)
(-0.701345 -0.701892 -0.124348)
(-0.568792 -0.813026 -0.124352)
(-0.41898 -0.89944 -0.124351)
(0.499145 -0.847129 0.182282)
(0.638665 -0.747582 0.182284)
(0.758769 -0.625334 0.182285)
(0.855847 -0.484048 0.182274)
(0.926887 -0.328099 0.182295)
(0.969782 -0.162171 0.182274)
(0.983207 0.00871668 0.182285)
(0.966759 0.179302 0.182284)
(0.920936 0.344456 0.182282)
(0.847129 0.499145 0.182282)
(0.747582 0.638665 0.182284)
(0.625334 0.758768 0.182285)
(0.484048 0.855847 0.182274)
(0.328099 0.926887 0.182295)
(0.162171 0.969782 0.182274)
(-0.0087166 0.983207 0.182285)
(-0.179302 0.966759 0.182284)
(-0.344456 0.920936 0.182282)
(-0.499145 0.847129 0.182282)
(-0.638665 0.747582 0.182284)
(-0.758768 0.625334 0.182285)
(-0.855847 0.484048 0.182274)
(-0.926887 0.328099 0.182295)
(-0.969782 0.162171 0.182274)
(-0.983207 -0.0087166 0.182285)
(-0.966759 -0.179302 0.182284)
(-0.920936 -0.344456 0.182282)
(-0.847129 -0.499145 0.182282)
(-0.747582 -0.638665 0.182284)
(-0.625334 -0.758768 0.182285)
(-0.484048 -0.855847 0.182274)
(-0.328099 -0.926887 0.182295)
(-0.162171 -0.969782 0.182274)
(0.00871661 -0.983207 0.182285)
(0.179302 -0.966759 0.182284)
(0.344456 -0.920936 0.182282)
)
;

boundaryField
{
    fixed
    {
        type            calculated;
        value           nonuniform List<vector> 
108
(
(0.0652679 -0.746009 -0.66273)
(0.193819 -0.723342 -0.66273)
(0.316482 -0.678697 -0.662729)
(0.429528 -0.613427 -0.662731)
(0.529522 -0.529522 -0.662732)
(0.613427 -0.429528 -0.662731)
(0.678697 -0.316482 -0.662729)
(0.723342 -0.193819 -0.66273)
(0.746009 -0.0652679 -0.66273)
(0.746009 0.0652679 -0.66273)
(0.723342 0.193819 -0.66273)
(0.678697 0.316482 -0.662729)
(0.613427 0.429528 -0.662731)
(0.529522 0.529522 -0.662732)
(0.429528 0.613427 -0.662731)
(0.316482 0.678697 -0.662729)
(0.193819 0.723342 -0.66273)
(0.0652679 0.746009 -0.66273)
(-0.0652679 0.746009 -0.66273)
(-0.193819 0.723342 -0.66273)
(-0.316482 0.678697 -0.662729)
(-0.429528 0.613427 -0.662731)
(-0.529522 0.529522 -0.662732)
(-0.613427 0.429528 -0.662731)
(-0.678697 0.316482 -0.662729)
(-0.723342 0.193819 -0.66273)
(-0.746009 0.0652679 -0.66273)
(-0.746009 -0.0652679 -0.66273)
(-0.723342 -0.193819 -0.66273)
(-0.678697 -0.316482 -0.662729)
(-0.613427 -0.429528 -0.662731)
(-0.529522 -0.529522 -0.662732)
(-0.429528 -0.613427 -0.662731)
(-0.316482 -0.678697 -0.662729)
(-0.193819 -0.723342 -0.66273)
(-0.0652679 -0.746009 -0.66273)
(0.0867802 -0.991903 -0.0927226)
(0.257704 -0.961765 -0.0927226)
(0.420798 -0.902403 -0.0927221)
(0.571106 -0.815622 -0.0927248)
(0.70406 -0.70406 -0.092727)
(0.815622 -0.571106 -0.0927248)
(0.902403 -0.420798 -0.0927221)
(0.961765 -0.257704 -0.0927226)
(0.991903 -0.0867802 -0.0927226)
(0.991903 0.0867802 -0.0927226)
(0.961765 0.257704 -0.0927226)
(0.902403 0.420798 -0.0927221)
(0.815622 0.571106 -0.0927248)
(0.70406 0.70406 -0.092727)
(0.571106 0.815622 -0.0927248)
(0.420798 0.902403 -0.0927221)
(0.257704 0.961765 -0.0927226)
(0.0867802 0.991903 -0.0927226)
(-0.0867802 0.991903 -0.0927226)
(-0.257704 0.961765 -0.0927226)
(-0.420798 0.902403 -0.0927221)
(-0.571106 0.815622 -0.0927248)
(-0.70406 0.70406 -0.092727)
(-0.815622 0.571106 -0.0927248)
(-0.902403 0.420798 -0.0927221)
(-0.961765 0.257704 -0.0927226)
(-0.991903 0.0867802 -0.0927226)
(-0.991903 -0.0867802 -0.0927226)
(-0.961765 -0.257704 -0.0927226)
(-0.902403 -0.420798 -0.0927221)
(-0.815622 -0.571106 -0.0927248)
(-0.70406 -0.70406 -0.092727)
(-0.571106 -0.815622 -0.0927248)
(-0.420798 -0.902403 -0.0927221)
(-0.257704 -0.961765 -0.0927226)
(-0.0867802 -0.991903 -0.0927226)
(0.0707034 -0.808148 0.584721)
(0.209962 -0.783593 0.584721)
(0.342843 -0.735228 0.584721)
(0.465306 -0.664524 0.584721)
(0.57363 -0.57363 0.584719)
(0.664524 -0.465306 0.584721)
(0.735228 -0.342843 0.584721)
(0.783593 -0.209962 0.584721)
(0.808148 -0.0707034 0.584721)
(0.808148 0.0707034 0.584721)
(0.783593 0.209962 0.584721)
(0.735228 0.342843 0.584721)
(0.664524 0.465306 0.584721)
(0.57363 0.57363 0.584719)
(0.465306 0.664524 0.584721)
(0.342843 0.735228 0.584721)
(0.209962 0.783593 0.584721)
(0.0707034 0.808148 0.584721)
(-0.0707034 0.808148 0.584721)
(-0.209962 0.783593 0.584721)
(-0.342843 0.735228 0.584721)
(-0.465306 0.664524 0.584721)
(-0.57363 0.57363 0.584719)
(-0.664524 0.465306 0.584721)
(-0.735228 0.342843 0.584721)
(-0.783593 0.209962 0.584721)
(-0.808148 0.0707034 0.584721)
(-0.808148 -0.0707034 0.584721)
(-0.783593 -0.209962 0.584721)
(-0.735228 -0.342843 0.584721)
(-0.664524 -0.465306 0.584721)
(-0.57363 -0.57363 0.584719)
(-0.465306 -0.664524 0.584721)
(-0.342843 -0.735228 0.584721)
(-0.209962 -0.783593 0.584721)
(-0.0707034 -0.808148 0.584721)
)
;
    }
    inside
    {
        type            calculated;
        value           nonuniform List<vector> 
540
(
(0.0143279 -0.500656 0.865528)
(0.101048 -0.490562 0.865528)
(0.184699 -0.465562 0.865528)
(0.262737 -0.426417 0.865528)
(0.332792 -0.374315 0.865528)
(0.392735 -0.31084 0.865528)
(0.440745 -0.23792 0.865528)
(0.475364 -0.157769 0.865528)
(0.495538 -0.0728275 0.865528)
(0.500656 0.0143279 0.865528)
(0.490562 0.101048 0.865528)
(0.465562 0.184699 0.865528)
(0.426417 0.262737 0.865528)
(0.374315 0.332792 0.865528)
(0.31084 0.392735 0.865528)
(0.23792 0.440745 0.865528)
(0.157769 0.475364 0.865528)
(0.0728275 0.495538 0.865528)
(-0.0143279 0.500656 0.865528)
(-0.101048 0.490562 0.865528)
(-0.184699 0.465562 0.865528)
(-0.262737 0.426417 0.865528)
(-0.332792 0.374315 0.865528)
(-0.392735 0.31084 0.865528)
(-0.440745 0.23792 0.865528)
(-0.475364 0.157769 0.865528)
(-0.495538 0.0728275 0.865528)
(-0.500656 -0.0143279 0.865528)
(-0.490562 -0.101048 0.865528)
(-0.465562 -0.184699 0.865528)
(-0.426417 -0.262737 0.865528)
(-0.374315 -0.332792 0.865528)
(-0.31084 -0.392735 0.865528)
(-0.23792 -0.440745 0.865528)
(-0.157769 -0.475364 0.865528)
(-0.0728275 -0.495538 0.865528)
(-0.00131719 -0.502025 0.864852)
(0.0858783 -0.494627 0.864852)
(0.170464 -0.4722 0.864852)
(0.249871 -0.435426 0.864852)
(0.321685 -0.385421 0.864852)
(0.383726 -0.323706 0.864852)
(0.434108 -0.252153 0.864852)
(0.471299 -0.17294 0.864852)
(0.494169 -0.0884742 0.864852)
(0.502025 -0.00131719 0.864852)
(0.494627 0.0858783 0.864852)
(0.4722 0.170464 0.864852)
(0.435426 0.249871 0.864852)
(0.385421 0.321685 0.864852)
(0.323706 0.383726 0.864852)
(0.252153 0.434108 0.864852)
(0.17294 0.471299 0.864852)
(0.0884742 0.494169 0.864852)
(0.00131719 0.502025 0.864852)
(-0.0858783 0.494627 0.864852)
(-0.170464 0.4722 0.864852)
(-0.249871 0.435426 0.864852)
(-0.321685 0.385421 0.864852)
(-0.383726 0.323706 0.864852)
(-0.434108 0.252153 0.864852)
(-0.471299 0.17294 0.864852)
(-0.494169 0.0884742 0.864852)
(-0.502025 0.00131719 0.864852)
(-0.494627 -0.0858783 0.864852)
(-0.4722 -0.170464 0.864852)
(-0.435426 -0.249871 0.864852)
(-0.385421 -0.321685 0.864852)
(-0.323706 -0.383726 0.864852)
(-0.252153 -0.434108 0.864852)
(-0.17294 -0.471299 0.864852)
(-0.0884742 -0.494169 0.864852)
(0.0385855 -0.498534 0.866011)
(0.124568 -0.48426 0.866011)
(0.206767 -0.455272 0.866011)
(0.282683 -0.41245 0.866011)
(0.35001 -0.357097 0.866011)
(0.406702 -0.290893 0.866011)
(0.451036 -0.215851 0.866011)
(0.481666 -0.134251 0.866011)
(0.497661 -0.0485708 0.866011)
(0.498534 0.0385855 0.866011)
(0.48426 0.124568 0.866011)
(0.455272 0.206767 0.866011)
(0.41245 0.282683 0.866011)
(0.357097 0.35001 0.866011)
(0.290893 0.406702 0.866011)
(0.215851 0.451036 0.866011)
(0.134251 0.481666 0.866011)
(0.0485708 0.497661 0.866011)
(-0.0385855 0.498534 0.866011)
(-0.124568 0.48426 0.866011)
(-0.206767 0.455272 0.866011)
(-0.282683 0.41245 0.866011)
(-0.35001 0.357097 0.866011)
(-0.406702 0.290893 0.866011)
(-0.451036 0.215851 0.866011)
(-0.481666 0.134251 0.866011)
(-0.497661 0.0485708 0.866011)
(-0.498534 -0.0385855 0.866011)
(-0.48426 -0.124568 0.866011)
(-0.455272 -0.206767 0.866011)
(-0.41245 -0.282683 0.866011)
(-0.357097 -0.35001 0.866011)
(-0.290893 -0.406702 0.866011)
(-0.215851 -0.451036 0.866011)
(-0.134251 -0.481666 0.866011)
(-0.0485708 -0.497661 0.866011)
(0.0781313 -0.495074 0.865331)
(0.162913 -0.473986 0.865331)
(0.242745 -0.438495 0.865331)
(0.315201 -0.389681 0.865331)
(0.37808 -0.329027 0.865331)
(0.429471 -0.258376 0.865331)
(0.467813 -0.179873 0.865331)
(0.49194 -0.0959061 0.865331)
(0.50112 -0.00902385 0.865331)
(0.495074 0.0781313 0.865331)
(0.473986 0.162913 0.865331)
(0.438495 0.242745 0.865331)
(0.389681 0.315201 0.865331)
(0.329027 0.37808 0.865331)
(0.258376 0.429471 0.865331)
(0.179873 0.467813 0.865331)
(0.0959061 0.49194 0.865331)
(0.00902385 0.50112 0.865331)
(-0.0781313 0.495074 0.865331)
(-0.162913 0.473986 0.865331)
(-0.242745 0.438495 0.865331)
(-0.315201 0.389681 0.865331)
(-0.37808 0.329027 0.865331)
(-0.429471 0.258376 0.865331)
(-0.467813 0.179873 0.865331)
(-0.49194 0.0959061 0.865331)
(-0.50112 0.00902385 0.865331)
(-0.495074 -0.0781313 0.865331)
(-0.473986 -0.162913 0.865331)
(-0.438495 -0.242745 0.865331)
(-0.389681 -0.315201 0.865331)
(-0.329027 -0.37808 0.865331)
(-0.258376 -0.429471 0.865331)
(-0.179873 -0.467813 0.865331)
(-0.0959061 -0.49194 0.865331)
(-0.00902385 -0.50112 0.865331)
(0.11712 -0.491663 0.862873)
(0.200718 -0.463856 0.862873)
(0.278217 -0.421954 0.862873)
(0.347262 -0.367232 0.862873)
(0.405755 -0.301352 0.862873)
(0.45192 -0.226315 0.862873)
(0.484353 -0.144402 0.862873)
(0.50207 -0.0581015 0.862873)
(0.504531 0.0299657 0.862873)
(0.491663 0.11712 0.862873)
(0.463856 0.200718 0.862873)
(0.421954 0.278217 0.862873)
(0.367232 0.347262 0.862873)
(0.301352 0.405755 0.862873)
(0.226315 0.45192 0.862873)
(0.144402 0.484353 0.862873)
(0.0581015 0.50207 0.862873)
(-0.0299657 0.504531 0.862873)
(-0.11712 0.491663 0.862873)
(-0.200718 0.463856 0.862873)
(-0.278217 0.421954 0.862873)
(-0.347262 0.367232 0.862873)
(-0.405755 0.301352 0.862873)
(-0.45192 0.226315 0.862873)
(-0.484353 0.144402 0.862873)
(-0.50207 0.0581015 0.862873)
(-0.504531 -0.0299657 0.862873)
(-0.491663 -0.11712 0.862873)
(-0.463856 -0.200718 0.862873)
(-0.421954 -0.278217 0.862873)
(-0.367232 -0.347262 0.862873)
(-0.301352 -0.405755 0.862873)
(-0.226315 -0.45192 0.862873)
(-0.144402 -0.484353 0.862873)
(-0.0581015 -0.50207 0.862873)
(0.0299657 -0.504531 0.862873)
(0.156221 -0.488242 0.858612)
(0.238632 -0.453697 0.858612)
(0.313791 -0.405366 0.858612)
(0.379414 -0.344719 0.858612)
(0.43351 -0.273597 0.858612)
(0.474433 -0.194162 0.858612)
(0.500941 -0.108829 0.858612)
(0.512229 -0.0201879 0.858612)
(0.507952 0.0690663 0.858612)
(0.488242 0.156221 0.858612)
(0.453697 0.238632 0.858612)
(0.405366 0.313791 0.858612)
(0.344719 0.379414 0.858612)
(0.273597 0.43351 0.858612)
(0.194162 0.474433 0.858612)
(0.108829 0.500941 0.858612)
(0.0201879 0.512229 0.858612)
(-0.0690663 0.507952 0.858612)
(-0.156221 0.488242 0.858612)
(-0.238632 0.453697 0.858612)
(-0.313791 0.405366 0.858612)
(-0.379414 0.344719 0.858612)
(-0.43351 0.273597 0.858612)
(-0.474433 0.194162 0.858612)
(-0.500941 0.108829 0.858612)
(-0.512229 0.0201879 0.858612)
(-0.507952 -0.0690663 0.858612)
(-0.488242 -0.156221 0.858612)
(-0.453697 -0.238632 0.858612)
(-0.405366 -0.313791 0.858612)
(-0.344719 -0.379414 0.858612)
(-0.273597 -0.43351 0.858612)
(-0.194162 -0.474433 0.858612)
(-0.108829 -0.500941 0.858612)
(-0.0201879 -0.512229 0.858612)
(0.0690663 -0.507952 0.858612)
(0.19662 -0.484708 0.85229)
(0.277802 -0.443201 0.85229)
(0.350541 -0.388229 0.852291)
(0.412631 -0.32146 0.852291)
(0.462183 -0.244924 0.852291)
(0.497692 -0.160946 0.852291)
(0.518079 -0.0720771 0.852291)
(0.522725 0.0189824 0.85229)
(0.511487 0.109463 0.85229)
(0.484708 0.19662 0.85229)
(0.443201 0.277802 0.85229)
(0.388229 0.350541 0.852291)
(0.32146 0.412631 0.852291)
(0.244924 0.462183 0.852291)
(0.160946 0.497692 0.852291)
(0.0720771 0.518079 0.852291)
(-0.0189824 0.522725 0.85229)
(-0.109463 0.511487 0.85229)
(-0.19662 0.484708 0.85229)
(-0.277802 0.443201 0.85229)
(-0.350541 0.388229 0.852291)
(-0.412631 0.32146 0.852291)
(-0.462183 0.244924 0.852291)
(-0.497692 0.160946 0.852291)
(-0.518079 0.0720771 0.852291)
(-0.522725 -0.0189824 0.85229)
(-0.511487 -0.109463 0.85229)
(-0.484708 -0.19662 0.85229)
(-0.443201 -0.277802 0.85229)
(-0.388229 -0.350541 0.852291)
(-0.32146 -0.412631 0.852291)
(-0.244924 -0.462183 0.852291)
(-0.160946 -0.497692 0.852291)
(-0.0720771 -0.518079 0.852291)
(0.0189824 -0.522725 0.85229)
(0.109463 -0.511487 0.85229)
(0.239901 -0.480921 0.843304)
(0.319768 -0.431956 0.843304)
(0.389918 -0.369868 0.843304)
(0.448222 -0.296539 0.843304)
(0.492906 -0.214201 0.843304)
(0.522613 -0.125355 0.843304)
(0.536441 -0.0326995 0.843304)
(0.533969 0.0609478 0.843304)
(0.515273 0.152745 0.843304)
(0.480921 0.239901 0.843304)
(0.431956 0.319768 0.843304)
(0.369868 0.389918 0.843304)
(0.296539 0.448222 0.843304)
(0.214201 0.492906 0.843304)
(0.125355 0.522613 0.843304)
(0.0326995 0.536441 0.843304)
(-0.0609478 0.533969 0.843304)
(-0.152745 0.515273 0.843304)
(-0.239901 0.480921 0.843304)
(-0.319768 0.431956 0.843304)
(-0.389918 0.369868 0.843304)
(-0.448222 0.296539 0.843304)
(-0.492906 0.214201 0.843304)
(-0.522613 0.125355 0.843304)
(-0.536441 0.0326995 0.843304)
(-0.533969 -0.0609478 0.843304)
(-0.515273 -0.152745 0.843304)
(-0.480921 -0.239901 0.843304)
(-0.431956 -0.319768 0.843304)
(-0.369868 -0.389918 0.843304)
(-0.296539 -0.448222 0.843304)
(-0.214201 -0.492906 0.843304)
(-0.125355 -0.522613 0.843304)
(-0.0326995 -0.536441 0.843304)
(0.0609478 -0.533969 0.843304)
(0.152745 -0.515273 0.843304)
(0.288141 -0.476701 0.8305)
(0.366541 -0.419423 0.830501)
(0.433805 -0.349402 0.830501)
(0.487889 -0.268763 0.8305)
(0.527147 -0.17996 0.8305)
(0.550388 -0.0856886 0.8305)
(0.556906 0.0111865 0.830501)
(0.546502 0.107721 0.830501)
(0.519494 0.200987 0.8305)
(0.476701 0.288141 0.8305)
(0.419423 0.366541 0.830501)
(0.349402 0.433805 0.830501)
(0.268763 0.487889 0.8305)
(0.17996 0.527147 0.8305)
(0.0856886 0.550388 0.8305)
(-0.0111865 0.556906 0.830501)
(-0.107721 0.546502 0.830501)
(-0.200987 0.519494 0.8305)
(-0.288141 0.476701 0.8305)
(-0.366541 0.419423 0.830501)
(-0.433805 0.349402 0.830501)
(-0.487889 0.268763 0.8305)
(-0.527147 0.17996 0.8305)
(-0.550388 0.0856886 0.8305)
(-0.556906 -0.0111865 0.830501)
(-0.546502 -0.107721 0.830501)
(-0.519494 -0.200987 0.8305)
(-0.476701 -0.288141 0.8305)
(-0.419423 -0.366541 0.830501)
(-0.349402 -0.433805 0.830501)
(-0.268763 -0.487889 0.8305)
(-0.17996 -0.527147 0.8305)
(-0.0856886 -0.550388 0.8305)
(0.0111865 -0.556906 0.830501)
(0.107721 -0.546502 0.830501)
(0.200987 -0.519494 0.8305)
(0.34433 -0.471785 0.811699)
(0.421024 -0.404825 0.811699)
(0.484925 -0.325564 0.811699)
(0.534091 -0.236413 0.811699)
(0.567029 -0.140077 0.8117)
(0.582739 -0.0394859 0.811699)
(0.580743 0.0623056 0.811699)
(0.561101 0.162205 0.811699)
(0.524409 0.257176 0.811699)
(0.471785 0.34433 0.811699)
(0.404825 0.421024 0.811699)
(0.325564 0.484925 0.811699)
(0.236413 0.534091 0.811699)
(0.140077 0.567029 0.8117)
(0.0394859 0.582739 0.811699)
(-0.0623056 0.580743 0.811699)
(-0.162205 0.561101 0.811699)
(-0.257176 0.524409 0.811699)
(-0.34433 0.471785 0.811699)
(-0.421024 0.404825 0.811699)
(-0.484925 0.325564 0.811699)
(-0.534091 0.236413 0.811699)
(-0.567029 0.140077 0.8117)
(-0.582739 0.0394859 0.811699)
(-0.580743 -0.0623056 0.811699)
(-0.561101 -0.162205 0.811699)
(-0.524409 -0.257176 0.811699)
(-0.471785 -0.34433 0.811699)
(-0.404825 -0.421024 0.811699)
(-0.325564 -0.484925 0.811699)
(-0.236413 -0.534091 0.811699)
(-0.140077 -0.567029 0.8117)
(-0.0394859 -0.582739 0.811699)
(0.0623056 -0.580743 0.811699)
(0.162205 -0.561101 0.811699)
(0.257176 -0.524409 0.811699)
(0.412888 -0.465787 0.782666)
(0.487499 -0.387013 0.782666)
(0.547297 -0.29648 0.782666)
(0.590465 -0.196939 0.782666)
(0.615693 -0.0914139 0.782666)
(0.622213 0.0168886 0.782666)
(0.609827 0.124678 0.782666)
(0.578913 0.22868 0.782666)
(0.530408 0.325733 0.782666)
(0.465787 0.412888 0.782666)
(0.387013 0.487499 0.782666)
(0.29648 0.547297 0.782666)
(0.196939 0.590465 0.782666)
(0.0914139 0.615693 0.782666)
(-0.0168886 0.622213 0.782666)
(-0.124678 0.609827 0.782666)
(-0.22868 0.578913 0.782666)
(-0.325733 0.530408 0.782666)
(-0.412888 0.465787 0.782666)
(-0.487499 0.387013 0.782666)
(-0.547297 0.29648 0.782666)
(-0.590465 0.196939 0.782666)
(-0.615693 0.0914139 0.782666)
(-0.622213 -0.0168886 0.782666)
(-0.609827 -0.124678 0.782666)
(-0.578913 -0.22868 0.782666)
(-0.530408 -0.325733 0.782666)
(-0.465787 -0.412888 0.782666)
(-0.387013 -0.487499 0.782666)
(-0.29648 -0.547297 0.782666)
(-0.196939 -0.590465 0.782666)
(-0.0914139 -0.615693 0.782666)
(0.0168886 -0.622213 0.782666)
(0.124678 -0.609827 0.782666)
(0.22868 -0.578913 0.782666)
(0.325733 -0.530408 0.782666)
(0.500116 -0.458155 0.734832)
(0.572075 -0.364352 0.734832)
(0.626654 -0.259475 0.734832)
(0.66219 -0.146716 0.734832)
(0.677607 -0.0294994 0.734832)
(0.672435 0.088613 0.734832)
(0.646832 0.204035 0.734832)
(0.601574 0.313257 0.734832)
(0.538039 0.41296 0.734832)
(0.458155 0.500116 0.734832)
(0.364352 0.572075 0.734832)
(0.259475 0.626654 0.734832)
(0.146716 0.66219 0.734832)
(0.0294994 0.677607 0.734832)
(-0.088613 0.672435 0.734832)
(-0.204035 0.646832 0.734832)
(-0.313257 0.601574 0.734832)
(-0.41296 0.538039 0.734832)
(-0.500116 0.458155 0.734832)
(-0.572075 0.364352 0.734832)
(-0.626654 0.259475 0.734832)
(-0.66219 0.146716 0.734832)
(-0.677607 0.0294994 0.734832)
(-0.672435 -0.088613 0.734832)
(-0.646832 -0.204035 0.734832)
(-0.601574 -0.313257 0.734832)
(-0.538039 -0.41296 0.734832)
(-0.458155 -0.500116 0.734832)
(-0.364352 -0.572075 0.734832)
(-0.259475 -0.626654 0.734832)
(-0.146716 -0.66219 0.734832)
(-0.0294994 -0.677607 0.734832)
(0.088613 -0.672435 0.734832)
(0.204035 -0.646832 0.734832)
(0.313257 -0.601574 0.734832)
(0.41296 -0.538039 0.734832)
(0.613242 -0.448259 0.650383)
(0.681764 -0.334961 0.650383)
(0.729573 -0.211483 0.650383)
(0.755212 -0.081581 0.650384)
(0.757905 0.0507984 0.650384)
(0.73757 0.181634 0.650384)
(0.694825 0.306955 0.650383)
(0.630965 0.422948 0.650383)
(0.547936 0.526087 0.650383)
(0.448259 0.613242 0.650383)
(0.334961 0.681764 0.650383)
(0.211483 0.729573 0.650383)
(0.081581 0.755212 0.650384)
(-0.0507984 0.757905 0.650384)
(-0.181634 0.73757 0.650384)
(-0.306955 0.694825 0.650383)
(-0.422948 0.630965 0.650383)
(-0.526087 0.547936 0.650383)
(-0.613242 0.448259 0.650383)
(-0.681764 0.334961 0.650383)
(-0.729573 0.211483 0.650383)
(-0.755212 0.081581 0.650384)
(-0.757905 -0.0507984 0.650384)
(-0.73757 -0.181634 0.650384)
(-0.694825 -0.306955 0.650383)
(-0.630965 -0.422948 0.650383)
(-0.547936 -0.526087 0.650383)
(-0.448259 -0.613242 0.650383)
(-0.334961 -0.681764 0.650383)
(-0.211483 -0.729573 0.650383)
(-0.081581 -0.755212 0.650384)
(0.0507984 -0.757905 0.650384)
(0.181634 -0.73757 0.650384)
(0.306955 -0.694825 0.650383)
(0.422948 -0.630965 0.650383)
(0.526087 -0.547936 0.650383)
(0.748654 -0.436414 0.49906)
(0.813063 -0.299779 0.49906)
(0.852767 -0.154039 0.499059)
(0.86656 -0.00361305 0.49906)
(0.854023 0.146916 0.49906)
(0.815537 0.292981 0.49906)
(0.75227 0.430152 0.499059)
(0.666147 0.554245 0.49906)
(0.559781 0.661501 0.49906)
(0.436414 0.748654 0.49906)
(0.299779 0.813063 0.49906)
(0.154039 0.852767 0.499059)
(0.00361305 0.86656 0.49906)
(-0.146916 0.854023 0.49906)
(-0.292981 0.815537 0.49906)
(-0.430152 0.75227 0.499059)
(-0.554245 0.666147 0.49906)
(-0.661501 0.559781 0.49906)
(-0.748654 0.436414 0.49906)
(-0.813063 0.299779 0.49906)
(-0.852767 0.154039 0.499059)
(-0.86656 0.00361306 0.49906)
(-0.854023 -0.146916 0.49906)
(-0.815537 -0.292981 0.49906)
(-0.75227 -0.430152 0.499059)
(-0.666147 -0.554245 0.49906)
(-0.559781 -0.661501 0.49906)
(-0.436414 -0.748654 0.49906)
(-0.299779 -0.813063 0.49906)
(-0.154039 -0.852767 0.499059)
(-0.00361305 -0.86656 0.49906)
(0.146916 -0.854023 0.49906)
(0.292981 -0.815537 0.49906)
(0.430152 -0.75227 0.499059)
(0.554245 -0.666147 0.49906)
(0.661501 -0.559781 0.49906)
(0.84086 -0.428344 0.330873)
(0.902466 -0.275819 0.330876)
(0.936648 -0.114933 0.330879)
(0.942382 0.0494905 0.330858)
(0.919463 0.212357 0.330896)
(0.868634 0.368793 0.330858)
(0.791379 0.514041 0.330879)
(0.690105 0.643643 0.330876)
(0.567851 0.753703 0.330873)
(0.428344 0.84086 0.330873)
(0.275819 0.902466 0.330876)
(0.114933 0.936648 0.330879)
(-0.0494904 0.942382 0.330858)
(-0.212356 0.919463 0.330896)
(-0.368793 0.868634 0.330858)
(-0.514041 0.791379 0.330879)
(-0.643643 0.690105 0.330876)
(-0.753703 0.567851 0.330873)
(-0.84086 0.428344 0.330873)
(-0.902466 0.27582 0.330876)
(-0.936648 0.114933 0.330879)
(-0.942382 -0.0494904 0.330858)
(-0.919463 -0.212356 0.330896)
(-0.868634 -0.368793 0.330858)
(-0.791379 -0.51404 0.330879)
(-0.690105 -0.643643 0.330876)
(-0.567851 -0.753703 0.330873)
(-0.428344 -0.84086 0.330873)
(-0.27582 -0.902466 0.330876)
(-0.114933 -0.936648 0.330879)
(0.0494904 -0.942382 0.330858)
(0.212356 -0.919463 0.330896)
(0.368793 -0.868634 0.330858)
(0.51404 -0.791379 0.330879)
(0.643643 -0.690105 0.330876)
(0.753703 -0.567851 0.330873)
)
;
    }
    outside
    {
        type            calculated;
        value           nonuniform List<vector> 
540
(
(0.0573551 -0.496892 -0.865915)
(0.142767 -0.479384 -0.865915)
(0.223844 -0.447309 -0.865915)
(0.298117 -0.401643 -0.865915)
(0.363332 -0.343775 -0.865915)
(0.417507 -0.275461 -0.865915)
(0.458998 -0.198775 -0.865915)
(0.486542 -0.116052 -0.865915)
(0.499303 -0.0298014 -0.865915)
(0.496892 0.0573551 -0.865915)
(0.479384 0.142767 -0.865915)
(0.447309 0.223844 -0.865915)
(0.401643 0.298117 -0.865915)
(0.343775 0.363332 -0.865915)
(0.275461 0.417507 -0.865915)
(0.198775 0.458998 -0.865915)
(0.116052 0.486542 -0.865915)
(0.0298014 0.499303 -0.865915)
(-0.0573551 0.496892 -0.865915)
(-0.142767 0.479384 -0.865915)
(-0.223844 0.447309 -0.865915)
(-0.298117 0.401643 -0.865915)
(-0.363332 0.343775 -0.865915)
(-0.417507 0.275461 -0.865915)
(-0.458998 0.198775 -0.865915)
(-0.486542 0.116052 -0.865915)
(-0.499303 0.0298014 -0.865915)
(-0.496892 -0.0573551 -0.865915)
(-0.479384 -0.142767 -0.865915)
(-0.447309 -0.223844 -0.865915)
(-0.401643 -0.298117 -0.865915)
(-0.343775 -0.363332 -0.865915)
(-0.275461 -0.417507 -0.865915)
(-0.198775 -0.458998 -0.865915)
(-0.116052 -0.486542 -0.865915)
(-0.0298014 -0.499303 -0.865915)
(0.0619497 -0.49649 -0.865829)
(0.147221 -0.47819 -0.865829)
(0.228022 -0.445361 -0.865829)
(0.301894 -0.398998 -0.865829)
(0.366594 -0.340513 -0.865829)
(0.420152 -0.271684 -0.865829)
(0.460947 -0.194597 -0.865829)
(0.487736 -0.111598 -0.865829)
(0.499705 -0.0252083 -0.865829)
(0.49649 0.0619497 -0.865829)
(0.47819 0.147221 -0.865829)
(0.445361 0.228022 -0.865829)
(0.398998 0.301894 -0.865829)
(0.340513 0.366594 -0.865829)
(0.271684 0.420152 -0.865829)
(0.194597 0.460947 -0.865829)
(0.111598 0.487736 -0.865829)
(0.0252083 0.499705 -0.865829)
(-0.0619497 0.49649 -0.865829)
(-0.147221 0.47819 -0.865829)
(-0.228022 0.445361 -0.865829)
(-0.301894 0.398998 -0.865829)
(-0.366594 0.340513 -0.865829)
(-0.420152 0.271684 -0.865829)
(-0.460947 0.194597 -0.865829)
(-0.487736 0.111598 -0.865829)
(-0.499705 0.0252083 -0.865829)
(-0.49649 -0.0619497 -0.865829)
(-0.47819 -0.147221 -0.865829)
(-0.445361 -0.228022 -0.865829)
(-0.398998 -0.301894 -0.865829)
(-0.340513 -0.366594 -0.865829)
(-0.271684 -0.420152 -0.865829)
(-0.194597 -0.460947 -0.865829)
(-0.111598 -0.487736 -0.865829)
(-0.0252083 -0.499705 -0.865829)
(0.0457349 -0.497909 -0.866023)
(0.131504 -0.482402 -0.866023)
(0.213273 -0.452238 -0.866023)
(0.288563 -0.408333 -0.866023)
(0.355086 -0.352021 -0.866023)
(0.410819 -0.285013 -0.866023)
(0.454069 -0.209346 -0.866023)
(0.483524 -0.127316 -0.866023)
(0.498286 -0.0414211 -0.866023)
(0.497909 0.0457349 -0.866023)
(0.482402 0.131504 -0.866023)
(0.452238 0.213273 -0.866023)
(0.408333 0.288563 -0.866023)
(0.352021 0.355086 -0.866023)
(0.285013 0.410819 -0.866023)
(0.209346 0.454069 -0.866023)
(0.127316 0.483524 -0.866023)
(0.0414211 0.498286 -0.866023)
(-0.0457349 0.497909 -0.866023)
(-0.131504 0.482402 -0.866023)
(-0.213273 0.452238 -0.866023)
(-0.288563 0.408333 -0.866023)
(-0.355086 0.352021 -0.866023)
(-0.410819 0.285013 -0.866023)
(-0.454069 0.209346 -0.866023)
(-0.483524 0.127316 -0.866023)
(-0.498286 0.0414211 -0.866023)
(-0.497909 -0.0457349 -0.866023)
(-0.482402 -0.131504 -0.866023)
(-0.452238 -0.213273 -0.866023)
(-0.408333 -0.288563 -0.866023)
(-0.352021 -0.355086 -0.866023)
(-0.285013 -0.410819 -0.866023)
(-0.209346 -0.454069 -0.866023)
(-0.127316 -0.483524 -0.866023)
(-0.0414211 -0.498286 -0.866023)
(0.00713529 -0.501286 -0.865252)
(0.094075 -0.492431 -0.865253)
(0.178156 -0.468613 -0.865252)
(0.256825 -0.430557 -0.865253)
(0.327685 -0.379421 -0.865252)
(0.388594 -0.316753 -0.865253)
(0.437694 -0.244463 -0.865252)
(0.473496 -0.164742 -0.865253)
(0.494909 -0.0800193 -0.865252)
(0.501286 0.00713529 -0.865252)
(0.492431 0.094075 -0.865253)
(0.468613 0.178156 -0.865252)
(0.430557 0.256825 -0.865253)
(0.379421 0.327685 -0.865252)
(0.316753 0.388594 -0.865253)
(0.244463 0.437694 -0.865252)
(0.164742 0.473496 -0.865253)
(0.0800193 0.494909 -0.865252)
(-0.00713529 0.501286 -0.865252)
(-0.094075 0.492431 -0.865253)
(-0.178156 0.468613 -0.865252)
(-0.256825 0.430557 -0.865253)
(-0.327685 0.379421 -0.865252)
(-0.388594 0.316753 -0.865253)
(-0.437694 0.244463 -0.865252)
(-0.473496 0.164742 -0.865253)
(-0.494909 0.0800193 -0.865252)
(-0.501286 -0.00713529 -0.865252)
(-0.492431 -0.094075 -0.865253)
(-0.468613 -0.178156 -0.865252)
(-0.430557 -0.256825 -0.865253)
(-0.379421 -0.327685 -0.865252)
(-0.316753 -0.388594 -0.865253)
(-0.244463 -0.437694 -0.865252)
(-0.164742 -0.473496 -0.865253)
(-0.0800193 -0.494909 -0.865252)
(-0.0358636 -0.505047 -0.862346)
(0.0523812 -0.503603 -0.862346)
(0.139035 -0.486856 -0.862346)
(0.221467 -0.455315 -0.862346)
(0.297166 -0.409941 -0.862346)
(0.363837 -0.352111 -0.862346)
(0.419452 -0.283583 -0.862346)
(0.462324 -0.206437 -0.862346)
(0.491147 -0.123018 -0.862346)
(0.505047 -0.0358636 -0.862346)
(0.503603 0.0523812 -0.862346)
(0.486856 0.139035 -0.862346)
(0.455315 0.221467 -0.862346)
(0.409941 0.297166 -0.862346)
(0.352111 0.363837 -0.862346)
(0.283583 0.419452 -0.862346)
(0.206437 0.462324 -0.862346)
(0.123018 0.491147 -0.862346)
(0.0358636 0.505047 -0.862346)
(-0.0523812 0.503603 -0.862346)
(-0.139035 0.486856 -0.862346)
(-0.221467 0.455315 -0.862346)
(-0.297166 0.409941 -0.862346)
(-0.363837 0.352111 -0.862346)
(-0.419452 0.283583 -0.862346)
(-0.462324 0.206437 -0.862346)
(-0.491147 0.123018 -0.862346)
(-0.505047 0.0358636 -0.862346)
(-0.503603 -0.0523812 -0.862346)
(-0.486856 -0.139035 -0.862346)
(-0.455315 -0.221467 -0.862346)
(-0.409941 -0.297166 -0.862346)
(-0.352111 -0.363837 -0.862346)
(-0.283583 -0.419452 -0.862346)
(-0.206437 -0.462324 -0.862346)
(-0.123018 -0.491147 -0.862346)
(-0.0814967 -0.50904 -0.856876)
(0.00813429 -0.515459 -0.856876)
(0.0975187 -0.506215 -0.856876)
(0.183941 -0.48159 -0.856876)
(0.264775 -0.442332 -0.856876)
(0.337562 -0.389635 -0.856876)
(0.400093 -0.325099 -0.856876)
(0.450467 -0.250685 -0.856876)
(0.487155 -0.168652 -0.856876)
(0.50904 -0.0814967 -0.856876)
(0.515459 0.00813429 -0.856876)
(0.506215 0.0975187 -0.856876)
(0.48159 0.183941 -0.856876)
(0.442332 0.264775 -0.856876)
(0.389635 0.337562 -0.856876)
(0.325099 0.400093 -0.856876)
(0.250685 0.450467 -0.856876)
(0.168652 0.487155 -0.856876)
(0.0814967 0.50904 -0.856876)
(-0.00813429 0.515459 -0.856876)
(-0.0975187 0.506215 -0.856876)
(-0.183941 0.48159 -0.856876)
(-0.264775 0.442332 -0.856876)
(-0.337562 0.389635 -0.856876)
(-0.400093 0.325099 -0.856876)
(-0.450467 0.250685 -0.856876)
(-0.487155 0.168652 -0.856876)
(-0.50904 0.0814967 -0.856876)
(-0.515459 -0.00813429 -0.856876)
(-0.506215 -0.0975187 -0.856876)
(-0.48159 -0.183941 -0.856876)
(-0.442332 -0.264775 -0.856876)
(-0.389635 -0.337562 -0.856876)
(-0.325099 -0.400093 -0.856876)
(-0.250685 -0.450467 -0.856876)
(-0.168652 -0.487155 -0.856876)
(-0.130089 -0.513291 -0.848298)
(-0.0389817 -0.528083 -0.848297)
(0.0533115 -0.526829 -0.848298)
(0.143984 -0.509569 -0.848297)
(0.230283 -0.476824 -0.848298)
(0.309584 -0.429591 -0.848297)
(0.379479 -0.369306 -0.848298)
(0.437842 -0.297802 -0.848297)
(0.482903 -0.217245 -0.848298)
(0.513291 -0.130089 -0.848298)
(0.528083 -0.0389817 -0.848297)
(0.526829 0.0533115 -0.848298)
(0.509569 0.143984 -0.848297)
(0.476824 0.230283 -0.848298)
(0.429591 0.309584 -0.848297)
(0.369306 0.379479 -0.848298)
(0.297802 0.437842 -0.848297)
(0.217245 0.482903 -0.848298)
(0.130089 0.513291 -0.848298)
(0.0389817 0.528083 -0.848297)
(-0.0533115 0.526829 -0.848298)
(-0.143984 0.509569 -0.848297)
(-0.230283 0.476824 -0.848298)
(-0.309584 0.429591 -0.848297)
(-0.379479 0.369306 -0.848298)
(-0.437842 0.297802 -0.848297)
(-0.482903 0.217245 -0.848298)
(-0.513291 0.130089 -0.848298)
(-0.528083 0.0389817 -0.848297)
(-0.526829 -0.0533115 -0.848298)
(-0.509569 -0.143984 -0.848297)
(-0.476824 -0.230283 -0.848298)
(-0.429591 -0.309584 -0.848297)
(-0.369306 -0.379479 -0.848298)
(-0.297802 -0.437842 -0.848297)
(-0.217245 -0.482903 -0.848298)
(-0.182624 -0.517888 -0.835728)
(-0.0899212 -0.541733 -0.835727)
(0.00551642 -0.549116 -0.835728)
(0.100785 -0.539817 -0.835727)
(0.192993 -0.514114 -0.835728)
(0.279336 -0.472791 -0.835727)
(0.357192 -0.417101 -0.835728)
(0.424193 -0.348741 -0.835727)
(0.478307 -0.269781 -0.835728)
(0.517888 -0.182624 -0.835728)
(0.541733 -0.0899212 -0.835727)
(0.549116 0.00551642 -0.835728)
(0.539817 0.100785 -0.835727)
(0.514114 0.192993 -0.835728)
(0.472791 0.279336 -0.835727)
(0.417101 0.357192 -0.835728)
(0.348741 0.424193 -0.835727)
(0.269781 0.478307 -0.835728)
(0.182624 0.517888 -0.835728)
(0.0899212 0.541733 -0.835727)
(-0.00551642 0.549116 -0.835728)
(-0.100785 0.539817 -0.835727)
(-0.192993 0.514114 -0.835728)
(-0.279336 0.472791 -0.835727)
(-0.357192 0.417101 -0.835728)
(-0.424193 0.348741 -0.835727)
(-0.478307 0.269781 -0.835728)
(-0.517888 0.182624 -0.835728)
(-0.541733 0.0899212 -0.835727)
(-0.549116 -0.00551642 -0.835728)
(-0.539817 -0.100785 -0.835727)
(-0.514114 -0.192993 -0.835728)
(-0.472791 -0.279336 -0.835727)
(-0.417101 -0.357192 -0.835728)
(-0.348741 -0.424193 -0.835727)
(-0.269781 -0.478307 -0.835728)
(-0.24114 -0.523008 -0.817505)
(-0.146659 -0.556935 -0.817505)
(-0.0477195 -0.573941 -0.817505)
(0.0526687 -0.573509 -0.817505)
(0.151457 -0.55565 -0.817505)
(0.245643 -0.520908 -0.817505)
(0.332367 -0.470337 -0.817505)
(0.40899 -0.405478 -0.817505)
(0.473187 -0.328298 -0.817505)
(0.523008 -0.24114 -0.817505)
(0.556935 -0.146659 -0.817505)
(0.573941 -0.0477195 -0.817505)
(0.573509 0.0526687 -0.817505)
(0.55565 0.151457 -0.817505)
(0.520908 0.245643 -0.817505)
(0.470337 0.332367 -0.817505)
(0.405478 0.40899 -0.817505)
(0.328298 0.473187 -0.817505)
(0.24114 0.523008 -0.817505)
(0.146659 0.556935 -0.817505)
(0.0477195 0.573941 -0.817505)
(-0.0526687 0.573509 -0.817505)
(-0.151457 0.55565 -0.817505)
(-0.245643 0.520908 -0.817505)
(-0.332367 0.470337 -0.817505)
(-0.40899 0.405478 -0.817505)
(-0.473187 0.328298 -0.817505)
(-0.523008 0.24114 -0.817505)
(-0.556935 0.146659 -0.817505)
(-0.573941 0.0477195 -0.817505)
(-0.573509 -0.0526687 -0.817505)
(-0.55565 -0.151457 -0.817505)
(-0.520908 -0.245643 -0.817505)
(-0.470337 -0.332367 -0.817505)
(-0.405478 -0.40899 -0.817505)
(-0.328298 -0.473187 -0.817505)
(-0.309604 -0.528997 -0.790131)
(-0.21304 -0.574722 -0.790132)
(-0.110003 -0.602985 -0.790132)
(-0.00362533 -0.612926 -0.790132)
(0.102863 -0.604244 -0.790132)
(0.206225 -0.577203 -0.790132)
(0.303323 -0.532622 -0.790132)
(0.391204 -0.471858 -0.790132)
(0.467198 -0.39676 -0.790131)
(0.528997 -0.309604 -0.790131)
(0.574722 -0.21304 -0.790132)
(0.602985 -0.110003 -0.790132)
(0.612926 -0.00362533 -0.790132)
(0.604244 0.102863 -0.790132)
(0.577203 0.206225 -0.790132)
(0.532622 0.303323 -0.790132)
(0.471858 0.391204 -0.790132)
(0.39676 0.467198 -0.790131)
(0.309604 0.528997 -0.790131)
(0.21304 0.574722 -0.790132)
(0.110003 0.602985 -0.790132)
(0.00362533 0.612926 -0.790132)
(-0.102863 0.604244 -0.790132)
(-0.206225 0.577203 -0.790132)
(-0.303323 0.532622 -0.790132)
(-0.391204 0.471858 -0.790132)
(-0.467198 0.39676 -0.790131)
(-0.528997 0.309604 -0.790131)
(-0.574722 0.21304 -0.790132)
(-0.602985 0.110003 -0.790132)
(-0.612926 0.00362533 -0.790132)
(-0.604244 -0.102863 -0.790132)
(-0.577203 -0.206225 -0.790132)
(-0.532622 -0.303323 -0.790132)
(-0.471858 -0.391204 -0.790132)
(-0.39676 -0.467198 -0.790131)
(-0.395554 -0.536515 -0.745446)
(-0.296376 -0.59705 -0.745447)
(-0.188195 -0.639447 -0.745446)
(-0.0742988 -0.662412 -0.745446)
(0.0418566 -0.66525 -0.745446)
(0.156739 -0.647876 -0.745446)
(0.266859 -0.610816 -0.745446)
(0.368876 -0.555192 -0.745447)
(0.45968 -0.482706 -0.745446)
(0.536515 -0.395554 -0.745446)
(0.59705 -0.296376 -0.745447)
(0.639447 -0.188195 -0.745446)
(0.662412 -0.0742988 -0.745446)
(0.66525 0.0418566 -0.745446)
(0.647876 0.156739 -0.745446)
(0.610816 0.266859 -0.745446)
(0.555192 0.368876 -0.745447)
(0.482706 0.45968 -0.745446)
(0.395554 0.536515 -0.745446)
(0.296376 0.59705 -0.745447)
(0.188195 0.639447 -0.745446)
(0.0742988 0.662412 -0.745446)
(-0.0418566 0.66525 -0.745446)
(-0.156739 0.647876 -0.745446)
(-0.266859 0.610816 -0.745446)
(-0.368876 0.555192 -0.745447)
(-0.45968 0.482706 -0.745446)
(-0.536515 0.395554 -0.745446)
(-0.59705 0.296376 -0.745447)
(-0.639447 0.188195 -0.745446)
(-0.662412 0.0742988 -0.745446)
(-0.66525 -0.0418566 -0.745446)
(-0.647876 -0.156739 -0.745446)
(-0.610816 -0.266859 -0.745446)
(-0.555192 -0.368876 -0.745447)
(-0.482706 -0.45968 -0.745446)
(-0.510792 -0.546596 -0.663569)
(-0.408113 -0.626992 -0.66357)
(-0.293039 -0.688337 -0.663566)
(-0.169059 -0.728763 -0.663569)
(-0.0399419 -0.747049 -0.663568)
(0.09039 -0.742635 -0.663569)
(0.21797 -0.71566 -0.663566)
(0.338934 -0.666933 -0.66357)
(0.449599 -0.597944 -0.663569)
(0.546596 -0.510792 -0.663569)
(0.626992 -0.408113 -0.66357)
(0.688337 -0.293039 -0.663566)
(0.728763 -0.169059 -0.663569)
(0.747049 -0.0399419 -0.663568)
(0.742635 0.09039 -0.663569)
(0.71566 0.21797 -0.663566)
(0.666933 0.338934 -0.66357)
(0.597944 0.449599 -0.663569)
(0.510792 0.546596 -0.663569)
(0.408113 0.626992 -0.66357)
(0.293039 0.688337 -0.663566)
(0.169059 0.728763 -0.663569)
(0.0399419 0.747049 -0.663568)
(-0.09039 0.742635 -0.663569)
(-0.21797 0.71566 -0.663566)
(-0.338934 0.666933 -0.66357)
(-0.449599 0.597944 -0.663569)
(-0.546596 0.510792 -0.663569)
(-0.626992 0.408113 -0.66357)
(-0.688337 0.293039 -0.663566)
(-0.728763 0.169059 -0.663569)
(-0.747049 0.0399419 -0.663568)
(-0.742635 -0.09039 -0.663569)
(-0.71566 -0.21797 -0.663566)
(-0.666933 -0.338934 -0.66357)
(-0.597944 -0.449599 -0.663569)
(-0.662334 -0.559856 -0.49787)
(-0.555047 -0.666372 -0.497867)
(-0.430909 -0.752627 -0.497865)
(-0.293677 -0.816016 -0.497866)
(-0.14751 -0.854617 -0.497866)
(0.0031395 -0.867248 -0.497866)
(0.153679 -0.85353 -0.497865)
(0.299551 -0.813878 -0.497867)
(0.436339 -0.749489 -0.49787)
(0.559856 -0.662334 -0.49787)
(0.666372 -0.555047 -0.497867)
(0.752627 -0.430909 -0.497865)
(0.816016 -0.293677 -0.497866)
(0.854617 -0.14751 -0.497866)
(0.867248 0.00313949 -0.497866)
(0.85353 0.153679 -0.497865)
(0.813878 0.299551 -0.497867)
(0.749489 0.436339 -0.49787)
(0.662334 0.559856 -0.49787)
(0.555047 0.666372 -0.497867)
(0.430909 0.752627 -0.497865)
(0.293677 0.816016 -0.497866)
(0.14751 0.854617 -0.497866)
(-0.00313949 0.867248 -0.497866)
(-0.153679 0.85353 -0.497865)
(-0.299551 0.813878 -0.497867)
(-0.436339 0.749489 -0.49787)
(-0.559856 0.662334 -0.49787)
(-0.666372 0.555047 -0.497867)
(-0.752627 0.430909 -0.497865)
(-0.816016 0.293677 -0.497866)
(-0.854617 0.14751 -0.497866)
(-0.867248 -0.0031395 -0.497866)
(-0.85353 -0.153679 -0.497865)
(-0.813878 -0.299551 -0.497867)
(-0.749489 -0.436339 -0.49787)
(-0.806579 -0.572524 -0.147131)
(-0.694937 -0.703858 -0.147129)
(-0.562158 -0.813837 -0.147131)
(-0.412258 -0.899109 -0.147129)
(-0.249917 -0.957024 -0.147128)
(-0.0799868 -0.985878 -0.147129)
(0.092467 -0.984785 -0.147131)
(0.262064 -0.953769 -0.147129)
(0.423666 -0.89379 -0.147131)
(0.572524 -0.806578 -0.147131)
(0.703858 -0.694937 -0.147129)
(0.813837 -0.562158 -0.147131)
(0.899109 -0.412258 -0.147129)
(0.957024 -0.249917 -0.147128)
(0.985878 -0.0799869 -0.147129)
(0.984785 0.0924668 -0.147131)
(0.953769 0.262064 -0.147129)
(0.89379 0.423666 -0.147131)
(0.806578 0.572524 -0.147131)
(0.694937 0.703858 -0.147129)
(0.562158 0.813837 -0.147131)
(0.412258 0.899109 -0.147129)
(0.249917 0.957024 -0.147128)
(0.079987 0.985878 -0.147129)
(-0.0924668 0.984785 -0.147131)
(-0.262064 0.953769 -0.147129)
(-0.423666 0.89379 -0.147131)
(-0.572524 0.806578 -0.147131)
(-0.703858 0.694937 -0.147129)
(-0.813837 0.562158 -0.147131)
(-0.899109 0.412258 -0.147129)
(-0.957024 0.249917 -0.147128)
(-0.985878 0.079987 -0.147129)
(-0.984785 -0.0924669 -0.147131)
(-0.953769 -0.262064 -0.147129)
(-0.89379 -0.423666 -0.147131)
(0.24262 0.523132 -0.816987)
(0.148033 0.55734 -0.816981)
(0.04908 0.574594 -0.816965)
(-0.051347 0.574385 -0.816973)
(-0.150403 0.556703 -0.816982)
(-0.244845 0.522116 -0.816973)
(-0.331688 0.471752 -0.816966)
(-0.408554 0.406969 -0.816982)
(-0.473064 0.32976 -0.816988)
(-0.523132 0.242618 -0.816988)
(-0.557339 0.148031 -0.816982)
(-0.574594 0.0490779 -0.816966)
(-0.574385 -0.0513485 -0.816973)
(-0.556703 -0.150404 -0.816983)
(-0.522116 -0.244846 -0.816974)
(-0.471751 -0.331688 -0.816966)
(-0.406968 -0.408555 -0.816982)
(-0.32976 -0.473064 -0.816988)
(-0.242618 -0.523132 -0.816988)
(-0.148031 -0.557339 -0.816982)
(-0.0490776 -0.574594 -0.816966)
(0.0513487 -0.574385 -0.816973)
(0.150404 -0.556703 -0.816983)
(0.244846 -0.522116 -0.816973)
(0.331688 -0.471752 -0.816966)
(0.408555 -0.406969 -0.816982)
(0.473064 -0.32976 -0.816988)
(0.523132 -0.242618 -0.816988)
(0.55734 -0.148031 -0.816982)
(0.574594 -0.0490782 -0.816966)
(0.574385 0.0513481 -0.816973)
(0.556703 0.150404 -0.816982)
(0.522116 0.244846 -0.816973)
(0.471753 0.331688 -0.816966)
(0.40697 0.408555 -0.816981)
(0.329762 0.473064 -0.816987)
)
;
    }
}


// ************************************************************************* //
