/*--------------------------------*- C++ -*----------------------------------*\
| =========                 |                                                 |
| \\      /  F ield         | OpenFOAM: The Open Source CFD Toolbox           |
|  \\    /   O peration     | Version:  2412                                  |
|   \\  /    A nd           | Website:  www.openfoam.com                      |
|    \\/     M anipulation  |                                                 |
\*---------------------------------------------------------------------------*/
FoamFile
{
    version     2.0;
    format      ascii;
    arch        "LSB;label=32;scalar=64";
    class       volScalarField;
    location    "0.0250162";
    object      activationTime;
}
// * * * * * * * * * * * * * * * * * * * * * * * * * * * * * * * * * * * * * //

dimensions      [0 0 1 0 0 0 0];

internalField   nonuniform List<scalar> 
8670
(
0
0
0
0
0
0
0
0
0
0
0
0
0
0
0
0
0
0
0
0
0
0
0
0
0
0
0
0
0
0
0
0
0
0
0
0
0
0
0
0
0
0
0
0
0
0
0
0
0
0
0
0
0
0
0
0
0
0
0
0
0
0
0
0
0
0
0
0
0
0
0
0
0
0
0
0
0
0
0
0
0
0
0
0
0
0
0
0
0
0
0
0
0
0
0
0
0
0
0
0
0
0
0
0
0
0
0
0
0
0
0
0
0
0
0
0
0
0
0
0
0
0
0
0
0
0
0
0
0
0
0
0
0
0
0
0
0
0
0
0
0
0
0
0
0
0
0
0
0
0
0
0
0
0
0
0
0
0
0
0
0
0
0
0
0
0
0
0
0
0
0
0
0
0
0
0
0
0
0
0
0
0
0
0
0
0
0
0
0
0
0
0
0
0
0
0
0
0
0
0
0
0
0
0
0
0
0
0
0
0
0
0
0
0
0
0
0
0
0
0
0
0
0
0
0
0
0
0
0
0
0
0
0
0
0
0
0
0
0
0
0
0
0
0
0
0
0
0
0
0
0
0
0
0
0
0
0
0
0
0
0
0
0
0
0
0
0
0
0
0
0
0
0
0
0
0
0
0
0
0
0
0
0
0
0
0
0
0
0
0
0
0
0
0
0
0
0
0
0
0
0
0
0
0
0
0
0
0
0
0
0
0
0
0
0
0
0
0
0
0
0
0
0
0
0
0
0
0
0
0
0
0
0
0
0
0
0
0
0
0
0
0
0
0
0
0
0
0
0
0
0
0
0
0
0
0
0
0
0
0
0
0
0
0
0
0
0
0
0
0
0
0
0
0
0
0
0
0
0
0
0
0
0
0
0
0
0
0
0
0
0
0
0
0
0
0
0
0
0
0
0
0
0
0
0
0
0
0
0
0
0
0
0
0
0
0
0
0
0
0
0
0
0
0
0
0
0
0
0
0
0
0
0
0
0
0
0
0
0
0
0
0
0
0
0
0
0
0
0
0
0
0
0
0
0
0
0
0
0
0
0
0
0
0
0
0
0
0
0
0
0
0
0
0
0
0
0
0
0
0
0.0248108
0
0
0
0
0
0
0
0
0
0
0
0
0
0
0
0
0
0
0
0
0
0
0
0
0
0
0
0
0
0
0
0.0248245
0
0
0
0
0
0
0
0
0
0
0
0
0
0
0
0
0
0
0
0
0
0
0
0
0
0
0
0
0
0
0
0.0248413
0
0
0
0
0
0
0
0
0
0
0
0
0
0
0
0
0
0
0
0
0
0
0
0
0
0
0
0
0
0
0
0.0248823
0
0
0
0
0
0
0
0
0
0
0
0
0
0
0
0
0
0
0
0
0
0
0
0
0
0
0
0
0
0
0
0.0249295
0
0
0
0
0
0
0
0
0
0
0
0
0
0
0
0
0
0
0
0
0
0
0
0
0
0
0
0
0
0
0
0.0249887
0
0
0
0
0
0
0
0
0
0
0
0
0
0
0
0
0
0
0
0
0
0
0
0
0
0
0
0
0
0
0
0
0
0
0
0
0
0
0
0
0
0
0
0
0
0
0
0
0
0
0
0
0
0
0
0
0
0
0
0
0
0
0
0
0
0
0
0
0
0
0
0
0
0
0
0
0
0
0
0
0
0
0
0
0
0
0
0
0
0
0
0
0
0
0
0
0
0
0
0
0
0
0
0
0
0
0
0
0
0
0
0
0
0
0
0
0
0
0
0
0
0
0
0
0
0
0
0
0
0
0
0
0
0
0
0
0
0
0
0
0
0
0
0
0
0
0
0
0
0
0
0
0
0
0
0
0
0
0
0
0
0
0
0
0
0
0
0
0
0
0
0
0
0
0
0
0
0
0
0
0
0
0
0
0
0
0
0
0
0
0
0
0
0
0
0
0
0
0
0
0
0
0
0
0
0
0
0
0
0
0
0
0
0
0
0
0
0
0
0
0
0
0
0
0
0
0
0
0
0
0
0
0
0
0
0
0
0
0
0
0
0
0
0
0
0
0
0
0
0
0
0
0
0
0
0
0
0
0
0
0
0
0
0
0
0
0
0
0
0
0
0
0
0
0
0
0
0
0
0
0
0
0
0
0
0
0
0
0
0
0
0
0
0
0
0
0
0
0
0
0
0
0
0
0
0
0
0
0
0
0
0
0
0
0
0
0
0
0
0.0243187
0.0246279
0.0249339
0
0
0
0
0
0
0
0
0
0
0
0
0
0
0
0
0
0
0
0
0
0
0
0
0
0
0
0
0
0.0243302
0.024635
0.0249441
0
0
0
0
0
0
0
0
0
0
0
0
0
0
0
0
0
0
0
0
0
0
0
0
0
0
0
0
0
0.0243505
0.0246587
0.0249698
0
0
0
0
0
0
0
0
0
0
0
0
0
0
0
0
0
0
0
0
0
0
0
0
0
0
0
0
0
0.0243819
0.024689
0.0249998
0
0
0
0
0
0
0
0
0
0
0
0
0
0
0
0
0
0
0
0
0
0
0
0
0
0
0
0
0
0.0244302
0.024738
0
0
0
0
0
0
0
0
0
0
0
0
0
0
0
0
0
0
0
0
0
0
0
0
0
0
0
0
0
0
0.0244964
0.0248002
0
0
0
0
0
0
0
0
0
0
0
0
0
0
0
0
0
0
0
0
0
0
0
0
0
0
0
0
0
0
0.0245757
0.0248841
0
0
0
0
0
0
0
0
0
0
0
0
0
0
0
0
0
0
0
0
0
0
0
0
0
0
0
0
0
0
0.0246782
0.0249821
0
0
0
0
0
0
0
0
0
0
0
0
0
0
0
0
0
0
0
0
0
0
0
0
0
0
0
0
0
0
0.0248027
0
0
0
0
0
0
0
0
0
0
0
0
0
0
0
0
0
0
0
0
0
0
0
0
0
0
0
0
0
0
0
0.0249503
0
0
0
0
0
0
0
0
0
0
0
0
0
0
0
0
0
0
0
0
0
0
0
0
0
0
0
0
0
0
0
0
0
0
0
0
0
0
0
0
0
0
0
0
0
0
0
0
0
0
0
0
0
0
0
0
0
0
0
0
0
0
0
0
0
0
0
0
0
0
0
0
0
0
0
0
0
0
0
0
0
0
0
0
0
0
0
0
0
0
0
0
0
0
0
0
0
0
0
0
0
0
0
0
0
0
0
0
0
0
0
0
0
0
0
0
0
0
0
0
0
0
0
0
0
0
0
0
0
0
0
0
0
0
0
0
0
0
0
0
0
0
0
0
0
0
0
0
0
0
0
0
0
0
0
0
0
0
0
0
0
0
0
0
0
0
0
0
0
0
0
0
0
0
0
0
0
0
0
0
0
0
0
0
0
0
0
0
0
0
0
0.0235877
0.0239064
0.0242217
0.0245427
0.024861
0
0
0
0
0
0
0
0
0
0
0
0
0
0
0
0
0
0
0
0
0
0
0
0
0
0
0
0
0.023601
0.0239197
0.0242361
0.0245511
0.0248718
0
0
0
0
0
0
0
0
0
0
0
0
0
0
0
0
0
0
0
0
0
0
0
0
0
0
0
0
0.0236236
0.0239386
0.0242583
0.024576
0.0248915
0
0
0
0
0
0
0
0
0
0
0
0
0
0
0
0
0
0
0
0
0
0
0
0
0
0
0
0
0.0236552
0.0239686
0.0242885
0.0246051
0.0249269
0
0
0
0
0
0
0
0
0
0
0
0
0
0
0
0
0
0
0
0
0
0
0
0
0
0
0
0
0.0237039
0.0240176
0.024337
0.0246538
0.0249698
0
0
0
0
0
0
0
0
0
0
0
0
0
0
0
0
0
0
0
0
0
0
0
0
0
0
0
0
0.0237656
0.0240834
0.0243984
0.0247184
0
0
0
0
0
0
0
0
0
0
0
0
0
0
0
0
0
0
0
0
0
0
0
0
0
0
0
0
0
0.0238462
0.0241636
0.0244777
0.0247972
0
0
0
0
0
0
0
0
0
0
0
0
0
0
0
0
0
0
0
0
0
0
0
0
0
0
0
0
0
0.0239511
0.0242625
0.02458
0.0248941
0
0
0
0
0
0
0
0
0
0
0
0
0
0
0
0
0
0
0
0
0
0
0
0
0
0
0
0
0
0.0240794
0.0243895
0.0247056
0
0
0
0
0
0
0
0
0
0
0
0
0
0
0
0
0
0
0
0
0
0
0
0
0
0
0
0
0
0
0.0242317
0.0245463
0.0248574
0
0
0
0
0
0
0
0
0
0
0
0
0
0
0
0
0
0
0
0
0
0
0
0
0
0
0
0
0
0
0.0244265
0.0247343
0
0
0
0
0
0
0
0
0
0
0
0
0
0
0
0
0
0
0
0
0
0
0
0
0
0
0
0
0
0
0
0.0246533
0.0249609
0
0
0
0
0
0
0
0
0
0
0
0
0
0
0
0
0
0
0
0
0
0
0
0
0
0
0
0
0
0
0
0.0249256
0
0
0
0
0
0
0
0
0
0
0
0
0
0
0
0
0
0
0
0
0
0
0
0
0
0
0
0
0
0
0
0
0
0
0
0
0
0
0
0
0
0
0
0
0
0
0
0
0
0
0
0
0
0
0
0
0
0
0
0
0
0
0
0
0
0
0
0
0
0
0
0
0
0
0
0
0
0
0
0
0
0
0
0
0
0
0
0
0
0
0
0
0
0
0
0
0
0
0.0232428
0.0235671
0.0238902
0.0242138
0.0245429
0.0248697
0
0
0
0
0
0
0
0
0
0
0
0
0
0
0
0
0
0
0
0
0
0
0
0
0
0
0
0.0232487
0.0235758
0.0239008
0.0242247
0.0245493
0.0248791
0
0
0
0
0
0
0
0
0
0
0
0
0
0
0
0
0
0
0
0
0
0
0
0
0
0
0
0.0232729
0.0235949
0.0239179
0.0242458
0.0245715
0.0248961
0
0
0
0
0
0
0
0
0
0
0
0
0
0
0
0
0
0
0
0
0
0
0
0
0
0
0
0.0233049
0.0236262
0.0239532
0.0242778
0.0246018
0.0249268
0
0
0
0
0
0
0
0
0
0
0
0
0
0
0
0
0
0
0
0
0
0
0
0
0
0
0
0.0233508
0.0236722
0.0240002
0.0243254
0.0246497
0.0249738
0
0
0
0
0
0
0
0
0
0
0
0
0
0
0
0
0
0
0
0
0
0
0
0
0
0
0
0.0234166
0.0237406
0.024063
0.0243851
0.0247138
0
0
0
0
0
0
0
0
0
0
0
0
0
0
0
0
0
0
0
0
0
0
0
0
0
0
0
0
0.0234988
0.0238221
0.0241437
0.0244657
0.0247932
0
0
0
0
0
0
0
0
0
0
0
0
0
0
0
0
0
0
0
0
0
0
0
0
0
0
0
0
0.0236005
0.0239206
0.024246
0.0245687
0.0248904
0
0
0
0
0
0
0
0
0
0
0
0
0
0
0
0
0
0
0
0
0
0
0
0
0
0
0
0
0.0237306
0.0240487
0.0243732
0.0246945
0.0250149
0
0
0
0
0
0
0
0
0
0
0
0
0
0
0
0
0
0
0
0
0
0
0
0
0
0
0
0
0.0238859
0.0242082
0.0245278
0.024846
0
0
0
0
0
0
0
0
0
0
0
0
0
0
0
0
0
0
0
0
0
0
0
0
0
0
0
0
0
0.0240833
0.0243985
0.0247186
0
0
0
0
0
0
0
0
0
0
0
0
0
0
0
0
0
0
0
0
0
0
0
0
0
0
0
0
0
0
0.0243149
0.0246296
0.0249418
0
0
0
0
0
0
0
0
0
0
0
0
0
0
0
0
0
0
0
0
0
0
0
0
0
0
0
0
0
0
0.0245899
0.0248976
0
0
0
0
0
0
0
0
0
0
0
0
0
0
0
0
0
0
0
0
0
0
0
0
0
0
0
0
0
0
0
0.0249039
0
0
0
0
0
0
0
0
0
0
0
0
0
0
0
0
0
0
0
0
0
0
0
0
0
0
0
0
0
0
0
0
0
0
0
0
0
0
0
0
0
0
0
0
0
0
0
0
0
0
0
0
0
0
0
0
0
0
0
0
0
0
0
0
0
0.0229534
0.0232868
0.0236184
0.023949
0.0242791
0.0246088
0.0249384
0
0
0
0
0
0
0
0
0
0
0
0
0
0
0
0
0
0
0
0
0
0
0
0
0
0
0.0229646
0.0232928
0.0236273
0.0239598
0.0242909
0.0246212
0.0249513
0
0
0
0
0
0
0
0
0
0
0
0
0
0
0
0
0
0
0
0
0
0
0
0
0
0
0.0229866
0.0233158
0.023645
0.0239743
0.0243039
0.0246346
0.0249709
0
0
0
0
0
0
0
0
0
0
0
0
0
0
0
0
0
0
0
0
0
0
0
0
0
0
0.0230163
0.0233445
0.0236728
0.0240026
0.0243372
0.0246703
0.0250024
0
0
0
0
0
0
0
0
0
0
0
0
0
0
0
0
0
0
0
0
0
0
0
0
0
0
0.0230632
0.0233918
0.0237203
0.0240492
0.0243847
0.0247182
0
0
0
0
0
0
0
0
0
0
0
0
0
0
0
0
0
0
0
0
0
0
0
0
0
0
0
0.0231226
0.0234557
0.0237869
0.0241168
0.0244463
0.0247758
0
0
0
0
0
0
0
0
0
0
0
0
0
0
0
0
0
0
0
0
0
0
0
0
0
0
0
0.023206
0.0235384
0.0238688
0.024198
0.0245265
0.0248548
0
0
0
0
0
0
0
0
0
0
0
0
0
0
0
0
0
0
0
0
0
0
0
0
0
0
0
0.0233157
0.0236421
0.0239683
0.0242961
0.0246285
0.0249588
0
0
0
0
0
0
0
0
0
0
0
0
0
0
0
0
0
0
0
0
0
0
0
0
0
0
0
0.0234466
0.0237719
0.0240966
0.0244227
0.024754
0
0
0
0
0
0
0
0
0
0
0
0
0
0
0
0
0
0
0
0
0
0
0
0
0
0
0
0
0.0236046
0.0239271
0.0242564
0.024583
0.0249078
0
0
0
0
0
0
0
0
0
0
0
0
0
0
0
0
0
0
0
0
0
0
0
0
0
0
0
0
0.0237967
0.0241216
0.0244436
0.0247645
0
0
0
0
0
0
0
0
0
0
0
0
0
0
0
0
0
0
0
0
0
0
0
0
0
0
0
0
0
0.0240336
0.0243504
0.0246728
0.024992
0
0
0
0
0
0
0
0
0
0
0
0
0
0
0
0
0
0
0
0
0
0
0
0
0
0
0
0
0
0.0243161
0.0246308
0.0249425
0
0
0
0
0
0
0
0
0
0
0
0
0
0
0
0
0
0
0
0
0
0
0
0
0
0
0
0
0
0
0.0246332
0.0249378
0
0
0
0
0
0
0
0
0
0
0
0
0
0
0
0
0
0
0
0
0
0
0
0
0
0
0
0
0
0
0
0.024889
0
0
0
0
0
0
0
0
0
0
0
0
0
0
0
0
0
0
0
0
0
0
0
0
0
0
0
0
0
0
0
0
0.0223898
0.0227225
0.0230555
0.0233886
0.023722
0.0240556
0.024389
0.0247223
0
0
0
0
0
0
0
0
0
0
0
0
0
0
0
0
0
0
0
0
0
0
0
0
0
0
0.0224011
0.0227338
0.0230666
0.0233994
0.0237325
0.0240659
0.0243995
0.0247332
0
0
0
0
0
0
0
0
0
0
0
0
0
0
0
0
0
0
0
0
0
0
0
0
0
0
0.0224081
0.0227466
0.0230835
0.0234194
0.0237549
0.02409
0.024425
0.0247598
0
0
0
0
0
0
0
0
0
0
0
0
0
0
0
0
0
0
0
0
0
0
0
0
0
0
0.0224466
0.0227803
0.0231142
0.0234481
0.0237821
0.0241162
0.0244505
0.0247849
0
0
0
0
0
0
0
0
0
0
0
0
0
0
0
0
0
0
0
0
0
0
0
0
0
0
0.0224944
0.0228288
0.0231629
0.0234968
0.0238306
0.0241645
0.0244984
0.0248325
0
0
0
0
0
0
0
0
0
0
0
0
0
0
0
0
0
0
0
0
0
0
0
0
0
0
0.0225576
0.0228902
0.023223
0.023556
0.0238892
0.0242226
0.0245562
0.0248897
0
0
0
0
0
0
0
0
0
0
0
0
0
0
0
0
0
0
0
0
0
0
0
0
0
0
0.022643
0.0229747
0.0233067
0.0236388
0.0239711
0.0243036
0.0246368
0.0249702
0
0
0
0
0
0
0
0
0
0
0
0
0
0
0
0
0
0
0
0
0
0
0
0
0
0
0.0227464
0.0230806
0.0234134
0.0237457
0.0240777
0.0244094
0.0247411
0
0
0
0
0
0
0
0
0
0
0
0
0
0
0
0
0
0
0
0
0
0
0
0
0
0
0
0.0228761
0.0232058
0.0235405
0.0238734
0.0242049
0.0245356
0.0248659
0
0
0
0
0
0
0
0
0
0
0
0
0
0
0
0
0
0
0
0
0
0
0
0
0
0
0
0.0230399
0.023372
0.0237019
0.0240305
0.0243583
0.0246862
0.0250146
0
0
0
0
0
0
0
0
0
0
0
0
0
0
0
0
0
0
0
0
0
0
0
0
0
0
0
0.0232421
0.0235678
0.0238922
0.0242166
0.0245473
0.0248753
0
0
0
0
0
0
0
0
0
0
0
0
0
0
0
0
0
0
0
0
0
0
0
0
0
0
0
0
0.0234839
0.0238026
0.0241279
0.0244502
0.0247712
0
0
0
0
0
0
0
0
0
0
0
0
0
0
0
0
0
0
0
0
0
0
0
0
0
0
0
0
0
0.023772
0.024085
0.0244025
0.0247179
0
0
0
0
0
0
0
0
0
0
0
0
0
0
0
0
0
0
0
0
0
0
0
0
0
0
0
0
0
0
0.0241013
0.0244109
0.0247168
0
0
0
0
0
0
0
0
0
0
0
0
0
0
0
0
0
0
0
0
0
0
0
0
0
0
0
0
0
0
0
0.0243679
0.0246661
0.0249661
0
0
0
0
0
0
0
0
0
0
0
0
0
0
0
0
0
0
0
0
0
0
0
0
0
0
0
0
0
0
0
0.0221938
0.0225313
0.0228686
0.0232059
0.0235432
0.0238807
0.0242129
0.0245465
0.0248864
0
0
0
0
0
0
0
0
0
0
0
0
0
0
0
0
0
0
0
0
0
0
0
0
0
0.0222029
0.0225357
0.0228698
0.023205
0.0235408
0.0238771
0.0242137
0.0245503
0.0248872
0
0
0
0
0
0
0
0
0
0
0
0
0
0
0
0
0
0
0
0
0
0
0
0
0
0.0222113
0.022548
0.0228847
0.0232218
0.0235591
0.0238967
0.0242343
0.0245718
0.0249094
0
0
0
0
0
0
0
0
0
0
0
0
0
0
0
0
0
0
0
0
0
0
0
0
0
0.0222398
0.022576
0.0229124
0.0232491
0.023586
0.0239231
0.0242605
0.0245985
0.0249368
0
0
0
0
0
0
0
0
0
0
0
0
0
0
0
0
0
0
0
0
0
0
0
0
0
0.0222869
0.0226234
0.0229602
0.0232972
0.0236345
0.0239719
0.0243097
0.0246476
0.0249853
0
0
0
0
0
0
0
0
0
0
0
0
0
0
0
0
0
0
0
0
0
0
0
0
0
0.022363
0.0226999
0.0230367
0.0233735
0.0237104
0.0240474
0.0243846
0.0247168
0
0
0
0
0
0
0
0
0
0
0
0
0
0
0
0
0
0
0
0
0
0
0
0
0
0
0.0224502
0.0227863
0.0231224
0.0234584
0.0237945
0.0241306
0.0244668
0.024803
0
0
0
0
0
0
0
0
0
0
0
0
0
0
0
0
0
0
0
0
0
0
0
0
0
0
0.022546
0.0228806
0.0232154
0.0235504
0.0238855
0.0242207
0.024556
0.0248914
0
0
0
0
0
0
0
0
0
0
0
0
0
0
0
0
0
0
0
0
0
0
0
0
0
0
0.0226847
0.023017
0.0233493
0.0236818
0.0240146
0.0243476
0.024681
0.0250149
0
0
0
0
0
0
0
0
0
0
0
0
0
0
0
0
0
0
0
0
0
0
0
0
0
0
0.0228515
0.0231811
0.0235106
0.0238403
0.0241713
0.0245073
0.0248415
0
0
0
0
0
0
0
0
0
0
0
0
0
0
0
0
0
0
0
0
0
0
0
0
0
0
0
0.0230473
0.0233742
0.0237064
0.0240363
0.024365
0.0246936
0
0
0
0
0
0
0
0
0
0
0
0
0
0
0
0
0
0
0
0
0
0
0
0
0
0
0
0
0.0232925
0.0236175
0.0239408
0.0242632
0.0245927
0.0249196
0
0
0
0
0
0
0
0
0
0
0
0
0
0
0
0
0
0
0
0
0
0
0
0
0
0
0
0
0.023583
0.0239011
0.024217
0.0245391
0.0248585
0
0
0
0
0
0
0
0
0
0
0
0
0
0
0
0
0
0
0
0
0
0
0
0
0
0
0
0
0
0.0239186
0.0242268
0.0245392
0.0248478
0
0
0
0
0
0
0
0
0
0
0
0
0
0
0
0
0
0
0
0
0
0
0
0
0
0
0
0
0
0
0.0241872
0.0244859
0.0247873
0
0
0
0
0
0
0
0
0
0
0
0
0
0
0
0
0
0
0
0
0
0
0
0
0
0
0
0
0
0
0
0.0216912
0.0220319
0.0223678
0.0227045
0.0230419
0.0233797
0.0237182
0.0240571
0.0243961
0.0247354
0
0
0
0
0
0
0
0
0
0
0
0
0
0
0
0
0
0
0
0
0
0
0
0
0
0.0216971
0.0220346
0.0223728
0.0227115
0.0230503
0.0233893
0.0237286
0.0240681
0.0244077
0.0247477
0
0
0
0
0
0
0
0
0
0
0
0
0
0
0
0
0
0
0
0
0
0
0
0
0
0.0217159
0.0220549
0.0223942
0.0227337
0.0230736
0.0234138
0.0237542
0.0240896
0.0244263
0.0247641
0
0
0
0
0
0
0
0
0
0
0
0
0
0
0
0
0
0
0
0
0
0
0
0
0
0.0217459
0.0220842
0.0224229
0.0227618
0.0231012
0.023441
0.0237813
0.024122
0.0244628
0.0248036
0
0
0
0
0
0
0
0
0
0
0
0
0
0
0
0
0
0
0
0
0
0
0
0
0
0.0217928
0.0221317
0.0224707
0.0228099
0.0231493
0.0234889
0.0238291
0.0241694
0.0245101
0.0248457
0
0
0
0
0
0
0
0
0
0
0
0
0
0
0
0
0
0
0
0
0
0
0
0
0
0.0218643
0.0222051
0.0225398
0.0228758
0.0232127
0.0235503
0.0238884
0.024227
0.024566
0.024905
0
0
0
0
0
0
0
0
0
0
0
0
0
0
0
0
0
0
0
0
0
0
0
0
0
0.021949
0.0222895
0.0226236
0.0229589
0.023295
0.0236318
0.023969
0.0243065
0.0246444
0.0249826
0
0
0
0
0
0
0
0
0
0
0
0
0
0
0
0
0
0
0
0
0
0
0
0
0
0.0220491
0.0223867
0.0227243
0.0230617
0.0233991
0.0237365
0.024074
0.0244117
0.0247497
0
0
0
0
0
0
0
0
0
0
0
0
0
0
0
0
0
0
0
0
0
0
0
0
0
0
0.0221926
0.0225278
0.0228631
0.0231985
0.023534
0.0238696
0.0242053
0.0245413
0.0248774
0
0
0
0
0
0
0
0
0
0
0
0
0
0
0
0
0
0
0
0
0
0
0
0
0
0
0.0223644
0.0226973
0.0230299
0.0233623
0.0236945
0.0240268
0.0243593
0.0246921
0
0
0
0
0
0
0
0
0
0
0
0
0
0
0
0
0
0
0
0
0
0
0
0
0
0
0
0.0225639
0.0228935
0.0232225
0.0235511
0.0238804
0.0242158
0.0245494
0.0248818
0
0
0
0
0
0
0
0
0
0
0
0
0
0
0
0
0
0
0
0
0
0
0
0
0
0
0
0.0228099
0.0231332
0.0234575
0.0237872
0.0241145
0.0244409
0.0247669
0
0
0
0
0
0
0
0
0
0
0
0
0
0
0
0
0
0
0
0
0
0
0
0
0
0
0
0
0.0231058
0.0234231
0.0237469
0.0240677
0.0243864
0.024712
0
0
0
0
0
0
0
0
0
0
0
0
0
0
0
0
0
0
0
0
0
0
0
0
0
0
0
0
0
0.0234555
0.0237635
0.024077
0.0243863
0.0247019
0.0250137
0
0
0
0
0
0
0
0
0
0
0
0
0
0
0
0
0
0
0
0
0
0
0
0
0
0
0
0
0
0.0237314
0.0240321
0.024335
0.0246402
0.0249447
0
0
0
0
0
0
0
0
0
0
0
0
0
0
0
0
0
0
0
0
0
0
0
0
0
0
0
0
0
0
0.0215634
0.0219054
0.0222428
0.0225811
0.0229207
0.0232608
0.0236009
0.0239412
0.0242819
0.024623
0.0249647
0
0
0
0
0
0
0
0
0
0
0
0
0
0
0
0
0
0
0
0
0
0
0
0
0.0215721
0.0219104
0.0222503
0.0225905
0.0229309
0.0232714
0.0236121
0.0239531
0.0242946
0.0246367
0.0249737
0
0
0
0
0
0
0
0
0
0
0
0
0
0
0
0
0
0
0
0
0
0
0
0
0.0215914
0.0219319
0.0222727
0.0226139
0.0229556
0.0232926
0.023631
0.023971
0.0243113
0.0246518
0.0249924
0
0
0
0
0
0
0
0
0
0
0
0
0
0
0
0
0
0
0
0
0
0
0
0
0.0216231
0.0219629
0.022303
0.0226433
0.0229842
0.0233255
0.0236673
0.02401
0.0243469
0.0246852
0
0
0
0
0
0
0
0
0
0
0
0
0
0
0
0
0
0
0
0
0
0
0
0
0
0.0216694
0.0220095
0.0223499
0.0226904
0.0230313
0.0233728
0.0237149
0.024052
0.0243905
0.0247297
0
0
0
0
0
0
0
0
0
0
0
0
0
0
0
0
0
0
0
0
0
0
0
0
0
0.0217366
0.0220786
0.0224153
0.0227533
0.0230922
0.0234315
0.0237713
0.0241112
0.0244512
0.0247916
0
0
0
0
0
0
0
0
0
0
0
0
0
0
0
0
0
0
0
0
0
0
0
0
0
0.0218193
0.0221607
0.0224969
0.0228342
0.0231727
0.0235114
0.0238503
0.0241893
0.0245286
0.0248683
0
0
0
0
0
0
0
0
0
0
0
0
0
0
0
0
0
0
0
0
0
0
0
0
0
0.0219213
0.0222601
0.0225989
0.0229376
0.0232765
0.0236155
0.0239547
0.0242942
0.0246341
0.0249744
0
0
0
0
0
0
0
0
0
0
0
0
0
0
0
0
0
0
0
0
0
0
0
0
0
0.0220611
0.0223979
0.0227348
0.0230719
0.0234091
0.0237466
0.0240842
0.0244222
0.0247605
0
0
0
0
0
0
0
0
0
0
0
0
0
0
0
0
0
0
0
0
0
0
0
0
0
0
0.0222335
0.0225674
0.0229012
0.0232351
0.0235691
0.0239032
0.0242375
0.0245721
0.0249071
0
0
0
0
0
0
0
0
0
0
0
0
0
0
0
0
0
0
0
0
0
0
0
0
0
0
0.0224366
0.0227668
0.023097
0.0234273
0.0237578
0.0240893
0.0244266
0.0247621
0
0
0
0
0
0
0
0
0
0
0
0
0
0
0
0
0
0
0
0
0
0
0
0
0
0
0
0.0226829
0.0230078
0.0233334
0.0236648
0.0239939
0.0243215
0.024649
0.0249767
0
0
0
0
0
0
0
0
0
0
0
0
0
0
0
0
0
0
0
0
0
0
0
0
0
0
0
0.0229826
0.0233007
0.0236252
0.0239476
0.024268
0.0245892
0.0249151
0
0
0
0
0
0
0
0
0
0
0
0
0
0
0
0
0
0
0
0
0
0
0
0
0
0
0
0
0.0233311
0.023641
0.0239559
0.0242673
0.024584
0.024897
0
0
0
0
0
0
0
0
0
0
0
0
0
0
0
0
0
0
0
0
0
0
0
0
0
0
0
0
0
0.0236095
0.0239115
0.0242157
0.0245239
0.0248287
0
0
0
0
0
0
0
0
0
0
0
0
0
0
0
0
0
0
0
0
0
0
0
0
0
0
0
0
0
0
0.0214643
0.0218061
0.0221486
0.0224913
0.0228347
0.0231721
0.0235108
0.0238506
0.0241912
0.0245326
0.0248746
0
0
0
0
0
0
0
0
0
0
0
0
0
0
0
0
0
0
0
0
0
0
0
0
0.0214763
0.0218188
0.0221616
0.0224992
0.0228385
0.0231789
0.02352
0.0238615
0.0242032
0.0245452
0.0248878
0
0
0
0
0
0
0
0
0
0
0
0
0
0
0
0
0
0
0
0
0
0
0
0
0.0214942
0.021835
0.0221763
0.022518
0.0228599
0.0232021
0.0235446
0.023882
0.024221
0.0245614
0.0249025
0
0
0
0
0
0
0
0
0
0
0
0
0
0
0
0
0
0
0
0
0
0
0
0
0.0215326
0.02187
0.0222088
0.0225487
0.0228895
0.0232311
0.0235733
0.0239159
0.0242588
0.0245961
0.0249347
0
0
0
0
0
0
0
0
0
0
0
0
0
0
0
0
0
0
0
0
0
0
0
0
0.0215746
0.0219137
0.0222538
0.0225946
0.0229359
0.0232777
0.0236199
0.0239625
0.0243002
0.0246388
0.0249787
0
0
0
0
0
0
0
0
0
0
0
0
0
0
0
0
0
0
0
0
0
0
0
0
0.0216363
0.021978
0.02232
0.0226622
0.0229994
0.0233378
0.0236776
0.0240179
0.0243587
0.0246997
0
0
0
0
0
0
0
0
0
0
0
0
0
0
0
0
0
0
0
0
0
0
0
0
0
0.0217184
0.0220595
0.0224008
0.0227424
0.0230841
0.0234202
0.0237576
0.0240961
0.0244355
0.0247754
0
0
0
0
0
0
0
0
0
0
0
0
0
0
0
0
0
0
0
0
0
0
0
0
0
0.0218244
0.0221617
0.0224999
0.0228389
0.0231784
0.023518
0.0238577
0.0241976
0.0245376
0.0248779
0
0
0
0
0
0
0
0
0
0
0
0
0
0
0
0
0
0
0
0
0
0
0
0
0
0.0219567
0.0222939
0.0226313
0.0229688
0.0233065
0.0236445
0.0239828
0.0243215
0.0246605
0.0249996
0
0
0
0
0
0
0
0
0
0
0
0
0
0
0
0
0
0
0
0
0
0
0
0
0
0.022125
0.0224595
0.0227941
0.0231289
0.0234639
0.0237992
0.0241348
0.0244706
0.0248067
0
0
0
0
0
0
0
0
0
0
0
0
0
0
0
0
0
0
0
0
0
0
0
0
0
0
0.0223308
0.0226618
0.0229983
0.023333
0.0236666
0.0239999
0.0243331
0.0246663
0.0249998
0
0
0
0
0
0
0
0
0
0
0
0
0
0
0
0
0
0
0
0
0
0
0
0
0
0
0.0225794
0.0229107
0.0232403
0.0235688
0.0238967
0.0242243
0.0245524
0.0248868
0
0
0
0
0
0
0
0
0
0
0
0
0
0
0
0
0
0
0
0
0
0
0
0
0
0
0
0.0228804
0.0232054
0.023528
0.0238488
0.0241703
0.0244966
0.0248204
0
0
0
0
0
0
0
0
0
0
0
0
0
0
0
0
0
0
0
0
0
0
0
0
0
0
0
0
0.0232301
0.0235405
0.0238553
0.024168
0.0244845
0.0247992
0
0
0
0
0
0
0
0
0
0
0
0
0
0
0
0
0
0
0
0
0
0
0
0
0
0
0
0
0
0.0235169
0.0238177
0.0241212
0.024427
0.0247378
0
0
0
0
0
0
0
0
0
0
0
0
0
0
0
0
0
0
0
0
0
0
0
0
0
0
0
0
0
0
0.0213942
0.0217373
0.0220757
0.0224155
0.0227566
0.0230981
0.0234398
0.0237818
0.0241242
0.0244673
0.0248053
0
0
0
0
0
0
0
0
0
0
0
0
0
0
0
0
0
0
0
0
0
0
0
0
0.0214069
0.0217455
0.0220857
0.0224267
0.0227681
0.0231097
0.0234518
0.0237945
0.0241326
0.0244723
0.0248135
0
0
0
0
0
0
0
0
0
0
0
0
0
0
0
0
0
0
0
0
0
0
0
0
0.0214225
0.0217645
0.0221067
0.0224495
0.0227878
0.0231274
0.0234688
0.0238104
0.0241521
0.0244938
0.0248359
0
0
0
0
0
0
0
0
0
0
0
0
0
0
0
0
0
0
0
0
0
0
0
0
0.0214545
0.0217958
0.0221373
0.0224792
0.0228216
0.0231645
0.0235027
0.0238423
0.0241832
0.0245245
0.024866
0
0
0
0
0
0
0
0
0
0
0
0
0
0
0
0
0
0
0
0
0
0
0
0
0.0215001
0.0218416
0.0221834
0.0225254
0.0228679
0.0232112
0.0235494
0.023889
0.0242296
0.0245705
0.0249119
0
0
0
0
0
0
0
0
0
0
0
0
0
0
0
0
0
0
0
0
0
0
0
0
0.0215656
0.0219085
0.0222463
0.0225861
0.0229268
0.0232679
0.0236091
0.0239505
0.0242922
0.0246344
0.0249719
0
0
0
0
0
0
0
0
0
0
0
0
0
0
0
0
0
0
0
0
0
0
0
0
0.0216479
0.02199
0.0223274
0.0226659
0.0230059
0.0233462
0.0236866
0.0240273
0.0243683
0.0247096
0
0
0
0
0
0
0
0
0
0
0
0
0
0
0
0
0
0
0
0
0
0
0
0
0
0.0217503
0.0220899
0.0224295
0.0227691
0.023109
0.0234492
0.0237897
0.0241307
0.024467
0.0248047
0
0
0
0
0
0
0
0
0
0
0
0
0
0
0
0
0
0
0
0
0
0
0
0
0
0.0218839
0.0222219
0.02256
0.0228983
0.0232368
0.0235755
0.0239147
0.0242542
0.0245941
0.0249288
0
0
0
0
0
0
0
0
0
0
0
0
0
0
0
0
0
0
0
0
0
0
0
0
0
0.0220519
0.0223869
0.022722
0.0230574
0.0233929
0.0237288
0.024065
0.0244016
0.0247386
0
0
0
0
0
0
0
0
0
0
0
0
0
0
0
0
0
0
0
0
0
0
0
0
0
0
0.0222582
0.022589
0.0229201
0.0232521
0.0235851
0.0239235
0.0242604
0.0245963
0.0249317
0
0
0
0
0
0
0
0
0
0
0
0
0
0
0
0
0
0
0
0
0
0
0
0
0
0
0.0225063
0.0228324
0.0231652
0.0234957
0.0238249
0.0241537
0.0244825
0.0248117
0
0
0
0
0
0
0
0
0
0
0
0
0
0
0
0
0
0
0
0
0
0
0
0
0
0
0
0.0228068
0.0231261
0.0234525
0.0237761
0.0240982
0.0244213
0.0247489
0
0
0
0
0
0
0
0
0
0
0
0
0
0
0
0
0
0
0
0
0
0
0
0
0
0
0
0
0.0231566
0.0234671
0.0237834
0.024096
0.0244144
0.024729
0
0
0
0
0
0
0
0
0
0
0
0
0
0
0
0
0
0
0
0
0
0
0
0
0
0
0
0
0
0.023443
0.0237451
0.0240496
0.0243587
0.0246639
0.0249717
0
0
0
0
0
0
0
0
0
0
0
0
0
0
0
0
0
0
0
0
0
0
0
0
0
0
0
0
0
0.0213395
0.0216819
0.0220251
0.0223687
0.0227068
0.0230462
0.0233866
0.0237278
0.0240696
0.0244123
0.0247558
0
0
0
0
0
0
0
0
0
0
0
0
0
0
0
0
0
0
0
0
0
0
0
0
0.0213518
0.0216951
0.0220335
0.022373
0.0227141
0.0230557
0.0233977
0.02374
0.0240828
0.0244261
0.024764
0
0
0
0
0
0
0
0
0
0
0
0
0
0
0
0
0
0
0
0
0
0
0
0
0.02137
0.0217114
0.0220532
0.0223954
0.022738
0.0230811
0.0234191
0.0237586
0.0240996
0.0244411
0.0247831
0
0
0
0
0
0
0
0
0
0
0
0
0
0
0
0
0
0
0
0
0
0
0
0
0.0214079
0.021746
0.0220854
0.022426
0.0227675
0.0231099
0.0234531
0.0237966
0.0241344
0.0244735
0.0248138
0
0
0
0
0
0
0
0
0
0
0
0
0
0
0
0
0
0
0
0
0
0
0
0
0.0214496
0.0217895
0.0221302
0.0224717
0.0228138
0.0231564
0.0234996
0.0238379
0.0241771
0.0245174
0.0248583
0
0
0
0
0
0
0
0
0
0
0
0
0
0
0
0
0
0
0
0
0
0
0
0
0.0215108
0.0218531
0.0221959
0.0225391
0.0228769
0.023216
0.0235563
0.0238972
0.0242384
0.02458
0.0249222
0
0
0
0
0
0
0
0
0
0
0
0
0
0
0
0
0
0
0
0
0
0
0
0
0.0215931
0.0219344
0.0222764
0.0226189
0.0229562
0.0232942
0.0236333
0.0239731
0.0243136
0.0246546
0.0249963
0
0
0
0
0
0
0
0
0
0
0
0
0
0
0
0
0
0
0
0
0
0
0
0
0.0216977
0.0220356
0.0223745
0.0227141
0.0230539
0.0233939
0.0237341
0.0240746
0.0244155
0.0247567
0
0
0
0
0
0
0
0
0
0
0
0
0
0
0
0
0
0
0
0
0
0
0
0
0
0.0218276
0.0221654
0.0225033
0.0228415
0.0231799
0.0235185
0.0238574
0.0241967
0.0245364
0.0248765
0
0
0
0
0
0
0
0
0
0
0
0
0
0
0
0
0
0
0
0
0
0
0
0
0
0.021993
0.0223284
0.022664
0.0229998
0.0233357
0.0236719
0.0240082
0.0243448
0.0246817
0
0
0
0
0
0
0
0
0
0
0
0
0
0
0
0
0
0
0
0
0
0
0
0
0
0
0.0221985
0.0225354
0.0228707
0.0232051
0.0235391
0.0238731
0.0242071
0.0245412
0.0248754
0
0
0
0
0
0
0
0
0
0
0
0
0
0
0
0
0
0
0
0
0
0
0
0
0
0
0.022453
0.0227833
0.0231124
0.023441
0.0237692
0.0240975
0.0244263
0.0247615
0
0
0
0
0
0
0
0
0
0
0
0
0
0
0
0
0
0
0
0
0
0
0
0
0
0
0
0.0227499
0.0230757
0.0233987
0.02372
0.0240478
0.0243733
0.0246969
0
0
0
0
0
0
0
0
0
0
0
0
0
0
0
0
0
0
0
0
0
0
0
0
0
0
0
0
0.0230991
0.0234107
0.0237253
0.0240392
0.0243564
0.0246722
0.0249921
0
0
0
0
0
0
0
0
0
0
0
0
0
0
0
0
0
0
0
0
0
0
0
0
0
0
0
0
0.02339
0.0236906
0.0239938
0.0242997
0.0246106
0.024917
0
0
0
0
0
0
0
0
0
0
0
0
0
0
0
0
0
0
0
0
0
0
0
0
0
0
0
0
0
0.0213044
0.0216471
0.0219904
0.0223286
0.0226682
0.0230089
0.0233503
0.0236923
0.0240348
0.0243778
0.0247214
0
0
0
0
0
0
0
0
0
0
0
0
0
0
0
0
0
0
0
0
0
0
0
0
0.0213178
0.021656
0.0219957
0.0223368
0.0226783
0.0230203
0.0233625
0.023705
0.0240481
0.0243862
0.0247263
0
0
0
0
0
0
0
0
0
0
0
0
0
0
0
0
0
0
0
0
0
0
0
0
0.0213345
0.0216762
0.0220182
0.0223604
0.0227033
0.0230414
0.0233812
0.0237223
0.024064
0.024406
0.0247482
0
0
0
0
0
0
0
0
0
0
0
0
0
0
0
0
0
0
0
0
0
0
0
0
0.0213649
0.021706
0.0220475
0.0223896
0.0227321
0.023075
0.0234182
0.0237562
0.0240958
0.0244364
0.0247777
0
0
0
0
0
0
0
0
0
0
0
0
0
0
0
0
0
0
0
0
0
0
0
0
0.0214123
0.021753
0.0220945
0.0224365
0.0227788
0.0231215
0.0234598
0.0237992
0.0241398
0.0244809
0.0248226
0
0
0
0
0
0
0
0
0
0
0
0
0
0
0
0
0
0
0
0
0
0
0
0
0.0214763
0.0218185
0.0221615
0.0224994
0.0228388
0.0231792
0.0235201
0.0238614
0.0242028
0.0245446
0.0248871
0
0
0
0
0
0
0
0
0
0
0
0
0
0
0
0
0
0
0
0
0
0
0
0
0.0215581
0.0218996
0.0222417
0.022579
0.0229172
0.0232568
0.0235969
0.0239375
0.0242787
0.0246202
0.0249619
0
0
0
0
0
0
0
0
0
0
0
0
0
0
0
0
0
0
0
0
0
0
0
0
0.0216599
0.0219991
0.0223388
0.0226788
0.023019
0.0233593
0.0236996
0.0240402
0.0243812
0.0247178
0
0
0
0
0
0
0
0
0
0
0
0
0
0
0
0
0
0
0
0
0
0
0
0
0
0.0217917
0.02213
0.0224685
0.0228071
0.0231458
0.0234846
0.0238236
0.0241629
0.0245026
0.0248425
0
0
0
0
0
0
0
0
0
0
0
0
0
0
0
0
0
0
0
0
0
0
0
0
0
0.0219587
0.0222943
0.0226301
0.0229661
0.0233023
0.0236389
0.0239756
0.0243126
0.0246498
0.0249873
0
0
0
0
0
0
0
0
0
0
0
0
0
0
0
0
0
0
0
0
0
0
0
0
0
0.0221627
0.0224948
0.0228275
0.0231654
0.0235018
0.0238371
0.024172
0.0245066
0.0248411
0
0
0
0
0
0
0
0
0
0
0
0
0
0
0
0
0
0
0
0
0
0
0
0
0
0
0.0224104
0.0227429
0.0230733
0.0234027
0.0237317
0.0240607
0.0243897
0.0247195
0
0
0
0
0
0
0
0
0
0
0
0
0
0
0
0
0
0
0
0
0
0
0
0
0
0
0
0.022712
0.0230378
0.0233613
0.0236829
0.0240048
0.0243325
0.0246578
0.0249818
0
0
0
0
0
0
0
0
0
0
0
0
0
0
0
0
0
0
0
0
0
0
0
0
0
0
0
0.0230609
0.023372
0.0236874
0.0240008
0.0243182
0.0246334
0.0249537
0
0
0
0
0
0
0
0
0
0
0
0
0
0
0
0
0
0
0
0
0
0
0
0
0
0
0
0
0.0233469
0.0236488
0.0239532
0.0242598
0.0245665
0.0248748
0
0
0
0
0
0
0
0
0
0
0
0
0
0
0
0
0
0
0
0
0
0
0
0
0
0
0
0
0
0.0212789
0.0216193
0.0219607
0.0223024
0.0226443
0.0229867
0.0233296
0.0236731
0.0240112
0.0243509
0.0246919
0
0
0
0
0
0
0
0
0
0
0
0
0
0
0
0
0
0
0
0
0
0
0
0
0.0212901
0.0216316
0.0219732
0.0223151
0.0226574
0.0230005
0.0233385
0.0236784
0.0240197
0.0243613
0.0247032
0
0
0
0
0
0
0
0
0
0
0
0
0
0
0
0
0
0
0
0
0
0
0
0
0.0213132
0.0216562
0.021994
0.0223338
0.0226752
0.023017
0.0233588
0.0237008
0.0240432
0.0243863
0.0247242
0
0
0
0
0
0
0
0
0
0
0
0
0
0
0
0
0
0
0
0
0
0
0
0
0.0213423
0.0216846
0.0220274
0.0223706
0.0227084
0.023048
0.023389
0.0237305
0.0240723
0.0244146
0.0247574
0
0
0
0
0
0
0
0
0
0
0
0
0
0
0
0
0
0
0
0
0
0
0
0
0.0213895
0.0217317
0.0220745
0.0224125
0.022752
0.0230929
0.0234344
0.023776
0.0241177
0.0244598
0.0248025
0
0
0
0
0
0
0
0
0
0
0
0
0
0
0
0
0
0
0
0
0
0
0
0
0.0214497
0.0217903
0.0221317
0.0224733
0.0228147
0.0231565
0.0234986
0.0238364
0.0241753
0.0245157
0.0248571
0
0
0
0
0
0
0
0
0
0
0
0
0
0
0
0
0
0
0
0
0
0
0
0
0.0215312
0.0218708
0.0222114
0.0225522
0.0228932
0.0232344
0.0235759
0.0239175
0.0242595
0.024596
0.0249344
0
0
0
0
0
0
0
0
0
0
0
0
0
0
0
0
0
0
0
0
0
0
0
0
0.0216383
0.0219784
0.0223188
0.0226596
0.0230008
0.0233365
0.0236737
0.0240125
0.0243522
0.0246922
0
0
0
0
0
0
0
0
0
0
0
0
0
0
0
0
0
0
0
0
0
0
0
0
0
0.0217738
0.022113
0.0224525
0.0227871
0.0231231
0.02346
0.0237973
0.0241349
0.0244733
0.0248123
0
0
0
0
0
0
0
0
0
0
0
0
0
0
0
0
0
0
0
0
0
0
0
0
0
0.0219456
0.0222815
0.0226176
0.0229536
0.0232896
0.0236256
0.0239618
0.0242981
0.0246347
0.0249716
0
0
0
0
0
0
0
0
0
0
0
0
0
0
0
0
0
0
0
0
0
0
0
0
0
0.0221491
0.022481
0.0228127
0.0231446
0.0234769
0.0238097
0.024143
0.0244765
0.0248103
0
0
0
0
0
0
0
0
0
0
0
0
0
0
0
0
0
0
0
0
0
0
0
0
0
0
0.0223921
0.0227191
0.0230458
0.0233739
0.0237072
0.0240384
0.0243685
0.024698
0
0
0
0
0
0
0
0
0
0
0
0
0
0
0
0
0
0
0
0
0
0
0
0
0
0
0
0.0226908
0.023011
0.0233317
0.0236575
0.0239812
0.0243037
0.0246332
0.0249598
0
0
0
0
0
0
0
0
0
0
0
0
0
0
0
0
0
0
0
0
0
0
0
0
0
0
0
0.0230328
0.0233461
0.0236638
0.0239779
0.0242915
0.0246088
0.0249251
0
0
0
0
0
0
0
0
0
0
0
0
0
0
0
0
0
0
0
0
0
0
0
0
0
0
0
0
0.0233189
0.0236221
0.0239284
0.0242334
0.0245402
0.0248496
0
0
0
0
0
0
0
0
0
0
0
0
0
0
0
0
0
0
0
0
0
0
0
0
0
0
0
0
0
0.0212676
0.0216103
0.0219483
0.0222874
0.0226279
0.022969
0.0233106
0.0236527
0.0239954
0.0243384
0.0246768
0.0250161
0
0
0
0
0
0
0
0
0
0
0
0
0
0
0
0
0
0
0
0
0
0
0
0.0212761
0.0216154
0.0219562
0.0222975
0.0226392
0.0229813
0.0233236
0.0236663
0.0240044
0.0243439
0.0246849
0
0
0
0
0
0
0
0
0
0
0
0
0
0
0
0
0
0
0
0
0
0
0
0
0.0212961
0.0216377
0.0219798
0.0223222
0.0226653
0.0230034
0.0233431
0.0236838
0.0240251
0.0243668
0.0247089
0
0
0
0
0
0
0
0
0
0
0
0
0
0
0
0
0
0
0
0
0
0
0
0
0.0213264
0.0216675
0.022009
0.0223511
0.0226938
0.0230369
0.0233753
0.0237145
0.0240552
0.0243962
0.0247378
0
0
0
0
0
0
0
0
0
0
0
0
0
0
0
0
0
0
0
0
0
0
0
0
0.021374
0.021715
0.0220566
0.0223985
0.0227408
0.0230838
0.0234215
0.0237608
0.024101
0.0244419
0.0247834
0
0
0
0
0
0
0
0
0
0
0
0
0
0
0
0
0
0
0
0
0
0
0
0
0.0214394
0.021782
0.0221195
0.0224585
0.0227986
0.0231394
0.0234805
0.0238219
0.0241634
0.0245054
0.024848
0
0
0
0
0
0
0
0
0
0
0
0
0
0
0
0
0
0
0
0
0
0
0
0
0.0215206
0.0218625
0.0221996
0.0225378
0.0228769
0.0232169
0.0235572
0.0238979
0.0242392
0.0245808
0.0249226
0
0
0
0
0
0
0
0
0
0
0
0
0
0
0
0
0
0
0
0
0
0
0
0
0.0216217
0.021961
0.0223005
0.0226402
0.0229802
0.0233204
0.0236608
0.0240014
0.0243426
0.0246787
0
0
0
0
0
0
0
0
0
0
0
0
0
0
0
0
0
0
0
0
0
0
0
0
0
0.0217542
0.0220923
0.0224306
0.0227691
0.0231076
0.0234463
0.0237852
0.0241245
0.0244642
0.0248041
0
0
0
0
0
0
0
0
0
0
0
0
0
0
0
0
0
0
0
0
0
0
0
0
0
0.0219227
0.0222578
0.0225931
0.0229286
0.0232644
0.0236004
0.0239368
0.0242734
0.0246104
0.0249477
0
0
0
0
0
0
0
0
0
0
0
0
0
0
0
0
0
0
0
0
0
0
0
0
0
0.0221267
0.0224576
0.0227893
0.0231217
0.0234595
0.0237957
0.024131
0.0244658
0.0248003
0
0
0
0
0
0
0
0
0
0
0
0
0
0
0
0
0
0
0
0
0
0
0
0
0
0
0.0223724
0.0226996
0.0230312
0.0233609
0.0236899
0.0240188
0.0243477
0.0246775
0.0250134
0
0
0
0
0
0
0
0
0
0
0
0
0
0
0
0
0
0
0
0
0
0
0
0
0
0
0.0226716
0.0229969
0.0233202
0.0236415
0.0239629
0.0242904
0.0246155
0.0249392
0
0
0
0
0
0
0
0
0
0
0
0
0
0
0
0
0
0
0
0
0
0
0
0
0
0
0
0.0230184
0.0233297
0.0236451
0.0239586
0.024276
0.0245912
0.0249113
0
0
0
0
0
0
0
0
0
0
0
0
0
0
0
0
0
0
0
0
0
0
0
0
0
0
0
0
0.0233072
0.0236079
0.0239115
0.0242177
0.0245241
0.0248322
0
0
0
0
0
0
0
0
0
0
0
0
0
0
0
0
0
0
0
0
0
0
0
0
0
0
0
0
0
0.021258
0.0216003
0.0219434
0.022287
0.0226252
0.0229644
0.0233045
0.0236453
0.0239868
0.0243291
0.0246722
0.0250159
0
0
0
0
0
0
0
0
0
0
0
0
0
0
0
0
0
0
0
0
0
0
0
0.0212712
0.0216143
0.0219521
0.0222916
0.0226323
0.0229735
0.0233153
0.0236573
0.0239999
0.0243431
0.0246809
0
0
0
0
0
0
0
0
0
0
0
0
0
0
0
0
0
0
0
0
0
0
0
0
0.0212886
0.0216298
0.0219715
0.0223134
0.022656
0.0229992
0.0233371
0.0236766
0.0240173
0.0243586
0.0247003
0
0
0
0
0
0
0
0
0
0
0
0
0
0
0
0
0
0
0
0
0
0
0
0
0.0213234
0.0216626
0.0220027
0.0223435
0.022685
0.0230273
0.0233704
0.0237139
0.0240518
0.0243908
0.0247309
0
0
0
0
0
0
0
0
0
0
0
0
0
0
0
0
0
0
0
0
0
0
0
0
0.0213683
0.0217084
0.0220491
0.0223904
0.022732
0.0230743
0.0234174
0.0237554
0.0240945
0.0244345
0.0247751
0
0
0
0
0
0
0
0
0
0
0
0
0
0
0
0
0
0
0
0
0
0
0
0
0.0214314
0.0217734
0.0221161
0.0224536
0.0227923
0.0231322
0.0234726
0.0238135
0.0241545
0.024496
0.024838
0
0
0
0
0
0
0
0
0
0
0
0
0
0
0
0
0
0
0
0
0
0
0
0
0.0215121
0.0218534
0.0221953
0.0225376
0.0228743
0.0232119
0.0235507
0.0238901
0.02423
0.0245706
0.0249118
0
0
0
0
0
0
0
0
0
0
0
0
0
0
0
0
0
0
0
0
0
0
0
0
0.0216152
0.0219532
0.0222921
0.0226315
0.0229711
0.0233107
0.0236506
0.0239907
0.0243313
0.0246723
0.0250137
0
0
0
0
0
0
0
0
0
0
0
0
0
0
0
0
0
0
0
0
0
0
0
0
0.0217457
0.0220831
0.0224206
0.0227584
0.0230964
0.0234346
0.0237731
0.0241119
0.0244512
0.0247909
0
0
0
0
0
0
0
0
0
0
0
0
0
0
0
0
0
0
0
0
0
0
0
0
0
0.0219118
0.0222464
0.0225812
0.0229164
0.0232518
0.0235875
0.0239234
0.0242596
0.0245959
0.0249327
0
0
0
0
0
0
0
0
0
0
0
0
0
0
0
0
0
0
0
0
0
0
0
0
0
0.0221165
0.0224478
0.0227841
0.023119
0.023453
0.0237868
0.0241204
0.024454
0.0247876
0
0
0
0
0
0
0
0
0
0
0
0
0
0
0
0
0
0
0
0
0
0
0
0
0
0
0.0223638
0.0226947
0.0230239
0.0233523
0.0236803
0.0240084
0.024338
0.0246724
0.0250052
0
0
0
0
0
0
0
0
0
0
0
0
0
0
0
0
0
0
0
0
0
0
0
0
0
0
0.0226617
0.0229867
0.0233091
0.0236302
0.0239579
0.0242828
0.024606
0.0249295
0
0
0
0
0
0
0
0
0
0
0
0
0
0
0
0
0
0
0
0
0
0
0
0
0
0
0
0.0230087
0.0233252
0.0236375
0.0239554
0.02427
0.0245846
0.0249027
0
0
0
0
0
0
0
0
0
0
0
0
0
0
0
0
0
0
0
0
0
0
0
0
0
0
0
0
0.0232945
0.0236015
0.0239043
0.0242098
0.0245191
0.0248263
0
0
0
0
0
0
0
0
0
0
0
0
0
0
0
0
0
0
0
0
0
0
0
0
0
0
0
0
0
)
;

boundaryField
{
    walls
    {
        type            zeroGradient;
    }
    procBoundary4to3
    {
        type            processor;
        value           nonuniform List<scalar> 
300
(
0
0
0
0
0
0
0
0
0
0
0
0
0
0
0
0.0245182
0.0245316
0.0245484
0.0245881
0.0246336
0.0246962
0.0247764
0.0248799
0.0250017
0
0
0
0
0
0
0.0240125
0.0240125
0.0240221
0.0240221
0.0240467
0.0240467
0.0240789
0.0240789
0.0241273
0.0241273
0.0241901
0.0241901
0.0242699
0.0242699
0.0243714
0.0243714
0.024497
0.024497
0.0246466
0.0246466
0.0248424
0.0248424
0
0
0
0
0
0
0
0
0.0232748
0.0232875
0.0233061
0.023338
0.0233873
0.0234528
0.0235342
0.0236364
0.0237659
0.0239207
0.0241153
0.0243487
0.0246301
0.0249387
0
0.0229162
0.022927
0.0229494
0.0229839
0.0230283
0.0230908
0.0231734
0.0232799
0.0234109
0.0235694
0.0237656
0.0240042
0.0242862
0.0246042
0.0248601
0.022625
0.022625
0.022637
0.022637
0.0226569
0.0226569
0.022688
0.022688
0.0227342
0.0227342
0.0227949
0.0227949
0.0228788
0.0228788
0.0229888
0.0229888
0.0231202
0.0231202
0.0232806
0.0232806
0.0234781
0.0234781
0.0237135
0.0237135
0.0240056
0.0240056
0.0243324
0.0243324
0.024594
0.024594
0.0220571
0.0220681
0.0220749
0.0221128
0.0221596
0.0222251
0.0223114
0.0224105
0.022548
0.0227137
0.022914
0.023163
0.0234576
0.0237949
0.0240717
0.0218565
0.0218565
0.0218643
0.0218643
0.0218748
0.0218748
0.0219037
0.0219037
0.0219506
0.0219506
0.0220262
0.0220262
0.022114
0.022114
0.0222117
0.0222117
0.0223525
0.0223525
0.0225216
0.0225216
0.0227214
0.0227214
0.0229652
0.0229652
0.0232624
0.0232624
0.0236062
0.0236062
0.0238911
0.0238911
0.0213508
0.0213605
0.0213769
0.0214079
0.0214543
0.0215243
0.0216094
0.0217119
0.0218576
0.0220311
0.0222336
0.0224856
0.0227853
0.0231434
0.0234322
0.0212219
0.0212351
0.021251
0.0212837
0.0213295
0.0213953
0.0214786
0.0215828
0.0217245
0.0218997
0.022106
0.0223574
0.0226623
0.0230174
0.023309
0.0211235
0.0211341
0.0211548
0.0211894
0.021237
0.0212951
0.0213779
0.0214883
0.0216195
0.0217907
0.0220008
0.0222543
0.0225622
0.022917
0.0232185
0.0210517
0.0210633
0.0210807
0.0211142
0.0211588
0.0212234
0.0213064
0.0214109
0.021546
0.0217171
0.0219278
0.0221805
0.0224862
0.0228419
0.0231433
0.020998
0.021009
0.0210299
0.0210637
0.0211111
0.021169
0.0212522
0.0213608
0.02149
0.0216577
0.0218667
0.022121
0.0224311
0.0227864
0.0230857
0.0209622
0.0209749
0.0209934
0.0210254
0.0210725
0.0211344
0.0212169
0.0213215
0.0214536
0.0216232
0.0218314
0.0220839
0.0223931
0.0227475
0.0230471
0.0209399
0.0209492
0.0209708
0.0210005
0.0210476
0.0211106
0.021193
0.0212983
0.0214349
0.02161
0.021817
0.0220644
0.0223685
0.0227226
0.0230177
0.0209253
0.0209381
0.0209548
0.0209858
0.0210336
0.0210974
0.0211792
0.021283
0.0214163
0.0215878
0.0217958
0.022047
0.0223526
0.022705
0.0230028
0.0209164
0.0209286
0.0209479
0.0209855
0.021029
0.02109
0.0211713
0.0212779
0.0214083
0.0215775
0.0217856
0.0220373
0.0223428
0.0226974
0.0229921
)
;
    }
    procBoundary4to5
    {
        type            processor;
        value           uniform 0;
    }
}


// ************************************************************************* //
