/*--------------------------------*- C++ -*----------------------------------*\
| =========                 |                                                 |
| \\      /  F ield         | OpenFOAM: The Open Source CFD Toolbox           |
|  \\    /   O peration     | Version:  2412                                  |
|   \\  /    A nd           | Website:  www.openfoam.com                      |
|    \\/     M anipulation  |                                                 |
\*---------------------------------------------------------------------------*/
FoamFile
{
    version     2.0;
    format      ascii;
    arch        "LSB;label=32;scalar=64";
    class       volScalarField;
    location    "0.0250162";
    object      Vm_0;
}
// * * * * * * * * * * * * * * * * * * * * * * * * * * * * * * * * * * * * * //

dimensions      [1 2 -3 0 0 -1 0];

internalField   nonuniform List<scalar> 
8670
(
-0.0651622
-0.0768312
-0.0814241
-0.0830967
-0.083685
-0.0838927
-0.083964
-0.0839881
-0.0839961
-0.0839987
-0.0839996
-0.0839999
-0.084
-0.084
-0.084
-0.084
-0.084
-0.084
-0.084
-0.084
-0.084
-0.084
-0.084
-0.084
-0.084
-0.084
-0.084
-0.084
-0.084
-0.084
-0.084
-0.084
-0.0657874
-0.0770967
-0.0815207
-0.0831307
-0.0836968
-0.0838967
-0.0839654
-0.0839885
-0.0839963
-0.0839988
-0.0839996
-0.0839999
-0.084
-0.084
-0.084
-0.084
-0.084
-0.084
-0.084
-0.084
-0.084
-0.084
-0.084
-0.084
-0.084
-0.084
-0.084
-0.084
-0.084
-0.084
-0.084
-0.084
-0.0669909
-0.0775759
-0.0816979
-0.083194
-0.083719
-0.0839042
-0.0839679
-0.0839894
-0.0839965
-0.0839989
-0.0839996
-0.0839999
-0.084
-0.084
-0.084
-0.084
-0.084
-0.084
-0.084
-0.084
-0.084
-0.084
-0.084
-0.084
-0.084
-0.084
-0.084
-0.084
-0.084
-0.084
-0.084
-0.084
-0.0688708
-0.0783115
-0.0819587
-0.0832824
-0.08375
-0.0839149
-0.0839715
-0.0839906
-0.0839969
-0.083999
-0.0839997
-0.0839999
-0.084
-0.084
-0.084
-0.084
-0.084
-0.084
-0.084
-0.084
-0.084
-0.084
-0.084
-0.084
-0.084
-0.084
-0.084
-0.084
-0.084
-0.084
-0.084
-0.084
-0.0709643
-0.0791547
-0.0822687
-0.0833898
-0.0837882
-0.083928
-0.0839759
-0.083992
-0.0839974
-0.0839992
-0.0839997
-0.0839999
-0.084
-0.084
-0.084
-0.084
-0.084
-0.084
-0.084
-0.084
-0.084
-0.084
-0.084
-0.084
-0.084
-0.084
-0.084
-0.084
-0.084
-0.084
-0.084
-0.084
-0.0733926
-0.0801001
-0.0826127
-0.0835094
-0.0838304
-0.0839424
-0.0839807
-0.0839936
-0.0839979
-0.0839993
-0.0839998
-0.0839999
-0.084
-0.084
-0.084
-0.084
-0.084
-0.084
-0.084
-0.084
-0.084
-0.084
-0.084
-0.084
-0.084
-0.084
-0.084
-0.084
-0.084
-0.084
-0.084
-0.084
-0.0759597
-0.0810569
-0.0829528
-0.0836295
-0.0838721
-0.0839566
-0.0839855
-0.0839952
-0.0839984
-0.0839995
-0.0839998
-0.0839999
-0.084
-0.084
-0.084
-0.084
-0.084
-0.084
-0.084
-0.084
-0.084
-0.084
-0.084
-0.084
-0.084
-0.084
-0.084
-0.084
-0.084
-0.084
-0.084
-0.084
-0.0783153
-0.0819251
-0.0832594
-0.0837386
-0.08391
-0.0839695
-0.0839898
-0.0839966
-0.0839989
-0.0839996
-0.0839999
-0.084
-0.084
-0.084
-0.084
-0.084
-0.084
-0.084
-0.084
-0.084
-0.084
-0.084
-0.084
-0.084
-0.084
-0.084
-0.084
-0.084
-0.084
-0.084
-0.084
-0.084
-0.0802718
-0.0826509
-0.0835159
-0.0838306
-0.0839418
-0.0839804
-0.0839935
-0.0839978
-0.0839993
-0.0839998
-0.0839999
-0.084
-0.084
-0.084
-0.084
-0.084
-0.084
-0.084
-0.084
-0.084
-0.084
-0.084
-0.084
-0.084
-0.084
-0.084
-0.084
-0.084
-0.084
-0.084
-0.084
-0.084
-0.0817977
-0.0832036
-0.0837145
-0.0839004
-0.0839659
-0.0839885
-0.0839962
-0.0839987
-0.0839996
-0.0839999
-0.084
-0.084
-0.084
-0.084
-0.084
-0.084
-0.084
-0.084
-0.084
-0.084
-0.084
-0.084
-0.084
-0.084
-0.084
-0.084
-0.084
-0.084
-0.084
-0.084
-0.084
-0.084
-0.0828459
-0.0835788
-0.0838503
-0.0839479
-0.0839822
-0.083994
-0.083998
-0.0839993
-0.0839998
-0.0839999
-0.084
-0.084
-0.084
-0.084
-0.084
-0.084
-0.084
-0.084
-0.084
-0.084
-0.084
-0.084
-0.084
-0.084
-0.084
-0.084
-0.084
-0.084
-0.084
-0.084
-0.084
-0.084
-0.0834587
-0.0838045
-0.0839308
-0.083976
-0.0839918
-0.0839972
-0.0839991
-0.0839997
-0.0839999
-0.084
-0.084
-0.084
-0.084
-0.084
-0.084
-0.084
-0.084
-0.084
-0.084
-0.084
-0.084
-0.084
-0.084
-0.084
-0.084
-0.084
-0.084
-0.084
-0.084
-0.084
-0.084
-0.084
-0.0837826
-0.0839217
-0.0839723
-0.0839904
-0.0839967
-0.0839989
-0.0839996
-0.0839999
-0.084
-0.084
-0.084
-0.084
-0.084
-0.084
-0.084
-0.084
-0.084
-0.084
-0.084
-0.084
-0.084
-0.084
-0.084
-0.084
-0.084
-0.084
-0.084
-0.084
-0.084
-0.084
-0.084
-0.084
-0.0839243
-0.0839727
-0.0839903
-0.0839966
-0.0839988
-0.0839996
-0.0839999
-0.084
-0.084
-0.084
-0.084
-0.084
-0.084
-0.084
-0.084
-0.084
-0.084
-0.084
-0.084
-0.084
-0.084
-0.084
-0.084
-0.084
-0.084
-0.084
-0.084
-0.084
-0.084
-0.084
-0.084
-0.084
-0.0839717
-0.0839898
-0.0839964
-0.0839987
-0.0839996
-0.0839998
-0.0839999
-0.084
-0.084
-0.084
-0.084
-0.084
-0.084
-0.084
-0.084
-0.084
-0.084
-0.084
-0.084
-0.084
-0.084
-0.084
-0.084
-0.084
-0.084
-0.084
-0.084
-0.084
-0.084
-0.084
-0.084
-0.084
0.0186375
-0.0278407
-0.0662758
-0.0782794
-0.0821742
-0.0834121
-0.0838121
-0.0839403
-0.0839812
-0.0839941
-0.0839982
-0.0839994
-0.0839998
-0.0839999
-0.084
-0.084
-0.084
-0.084
-0.084
-0.084
-0.084
-0.084
-0.084
-0.084
-0.084
-0.084
-0.084
-0.084
-0.084
-0.084
-0.084
-0.084
0.0176347
-0.030441
-0.0670022
-0.0784989
-0.0822438
-0.0834343
-0.0838191
-0.0839426
-0.0839819
-0.0839943
-0.0839982
-0.0839995
-0.0839998
-0.0839999
-0.084
-0.084
-0.084
-0.084
-0.084
-0.084
-0.084
-0.084
-0.084
-0.084
-0.084
-0.084
-0.084
-0.084
-0.084
-0.084
-0.084
-0.084
0.0165712
-0.0345995
-0.0683237
-0.0789228
-0.0823784
-0.083477
-0.0838326
-0.0839468
-0.0839832
-0.0839948
-0.0839984
-0.0839995
-0.0839998
-0.084
-0.084
-0.084
-0.084
-0.084
-0.084
-0.084
-0.084
-0.084
-0.084
-0.084
-0.084
-0.084
-0.084
-0.084
-0.084
-0.084
-0.084
-0.084
0.0125189
-0.0418958
-0.0702251
-0.0795133
-0.0825647
-0.0835362
-0.0838514
-0.0839528
-0.0839851
-0.0839953
-0.0839986
-0.0839996
-0.0839999
-0.084
-0.084
-0.084
-0.084
-0.084
-0.084
-0.084
-0.084
-0.084
-0.084
-0.084
-0.084
-0.084
-0.084
-0.084
-0.084
-0.084
-0.084
-0.084
0.00689623
-0.0494233
-0.0724149
-0.0802372
-0.0827946
-0.0836097
-0.0838749
-0.0839602
-0.0839875
-0.0839961
-0.0839988
-0.0839996
-0.0839999
-0.084
-0.084
-0.084
-0.084
-0.084
-0.084
-0.084
-0.084
-0.084
-0.084
-0.084
-0.084
-0.084
-0.084
-0.084
-0.084
-0.084
-0.084
-0.084
-0.00246087
-0.0563224
-0.0747888
-0.0810254
-0.0830453
-0.0836901
-0.0839005
-0.0839684
-0.08399
-0.0839969
-0.083999
-0.0839997
-0.0839999
-0.084
-0.084
-0.084
-0.084
-0.084
-0.084
-0.084
-0.084
-0.084
-0.084
-0.084
-0.084
-0.084
-0.084
-0.084
-0.084
-0.084
-0.084
-0.084
-0.0191357
-0.0631979
-0.0771752
-0.0817881
-0.0832855
-0.0837679
-0.0839256
-0.0839763
-0.0839925
-0.0839977
-0.0839993
-0.0839998
-0.0839999
-0.084
-0.084
-0.084
-0.084
-0.084
-0.084
-0.084
-0.084
-0.084
-0.084
-0.084
-0.084
-0.084
-0.084
-0.084
-0.084
-0.084
-0.084
-0.084
-0.0407489
-0.0697247
-0.0792809
-0.0824701
-0.0835003
-0.0838383
-0.0839482
-0.0839835
-0.0839948
-0.0839984
-0.0839995
-0.0839998
-0.084
-0.084
-0.084
-0.084
-0.084
-0.084
-0.084
-0.084
-0.084
-0.084
-0.084
-0.084
-0.084
-0.084
-0.084
-0.084
-0.084
-0.084
-0.084
-0.084
-0.0570944
-0.0748906
-0.0810088
-0.0830275
-0.0836812
-0.0838968
-0.0839669
-0.0839895
-0.0839967
-0.083999
-0.0839997
-0.0839999
-0.084
-0.084
-0.084
-0.084
-0.084
-0.084
-0.084
-0.084
-0.084
-0.084
-0.084
-0.084
-0.084
-0.084
-0.084
-0.084
-0.084
-0.084
-0.084
-0.084
-0.0684338
-0.0787727
-0.0822835
-0.083434
-0.0838153
-0.0839403
-0.0839809
-0.0839939
-0.0839981
-0.0839994
-0.0839998
-0.0839999
-0.084
-0.084
-0.084
-0.084
-0.084
-0.084
-0.084
-0.084
-0.084
-0.084
-0.084
-0.084
-0.084
-0.084
-0.084
-0.084
-0.084
-0.084
-0.084
-0.084
-0.0761692
-0.0813775
-0.0831316
-0.083711
-0.0839053
-0.0839693
-0.0839901
-0.0839969
-0.083999
-0.0839997
-0.0839999
-0.084
-0.084
-0.084
-0.084
-0.084
-0.084
-0.084
-0.084
-0.084
-0.084
-0.084
-0.084
-0.084
-0.084
-0.084
-0.084
-0.084
-0.084
-0.084
-0.084
-0.084
-0.0805271
-0.0828375
-0.0836086
-0.0838699
-0.0839572
-0.0839861
-0.0839955
-0.0839986
-0.0839995
-0.0839999
-0.084
-0.084
-0.084
-0.084
-0.084
-0.084
-0.084
-0.084
-0.084
-0.084
-0.084
-0.084
-0.084
-0.084
-0.084
-0.084
-0.084
-0.084
-0.084
-0.084
-0.084
-0.084
-0.0826931
-0.0835524
-0.0838487
-0.0839495
-0.0839833
-0.0839945
-0.0839982
-0.0839994
-0.0839998
-0.0839999
-0.084
-0.084
-0.084
-0.084
-0.084
-0.084
-0.084
-0.084
-0.084
-0.084
-0.084
-0.084
-0.084
-0.084
-0.084
-0.084
-0.084
-0.084
-0.084
-0.084
-0.084
-0.084
-0.0835663
-0.0838507
-0.0839492
-0.0839829
-0.0839943
-0.0839981
-0.0839994
-0.0839998
-0.0839999
-0.084
-0.084
-0.084
-0.084
-0.084
-0.084
-0.084
-0.084
-0.084
-0.084
-0.084
-0.084
-0.084
-0.084
-0.084
-0.084
-0.084
-0.084
-0.084
-0.084
-0.084
-0.084
-0.084
-0.0838439
-0.0839463
-0.0839817
-0.0839938
-0.0839979
-0.0839993
-0.0839998
-0.0839999
-0.084
-0.084
-0.084
-0.084
-0.084
-0.084
-0.084
-0.084
-0.084
-0.084
-0.084
-0.084
-0.084
-0.084
-0.084
-0.084
-0.084
-0.084
-0.084
-0.084
-0.084
-0.084
-0.084
-0.084
0.0360133
0.0278383
0.0064558
-0.0520484
-0.0743399
-0.0811216
-0.0831375
-0.0837363
-0.0839198
-0.0839757
-0.0839927
-0.0839978
-0.0839993
-0.0839998
-0.0839999
-0.084
-0.084
-0.084
-0.084
-0.084
-0.084
-0.084
-0.084
-0.084
-0.084
-0.084
-0.084
-0.084
-0.084
-0.084
-0.084
-0.084
0.0359248
0.0276968
0.00502829
-0.0532602
-0.0746947
-0.0812335
-0.0831714
-0.0837465
-0.0839229
-0.0839766
-0.0839929
-0.0839979
-0.0839994
-0.0839998
-0.0839999
-0.084
-0.084
-0.084
-0.084
-0.084
-0.084
-0.084
-0.084
-0.084
-0.084
-0.084
-0.084
-0.084
-0.084
-0.084
-0.084
-0.084
0.0356881
0.0263306
0.000798519
-0.0557665
-0.0754546
-0.0814532
-0.083233
-0.0837653
-0.0839286
-0.0839783
-0.0839934
-0.083998
-0.0839994
-0.0839998
-0.0839999
-0.084
-0.084
-0.084
-0.084
-0.084
-0.084
-0.084
-0.084
-0.084
-0.084
-0.084
-0.084
-0.084
-0.084
-0.084
-0.084
-0.084
0.0353004
0.0249452
-0.00448685
-0.05866
-0.0764304
-0.0817458
-0.0833179
-0.0837916
-0.0839366
-0.0839808
-0.0839942
-0.0839982
-0.0839995
-0.0839998
-0.084
-0.084
-0.084
-0.084
-0.084
-0.084
-0.084
-0.084
-0.084
-0.084
-0.084
-0.084
-0.084
-0.084
-0.084
-0.084
-0.084
-0.084
0.0344209
0.0223892
-0.0144333
-0.0628264
-0.0777021
-0.0821179
-0.0834263
-0.0838249
-0.0839467
-0.0839838
-0.0839951
-0.0839985
-0.0839996
-0.0839999
-0.084
-0.084
-0.084
-0.084
-0.084
-0.084
-0.084
-0.084
-0.084
-0.084
-0.084
-0.084
-0.084
-0.084
-0.084
-0.084
-0.084
-0.084
0.0328878
0.0190759
-0.0279147
-0.067494
-0.0790656
-0.0825182
-0.0835463
-0.0838612
-0.0839577
-0.0839871
-0.0839961
-0.0839988
-0.0839996
-0.0839999
-0.084
-0.084
-0.084
-0.084
-0.084
-0.084
-0.084
-0.084
-0.084
-0.084
-0.084
-0.084
-0.084
-0.084
-0.084
-0.084
-0.084
-0.084
0.0300121
0.0120472
-0.0439698
-0.0719278
-0.0803548
-0.0829013
-0.0836623
-0.0838966
-0.0839684
-0.0839904
-0.0839971
-0.0839991
-0.0839997
-0.0839999
-0.084
-0.084
-0.084
-0.084
-0.084
-0.084
-0.084
-0.084
-0.084
-0.084
-0.084
-0.084
-0.084
-0.084
-0.084
-0.084
-0.084
-0.084
0.0251923
-0.00126906
-0.0567781
-0.0757143
-0.0815061
-0.0832422
-0.0837663
-0.0839284
-0.0839782
-0.0839934
-0.083998
-0.0839994
-0.0839998
-0.0839999
-0.084
-0.084
-0.084
-0.084
-0.084
-0.084
-0.084
-0.084
-0.084
-0.084
-0.084
-0.084
-0.084
-0.084
-0.084
-0.084
-0.084
-0.084
0.0181879
-0.0270682
-0.0669867
-0.0788543
-0.0824411
-0.0835196
-0.0838522
-0.0839547
-0.0839861
-0.0839958
-0.0839987
-0.0839996
-0.0839999
-0.084
-0.084
-0.084
-0.084
-0.084
-0.084
-0.084
-0.084
-0.084
-0.084
-0.084
-0.084
-0.084
-0.084
-0.084
-0.084
-0.084
-0.084
-0.084
0.00395796
-0.0530671
-0.0744325
-0.0810977
-0.0831158
-0.0837255
-0.0839153
-0.083974
-0.083992
-0.0839976
-0.0839993
-0.0839998
-0.0839999
-0.084
-0.084
-0.084
-0.084
-0.084
-0.084
-0.084
-0.084
-0.084
-0.084
-0.084
-0.084
-0.084
-0.084
-0.084
-0.084
-0.084
-0.084
-0.084
-0.0342484
-0.0688906
-0.0793418
-0.0825691
-0.0835532
-0.0838608
-0.0839568
-0.0839867
-0.0839959
-0.0839987
-0.0839996
-0.0839999
-0.084
-0.084
-0.084
-0.084
-0.084
-0.084
-0.084
-0.084
-0.084
-0.084
-0.084
-0.084
-0.084
-0.084
-0.084
-0.084
-0.084
-0.084
-0.084
-0.084
-0.0630737
-0.0775364
-0.0819995
-0.0833734
-0.0838023
-0.0839381
-0.0839807
-0.083994
-0.0839981
-0.0839994
-0.0839998
-0.0839999
-0.084
-0.084
-0.084
-0.084
-0.084
-0.084
-0.084
-0.084
-0.084
-0.084
-0.084
-0.084
-0.084
-0.084
-0.084
-0.084
-0.084
-0.084
-0.084
-0.084
-0.0766324
-0.0816768
-0.0832635
-0.0837636
-0.0839248
-0.0839762
-0.0839925
-0.0839977
-0.0839993
-0.0839998
-0.0839999
-0.084
-0.084
-0.084
-0.084
-0.084
-0.084
-0.084
-0.084
-0.084
-0.084
-0.084
-0.084
-0.084
-0.084
-0.084
-0.084
-0.084
-0.084
-0.084
-0.084
-0.084
-0.0817391
-0.0832696
-0.0837612
-0.0839226
-0.0839751
-0.083992
-0.0839975
-0.0839992
-0.0839997
-0.0839999
-0.084
-0.084
-0.084
-0.084
-0.084
-0.084
-0.084
-0.084
-0.084
-0.084
-0.084
-0.084
-0.084
-0.084
-0.084
-0.084
-0.084
-0.084
-0.084
-0.084
-0.084
-0.084
-0.0832241
-0.083745
-0.0839166
-0.0839728
-0.0839912
-0.0839971
-0.0839991
-0.0839997
-0.0839999
-0.084
-0.084
-0.084
-0.084
-0.084
-0.084
-0.084
-0.084
-0.084
-0.084
-0.084
-0.084
-0.084
-0.084
-0.084
-0.084
-0.084
-0.084
-0.084
-0.084
-0.084
-0.084
-0.084
0.0378904
0.0383078
0.0370893
0.0316221
0.0145468
-0.0424245
-0.0721633
-0.0805936
-0.0830175
-0.0837092
-0.083914
-0.0839746
-0.0839925
-0.0839978
-0.0839994
-0.0839998
-0.0839999
-0.084
-0.084
-0.084
-0.084
-0.084
-0.084
-0.084
-0.084
-0.084
-0.084
-0.084
-0.084
-0.084
-0.084
-0.084
-0.084
0.0378698
0.038274
0.0370244
0.0314624
0.0135521
-0.0440985
-0.0726079
-0.0807259
-0.0830538
-0.0837197
-0.0839171
-0.0839755
-0.0839928
-0.0839979
-0.0839994
-0.0839998
-0.0839999
-0.084
-0.084
-0.084
-0.084
-0.084
-0.084
-0.084
-0.084
-0.084
-0.084
-0.084
-0.084
-0.084
-0.084
-0.084
-0.084
0.0378744
0.0382784
0.0366878
0.0304141
0.01169
-0.0475385
-0.0734858
-0.0809782
-0.0831249
-0.0837403
-0.0839231
-0.0839773
-0.0839933
-0.083998
-0.0839994
-0.0839998
-0.0839999
-0.084
-0.084
-0.084
-0.084
-0.084
-0.084
-0.084
-0.084
-0.084
-0.084
-0.084
-0.084
-0.084
-0.084
-0.084
-0.084
0.0380026
0.0383178
0.0364568
0.0290079
0.00723752
-0.051999
-0.0746849
-0.0813256
-0.0832219
-0.083769
-0.0839317
-0.0839798
-0.083994
-0.0839982
-0.0839995
-0.0839998
-0.084
-0.084
-0.084
-0.084
-0.084
-0.084
-0.084
-0.084
-0.084
-0.084
-0.084
-0.084
-0.084
-0.084
-0.084
-0.084
-0.084
0.038063
0.0381935
0.035912
0.0267397
0.000832671
-0.0569649
-0.0762182
-0.0817669
-0.0833454
-0.0838057
-0.0839425
-0.083983
-0.083995
-0.0839985
-0.0839996
-0.0839999
-0.084
-0.084
-0.084
-0.084
-0.084
-0.084
-0.084
-0.084
-0.084
-0.084
-0.084
-0.084
-0.084
-0.084
-0.084
-0.084
-0.084
0.0381873
0.0379191
0.0351095
0.0231616
-0.0118264
-0.0626631
-0.0779076
-0.0822415
-0.0834804
-0.083846
-0.0839543
-0.0839865
-0.083996
-0.0839988
-0.0839997
-0.0839999
-0.084
-0.084
-0.084
-0.084
-0.084
-0.084
-0.084
-0.084
-0.084
-0.084
-0.084
-0.084
-0.084
-0.084
-0.084
-0.084
-0.084
0.0382826
0.0374833
0.0335585
0.0187432
-0.0288221
-0.0684152
-0.0795122
-0.0826994
-0.0836143
-0.0838854
-0.083966
-0.0839899
-0.083997
-0.0839991
-0.0839997
-0.0839999
-0.084
-0.084
-0.084
-0.084
-0.084
-0.084
-0.084
-0.084
-0.084
-0.084
-0.084
-0.084
-0.084
-0.084
-0.084
-0.084
-0.084
0.0382464
0.0366949
0.0301577
0.0111906
-0.0474481
-0.0733988
-0.0809357
-0.0831085
-0.0837341
-0.0839209
-0.0839765
-0.083993
-0.0839979
-0.0839994
-0.0839998
-0.0839999
-0.084
-0.084
-0.084
-0.084
-0.084
-0.084
-0.084
-0.084
-0.084
-0.084
-0.084
-0.084
-0.084
-0.084
-0.084
-0.084
-0.084
0.0379558
0.0352129
0.0239026
-0.00824889
-0.0611166
-0.0774343
-0.0820993
-0.0834366
-0.0838323
-0.08395
-0.0839851
-0.0839956
-0.0839987
-0.0839996
-0.0839999
-0.084
-0.084
-0.084
-0.084
-0.084
-0.084
-0.084
-0.084
-0.084
-0.084
-0.084
-0.084
-0.084
-0.084
-0.084
-0.084
-0.084
-0.084
0.0369159
0.0314249
0.0143996
-0.0404143
-0.0714602
-0.0803433
-0.0829311
-0.0836799
-0.0839042
-0.0839714
-0.0839915
-0.0839975
-0.0839992
-0.0839998
-0.0839999
-0.084
-0.084
-0.084
-0.084
-0.084
-0.084
-0.084
-0.084
-0.084
-0.084
-0.084
-0.084
-0.084
-0.084
-0.084
-0.084
-0.084
-0.084
0.0343984
0.0222057
-0.0135801
-0.0629028
-0.077871
-0.0822027
-0.0834613
-0.083838
-0.0839513
-0.0839854
-0.0839956
-0.0839987
-0.0839996
-0.0839999
-0.084
-0.084
-0.084
-0.084
-0.084
-0.084
-0.084
-0.084
-0.084
-0.084
-0.084
-0.084
-0.084
-0.084
-0.084
-0.084
-0.084
-0.084
-0.084
0.0266067
0.00225803
-0.0546104
-0.0751872
-0.0814008
-0.0832231
-0.0837634
-0.0839283
-0.0839783
-0.0839934
-0.083998
-0.0839994
-0.0839998
-0.0839999
-0.084
-0.084
-0.084
-0.084
-0.084
-0.084
-0.084
-0.084
-0.084
-0.084
-0.084
-0.084
-0.084
-0.084
-0.084
-0.084
-0.084
-0.084
-0.084
0.00731827
-0.0496856
-0.0736031
-0.0808785
-0.0830575
-0.0837091
-0.0839106
-0.0839726
-0.0839916
-0.0839974
-0.0839992
-0.0839998
-0.0839999
-0.084
-0.084
-0.084
-0.084
-0.084
-0.084
-0.084
-0.084
-0.084
-0.084
-0.084
-0.084
-0.084
-0.084
-0.084
-0.084
-0.084
-0.084
-0.084
-0.084
-0.0507437
-0.0737386
-0.0808668
-0.0830375
-0.083698
-0.0839056
-0.0839706
-0.0839909
-0.0839972
-0.0839991
-0.0839997
-0.0839999
-0.084
-0.084
-0.084
-0.084
-0.084
-0.084
-0.084
-0.084
-0.084
-0.084
-0.084
-0.084
-0.084
-0.084
-0.084
-0.084
-0.084
-0.084
-0.084
-0.084
-0.084
-0.0726581
-0.0805649
-0.0829499
-0.0836696
-0.0838958
-0.0839671
-0.0839896
-0.0839967
-0.083999
-0.0839997
-0.0839999
-0.084
-0.084
-0.084
-0.084
-0.084
-0.084
-0.084
-0.084
-0.084
-0.084
-0.084
-0.084
-0.084
-0.084
-0.084
-0.084
-0.084
-0.084
-0.084
-0.084
-0.084
-0.084
0.0365693
0.037818
0.0384075
0.0372675
0.0317441
0.0137845
-0.0448786
-0.0730339
-0.0809104
-0.083123
-0.0837446
-0.0839257
-0.0839784
-0.0839937
-0.0839982
-0.0839995
-0.0839998
-0.084
-0.084
-0.084
-0.084
-0.084
-0.084
-0.084
-0.084
-0.084
-0.084
-0.084
-0.084
-0.084
-0.084
-0.084
-0.084
0.0366733
0.0378344
0.038392
0.037215
0.0316162
0.0128162
-0.0464621
-0.0734291
-0.0810229
-0.0831542
-0.0837533
-0.0839282
-0.0839791
-0.0839939
-0.0839982
-0.0839995
-0.0839999
-0.084
-0.084
-0.084
-0.084
-0.084
-0.084
-0.084
-0.084
-0.084
-0.084
-0.084
-0.084
-0.084
-0.084
-0.084
-0.084
0.0367113
0.03794
0.0384301
0.0369341
0.0307492
0.0112306
-0.0493542
-0.0741717
-0.0812344
-0.0832115
-0.0837702
-0.0839331
-0.0839805
-0.0839943
-0.0839984
-0.0839995
-0.0839999
-0.084
-0.084
-0.084
-0.084
-0.084
-0.084
-0.084
-0.084
-0.084
-0.084
-0.084
-0.084
-0.084
-0.084
-0.084
-0.084
0.0368781
0.0380412
0.0383501
0.0366799
0.0294299
0.0075278
-0.0533398
-0.0752788
-0.08155
-0.0832968
-0.0837952
-0.0839404
-0.0839827
-0.083995
-0.0839985
-0.0839996
-0.0839999
-0.084
-0.084
-0.084
-0.084
-0.084
-0.084
-0.084
-0.084
-0.084
-0.084
-0.084
-0.084
-0.084
-0.084
-0.084
-0.084
0.0370476
0.0381153
0.0382604
0.0361635
0.0270677
7.68621e-05
-0.0580546
-0.0767178
-0.0819499
-0.083407
-0.0838275
-0.0839497
-0.0839854
-0.0839957
-0.0839988
-0.0839996
-0.0839999
-0.084
-0.084
-0.084
-0.084
-0.084
-0.084
-0.084
-0.084
-0.084
-0.084
-0.084
-0.084
-0.084
-0.084
-0.084
-0.084
0.0372373
0.0381735
0.0381645
0.0354605
0.0235247
-0.0125916
-0.0635046
-0.0782772
-0.0823816
-0.0835307
-0.0838632
-0.0839601
-0.0839884
-0.0839966
-0.083999
-0.0839997
-0.0839999
-0.084
-0.084
-0.084
-0.084
-0.084
-0.084
-0.084
-0.084
-0.084
-0.084
-0.084
-0.084
-0.084
-0.084
-0.084
-0.084
0.0375462
0.0382918
0.0377956
0.0340915
0.0191096
-0.0297003
-0.0690397
-0.0797855
-0.082804
-0.0836517
-0.0838983
-0.0839703
-0.0839913
-0.0839975
-0.0839993
-0.0839998
-0.0839999
-0.084
-0.084
-0.084
-0.084
-0.084
-0.084
-0.084
-0.084
-0.084
-0.084
-0.084
-0.084
-0.084
-0.084
-0.084
-0.084
0.037929
0.0383972
0.0369069
0.0308727
0.0116244
-0.0482445
-0.0738321
-0.0811244
-0.083177
-0.0837592
-0.0839297
-0.0839795
-0.083994
-0.0839982
-0.0839995
-0.0839999
-0.084
-0.084
-0.084
-0.084
-0.084
-0.084
-0.084
-0.084
-0.084
-0.084
-0.084
-0.084
-0.084
-0.084
-0.084
-0.084
-0.084
0.0381928
0.0382138
0.0355079
0.0246791
-0.0076601
-0.0615153
-0.0776989
-0.0822133
-0.0834802
-0.083848
-0.0839555
-0.083987
-0.0839962
-0.0839989
-0.0839997
-0.0839999
-0.084
-0.084
-0.084
-0.084
-0.084
-0.084
-0.084
-0.084
-0.084
-0.084
-0.084
-0.084
-0.084
-0.084
-0.084
-0.084
-0.084
0.0383267
0.0371914
0.032345
0.0154459
-0.0399869
-0.0716785
-0.0804913
-0.0829955
-0.0837046
-0.0839132
-0.0839745
-0.0839925
-0.0839978
-0.0839994
-0.0839998
-0.0839999
-0.084
-0.084
-0.084
-0.084
-0.084
-0.084
-0.084
-0.084
-0.084
-0.084
-0.084
-0.084
-0.084
-0.084
-0.084
-0.084
-0.084
0.0379631
0.0350058
0.0230047
-0.0115257
-0.0627008
-0.0779632
-0.0822697
-0.083492
-0.0838502
-0.0839558
-0.083987
-0.0839962
-0.0839989
-0.0839997
-0.0839999
-0.084
-0.084
-0.084
-0.084
-0.084
-0.084
-0.084
-0.084
-0.084
-0.084
-0.084
-0.084
-0.084
-0.084
-0.084
-0.084
-0.084
-0.084
0.0360732
0.0279319
0.00510729
-0.0534427
-0.075079
-0.0814313
-0.0832492
-0.083776
-0.0839334
-0.0839802
-0.0839941
-0.0839983
-0.0839995
-0.0839998
-0.084
-0.084
-0.084
-0.084
-0.084
-0.084
-0.084
-0.084
-0.084
-0.084
-0.084
-0.084
-0.084
-0.084
-0.084
-0.084
-0.084
-0.084
-0.084
0.0301007
0.0105084
-0.0466573
-0.0730969
-0.0808175
-0.0830635
-0.0837175
-0.083915
-0.0839745
-0.0839923
-0.0839977
-0.0839993
-0.0839998
-0.0839999
-0.084
-0.084
-0.084
-0.084
-0.084
-0.084
-0.084
-0.084
-0.084
-0.084
-0.084
-0.084
-0.084
-0.084
-0.084
-0.084
-0.084
-0.084
-0.084
0.0101053
-0.0467217
-0.0729168
-0.0807104
-0.083017
-0.0836991
-0.083908
-0.0839719
-0.0839914
-0.0839974
-0.0839992
-0.0839998
-0.0839999
-0.084
-0.084
-0.084
-0.084
-0.084
-0.084
-0.084
-0.084
-0.084
-0.084
-0.084
-0.084
-0.084
-0.084
-0.084
-0.084
-0.084
-0.084
-0.084
-0.084
-0.0399797
-0.071349
-0.0802806
-0.0828953
-0.0836614
-0.0838958
-0.0839679
-0.0839901
-0.0839969
-0.0839991
-0.0839997
-0.0839999
-0.084
-0.084
-0.084
-0.084
-0.084
-0.084
-0.084
-0.084
-0.084
-0.084
-0.084
-0.084
-0.084
-0.084
-0.084
-0.084
-0.084
-0.084
-0.084
-0.084
-0.084
0.035277
0.0367477
0.0379318
0.0383786
0.036741
0.0292185
0.00590624
-0.0550625
-0.0758687
-0.0817431
-0.0833592
-0.0838152
-0.0839467
-0.0839846
-0.0839956
-0.0839987
-0.0839996
-0.0839999
-0.084
-0.084
-0.084
-0.084
-0.084
-0.084
-0.084
-0.084
-0.084
-0.084
-0.084
-0.084
-0.084
-0.084
-0.084
0.0353086
0.0368487
0.0379324
0.0383213
0.0365675
0.0285621
0.00396909
-0.0561258
-0.0761877
-0.081827
-0.0833816
-0.0838214
-0.0839485
-0.0839851
-0.0839957
-0.0839988
-0.0839996
-0.0839999
-0.084
-0.084
-0.084
-0.084
-0.084
-0.084
-0.084
-0.084
-0.084
-0.084
-0.084
-0.084
-0.084
-0.084
-0.084
0.035332
0.0368902
0.0380606
0.0384337
0.0365587
0.0278683
0.000603616
-0.0579509
-0.0767426
-0.081978
-0.0834212
-0.0838332
-0.0839519
-0.0839861
-0.083996
-0.0839988
-0.0839997
-0.0839999
-0.084
-0.084
-0.084
-0.084
-0.084
-0.084
-0.084
-0.084
-0.084
-0.084
-0.084
-0.084
-0.084
-0.084
-0.084
0.0355332
0.0370637
0.0381632
0.038371
0.0359963
0.0259397
-0.00501581
-0.0606943
-0.077545
-0.0821963
-0.0834824
-0.0838507
-0.0839569
-0.0839876
-0.0839964
-0.083999
-0.0839997
-0.0839999
-0.084
-0.084
-0.084
-0.084
-0.084
-0.084
-0.084
-0.084
-0.084
-0.084
-0.084
-0.084
-0.084
-0.084
-0.084
0.0357455
0.0372214
0.0382155
0.0382066
0.0353421
0.0233476
-0.0149148
-0.0645822
-0.0786159
-0.0824874
-0.0835642
-0.0838741
-0.0839636
-0.0839895
-0.083997
-0.0839991
-0.0839997
-0.0839999
-0.084
-0.084
-0.084
-0.084
-0.084
-0.084
-0.084
-0.084
-0.084
-0.084
-0.084
-0.084
-0.084
-0.084
-0.084
0.0361012
0.0374041
0.0382378
0.0379208
0.0345471
0.0204705
-0.0273769
-0.0686233
-0.0797268
-0.0828002
-0.0836541
-0.0839
-0.0839711
-0.0839916
-0.0839976
-0.0839993
-0.0839998
-0.0839999
-0.084
-0.084
-0.084
-0.084
-0.084
-0.084
-0.084
-0.084
-0.084
-0.084
-0.084
-0.084
-0.084
-0.084
-0.084
0.0364897
0.0376984
0.0383281
0.0374032
0.0324957
0.0151065
-0.0432564
-0.0727277
-0.0808461
-0.083111
-0.0837427
-0.0839256
-0.0839785
-0.0839938
-0.0839982
-0.0839995
-0.0839998
-0.084
-0.084
-0.084
-0.084
-0.084
-0.084
-0.084
-0.084
-0.084
-0.084
-0.084
-0.084
-0.084
-0.084
-0.084
-0.084
0.0368921
0.0380615
0.0384189
0.0365339
0.0280494
0.00268516
-0.0565878
-0.0762956
-0.0818492
-0.0833861
-0.0838222
-0.0839485
-0.0839851
-0.0839957
-0.0839987
-0.0839996
-0.0839999
-0.084
-0.084
-0.084
-0.084
-0.084
-0.084
-0.084
-0.084
-0.084
-0.084
-0.084
-0.084
-0.084
-0.084
-0.084
-0.084
0.0373901
0.0382873
0.0380947
0.03491
0.0213096
-0.0218694
-0.0668554
-0.0792272
-0.0826561
-0.0836118
-0.0838873
-0.0839673
-0.0839905
-0.0839972
-0.0839992
-0.0839998
-0.0839999
-0.084
-0.084
-0.084
-0.084
-0.084
-0.084
-0.084
-0.084
-0.084
-0.084
-0.084
-0.084
-0.084
-0.084
-0.084
-0.084
0.0379263
0.038348
0.0367614
0.0302786
0.00959187
-0.0505219
-0.0745
-0.081328
-0.0832383
-0.083778
-0.0839354
-0.0839812
-0.0839945
-0.0839984
-0.0839995
-0.0839999
-0.084
-0.084
-0.084
-0.084
-0.084
-0.084
-0.084
-0.084
-0.084
-0.084
-0.084
-0.084
-0.084
-0.084
-0.084
-0.084
-0.084
0.0383204
0.0378784
0.0344628
0.0206875
-0.0237295
-0.0672864
-0.0793052
-0.0826673
-0.083612
-0.0838867
-0.0839669
-0.0839904
-0.0839972
-0.0839992
-0.0839998
-0.0839999
-0.084
-0.084
-0.084
-0.084
-0.084
-0.084
-0.084
-0.084
-0.084
-0.084
-0.084
-0.084
-0.084
-0.084
-0.084
-0.084
-0.084
0.0381838
0.0356896
0.025659
-0.0029144
-0.0589672
-0.0769114
-0.0819843
-0.0834124
-0.0838277
-0.0839494
-0.0839851
-0.0839956
-0.0839987
-0.0839996
-0.0839999
-0.084
-0.084
-0.084
-0.084
-0.084
-0.084
-0.084
-0.084
-0.084
-0.084
-0.084
-0.084
-0.084
-0.084
-0.084
-0.084
-0.084
-0.084
0.0361747
0.0280386
0.00504216
-0.0535772
-0.075125
-0.0814478
-0.0832548
-0.0837778
-0.083934
-0.0839804
-0.0839942
-0.0839983
-0.0839995
-0.0839998
-0.084
-0.084
-0.084
-0.084
-0.084
-0.084
-0.084
-0.084
-0.084
-0.084
-0.084
-0.084
-0.084
-0.084
-0.084
-0.084
-0.084
-0.084
-0.084
0.0289159
0.00584962
-0.0525765
-0.0747303
-0.0812957
-0.083199
-0.0837577
-0.0839269
-0.083978
-0.0839934
-0.083998
-0.0839994
-0.0839998
-0.0839999
-0.084
-0.084
-0.084
-0.084
-0.084
-0.084
-0.084
-0.084
-0.084
-0.084
-0.084
-0.084
-0.084
-0.084
-0.084
-0.084
-0.084
-0.084
-0.084
0.0130988
-0.0461374
-0.073126
-0.080855
-0.0830766
-0.0837203
-0.0839151
-0.0839742
-0.0839921
-0.0839976
-0.0839993
-0.0839998
-0.0839999
-0.084
-0.084
-0.084
-0.084
-0.084
-0.084
-0.084
-0.084
-0.084
-0.084
-0.084
-0.084
-0.084
-0.084
-0.084
-0.084
-0.084
-0.084
-0.084
-0.084
0.0320719
0.0339848
0.0357412
0.0372409
0.0382683
0.0383301
0.0357389
0.0236897
-0.0169042
-0.0656544
-0.078982
-0.0826065
-0.0836024
-0.083886
-0.0839673
-0.0839906
-0.0839973
-0.0839992
-0.0839998
-0.0839999
-0.084
-0.084
-0.084
-0.084
-0.084
-0.084
-0.084
-0.084
-0.084
-0.084
-0.084
-0.084
-0.084
-0.084
0.0320871
0.0339951
0.0357463
0.037231
0.038229
0.0382206
0.0354791
0.0230321
-0.0189951
-0.0662614
-0.0791374
-0.0826481
-0.083614
-0.0838893
-0.0839682
-0.0839909
-0.0839974
-0.0839992
-0.0839998
-0.0839999
-0.084
-0.084
-0.084
-0.084
-0.084
-0.084
-0.084
-0.084
-0.084
-0.084
-0.084
-0.084
-0.084
-0.084
0.0322486
0.0340457
0.035752
0.0372062
0.0381411
0.0379661
0.0348557
0.0213547
-0.0248042
-0.0678854
-0.0795339
-0.0827495
-0.0836409
-0.0838967
-0.0839703
-0.0839915
-0.0839976
-0.0839993
-0.0839998
-0.0839999
-0.084
-0.084
-0.084
-0.084
-0.084
-0.084
-0.084
-0.084
-0.084
-0.084
-0.084
-0.084
-0.084
-0.084
0.0323451
0.0342268
0.0359448
0.0373776
0.0382505
0.0379109
0.0344525
0.0200597
-0.0301844
-0.0694642
-0.0799759
-0.0828763
-0.0836778
-0.0839074
-0.0839734
-0.0839924
-0.0839978
-0.0839994
-0.0839998
-0.0839999
-0.084
-0.084
-0.084
-0.084
-0.084
-0.084
-0.084
-0.084
-0.084
-0.084
-0.084
-0.084
-0.084
-0.084
0.0325933
0.0344573
0.0361443
0.0375239
0.0382785
0.0375872
0.0332392
0.0169221
-0.0396512
-0.0718775
-0.0806251
-0.0830534
-0.0837277
-0.0839218
-0.0839775
-0.0839935
-0.0839981
-0.0839995
-0.0839998
-0.084
-0.084
-0.084
-0.084
-0.084
-0.084
-0.084
-0.084
-0.084
-0.084
-0.084
-0.084
-0.084
-0.084
-0.084
0.0330443
0.0348843
0.0365239
0.0378312
0.038446
0.0372984
0.031484
0.0120408
-0.0496383
-0.0743988
-0.0813373
-0.0832509
-0.0837843
-0.083938
-0.0839822
-0.0839949
-0.0839985
-0.0839996
-0.0839999
-0.084
-0.084
-0.084
-0.084
-0.084
-0.084
-0.084
-0.084
-0.084
-0.084
-0.084
-0.084
-0.084
-0.084
-0.084
0.0335223
0.0353189
0.036888
0.038071
0.0384504
0.0365897
0.0279189
0.000764947
-0.0583607
-0.0769248
-0.0820406
-0.0834414
-0.0838397
-0.0839539
-0.0839867
-0.0839962
-0.0839989
-0.0839997
-0.0839999
-0.084
-0.084
-0.084
-0.084
-0.084
-0.084
-0.084
-0.084
-0.084
-0.084
-0.084
-0.084
-0.084
-0.084
-0.084
0.0340603
0.0357638
0.0372192
0.0381833
0.0381002
0.0351696
0.0224084
-0.0199688
-0.0664773
-0.0791742
-0.0826523
-0.0836135
-0.0838887
-0.0839679
-0.0839908
-0.0839973
-0.0839992
-0.0839998
-0.0839999
-0.084
-0.084
-0.084
-0.084
-0.084
-0.084
-0.084
-0.084
-0.084
-0.084
-0.084
-0.084
-0.084
-0.084
-0.084
0.0348755
0.0364846
0.0376881
0.0383018
0.0373181
0.0321375
0.0140523
-0.0450334
-0.0731922
-0.0809825
-0.0831509
-0.0837546
-0.0839292
-0.0839796
-0.0839941
-0.0839983
-0.0839995
-0.0839999
-0.084
-0.084
-0.084
-0.084
-0.084
-0.084
-0.084
-0.084
-0.084
-0.084
-0.084
-0.084
-0.084
-0.084
-0.084
-0.084
0.035702
0.0370918
0.0381207
0.0382536
0.0358376
0.0252911
-0.00763524
-0.0619896
-0.0779271
-0.0823026
-0.0835125
-0.0838592
-0.0839593
-0.0839882
-0.0839966
-0.083999
-0.0839997
-0.0839999
-0.084
-0.084
-0.084
-0.084
-0.084
-0.084
-0.084
-0.084
-0.084
-0.084
-0.084
-0.084
-0.084
-0.084
-0.084
-0.084
0.0365738
0.0378154
0.0383699
0.0372374
0.0315812
0.0128346
-0.0457263
-0.0732786
-0.0809848
-0.0831456
-0.0837516
-0.0839279
-0.0839791
-0.0839939
-0.0839982
-0.0839995
-0.0839999
-0.084
-0.084
-0.084
-0.084
-0.084
-0.084
-0.084
-0.084
-0.084
-0.084
-0.084
-0.084
-0.084
-0.084
-0.084
-0.084
-0.084
0.0375269
0.0383118
0.0378361
0.0343471
0.020328
-0.024655
-0.0676417
-0.0793997
-0.0826926
-0.0836191
-0.0838887
-0.0839675
-0.0839905
-0.0839972
-0.0839992
-0.0839998
-0.0839999
-0.084
-0.084
-0.084
-0.084
-0.084
-0.084
-0.084
-0.084
-0.084
-0.084
-0.084
-0.084
-0.084
-0.084
-0.084
-0.084
-0.084
0.0383146
0.0382179
0.0352484
0.0235233
-0.012023
-0.0630195
-0.0780797
-0.0823083
-0.0835042
-0.0838539
-0.0839569
-0.0839873
-0.0839963
-0.0839989
-0.0839997
-0.0839999
-0.084
-0.084
-0.084
-0.084
-0.084
-0.084
-0.084
-0.084
-0.084
-0.084
-0.084
-0.084
-0.084
-0.084
-0.084
-0.084
-0.084
-0.084
0.038437
0.0356304
0.0244276
-0.0100133
-0.0618908
-0.0776676
-0.0821648
-0.0834546
-0.083837
-0.0839512
-0.0839854
-0.0839956
-0.0839987
-0.0839996
-0.0839999
-0.084
-0.084
-0.084
-0.084
-0.084
-0.084
-0.084
-0.084
-0.084
-0.084
-0.084
-0.084
-0.084
-0.084
-0.084
-0.084
-0.084
-0.084
-0.084
0.0372895
0.0286685
0.00166459
-0.0571077
-0.0763659
-0.0818186
-0.0833586
-0.0838076
-0.0839421
-0.0839825
-0.0839947
-0.0839984
-0.0839995
-0.0839999
-0.084
-0.084
-0.084
-0.084
-0.084
-0.084
-0.084
-0.084
-0.084
-0.084
-0.084
-0.084
-0.084
-0.084
-0.084
-0.084
-0.084
-0.084
-0.084
-0.084
0.0308352
0.03282
0.0346833
0.0363518
0.0377026
0.0384137
0.0375168
0.0318851
0.012349
-0.0492684
-0.0742971
-0.0813169
-0.0832489
-0.0837849
-0.0839385
-0.0839824
-0.083995
-0.0839986
-0.0839996
-0.0839999
-0.084
-0.084
-0.084
-0.084
-0.084
-0.084
-0.084
-0.084
-0.084
-0.084
-0.084
-0.084
-0.084
-0.084
0.0309215
0.0329852
0.0348705
0.0365392
0.0378755
0.0385396
0.0374692
0.0317637
0.0125511
-0.0497143
-0.0744694
-0.0813734
-0.0832657
-0.0837899
-0.08394
-0.0839829
-0.0839951
-0.0839986
-0.0839996
-0.0839999
-0.084
-0.084
-0.084
-0.084
-0.084
-0.084
-0.084
-0.084
-0.084
-0.084
-0.084
-0.084
-0.084
-0.084
0.031091
0.0330548
0.0348972
0.0365377
0.0378376
0.0384324
0.0371549
0.0307291
0.0098842
-0.0521606
-0.0751149
-0.0815522
-0.0833117
-0.0838034
-0.0839439
-0.083984
-0.0839954
-0.0839987
-0.0839996
-0.0839999
-0.084
-0.084
-0.084
-0.084
-0.084
-0.084
-0.084
-0.084
-0.084
-0.084
-0.084
-0.084
-0.084
-0.084
0.031327
0.0332839
0.0351125
0.0367287
0.0379862
0.0385058
0.036999
0.0296118
0.00617658
-0.0554389
-0.0760541
-0.0818156
-0.083385
-0.0838242
-0.0839498
-0.0839857
-0.0839959
-0.0839988
-0.0839997
-0.0839999
-0.084
-0.084
-0.084
-0.084
-0.084
-0.084
-0.084
-0.084
-0.084
-0.084
-0.084
-0.084
-0.084
-0.084
0.0315728
0.0335159
0.0353211
0.0368961
0.0380714
0.0384328
0.0365067
0.0273047
-0.00188089
-0.0597688
-0.077367
-0.0821714
-0.0834811
-0.0838518
-0.0839576
-0.0839879
-0.0839965
-0.083999
-0.0839997
-0.0839999
-0.084
-0.084
-0.084
-0.084
-0.084
-0.084
-0.084
-0.084
-0.084
-0.084
-0.084
-0.084
-0.084
-0.084
0.0318413
0.0337669
0.0355373
0.0370473
0.0380841
0.0381582
0.0356341
0.0240869
-0.0156324
-0.0652716
-0.0788791
-0.0825753
-0.0835927
-0.0838832
-0.0839665
-0.0839904
-0.0839972
-0.0839992
-0.0839998
-0.0839999
-0.084
-0.084
-0.084
-0.084
-0.084
-0.084
-0.084
-0.084
-0.084
-0.084
-0.084
-0.084
-0.084
-0.084
0.0323296
0.0342242
0.0359442
0.0373695
0.0382151
0.0377655
0.0339915
0.0188654
-0.0342808
-0.0705021
-0.0802393
-0.0829464
-0.0836972
-0.083913
-0.083975
-0.0839928
-0.0839979
-0.0839994
-0.0839998
-0.084
-0.084
-0.084
-0.084
-0.084
-0.084
-0.084
-0.084
-0.084
-0.084
-0.084
-0.084
-0.084
-0.084
-0.084
0.0330418
0.0348848
0.0365305
0.0378408
0.038458
0.0373121
0.0314461
0.0117988
-0.0499694
-0.0744943
-0.0813679
-0.0832609
-0.0837876
-0.0839391
-0.0839825
-0.083995
-0.0839986
-0.0839996
-0.0839999
-0.084
-0.084
-0.084
-0.084
-0.084
-0.084
-0.084
-0.084
-0.084
-0.084
-0.084
-0.084
-0.084
-0.084
-0.084
0.0337679
0.0355431
0.0370712
0.03817
0.0383771
0.0360876
0.0256369
-0.007786
-0.062279
-0.0780572
-0.0823509
-0.0835293
-0.0838649
-0.0839612
-0.0839889
-0.0839968
-0.0839991
-0.0839997
-0.0839999
-0.084
-0.084
-0.084
-0.084
-0.084
-0.084
-0.084
-0.084
-0.084
-0.084
-0.084
-0.084
-0.084
-0.084
-0.084
0.0346758
0.0363441
0.0376962
0.0384122
0.0376266
0.0328365
0.0158272
-0.0408959
-0.0721271
-0.0806795
-0.0830661
-0.0837307
-0.0839225
-0.0839777
-0.0839936
-0.0839981
-0.0839995
-0.0839998
-0.084
-0.084
-0.084
-0.084
-0.084
-0.084
-0.084
-0.084
-0.084
-0.084
-0.084
-0.084
-0.084
-0.084
-0.084
-0.084
0.0357316
0.0371989
0.0381327
0.038211
0.0356976
0.0248493
-0.00904935
-0.0625081
-0.0780655
-0.0823397
-0.0835227
-0.0838621
-0.0839601
-0.0839885
-0.0839967
-0.083999
-0.0839997
-0.0839999
-0.084
-0.084
-0.084
-0.084
-0.084
-0.084
-0.084
-0.084
-0.084
-0.084
-0.084
-0.084
-0.084
-0.084
-0.084
-0.084
0.0367489
0.0379279
0.0383466
0.0367673
0.0297144
0.00809604
-0.0519153
-0.0748673
-0.0814302
-0.0832665
-0.083786
-0.0839378
-0.0839819
-0.0839947
-0.0839985
-0.0839996
-0.0839999
-0.084
-0.084
-0.084
-0.084
-0.084
-0.084
-0.084
-0.084
-0.084
-0.084
-0.084
-0.084
-0.084
-0.084
-0.084
-0.084
-0.084
0.0378474
0.0383942
0.0373208
0.0320499
0.014436
-0.042193
-0.0722329
-0.0806445
-0.0830378
-0.0837171
-0.0839169
-0.0839756
-0.0839928
-0.0839979
-0.0839994
-0.0839998
-0.0839999
-0.084
-0.084
-0.084
-0.084
-0.084
-0.084
-0.084
-0.084
-0.084
-0.084
-0.084
-0.084
-0.084
-0.084
-0.084
-0.084
-0.084
0.0385856
0.0376713
0.0327988
0.0158948
-0.0392763
-0.0713204
-0.0803387
-0.0829374
-0.0836834
-0.0839056
-0.0839719
-0.0839916
-0.0839975
-0.0839993
-0.0839998
-0.0839999
-0.084
-0.084
-0.084
-0.084
-0.084
-0.084
-0.084
-0.084
-0.084
-0.084
-0.084
-0.084
-0.084
-0.084
-0.084
-0.084
-0.084
-0.084
0.0388321
0.0356634
0.0221363
-0.0264546
-0.0681876
-0.0795393
-0.08272
-0.0836205
-0.0838866
-0.083966
-0.0839898
-0.0839969
-0.0839991
-0.0839997
-0.0839999
-0.084
-0.084
-0.084
-0.084
-0.084
-0.084
-0.084
-0.084
-0.084
-0.084
-0.084
-0.084
-0.084
-0.084
-0.084
-0.084
-0.084
-0.084
-0.084
0.0278018
0.0298908
0.0320102
0.0339711
0.0357505
0.0372612
0.0382819
0.038295
0.0356025
0.0230615
-0.0206829
-0.0668907
-0.0793331
-0.0827086
-0.0836331
-0.0838955
-0.0839703
-0.0839915
-0.0839976
-0.0839993
-0.0839998
-0.0839999
-0.084
-0.084
-0.084
-0.084
-0.084
-0.084
-0.084
-0.084
-0.084
-0.084
-0.084
-0.084
-0.084
0.0279744
0.0300444
0.0320709
0.0339955
0.0357577
0.0372533
0.0382453
0.0381827
0.0353335
0.0223563
-0.0233752
-0.0676489
-0.0795201
-0.0827574
-0.0836463
-0.0838991
-0.0839713
-0.0839918
-0.0839977
-0.0839993
-0.0839998
-0.0839999
-0.084
-0.084
-0.084
-0.084
-0.084
-0.084
-0.084
-0.084
-0.084
-0.084
-0.084
-0.084
-0.084
0.0280464
0.0300922
0.0320943
0.0340025
0.0357536
0.0372422
0.0382281
0.0382001
0.0352033
0.0216932
-0.0272397
-0.0688318
-0.0798458
-0.0828493
-0.0836725
-0.0839065
-0.0839733
-0.0839924
-0.0839978
-0.0839994
-0.0839998
-0.0839999
-0.084
-0.084
-0.084
-0.084
-0.084
-0.084
-0.084
-0.084
-0.084
-0.084
-0.084
-0.084
-0.084
0.0282879
0.0303325
0.0323278
0.0342216
0.0359458
0.0373834
0.0382471
0.0378118
0.0340845
0.0190403
-0.0350323
-0.0708094
-0.0803428
-0.0829806
-0.0837084
-0.0839166
-0.0839762
-0.0839932
-0.0839981
-0.0839994
-0.0839998
-0.084
-0.084
-0.084
-0.084
-0.084
-0.084
-0.084
-0.084
-0.084
-0.084
-0.084
-0.084
-0.084
-0.084
0.0285449
0.0305878
0.032578
0.0344554
0.0361476
0.0375303
0.0382822
0.0375117
0.0329158
0.0164819
-0.0432666
-0.0728662
-0.0809163
-0.0831391
-0.0837533
-0.0839294
-0.0839798
-0.0839942
-0.0839984
-0.0839995
-0.0839999
-0.084
-0.084
-0.084
-0.084
-0.084
-0.084
-0.084
-0.084
-0.084
-0.084
-0.084
-0.084
-0.084
-0.084
0.0288298
0.0309008
0.0329824
0.0348718
0.0365331
0.0378462
0.0384613
0.0372416
0.0309787
0.0104404
-0.0517816
-0.0750199
-0.0815276
-0.0833055
-0.0838019
-0.0839435
-0.0839839
-0.0839954
-0.0839987
-0.0839996
-0.0839999
-0.084
-0.084
-0.084
-0.084
-0.084
-0.084
-0.084
-0.084
-0.084
-0.084
-0.084
-0.084
-0.084
-0.084
0.0293395
0.0313996
0.033459
0.0353086
0.0369023
0.0380905
0.0384686
0.0365779
0.027489
-0.00140329
-0.0595794
-0.0773216
-0.0821629
-0.0834797
-0.0838518
-0.0839577
-0.0839879
-0.0839965
-0.083999
-0.0839997
-0.0839999
-0.084
-0.084
-0.084
-0.084
-0.084
-0.084
-0.084
-0.084
-0.084
-0.084
-0.084
-0.084
-0.084
-0.084
0.0300759
0.0320816
0.0339966
0.0357492
0.0372296
0.0381996
0.0380934
0.0351165
0.021984
-0.0231752
-0.0675185
-0.0794673
-0.0827374
-0.0836393
-0.0838967
-0.0839705
-0.0839915
-0.0839976
-0.0839993
-0.0839998
-0.0839999
-0.084
-0.084
-0.084
-0.084
-0.084
-0.084
-0.084
-0.084
-0.084
-0.084
-0.084
-0.084
-0.084
-0.084
0.0308431
0.0328148
0.0346702
0.0363318
0.0376639
0.0383189
0.0372907
0.0318234
0.013093
-0.0475145
-0.073832
-0.0811718
-0.0832045
-0.0837712
-0.0839344
-0.0839812
-0.0839946
-0.0839985
-0.0839996
-0.0839999
-0.084
-0.084
-0.084
-0.084
-0.084
-0.084
-0.084
-0.084
-0.084
-0.084
-0.084
-0.084
-0.084
-0.084
-0.084
0.0318388
0.0337611
0.0355352
0.037059
0.0381364
0.0382908
0.0358908
0.02505
-0.00972919
-0.062967
-0.0782381
-0.0823989
-0.0835426
-0.0838686
-0.0839622
-0.0839891
-0.0839969
-0.0839991
-0.0839997
-0.0839999
-0.084
-0.084
-0.084
-0.084
-0.084
-0.084
-0.084
-0.084
-0.084
-0.084
-0.084
-0.084
-0.084
-0.084
-0.084
0.0330637
0.0348977
0.0365322
0.0378182
0.0383857
0.0371216
0.0314449
0.0123734
-0.0474537
-0.0737445
-0.0811278
-0.083187
-0.0837649
-0.0839322
-0.0839804
-0.0839944
-0.0839984
-0.0839995
-0.0839999
-0.084
-0.084
-0.084
-0.084
-0.084
-0.084
-0.084
-0.084
-0.084
-0.084
-0.084
-0.084
-0.084
-0.084
-0.084
-0.084
0.034458
0.036142
0.0375184
0.0382649
0.0379569
0.0346262
0.0207991
-0.0250379
-0.0679096
-0.0795106
-0.0827332
-0.0836333
-0.0838936
-0.0839691
-0.083991
-0.0839974
-0.0839992
-0.0839998
-0.0839999
-0.084
-0.084
-0.084
-0.084
-0.084
-0.084
-0.084
-0.084
-0.084
-0.084
-0.084
-0.084
-0.084
-0.084
-0.084
-0.084
0.0359979
0.0373891
0.0382419
0.0382141
0.0354823
0.0237369
-0.0113706
-0.0629469
-0.0781011
-0.0823261
-0.0835128
-0.0838575
-0.0839583
-0.0839878
-0.0839964
-0.083999
-0.0839997
-0.0839999
-0.084
-0.084
-0.084
-0.084
-0.084
-0.084
-0.084
-0.084
-0.084
-0.084
-0.084
-0.084
-0.084
-0.084
-0.084
-0.084
-0.084
0.0375282
0.0384964
0.0384893
0.036025
0.0252001
-0.00760326
-0.0611703
-0.077514
-0.0821365
-0.0834507
-0.0838373
-0.0839517
-0.0839857
-0.0839958
-0.0839987
-0.0839996
-0.0839999
-0.084
-0.084
-0.084
-0.084
-0.084
-0.084
-0.084
-0.084
-0.084
-0.084
-0.084
-0.084
-0.084
-0.084
-0.084
-0.084
-0.084
-0.084
0.0388213
0.0391718
0.037551
0.0298129
0.00567446
-0.0553746
-0.0758933
-0.081704
-0.0833312
-0.0838014
-0.0839409
-0.0839823
-0.0839947
-0.0839984
-0.0839995
-0.0839999
-0.084
-0.084
-0.084
-0.084
-0.084
-0.084
-0.084
-0.084
-0.084
-0.084
-0.084
-0.084
-0.084
-0.084
-0.084
-0.084
-0.084
-0.084
-0.084
0.0270283
0.029123
0.0312618
0.0332642
0.0351106
0.0367289
0.0379643
0.0384374
0.0367565
0.0283411
0.00175166
-0.0579717
-0.0768398
-0.0820327
-0.0834441
-0.0838421
-0.0839551
-0.0839872
-0.0839964
-0.083999
-0.0839997
-0.0839999
-0.084
-0.084
-0.084
-0.084
-0.084
-0.084
-0.084
-0.084
-0.084
-0.084
-0.084
-0.084
-0.084
0.0271682
0.0292608
0.0313136
0.0332844
0.0351154
0.0367201
0.0379305
0.0383534
0.0365505
0.0276831
0.000100289
-0.0590268
-0.0771649
-0.0821177
-0.0834666
-0.0838481
-0.0839567
-0.0839877
-0.0839965
-0.083999
-0.0839997
-0.0839999
-0.084
-0.084
-0.084
-0.084
-0.084
-0.084
-0.084
-0.084
-0.084
-0.084
-0.084
-0.084
-0.084
0.0272621
0.0293194
0.0313485
0.0333082
0.0351558
0.0368552
0.0380792
0.0384877
0.0366187
0.0271912
-0.00321881
-0.0605213
-0.0776114
-0.0822454
-0.0835037
-0.0838589
-0.0839598
-0.0839886
-0.0839967
-0.0839991
-0.0839997
-0.0839999
-0.084
-0.084
-0.084
-0.084
-0.084
-0.084
-0.084
-0.084
-0.084
-0.084
-0.084
-0.084
-0.084
0.0274942
0.0295554
0.0315792
0.0335198
0.0353188
0.0368805
0.038012
0.0383023
0.0363031
0.0256908
-0.00985411
-0.0632984
-0.0783884
-0.0824541
-0.0835616
-0.083875
-0.0839643
-0.0839898
-0.0839971
-0.0839992
-0.0839998
-0.0839999
-0.084
-0.084
-0.084
-0.084
-0.084
-0.084
-0.084
-0.084
-0.084
-0.084
-0.084
-0.084
-0.084
0.0277606
0.0298184
0.0318376
0.0337645
0.0355387
0.0370607
0.0381242
0.0382998
0.0357506
0.0234961
-0.0195763
-0.066596
-0.079264
-0.0826913
-0.0836283
-0.0838939
-0.0839697
-0.0839914
-0.0839975
-0.0839993
-0.0839998
-0.0839999
-0.084
-0.084
-0.084
-0.084
-0.084
-0.084
-0.084
-0.084
-0.084
-0.084
-0.084
-0.084
-0.084
0.0280606
0.0301444
0.032255
0.0342
0.0359521
0.0374104
0.0383079
0.037968
0.0344788
0.0199288
-0.0328546
-0.0702545
-0.0802094
-0.0829474
-0.0837
-0.0839145
-0.0839756
-0.0839931
-0.083998
-0.0839994
-0.0839998
-0.084
-0.084
-0.084
-0.084
-0.084
-0.084
-0.084
-0.084
-0.084
-0.084
-0.084
-0.084
-0.084
-0.084
0.0285752
0.0306512
0.0327432
0.0346521
0.0363467
0.037716
0.0384299
0.0375117
0.0323335
0.0142959
-0.0466957
-0.0737067
-0.0811594
-0.0832074
-0.0837738
-0.0839356
-0.0839817
-0.0839948
-0.0839985
-0.0839996
-0.0839999
-0.084
-0.084
-0.084
-0.084
-0.084
-0.084
-0.084
-0.084
-0.084
-0.084
-0.084
-0.084
-0.084
-0.084
0.0293102
0.0313388
0.0332953
0.0351145
0.0367063
0.0379066
0.0383039
0.0364604
0.0276595
-3.59758e-05
-0.0586106
-0.076984
-0.0820594
-0.0834484
-0.0838425
-0.083955
-0.0839871
-0.0839963
-0.083999
-0.0839997
-0.0839999
-0.084
-0.084
-0.084
-0.084
-0.084
-0.084
-0.084
-0.084
-0.084
-0.084
-0.084
-0.084
-0.084
-0.084
0.0300891
0.0320889
0.0339944
0.0357385
0.0372075
0.0381507
0.0379717
0.034831
0.0212487
-0.025671
-0.068181
-0.0796215
-0.0827757
-0.0836492
-0.0838994
-0.0839712
-0.0839917
-0.0839976
-0.0839993
-0.0839998
-0.0839999
-0.084
-0.084
-0.084
-0.084
-0.084
-0.084
-0.084
-0.084
-0.084
-0.084
-0.084
-0.084
-0.084
-0.084
0.0310962
0.0330575
0.0348956
0.0365296
0.037816
0.0383815
0.0370825
0.0307239
0.00998168
-0.051631
-0.0749319
-0.0814891
-0.0832941
-0.083797
-0.0839418
-0.0839833
-0.0839952
-0.0839986
-0.0839996
-0.0839999
-0.084
-0.084
-0.084
-0.084
-0.084
-0.084
-0.084
-0.084
-0.084
-0.084
-0.084
-0.084
-0.084
-0.084
-0.084
0.0323374
0.0342265
0.0359481
0.0373888
0.0382985
0.0380537
0.0346468
0.0209079
-0.0248867
-0.0678403
-0.0795053
-0.0827374
-0.0836366
-0.0838953
-0.0839698
-0.0839913
-0.0839975
-0.0839993
-0.0839998
-0.0839999
-0.084
-0.084
-0.084
-0.084
-0.084
-0.084
-0.084
-0.084
-0.084
-0.084
-0.084
-0.084
-0.084
-0.084
-0.084
0.0337692
0.0355286
0.0370316
0.0380494
0.0383189
0.0362791
0.0272383
-0.000398467
-0.0585409
-0.0769132
-0.0820194
-0.083431
-0.0838356
-0.0839524
-0.0839862
-0.083996
-0.0839988
-0.0839997
-0.0839999
-0.084
-0.084
-0.084
-0.084
-0.084
-0.084
-0.084
-0.084
-0.084
-0.084
-0.084
-0.084
-0.084
-0.084
-0.084
-0.084
0.0353465
0.0368779
0.0379749
0.0384182
0.0369249
0.0301971
0.0088312
-0.0512781
-0.0746689
-0.0813681
-0.0832465
-0.0837793
-0.0839355
-0.0839812
-0.0839945
-0.0839984
-0.0839995
-0.0839999
-0.084
-0.084
-0.084
-0.084
-0.084
-0.084
-0.084
-0.084
-0.084
-0.084
-0.084
-0.084
-0.084
-0.084
-0.084
-0.084
-0.084
0.0370137
0.0381979
0.0386119
0.0373023
0.0310671
0.0113179
-0.0484195
-0.0737308
-0.0810567
-0.083149
-0.0837474
-0.0839252
-0.0839778
-0.0839934
-0.0839981
-0.0839994
-0.0839998
-0.0839999
-0.084
-0.084
-0.084
-0.084
-0.084
-0.084
-0.084
-0.084
-0.084
-0.084
-0.084
-0.084
-0.084
-0.084
-0.084
-0.084
-0.084
0.0384281
0.0390858
0.0384257
0.0344161
0.0194757
-0.0365914
-0.0709901
-0.0803248
-0.082948
-0.083689
-0.0839076
-0.0839725
-0.0839918
-0.0839975
-0.0839993
-0.0839998
-0.0839999
-0.084
-0.084
-0.084
-0.084
-0.084
-0.084
-0.084
-0.084
-0.084
-0.084
-0.084
-0.084
-0.084
-0.084
-0.084
-0.084
-0.084
-0.084
0.0264627
0.0285266
0.0305875
0.0325957
0.0345085
0.0363078
0.0377107
0.0384409
0.0374883
0.0321386
0.0138778
-0.0479626
-0.0740272
-0.0812539
-0.0832347
-0.083782
-0.083938
-0.0839824
-0.083995
-0.0839986
-0.0839996
-0.0839999
-0.084
-0.084
-0.084
-0.084
-0.084
-0.084
-0.084
-0.084
-0.084
-0.084
-0.084
-0.084
-0.084
0.0264997
0.0285717
0.0306504
0.0327361
0.0346427
0.0363344
0.0376939
0.0383882
0.0373232
0.0315503
0.0123659
-0.0497905
-0.0744624
-0.0813691
-0.083265
-0.0837902
-0.0839403
-0.083983
-0.0839952
-0.0839986
-0.0839996
-0.0839999
-0.084
-0.084
-0.084
-0.084
-0.084
-0.084
-0.084
-0.084
-0.084
-0.084
-0.084
-0.084
-0.084
0.0266903
0.028764
0.0308152
0.032805
0.0346776
0.0363561
0.0377226
0.0385053
0.0373822
0.0312083
0.0109703
-0.0517791
-0.0750598
-0.0815496
-0.0833142
-0.083805
-0.0839446
-0.0839842
-0.0839955
-0.0839987
-0.0839996
-0.0839999
-0.084
-0.084
-0.084
-0.084
-0.084
-0.084
-0.084
-0.084
-0.084
-0.084
-0.084
-0.084
-0.084
0.0268326
0.0289765
0.0310469
0.0330279
0.0348764
0.0365147
0.0378033
0.0383852
0.037
0.0298807
0.00664511
-0.0555124
-0.0761182
-0.0818421
-0.0833938
-0.0838271
-0.0839507
-0.083986
-0.083996
-0.0839989
-0.0839997
-0.0839999
-0.084
-0.084
-0.084
-0.084
-0.084
-0.084
-0.084
-0.084
-0.084
-0.084
-0.084
-0.084
-0.084
0.0271719
0.0292646
0.0313103
0.0332742
0.0351042
0.0367092
0.0379333
0.0384089
0.0368034
0.0279166
-0.000754761
-0.0595071
-0.0773355
-0.0821735
-0.083484
-0.0838532
-0.0839582
-0.0839881
-0.0839966
-0.083999
-0.0839997
-0.0839999
-0.084
-0.084
-0.084
-0.084
-0.084
-0.084
-0.084
-0.084
-0.084
-0.084
-0.084
-0.084
-0.084
0.027507
0.0295708
0.0316123
0.0335884
0.0354909
0.037073
0.0381802
0.0383737
0.0360726
0.0248373
-0.0131253
-0.0644079
-0.0786773
-0.0825313
-0.0835836
-0.0838815
-0.0839663
-0.0839904
-0.0839973
-0.0839992
-0.0839998
-0.0839999
-0.084
-0.084
-0.084
-0.084
-0.084
-0.084
-0.084
-0.084
-0.084
-0.084
-0.084
-0.084
-0.084
0.0280268
0.0300819
0.0320999
0.0340241
0.0358067
0.0373904
0.0383551
0.0381354
0.034934
0.0210169
-0.029596
-0.0694545
-0.0800104
-0.0828945
-0.0836856
-0.0839105
-0.0839745
-0.0839928
-0.0839979
-0.0839994
-0.0839998
-0.084
-0.084
-0.084
-0.084
-0.084
-0.084
-0.084
-0.084
-0.084
-0.084
-0.084
-0.084
-0.084
-0.084
0.0287648
0.0308158
0.0327997
0.0346653
0.0363392
0.0376922
0.0383787
0.0373753
0.0319142
0.013271
-0.0481206
-0.0740278
-0.0812436
-0.0832294
-0.0837797
-0.0839372
-0.0839821
-0.0839949
-0.0839985
-0.0839996
-0.0839999
-0.084
-0.084
-0.084
-0.084
-0.084
-0.084
-0.084
-0.084
-0.084
-0.084
-0.084
-0.084
-0.084
-0.084
0.0295692
0.0315892
0.0335293
0.0353294
0.0368951
0.0380492
0.0383626
0.0363187
0.0265871
-0.00452467
-0.0608847
-0.0776757
-0.0822529
-0.0835035
-0.0838583
-0.0839595
-0.0839884
-0.0839967
-0.0839991
-0.0839997
-0.0839999
-0.084
-0.084
-0.084
-0.084
-0.084
-0.084
-0.084
-0.084
-0.084
-0.084
-0.084
-0.084
-0.084
-0.084
0.0305863
0.0325704
0.034447
0.0361521
0.0375644
0.0383948
0.037924
0.0341172
0.0188402
-0.0355726
-0.0709473
-0.0803885
-0.0829939
-0.0837121
-0.0839176
-0.0839764
-0.0839933
-0.0839981
-0.0839994
-0.0839998
-0.084
-0.084
-0.084
-0.084
-0.084
-0.084
-0.084
-0.084
-0.084
-0.084
-0.084
-0.084
-0.084
-0.084
-0.084
0.0318184
0.0337082
0.0353828
0.0368939
0.0380078
0.038256
0.0360812
0.0262368
-0.00450102
-0.0605989
-0.0775419
-0.0822019
-0.0834854
-0.083852
-0.0839574
-0.0839878
-0.0839965
-0.083999
-0.0839997
-0.0839999
-0.084
-0.084
-0.084
-0.084
-0.084
-0.084
-0.084
-0.084
-0.084
-0.084
-0.084
-0.084
-0.084
-0.084
-0.084
0.0332422
0.0349551
0.0365406
0.03782
0.038412
0.037249
0.0314868
0.0118854
-0.0481978
-0.0739064
-0.0811713
-0.0831981
-0.0837676
-0.0839328
-0.0839806
-0.0839944
-0.0839984
-0.0839995
-0.0839999
-0.084
-0.084
-0.084
-0.084
-0.084
-0.084
-0.084
-0.084
-0.084
-0.084
-0.084
-0.084
-0.084
-0.084
-0.084
-0.084
0.0348678
0.0364069
0.0377182
0.0384386
0.0377457
0.0334234
0.0176224
-0.0355878
-0.0706615
-0.0802302
-0.0829291
-0.0836877
-0.0839088
-0.0839734
-0.0839922
-0.0839977
-0.0839993
-0.0839998
-0.0839999
-0.084
-0.084
-0.084
-0.084
-0.084
-0.084
-0.084
-0.084
-0.084
-0.084
-0.084
-0.084
-0.084
-0.084
-0.084
-0.084
0.0366403
0.0379582
0.0386451
0.0381683
0.0343929
0.0198012
-0.0303406
-0.0690646
-0.0797481
-0.0827799
-0.0836407
-0.0838938
-0.0839686
-0.0839907
-0.0839973
-0.0839992
-0.0839998
-0.0839999
-0.084
-0.084
-0.084
-0.084
-0.084
-0.084
-0.084
-0.084
-0.084
-0.084
-0.084
-0.084
-0.084
-0.084
-0.084
-0.084
-0.084
0.0380908
0.0389856
0.0389422
0.0364338
0.0248214
-0.0153022
-0.0648084
-0.0786479
-0.0824782
-0.0835539
-0.0838681
-0.0839608
-0.0839883
-0.0839965
-0.083999
-0.0839997
-0.0839999
-0.084
-0.084
-0.084
-0.084
-0.084
-0.084
-0.084
-0.084
-0.084
-0.084
-0.084
-0.084
-0.084
-0.084
-0.084
-0.084
-0.084
-0.084
0.0259924
0.0280829
0.0302342
0.0322808
0.0342054
0.0359483
0.037397
0.0382667
0.0378205
0.0341743
0.0196503
-0.0362269
-0.0711921
-0.0804741
-0.0830219
-0.0837213
-0.0839206
-0.0839774
-0.0839936
-0.0839982
-0.0839995
-0.0839999
-0.084
-0.084
-0.084
-0.084
-0.084
-0.084
-0.084
-0.084
-0.084
-0.084
-0.084
-0.084
-0.084
0.0260447
0.0281862
0.0302835
0.0323106
0.0342234
0.0359569
0.037406
0.0382987
0.0379498
0.034184
0.0190576
-0.0377828
-0.071583
-0.0805876
-0.0830541
-0.0837309
-0.0839235
-0.0839782
-0.0839938
-0.0839982
-0.0839995
-0.0839999
-0.084
-0.084
-0.084
-0.084
-0.084
-0.084
-0.084
-0.084
-0.084
-0.084
-0.084
-0.084
-0.084
0.0262191
0.0282854
0.0303475
0.0323785
0.034376
0.0361291
0.0375701
0.0383981
0.0377548
0.0334281
0.0172455
-0.0418092
-0.0725055
-0.0808296
-0.0831202
-0.0837495
-0.0839288
-0.0839798
-0.0839942
-0.0839984
-0.0839995
-0.0839999
-0.084
-0.084
-0.084
-0.084
-0.084
-0.084
-0.084
-0.084
-0.084
-0.084
-0.084
-0.084
-0.084
0.0264376
0.0285151
0.0305709
0.0325675
0.0344599
0.0361883
0.0376911
0.0384774
0.0376222
0.0325512
0.0148506
-0.0467173
-0.0737543
-0.0811845
-0.0832168
-0.0837771
-0.0839367
-0.083982
-0.0839949
-0.0839985
-0.0839996
-0.0839999
-0.084
-0.084
-0.084
-0.084
-0.084
-0.084
-0.084
-0.084
-0.084
-0.084
-0.084
-0.084
-0.084
0.0267162
0.0287858
0.0308349
0.0328178
0.034686
0.0363779
0.0378208
0.0384976
0.0372784
0.0307791
0.00976786
-0.0528334
-0.0753331
-0.0816254
-0.0833351
-0.0838109
-0.0839463
-0.0839847
-0.0839956
-0.0839988
-0.0839996
-0.0839999
-0.084
-0.084
-0.084
-0.084
-0.084
-0.084
-0.084
-0.084
-0.084
-0.084
-0.084
-0.084
-0.084
0.0270313
0.0291193
0.0312518
0.0332546
0.0351052
0.0367187
0.0379402
0.0383776
0.036605
0.0278157
0.000443382
-0.0588975
-0.077135
-0.0821119
-0.0834656
-0.083848
-0.0839567
-0.0839877
-0.0839965
-0.083999
-0.0839997
-0.0839999
-0.084
-0.084
-0.084
-0.084
-0.084
-0.084
-0.084
-0.084
-0.084
-0.084
-0.084
-0.084
-0.084
0.0275489
0.0296335
0.0317529
0.0337269
0.035533
0.0370781
0.0381549
0.0382924
0.0358753
0.0242426
-0.0153663
-0.0651193
-0.0788521
-0.0825758
-0.0835957
-0.0838849
-0.0839672
-0.0839907
-0.0839973
-0.0839992
-0.0839998
-0.0839999
-0.084
-0.084
-0.084
-0.084
-0.084
-0.084
-0.084
-0.084
-0.084
-0.084
-0.084
-0.084
-0.084
0.0282837
0.0303333
0.0323339
0.034229
0.0359512
0.0373855
0.0382489
0.0378375
0.0343184
0.0193916
-0.0358326
-0.0710703
-0.0804346
-0.0830095
-0.0837172
-0.0839192
-0.083977
-0.0839934
-0.0839981
-0.0839995
-0.0839998
-0.084
-0.084
-0.084
-0.084
-0.084
-0.084
-0.084
-0.084
-0.084
-0.084
-0.084
-0.084
-0.084
-0.084
0.0290788
0.0311062
0.0330664
0.0349011
0.0365258
0.0377925
0.038322
0.0368496
0.0296909
0.00741624
-0.0547196
-0.0758121
-0.0817419
-0.0833624
-0.0838174
-0.0839478
-0.0839851
-0.0839957
-0.0839988
-0.0839997
-0.0839999
-0.084
-0.084
-0.084
-0.084
-0.084
-0.084
-0.084
-0.084
-0.084
-0.084
-0.084
-0.084
-0.084
-0.084
0.0300991
0.0320994
0.0340073
0.0357582
0.0372421
0.0382274
0.0381847
0.0353658
0.0226646
-0.020659
-0.0668037
-0.0792886
-0.0826903
-0.0836263
-0.0838931
-0.0839694
-0.0839913
-0.0839975
-0.0839993
-0.0839998
-0.0839999
-0.084
-0.084
-0.084
-0.084
-0.084
-0.084
-0.084
-0.084
-0.084
-0.084
-0.084
-0.084
-0.084
-0.084
0.0313472
0.0332874
0.0350956
0.0366925
0.0379062
0.0382683
0.0366856
0.0294198
0.00660329
-0.0542853
-0.0755744
-0.0816528
-0.0833325
-0.0838076
-0.0839447
-0.0839841
-0.0839954
-0.0839987
-0.0839996
-0.0839999
-0.084
-0.084
-0.084
-0.084
-0.084
-0.084
-0.084
-0.084
-0.084
-0.084
-0.084
-0.084
-0.084
-0.084
-0.084
0.0328023
0.0346218
0.0361902
0.0375416
0.0383142
0.0377511
0.0338024
0.0183276
-0.0352608
-0.0707318
-0.0802878
-0.0829544
-0.0836976
-0.0839125
-0.0839747
-0.0839927
-0.0839979
-0.0839994
-0.0839998
-0.0839999
-0.084
-0.084
-0.084
-0.084
-0.084
-0.084
-0.084
-0.084
-0.084
-0.084
-0.084
-0.084
-0.084
-0.084
-0.084
0.0344684
0.0361276
0.0374414
0.0383277
0.0381645
0.035132
0.0218797
-0.0202065
-0.0662382
-0.079036
-0.0825954
-0.0835923
-0.0838811
-0.0839653
-0.0839899
-0.0839971
-0.0839991
-0.0839998
-0.0839999
-0.084
-0.084
-0.084
-0.084
-0.084
-0.084
-0.084
-0.084
-0.084
-0.084
-0.084
-0.084
-0.084
-0.084
-0.084
-0.084
0.0362575
0.0376461
0.0385002
0.03847
0.0356862
0.0238079
-0.0150803
-0.0641567
-0.0783895
-0.0823939
-0.083529
-0.0838611
-0.083959
-0.0839879
-0.0839964
-0.0839989
-0.0839997
-0.0839999
-0.084
-0.084
-0.084
-0.084
-0.084
-0.084
-0.084
-0.084
-0.084
-0.084
-0.084
-0.084
-0.084
-0.084
-0.084
-0.084
-0.084
0.0377624
0.0387785
0.0390752
0.037352
0.028821
0.000528741
-0.0583099
-0.0768275
-0.0819777
-0.0834109
-0.0838265
-0.0839486
-0.0839847
-0.0839954
-0.0839986
-0.0839996
-0.0839999
-0.084
-0.084
-0.084
-0.084
-0.084
-0.084
-0.084
-0.084
-0.084
-0.084
-0.084
-0.084
-0.084
-0.084
-0.084
-0.084
-0.084
-0.084
0.025697
0.0277579
0.0298371
0.0318977
0.0339327
0.0357352
0.0372445
0.038229
0.0381188
0.035223
0.022012
-0.0260579
-0.0684177
-0.0797193
-0.0828134
-0.0836629
-0.0839041
-0.0839728
-0.0839923
-0.0839978
-0.0839994
-0.0839998
-0.0839999
-0.084
-0.084
-0.084
-0.084
-0.084
-0.084
-0.084
-0.084
-0.084
-0.084
-0.084
-0.084
0.0257394
0.0278307
0.0299814
0.032034
0.0339723
0.0357399
0.0372358
0.0382013
0.0380473
0.035117
0.0220257
-0.0275987
-0.0689703
-0.079889
-0.0828624
-0.0836766
-0.0839079
-0.0839738
-0.0839925
-0.0839979
-0.0839994
-0.0839998
-0.084
-0.084
-0.084
-0.084
-0.084
-0.084
-0.084
-0.084
-0.084
-0.084
-0.084
-0.084
-0.084
0.0259194
0.0279922
0.0300589
0.0320782
0.0340082
0.0357967
0.0373883
0.0383547
0.0381018
0.0348527
0.0208112
-0.0316028
-0.0699938
-0.0801591
-0.0829378
-0.0836984
-0.0839143
-0.0839757
-0.0839931
-0.083998
-0.0839994
-0.0839998
-0.084
-0.084
-0.084
-0.084
-0.084
-0.084
-0.084
-0.084
-0.084
-0.084
-0.084
-0.084
-0.084
0.026061
0.0282009
0.0302854
0.0322997
0.0342062
0.0359449
0.0374111
0.0383223
0.0379842
0.0342275
0.0191027
-0.0378155
-0.0716017
-0.0805977
-0.0830582
-0.0837324
-0.083924
-0.0839784
-0.0839938
-0.0839982
-0.0839995
-0.0839999
-0.084
-0.084
-0.084
-0.084
-0.084
-0.084
-0.084
-0.084
-0.084
-0.084
-0.084
-0.084
-0.084
0.0263966
0.0284895
0.030552
0.0325524
0.0344443
0.036158
0.0375929
0.038488
0.0377159
0.0328651
0.0156265
-0.0456151
-0.0735014
-0.0811174
-0.083199
-0.0837722
-0.0839353
-0.0839816
-0.0839948
-0.0839985
-0.0839996
-0.0839999
-0.084
-0.084
-0.084
-0.084
-0.084
-0.084
-0.084
-0.084
-0.084
-0.084
-0.084
-0.084
-0.084
0.0267341
0.0287979
0.0308558
0.0328741
0.0348418
0.036528
0.0378449
0.0384561
0.0371277
0.0302479
0.00828891
-0.0540048
-0.0756183
-0.0816999
-0.0833549
-0.0838164
-0.0839478
-0.0839852
-0.0839958
-0.0839988
-0.0839997
-0.0839999
-0.084
-0.084
-0.084
-0.084
-0.084
-0.084
-0.084
-0.084
-0.084
-0.084
-0.084
-0.084
-0.084
0.0272544
0.0293157
0.0313613
0.0333553
0.0352843
0.0369035
0.0380934
0.0384686
0.0365547
0.0269811
-0.00393964
-0.0608062
-0.0776885
-0.0822662
-0.0835099
-0.0838608
-0.0839604
-0.0839888
-0.0839968
-0.0839991
-0.0839997
-0.0839999
-0.084
-0.084
-0.084
-0.084
-0.084
-0.084
-0.084
-0.084
-0.084
-0.084
-0.084
-0.084
-0.084
0.0279917
0.0300536
0.0320678
0.0339867
0.0357477
0.0372366
0.0382068
0.0380813
0.0351082
0.0217847
-0.0256136
-0.068256
-0.079668
-0.0827963
-0.0836571
-0.0839022
-0.0839721
-0.0839921
-0.0839977
-0.0839994
-0.0839998
-0.0839999
-0.084
-0.084
-0.084
-0.084
-0.084
-0.084
-0.084
-0.084
-0.084
-0.084
-0.084
-0.084
-0.084
0.0288029
0.0308405
0.0328174
0.0346788
0.0363489
0.0376972
0.0383833
0.0373867
0.0319611
0.0134254
-0.047886
-0.0739666
-0.0812242
-0.0832233
-0.0837779
-0.0839367
-0.0839819
-0.0839949
-0.0839985
-0.0839996
-0.0839999
-0.084
-0.084
-0.084
-0.084
-0.084
-0.084
-0.084
-0.084
-0.084
-0.084
-0.084
-0.084
-0.084
-0.084
0.029824
0.0318311
0.0337576
0.0355409
0.037082
0.0381929
0.0384306
0.0362109
0.0256534
-0.00867474
-0.0627353
-0.0782092
-0.0824003
-0.0835456
-0.0838703
-0.0839629
-0.0839894
-0.083997
-0.0839991
-0.0839998
-0.0839999
-0.084
-0.084
-0.084
-0.084
-0.084
-0.084
-0.084
-0.084
-0.084
-0.084
-0.084
-0.084
-0.084
-0.084
0.03103
0.0328916
0.034702
0.0363412
0.0376613
0.038302
0.0372564
0.0318268
0.0133207
-0.0469005
-0.0736652
-0.081121
-0.0831888
-0.0837664
-0.0839329
-0.0839807
-0.0839945
-0.0839984
-0.0839995
-0.0839999
-0.084
-0.084
-0.084
-0.084
-0.084
-0.084
-0.084
-0.084
-0.084
-0.084
-0.084
-0.084
-0.084
-0.084
-0.084
0.032411
0.0342462
0.035948
0.0373866
0.0382978
0.0380995
0.0349129
0.0210227
-0.0246148
-0.0677171
-0.0794635
-0.082724
-0.0836319
-0.0838936
-0.0839693
-0.0839911
-0.0839974
-0.0839993
-0.0839998
-0.0839999
-0.084
-0.084
-0.084
-0.084
-0.084
-0.084
-0.084
-0.084
-0.084
-0.084
-0.084
-0.084
-0.084
-0.084
-0.084
0.0341855
0.0358078
0.0372512
0.0382479
0.0382349
0.0357573
0.0248306
-0.00881364
-0.0621799
-0.0779223
-0.0822842
-0.0835028
-0.0838552
-0.0839578
-0.0839877
-0.0839964
-0.083999
-0.0839997
-0.0839999
-0.084
-0.084
-0.084
-0.084
-0.084
-0.084
-0.084
-0.084
-0.084
-0.084
-0.084
-0.084
-0.084
-0.084
-0.084
-0.084
0.0360394
0.0374909
0.038474
0.0387137
0.0365337
0.0270027
-0.00313606
-0.0593277
-0.0770343
-0.0820208
-0.0834221
-0.0838302
-0.08395
-0.0839852
-0.0839957
-0.0839987
-0.0839996
-0.0839999
-0.084
-0.084
-0.084
-0.084
-0.084
-0.084
-0.084
-0.084
-0.084
-0.084
-0.084
-0.084
-0.084
-0.084
-0.084
-0.084
-0.084
0.0374515
0.0386637
0.0391565
0.0378349
0.0311569
0.0101224
-0.0522409
-0.075036
-0.0814805
-0.0832756
-0.0837861
-0.0839368
-0.0839813
-0.0839944
-0.0839983
-0.0839995
-0.0839999
-0.084
-0.084
-0.084
-0.084
-0.084
-0.084
-0.084
-0.084
-0.084
-0.084
-0.084
-0.084
-0.084
-0.084
-0.084
-0.084
-0.084
-0.084
0.0254672
0.0275304
0.0296246
0.0317507
0.033729
0.0355298
0.0370675
0.0381261
0.038217
0.0357319
0.0237072
-0.0178617
-0.0660709
-0.0791138
-0.082648
-0.0836162
-0.0838908
-0.0839689
-0.0839912
-0.0839975
-0.0839993
-0.0839998
-0.0839999
-0.084
-0.084
-0.084
-0.084
-0.084
-0.084
-0.084
-0.084
-0.084
-0.084
-0.084
-0.084
0.0255294
0.0276624
0.0297596
0.0318017
0.0337455
0.0355369
0.0370726
0.0381279
0.0382325
0.0359168
0.0238648
-0.0193571
-0.066585
-0.0792714
-0.0826965
-0.0836307
-0.0838949
-0.0839701
-0.0839915
-0.0839976
-0.0839993
-0.0839998
-0.0839999
-0.084
-0.084
-0.084
-0.084
-0.084
-0.084
-0.084
-0.084
-0.084
-0.084
-0.084
-0.084
0.025688
0.0277522
0.029819
0.0318488
0.0338094
0.035692
0.0372415
0.0382632
0.0382206
0.0354699
0.022586
-0.0241862
-0.0679382
-0.0796108
-0.0827869
-0.0836559
-0.0839022
-0.0839722
-0.0839921
-0.0839978
-0.0839994
-0.0839998
-0.0839999
-0.084
-0.084
-0.084
-0.084
-0.084
-0.084
-0.084
-0.084
-0.084
-0.084
-0.084
-0.084
0.025912
0.0279837
0.0300464
0.0320635
0.0339893
0.0357608
0.0372826
0.0383509
0.0381615
0.0350175
0.0211796
-0.0304931
-0.0697221
-0.0800918
-0.08292
-0.0836935
-0.083913
-0.0839753
-0.083993
-0.083998
-0.0839994
-0.0839998
-0.084
-0.084
-0.084
-0.084
-0.084
-0.084
-0.084
-0.084
-0.084
-0.084
-0.084
-0.084
-0.084
0.0261778
0.0282492
0.0303104
0.032325
0.0342371
0.0359958
0.037548
0.0384358
0.0379047
0.0339034
0.0183587
-0.0393836
-0.0719588
-0.0806893
-0.0830828
-0.0837393
-0.083926
-0.083979
-0.083994
-0.0839983
-0.0839995
-0.0839999
-0.084
-0.084
-0.084
-0.084
-0.084
-0.084
-0.084
-0.084
-0.084
-0.084
-0.084
-0.084
-0.084
0.0264978
0.0285643
0.0306431
0.0327357
0.034649
0.0363423
0.0377068
0.0384062
0.0373483
0.0316007
0.0124717
-0.0497168
-0.0744465
-0.0813664
-0.0832649
-0.0837904
-0.0839404
-0.0839831
-0.0839952
-0.0839986
-0.0839996
-0.0839999
-0.084
-0.084
-0.084
-0.084
-0.084
-0.084
-0.084
-0.084
-0.084
-0.084
-0.084
-0.084
-0.084
0.0270149
0.0290809
0.031149
0.0332195
0.0350934
0.036721
0.0379644
0.0384547
0.0368183
0.0285345
0.00226398
-0.0577581
-0.0767837
-0.0820192
-0.0834406
-0.0838412
-0.0839548
-0.0839872
-0.0839963
-0.083999
-0.0839997
-0.0839999
-0.084
-0.084
-0.084
-0.084
-0.084
-0.084
-0.084
-0.084
-0.084
-0.084
-0.084
-0.084
-0.084
0.0277438
0.029802
0.0318221
0.033757
0.0355394
0.0370661
0.0381159
0.0382093
0.0357594
0.0241531
-0.0168631
-0.0657715
-0.0790385
-0.0826264
-0.0836094
-0.0838886
-0.0839682
-0.083991
-0.0839974
-0.0839993
-0.0839998
-0.0839999
-0.084
-0.084
-0.084
-0.084
-0.084
-0.084
-0.084
-0.084
-0.084
-0.084
-0.084
-0.084
-0.084
0.0285442
0.0305859
0.0325747
0.0344572
0.0361562
0.0375486
0.0383173
0.0375861
0.0330437
0.0163472
-0.0425182
-0.0726085
-0.080837
-0.0831173
-0.0837474
-0.0839279
-0.0839794
-0.0839941
-0.0839983
-0.0839995
-0.0839999
-0.084
-0.084
-0.084
-0.084
-0.084
-0.084
-0.084
-0.084
-0.084
-0.084
-0.084
-0.084
-0.084
-0.084
0.0295687
0.0315864
0.0335253
0.0353243
0.0368954
0.0380681
0.0384266
0.0364853
0.0271924
-0.00222877
-0.059908
-0.0774014
-0.0821799
-0.0834835
-0.0838526
-0.0839578
-0.0839879
-0.0839966
-0.083999
-0.0839997
-0.0839999
-0.084
-0.084
-0.084
-0.084
-0.084
-0.084
-0.084
-0.084
-0.084
-0.084
-0.084
-0.084
-0.084
-0.084
0.0308233
0.03278
0.0346089
0.0361812
0.0375213
0.0382515
0.0374971
0.0329555
0.016242
-0.0412403
-0.0722318
-0.0807143
-0.0830767
-0.083734
-0.0839235
-0.083978
-0.0839937
-0.0839982
-0.0839995
-0.0839999
-0.084
-0.084
-0.084
-0.084
-0.084
-0.084
-0.084
-0.084
-0.084
-0.084
-0.084
-0.084
-0.084
-0.084
-0.084
0.0322679
0.0340575
0.0357659
0.0372346
0.0382323
0.038266
0.0356312
0.0236204
-0.0160819
-0.0650601
-0.0787639
-0.0825329
-0.083578
-0.0838781
-0.0839648
-0.0839898
-0.0839971
-0.0839992
-0.0839998
-0.0839999
-0.084
-0.084
-0.084
-0.084
-0.084
-0.084
-0.084
-0.084
-0.084
-0.084
-0.084
-0.084
-0.084
-0.084
-0.084
0.0339615
0.0356079
0.0370977
0.0381982
0.0384457
0.0362135
0.0268282
-0.00125132
-0.0587292
-0.0769277
-0.0820122
-0.0834261
-0.0838333
-0.0839515
-0.0839859
-0.0839959
-0.0839988
-0.0839997
-0.0839999
-0.084
-0.084
-0.084
-0.084
-0.084
-0.084
-0.084
-0.084
-0.084
-0.084
-0.084
-0.084
-0.084
-0.084
-0.084
-0.084
0.035839
0.0373235
0.0383811
0.0387684
0.0369541
0.0289315
0.00366787
-0.0556409
-0.0758841
-0.081699
-0.0833328
-0.0838036
-0.0839422
-0.083983
-0.083995
-0.0839985
-0.0839996
-0.0839999
-0.084
-0.084
-0.084
-0.084
-0.084
-0.084
-0.084
-0.084
-0.084
-0.084
-0.084
-0.084
-0.084
-0.084
-0.084
-0.084
-0.084
0.0373798
0.0385721
0.0391749
0.0382478
0.033225
0.0155142
-0.0460899
-0.0734452
-0.0810396
-0.0831559
-0.0837515
-0.0839267
-0.0839783
-0.0839936
-0.0839981
-0.0839994
-0.0839998
-0.0839999
-0.084
-0.084
-0.084
-0.084
-0.084
-0.084
-0.084
-0.084
-0.084
-0.084
-0.084
-0.084
-0.084
-0.084
-0.084
-0.084
-0.084
0.0253978
0.0274631
0.0295347
0.0315706
0.0335202
0.0353273
0.0369007
0.0380552
0.0384387
0.0363358
0.0254339
-0.0117373
-0.0640235
-0.078593
-0.0825132
-0.0835794
-0.0838805
-0.0839661
-0.0839904
-0.0839973
-0.0839992
-0.0839998
-0.0839999
-0.084
-0.084
-0.084
-0.084
-0.084
-0.084
-0.084
-0.084
-0.084
-0.084
-0.084
-0.084
0.0254287
0.027491
0.0295591
0.0315898
0.033541
0.0353703
0.0370348
0.0381703
0.0383868
0.0361427
0.0248126
-0.0142312
-0.0648377
-0.0787999
-0.0825675
-0.0835945
-0.0838848
-0.0839673
-0.0839907
-0.0839974
-0.0839992
-0.0839998
-0.0839999
-0.084
-0.084
-0.084
-0.084
-0.084
-0.084
-0.084
-0.084
-0.084
-0.084
-0.084
-0.084
0.025492
0.0275689
0.029714
0.0317736
0.0337306
0.0355329
0.0370725
0.0381227
0.0382009
0.0357605
0.023977
-0.0187153
-0.0663847
-0.0792135
-0.0826787
-0.0836252
-0.0838933
-0.0839696
-0.0839914
-0.0839975
-0.0839993
-0.0839998
-0.0839999
-0.084
-0.084
-0.084
-0.084
-0.084
-0.084
-0.084
-0.084
-0.084
-0.084
-0.084
-0.084
0.0257117
0.0277678
0.0298378
0.0318914
0.0339219
0.0357274
0.037246
0.0382383
0.0381273
0.0352233
0.0219892
-0.0258994
-0.0684735
-0.079742
-0.0828204
-0.0836649
-0.0839047
-0.0839729
-0.0839923
-0.0839978
-0.0839994
-0.0839998
-0.0839999
-0.084
-0.084
-0.084
-0.084
-0.084
-0.084
-0.084
-0.084
-0.084
-0.084
-0.084
-0.084
0.0259837
0.0280471
0.0301309
0.0322368
0.0341836
0.035941
0.0374125
0.0383081
0.0378951
0.0342549
0.0194219
-0.0353748
-0.0709412
-0.0803941
-0.0829995
-0.0837152
-0.083919
-0.083977
-0.0839935
-0.0839981
-0.0839995
-0.0839998
-0.084
-0.084
-0.084
-0.084
-0.084
-0.084
-0.084
-0.084
-0.084
-0.084
-0.084
-0.084
-0.084
0.0264233
0.0284976
0.0305603
0.0325673
0.0344571
0.0361642
0.0375875
0.0384762
0.037706
0.0328831
0.0156895
-0.0454449
-0.0734492
-0.0810991
-0.0831933
-0.0837705
-0.0839348
-0.0839815
-0.0839947
-0.0839985
-0.0839996
-0.0839999
-0.084
-0.084
-0.084
-0.084
-0.084
-0.084
-0.084
-0.084
-0.084
-0.084
-0.084
-0.084
-0.084
0.0269383
0.0290125
0.0310632
0.033044
0.0348945
0.0365336
0.0378162
0.0383904
0.0369931
0.0298795
0.00669003
-0.0554747
-0.0761046
-0.0818381
-0.0833929
-0.0838269
-0.0839507
-0.083986
-0.083996
-0.0839989
-0.0839997
-0.0839999
-0.084
-0.084
-0.084
-0.084
-0.084
-0.084
-0.084
-0.084
-0.084
-0.084
-0.084
-0.084
-0.084
0.0275238
0.0295775
0.0316015
0.0335527
0.0353802
0.0370417
0.0381831
0.0384222
0.0362159
0.0253213
-0.0113231
-0.0638063
-0.0785212
-0.0824896
-0.0835717
-0.0838781
-0.0839653
-0.0839901
-0.0839972
-0.0839992
-0.0839998
-0.0839999
-0.084
-0.084
-0.084
-0.084
-0.084
-0.084
-0.084
-0.084
-0.084
-0.084
-0.084
-0.084
-0.084
0.0283039
0.0303549
0.0323802
0.0343756
0.0361288
0.0375694
0.0384178
0.0379335
0.0340889
0.0187652
-0.037058
-0.0713589
-0.0805144
-0.0830326
-0.0837241
-0.0839213
-0.0839776
-0.0839936
-0.0839982
-0.0839995
-0.0839999
-0.084
-0.084
-0.084
-0.084
-0.084
-0.084
-0.084
-0.084
-0.084
-0.084
-0.084
-0.084
-0.084
-0.084
0.02932
0.0313433
0.033295
0.0351154
0.0367088
0.037913
0.0383224
0.0365022
0.0277898
0.000485554
-0.0583349
-0.0769006
-0.0820344
-0.0834409
-0.0838401
-0.0839542
-0.0839869
-0.0839963
-0.0839989
-0.0839997
-0.0839999
-0.084
-0.084
-0.084
-0.084
-0.084
-0.084
-0.084
-0.084
-0.084
-0.084
-0.084
-0.084
-0.084
-0.084
0.030593
0.0325746
0.0344487
0.0361434
0.0375409
0.038356
0.0378552
0.034008
0.0186782
-0.0358637
-0.0709776
-0.0803854
-0.0829893
-0.0837096
-0.0839166
-0.083976
-0.0839931
-0.083998
-0.0839994
-0.0839998
-0.084
-0.084
-0.084
-0.084
-0.084
-0.084
-0.084
-0.084
-0.084
-0.084
-0.084
-0.084
-0.084
-0.084
-0.084
0.0320939
0.0339916
0.0357351
0.0372045
0.0381402
0.0382457
0.0358045
0.0247581
-0.0102706
-0.0630314
-0.0782248
-0.0823874
-0.0835374
-0.0838666
-0.0839615
-0.0839889
-0.0839968
-0.0839991
-0.0839997
-0.0839999
-0.084
-0.084
-0.084
-0.084
-0.084
-0.084
-0.084
-0.084
-0.084
-0.084
-0.084
-0.084
-0.084
-0.084
-0.084
0.0337955
0.0355468
0.0370624
0.0381139
0.0384454
0.0365254
0.0278839
0.00256503
-0.0564578
-0.0762077
-0.0818097
-0.0833708
-0.0838167
-0.0839467
-0.0839845
-0.0839955
-0.0839987
-0.0839996
-0.0839999
-0.084
-0.084
-0.084
-0.084
-0.084
-0.084
-0.084
-0.084
-0.084
-0.084
-0.084
-0.084
-0.084
-0.084
-0.084
-0.084
0.0357468
0.0371752
0.038261
0.0387435
0.0372612
0.0300843
0.00804079
-0.0527018
-0.0750289
-0.0814566
-0.0832663
-0.0837836
-0.0839364
-0.0839813
-0.0839945
-0.0839984
-0.0839995
-0.0839999
-0.084
-0.084
-0.084
-0.084
-0.084
-0.084
-0.084
-0.084
-0.084
-0.084
-0.084
-0.084
-0.084
-0.084
-0.084
-0.084
-0.084
0.0372311
0.038432
0.0391118
0.0384787
0.0340112
0.0177388
-0.0415457
-0.0722891
-0.0807093
-0.0830633
-0.0837249
-0.0839189
-0.083976
-0.0839929
-0.0839979
-0.0839994
-0.0839998
-0.0839999
-0.084
-0.084
-0.084
-0.084
-0.084
-0.084
-0.084
-0.084
-0.084
-0.084
-0.084
-0.084
-0.084
-0.084
-0.084
-0.084
-0.084
0.0252336
0.0273136
0.0294664
0.0315348
0.0335032
0.035319
0.0368927
0.0380411
0.0383661
0.0363916
0.0262658
-0.00836704
-0.0628596
-0.0782831
-0.0824285
-0.0835553
-0.0838736
-0.0839641
-0.0839898
-0.0839971
-0.0839992
-0.0839998
-0.0839999
-0.084
-0.084
-0.084
-0.084
-0.084
-0.084
-0.084
-0.084
-0.084
-0.084
-0.084
-0.084
0.0253544
0.0274371
0.0295194
0.0315586
0.033513
0.0353287
0.0369098
0.0380766
0.0384894
0.0364574
0.0258147
-0.0103084
-0.0635447
-0.0784705
-0.0824813
-0.0835707
-0.0838782
-0.0839654
-0.0839902
-0.0839972
-0.0839992
-0.0839998
-0.0839999
-0.084
-0.084
-0.084
-0.084
-0.084
-0.084
-0.084
-0.084
-0.084
-0.084
-0.084
-0.084
0.0254464
0.0275
0.0295645
0.0315996
0.0335745
0.0354818
0.0370723
0.0381734
0.0383455
0.0360228
0.0244557
-0.0155827
-0.0652581
-0.0789028
-0.0825939
-0.0836018
-0.0838869
-0.0839679
-0.0839909
-0.0839974
-0.0839993
-0.0839998
-0.0839999
-0.084
-0.084
-0.084
-0.084
-0.084
-0.084
-0.084
-0.084
-0.084
-0.084
-0.084
-0.084
0.0256763
0.0277341
0.0297941
0.0318188
0.0337659
0.0355855
0.0372264
0.0382921
0.0383236
0.0357128
0.023204
-0.0218354
-0.0672927
-0.0794533
-0.0827461
-0.0836449
-0.0838992
-0.0839714
-0.0839919
-0.0839977
-0.0839993
-0.0839998
-0.0839999
-0.084
-0.084
-0.084
-0.084
-0.084
-0.084
-0.084
-0.084
-0.084
-0.084
-0.084
-0.084
0.0259391
0.0280007
0.0300631
0.0320824
0.0340081
0.0357935
0.0373888
0.0383588
0.0381002
0.0348387
0.0207703
-0.0316189
-0.0699942
-0.0801589
-0.0829379
-0.0836985
-0.0839144
-0.0839757
-0.0839931
-0.083998
-0.0839994
-0.0839998
-0.084
-0.084
-0.084
-0.084
-0.084
-0.084
-0.084
-0.084
-0.084
-0.084
-0.084
-0.084
-0.084
0.0262583
0.0283471
0.0304942
0.0325324
0.0344356
0.0361485
0.0375594
0.0383479
0.0375905
0.0329306
0.0161147
-0.0437032
-0.0729597
-0.0809464
-0.0831503
-0.0837576
-0.083931
-0.0839804
-0.0839944
-0.0839984
-0.0839995
-0.0839999
-0.084
-0.084
-0.084
-0.084
-0.084
-0.084
-0.084
-0.084
-0.084
-0.084
-0.084
-0.084
-0.084
0.0267729
0.028862
0.0309995
0.0330133
0.0348828
0.0365347
0.0378377
0.0384395
0.0371088
0.0302318
0.00822955
-0.0540321
-0.0756208
-0.0816985
-0.0833539
-0.083816
-0.0839477
-0.0839851
-0.0839958
-0.0839988
-0.0839997
-0.0839999
-0.084
-0.084
-0.084
-0.084
-0.084
-0.084
-0.084
-0.084
-0.084
-0.084
-0.084
-0.084
-0.084
0.0274916
0.0295497
0.0315778
0.0335234
0.0353261
0.036889
0.0380188
0.038295
0.0362124
0.0260277
-0.00832729
-0.0627328
-0.0782269
-0.0824076
-0.083548
-0.0838711
-0.0839632
-0.0839895
-0.083997
-0.0839992
-0.0839998
-0.0839999
-0.084
-0.084
-0.084
-0.084
-0.084
-0.084
-0.084
-0.084
-0.084
-0.084
-0.084
-0.084
-0.084
0.0282852
0.0303302
0.0323285
0.0342278
0.0359543
0.0373911
0.0382502
0.0378055
0.0340724
0.0190244
-0.0350316
-0.0708037
-0.08034
-0.0829795
-0.0837081
-0.0839166
-0.0839762
-0.0839932
-0.0839981
-0.0839994
-0.0839998
-0.084
-0.084
-0.084
-0.084
-0.084
-0.084
-0.084
-0.084
-0.084
-0.084
-0.084
-0.084
-0.084
-0.084
0.0293103
0.0313361
0.0332896
0.0351117
0.0367155
0.037955
0.0384409
0.0368357
0.0290571
0.00457426
-0.0562941
-0.076309
-0.0818818
-0.0834003
-0.0838291
-0.0839511
-0.083986
-0.083996
-0.0839989
-0.0839997
-0.0839999
-0.084
-0.084
-0.084
-0.084
-0.084
-0.084
-0.084
-0.084
-0.084
-0.084
-0.084
-0.084
-0.084
-0.084
0.0305797
0.0325597
0.0344245
0.0360991
0.0374043
0.0382143
0.0377667
0.0340513
0.019056
-0.0333847
-0.0702464
-0.0801679
-0.0829254
-0.0836909
-0.0839111
-0.0839745
-0.0839927
-0.0839979
-0.0839994
-0.0839998
-0.084
-0.084
-0.084
-0.084
-0.084
-0.084
-0.084
-0.084
-0.084
-0.084
-0.084
-0.084
-0.084
-0.084
-0.084
0.0320643
0.0339384
0.0355964
0.0370853
0.0381649
0.0383883
0.0361533
0.0257767
-0.00729483
-0.0617216
-0.0778462
-0.0822814
-0.0835071
-0.0838579
-0.083959
-0.0839882
-0.0839966
-0.083999
-0.0839997
-0.0839999
-0.084
-0.084
-0.084
-0.084
-0.084
-0.084
-0.084
-0.084
-0.084
-0.084
-0.084
-0.084
-0.084
-0.084
-0.084
0.0337318
0.0354032
0.0369303
0.0381082
0.0385013
0.0366584
0.028956
0.00578379
-0.0546901
-0.0756627
-0.0816613
-0.0833295
-0.0838049
-0.0839433
-0.0839835
-0.0839952
-0.0839986
-0.0839996
-0.0839999
-0.084
-0.084
-0.084
-0.084
-0.084
-0.084
-0.084
-0.084
-0.084
-0.084
-0.084
-0.084
-0.084
-0.084
-0.084
-0.084
0.0356178
0.0371393
0.0382704
0.0387859
0.0373553
0.0308835
0.00976736
-0.0506255
-0.0744365
-0.0812856
-0.0832182
-0.0837698
-0.0839323
-0.0839801
-0.0839941
-0.0839983
-0.0839995
-0.0839999
-0.084
-0.084
-0.084
-0.084
-0.084
-0.084
-0.084
-0.084
-0.084
-0.084
-0.084
-0.084
-0.084
-0.084
-0.084
-0.084
-0.084
0.0370706
0.0383996
0.0391263
0.0385313
0.0346872
0.0194929
-0.0381222
-0.071455
-0.0804852
-0.0830024
-0.0837072
-0.0839137
-0.0839745
-0.0839924
-0.0839978
-0.0839993
-0.0839998
-0.0839999
-0.084
-0.084
-0.084
-0.084
-0.084
-0.084
-0.084
-0.084
-0.084
-0.084
-0.084
-0.084
-0.084
-0.084
-0.084
-0.084
-0.084
0.0251886
0.0272396
0.0293195
0.0313927
0.0334587
0.0353111
0.0368986
0.0380544
0.0383759
0.0363538
0.0260298
-0.00805706
-0.0624744
-0.0781373
-0.082383
-0.0835422
-0.0838699
-0.083963
-0.0839895
-0.083997
-0.0839992
-0.0839998
-0.0839999
-0.084
-0.084
-0.084
-0.084
-0.084
-0.084
-0.084
-0.084
-0.084
-0.084
-0.084
-0.084
0.0252343
0.0273126
0.0294648
0.0315335
0.0335015
0.0353182
0.0368928
0.0380323
0.0383318
0.0363146
0.02604
-0.00921657
-0.0631563
-0.0783606
-0.0824491
-0.083561
-0.0838752
-0.0839645
-0.0839899
-0.0839971
-0.0839992
-0.0839998
-0.0839999
-0.084
-0.084
-0.084
-0.084
-0.084
-0.084
-0.084
-0.084
-0.084
-0.084
-0.084
-0.084
0.0254237
0.0274805
0.0295455
0.0315765
0.0335325
0.0353714
0.0370456
0.0381879
0.0384138
0.0361926
0.024967
-0.0135859
-0.0646279
-0.0787472
-0.0825541
-0.083591
-0.0838839
-0.083967
-0.0839906
-0.0839973
-0.0839992
-0.0839998
-0.0839999
-0.084
-0.084
-0.084
-0.084
-0.084
-0.084
-0.084
-0.084
-0.084
-0.084
-0.084
-0.084
0.025632
0.0277158
0.0297843
0.0318076
0.0337429
0.0355332
0.037082
0.0381689
0.0383675
0.0358958
0.0236719
-0.0202269
-0.0668489
-0.0793449
-0.0827175
-0.0836368
-0.0838968
-0.0839707
-0.0839917
-0.0839976
-0.0839993
-0.0839998
-0.0839999
-0.084
-0.084
-0.084
-0.084
-0.084
-0.084
-0.084
-0.084
-0.084
-0.084
-0.084
-0.084
0.0259176
0.0279871
0.0300496
0.0320677
0.0339891
0.0357565
0.0372808
0.0383595
0.0381925
0.0351018
0.021371
-0.0298977
-0.0695772
-0.0800569
-0.082911
-0.0836911
-0.0839123
-0.0839751
-0.0839929
-0.083998
-0.0839994
-0.0839998
-0.084
-0.084
-0.084
-0.084
-0.084
-0.084
-0.084
-0.084
-0.084
-0.084
-0.084
-0.084
-0.084
0.0262273
0.0282957
0.0303851
0.0324911
0.0344245
0.036152
0.0375732
0.0383864
0.0377164
0.03333
0.0170367
-0.0421679
-0.0725771
-0.0808456
-0.0831241
-0.0837506
-0.0839291
-0.0839799
-0.0839943
-0.0839984
-0.0839995
-0.0839999
-0.084
-0.084
-0.084
-0.084
-0.084
-0.084
-0.084
-0.084
-0.084
-0.084
-0.084
-0.084
-0.084
0.0267412
0.0288019
0.030859
0.0328778
0.034847
0.036537
0.0378649
0.0384988
0.0372575
0.0307525
0.00973824
-0.052795
-0.0753162
-0.0816193
-0.0833335
-0.0838106
-0.0839462
-0.0839847
-0.0839957
-0.0839988
-0.0839996
-0.0839999
-0.084
-0.084
-0.084
-0.084
-0.084
-0.084
-0.084
-0.084
-0.084
-0.084
-0.084
-0.084
-0.084
0.0274859
0.0295455
0.0315723
0.0335202
0.0353295
0.0368981
0.0380425
0.0383382
0.0362475
0.0259754
-0.00749838
-0.0621646
-0.0780384
-0.0823528
-0.0835326
-0.0838669
-0.0839621
-0.0839892
-0.0839969
-0.0839991
-0.0839998
-0.0839999
-0.084
-0.084
-0.084
-0.084
-0.084
-0.084
-0.084
-0.084
-0.084
-0.084
-0.084
-0.084
-0.084
0.0282893
0.0303345
0.0323316
0.0342292
0.0359601
0.0374091
0.0383009
0.0379578
0.0344756
0.0199494
-0.0325798
-0.0701651
-0.08018
-0.0829377
-0.083697
-0.0839136
-0.0839754
-0.083993
-0.083998
-0.0839994
-0.0839998
-0.084
-0.084
-0.084
-0.084
-0.084
-0.084
-0.084
-0.084
-0.084
-0.084
-0.084
-0.084
-0.084
-0.084
0.0293161
0.0313402
0.0332914
0.0351178
0.0367354
0.037999
0.0385325
0.0370622
0.029812
0.00677635
-0.0550949
-0.0759515
-0.0817886
-0.083378
-0.0838224
-0.0839493
-0.0839855
-0.0839959
-0.0839988
-0.0839997
-0.0839999
-0.084
-0.084
-0.084
-0.084
-0.084
-0.084
-0.084
-0.084
-0.084
-0.084
-0.084
-0.084
-0.084
-0.084
0.0305671
0.0325137
0.0342874
0.035967
0.0373848
0.0382523
0.0379025
0.0344139
0.0199604
-0.0306243
-0.0695715
-0.0800022
-0.082882
-0.0836791
-0.0839079
-0.0839736
-0.0839924
-0.0839978
-0.0839994
-0.0839998
-0.0839999
-0.084
-0.084
-0.084
-0.084
-0.084
-0.084
-0.084
-0.084
-0.084
-0.084
-0.084
-0.084
-0.084
-0.084
0.0320294
0.0338312
0.0355596
0.0370788
0.0381858
0.0384347
0.0362029
0.0258559
-0.00558663
-0.0609598
-0.077626
-0.0822207
-0.08349
-0.0838531
-0.0839576
-0.0839878
-0.0839965
-0.083999
-0.0839997
-0.0839999
-0.084
-0.084
-0.084
-0.084
-0.084
-0.084
-0.084
-0.084
-0.084
-0.084
-0.084
-0.084
-0.084
-0.084
-0.084
0.0337247
0.0353888
0.0369191
0.0380902
0.0384219
0.0367796
0.0294662
0.00718846
-0.0537325
-0.0753911
-0.0815849
-0.0833077
-0.0837986
-0.0839415
-0.083983
-0.0839951
-0.0839986
-0.0839996
-0.0839999
-0.084
-0.084
-0.084
-0.084
-0.084
-0.084
-0.084
-0.084
-0.084
-0.084
-0.084
-0.084
-0.084
-0.084
-0.084
-0.084
0.035577
0.0370171
0.0382202
0.038682
0.0374319
0.0312962
0.0108777
-0.0496014
-0.0741547
-0.0812047
-0.083195
-0.0837629
-0.0839303
-0.0839795
-0.083994
-0.0839982
-0.0839995
-0.0839998
-0.084
-0.084
-0.084
-0.084
-0.084
-0.084
-0.084
-0.084
-0.084
-0.084
-0.084
-0.084
-0.084
-0.084
-0.084
-0.084
-0.084
0.0370319
0.03828
0.0390955
0.0385134
0.0346423
0.020022
-0.0367102
-0.0711031
-0.0803845
-0.0829727
-0.0836983
-0.083911
-0.0839737
-0.0839922
-0.0839977
-0.0839993
-0.0839998
-0.0839999
-0.084
-0.084
-0.084
-0.084
-0.084
-0.084
-0.084
-0.084
-0.084
-0.084
-0.084
-0.084
-0.084
-0.084
-0.084
-0.084
-0.084
)
;

boundaryField
{
    walls
    {
        type            zeroGradient;
    }
    procBoundary4to3
    {
        type            processor;
        value           nonuniform List<scalar> 
300
(
-0.0305558
-0.0324973
-0.0367419
-0.0433693
-0.0502916
-0.0570173
-0.0634552
-0.0691962
-0.0740521
-0.0780734
-0.0808653
-0.0825413
-0.0834087
-0.0837934
-0.0839221
0.0320702
0.031603
0.031244
0.0294513
0.0274786
0.0248312
0.0205458
0.0126062
-0.00482941
-0.0368814
-0.061134
-0.0737826
-0.0801676
-0.0827581
-0.0835501
0.0381076
0.0381076
0.0380693
0.0380693
0.0379429
0.0379429
0.0378576
0.0378576
0.0375855
0.0375855
0.0372274
0.0372274
0.036501
0.036501
0.0350767
0.0350767
0.0325457
0.0325457
0.0269327
0.0269327
0.0152433
0.0152433
-0.0168026
-0.0168026
-0.060701
-0.060701
-0.0769679
-0.0769679
-0.0816008
-0.0816008
0.0367147
0.0367113
0.0368229
0.0370014
0.0371582
0.0373559
0.0376448
0.0379694
0.038193
0.0383029
0.0377058
0.0356501
0.0278373
0.00567712
-0.0463569
0.0350702
0.0351079
0.0351561
0.0353339
0.0355731
0.0359008
0.0362963
0.0367372
0.0372399
0.0378097
0.0382116
0.0381588
0.0365075
0.0300996
0.0164172
0.0335092
0.0335092
0.0335207
0.0335207
0.0335559
0.0335559
0.0337618
0.0337618
0.0340117
0.0340117
0.0344321
0.0344321
0.0348783
0.0348783
0.035345
0.035345
0.0359951
0.0359951
0.036747
0.036747
0.0375288
0.0375288
0.0382059
0.0382059
0.038226
0.038226
0.0365379
0.0365379
0.031963
0.031963
0.0300671
0.0300893
0.0302877
0.0303671
0.0306316
0.0310837
0.0315905
0.0322679
0.0330538
0.0339878
0.035068
0.0361945
0.0374327
0.0385789
0.0391588
0.0287961
0.0287961
0.028881
0.028881
0.0290634
0.0290634
0.0293003
0.0293003
0.0295537
0.0295537
0.029831
0.029831
0.0303361
0.0303361
0.0310808
0.0310808
0.0318447
0.0318447
0.0328189
0.0328189
0.033994
0.033994
0.0352864
0.0352864
0.0367052
0.0367052
0.0380899
0.0380899
0.0390475
0.0390475
0.0257426
0.025893
0.0259986
0.0262371
0.0264938
0.0267703
0.0272803
0.0280302
0.0288117
0.0298341
0.0311173
0.0326081
0.0344047
0.0362163
0.0377905
0.0249766
0.0250498
0.0252145
0.0254378
0.0257047
0.0260029
0.0265157
0.0272565
0.0280467
0.0290699
0.0303532
0.0318682
0.0336101
0.035584
0.0372339
0.0244311
0.0244621
0.0246274
0.024762
0.0250531
0.0254568
0.0259748
0.026683
0.0275167
0.0285477
0.0298204
0.0313298
0.0330787
0.0351054
0.0366801
0.0239652
0.0239993
0.0241838
0.0243757
0.0246609
0.0249856
0.025498
0.0262267
0.0270304
0.0280566
0.0293308
0.030854
0.0326472
0.0346968
0.0363669
0.0236837
0.0237141
0.0238722
0.0240053
0.0242928
0.0246968
0.0252106
0.0259136
0.0267483
0.0277802
0.0290398
0.0305356
0.0323459
0.0344238
0.0360087
0.0234592
0.0234962
0.0236618
0.0238644
0.0241227
0.0244648
0.0249738
0.0256837
0.026493
0.0275203
0.0287974
0.0303177
0.0321049
0.0341968
0.0358276
0.023367
0.0234083
0.0234798
0.0236985
0.0239607
0.0243664
0.0248713
0.0254789
0.026256
0.0272723
0.0285593
0.0301123
0.0319226
0.0340432
0.0357643
0.023224
0.0232848
0.0234355
0.0236519
0.0239097
0.0242245
0.0247298
0.0254426
0.0262367
0.0272596
0.0285426
0.0300785
0.0318598
0.0339578
0.0355708
0.0231957
0.0232271
0.0234064
0.0235474
0.0238674
0.0242011
0.0247093
0.0254299
0.0262391
0.0272657
0.0285411
0.0300673
0.0318551
0.033939
0.0355523
)
;
    }
    procBoundary4to5
    {
        type            processor;
        value           nonuniform List<scalar> 
480
(
-0.0815931
-0.0830463
-0.0836292
-0.0838611
-0.0839494
-0.083982
-0.0839937
-0.0839978
-0.0839993
-0.0839998
-0.0839999
-0.084
-0.084
-0.084
-0.084
-0.084
-0.084
-0.084
-0.084
-0.084
-0.084
-0.084
-0.084
-0.084
-0.084
-0.084
-0.084
-0.084
-0.084
-0.084
-0.084
-0.084
-0.081672
-0.0830795
-0.0836424
-0.0838661
-0.0839512
-0.0839826
-0.0839939
-0.0839979
-0.0839993
-0.0839998
-0.0839999
-0.084
-0.084
-0.084
-0.084
-0.084
-0.084
-0.084
-0.084
-0.084
-0.084
-0.084
-0.084
-0.084
-0.084
-0.084
-0.084
-0.084
-0.084
-0.084
-0.084
-0.084
-0.0818259
-0.0831398
-0.0836666
-0.0838755
-0.0839547
-0.0839839
-0.0839944
-0.0839981
-0.0839993
-0.0839998
-0.0839999
-0.084
-0.084
-0.084
-0.084
-0.084
-0.084
-0.084
-0.084
-0.084
-0.084
-0.084
-0.084
-0.084
-0.084
-0.084
-0.084
-0.084
-0.084
-0.084
-0.084
-0.084
-0.0820539
-0.083229
-0.0837019
-0.0838888
-0.0839596
-0.0839856
-0.083995
-0.0839983
-0.0839994
-0.0839998
-0.0839999
-0.084
-0.084
-0.084
-0.084
-0.084
-0.084
-0.084
-0.084
-0.084
-0.084
-0.084
-0.084
-0.084
-0.084
-0.084
-0.084
-0.084
-0.084
-0.084
-0.084
-0.084
-0.0823258
-0.0833365
-0.083745
-0.0839052
-0.0839656
-0.0839878
-0.0839957
-0.0839985
-0.0839995
-0.0839998
-0.0839999
-0.084
-0.084
-0.084
-0.084
-0.084
-0.084
-0.084
-0.084
-0.084
-0.084
-0.084
-0.084
-0.084
-0.084
-0.084
-0.084
-0.084
-0.084
-0.084
-0.084
-0.084
-0.0826355
-0.0834588
-0.0837934
-0.0839233
-0.0839723
-0.0839902
-0.0839966
-0.0839988
-0.0839996
-0.0839999
-0.084
-0.084
-0.084
-0.084
-0.084
-0.084
-0.084
-0.084
-0.084
-0.084
-0.084
-0.084
-0.084
-0.084
-0.084
-0.084
-0.084
-0.084
-0.084
-0.084
-0.084
-0.084
-0.0829499
-0.0835847
-0.083842
-0.0839416
-0.0839789
-0.0839925
-0.0839974
-0.0839991
-0.0839997
-0.0839999
-0.084
-0.084
-0.084
-0.084
-0.084
-0.084
-0.084
-0.084
-0.084
-0.084
-0.084
-0.084
-0.084
-0.084
-0.084
-0.084
-0.084
-0.084
-0.084
-0.084
-0.084
-0.084
-0.0832391
-0.083701
-0.0838869
-0.0839584
-0.083985
-0.0839947
-0.0839982
-0.0839994
-0.0839998
-0.0839999
-0.084
-0.084
-0.084
-0.084
-0.084
-0.084
-0.084
-0.084
-0.084
-0.084
-0.084
-0.084
-0.084
-0.084
-0.084
-0.084
-0.084
-0.084
-0.084
-0.084
-0.084
-0.084
-0.0834883
-0.0838018
-0.0839255
-0.0839727
-0.0839902
-0.0839966
-0.0839988
-0.0839996
-0.0839999
-0.084
-0.084
-0.084
-0.084
-0.084
-0.084
-0.084
-0.084
-0.084
-0.084
-0.084
-0.084
-0.084
-0.084
-0.084
-0.084
-0.084
-0.084
-0.084
-0.084
-0.084
-0.084
-0.084
-0.0836891
-0.0838805
-0.0839554
-0.0839837
-0.0839942
-0.083998
-0.0839993
-0.0839998
-0.0839999
-0.084
-0.084
-0.084
-0.084
-0.084
-0.084
-0.084
-0.084
-0.084
-0.084
-0.084
-0.084
-0.084
-0.084
-0.084
-0.084
-0.084
-0.084
-0.084
-0.084
-0.084
-0.084
-0.084
-0.0838309
-0.0839356
-0.0839761
-0.0839913
-0.0839969
-0.0839989
-0.0839996
-0.0839999
-0.084
-0.084
-0.084
-0.084
-0.084
-0.084
-0.084
-0.084
-0.084
-0.084
-0.084
-0.084
-0.084
-0.084
-0.084
-0.084
-0.084
-0.084
-0.084
-0.084
-0.084
-0.084
-0.084
-0.084
-0.0839187
-0.0839693
-0.0839887
-0.0839959
-0.0839985
-0.0839995
-0.0839998
-0.0839999
-0.084
-0.084
-0.084
-0.084
-0.084
-0.084
-0.084
-0.084
-0.084
-0.084
-0.084
-0.084
-0.084
-0.084
-0.084
-0.084
-0.084
-0.084
-0.084
-0.084
-0.084
-0.084
-0.084
-0.084
-0.0839661
-0.0839873
-0.0839953
-0.0839983
-0.0839994
-0.0839998
-0.0839999
-0.084
-0.084
-0.084
-0.084
-0.084
-0.084
-0.084
-0.084
-0.084
-0.084
-0.084
-0.084
-0.084
-0.084
-0.084
-0.084
-0.084
-0.084
-0.084
-0.084
-0.084
-0.084
-0.084
-0.084
-0.084
-0.0839877
-0.0839954
-0.0839983
-0.0839994
-0.0839998
-0.0839999
-0.084
-0.084
-0.084
-0.084
-0.084
-0.084
-0.084
-0.084
-0.084
-0.084
-0.084
-0.084
-0.084
-0.084
-0.084
-0.084
-0.084
-0.084
-0.084
-0.084
-0.084
-0.084
-0.084
-0.084
-0.084
-0.084
-0.0839952
-0.0839982
-0.0839993
-0.0839998
-0.0839999
-0.084
-0.084
-0.084
-0.084
-0.084
-0.084
-0.084
-0.084
-0.084
-0.084
-0.084
-0.084
-0.084
-0.084
-0.084
-0.084
-0.084
-0.084
-0.084
-0.084
-0.084
-0.084
-0.084
-0.084
-0.084
-0.084
-0.084
)
;
    }
}


// ************************************************************************* //
