/*--------------------------------*- C++ -*----------------------------------*\
| =========                 |                                                 |
| \\      /  F ield         | OpenFOAM: The Open Source CFD Toolbox           |
|  \\    /   O peration     | Version:  2312                                  |
|   \\  /    A nd           | Website:  www.openfoam.com                      |
|    \\/     M anipulation  |                                                 |
\*---------------------------------------------------------------------------*/
FoamFile
{
    version     2.0;
    format      ascii;
    arch        "LSB;label=32;scalar=64";
    class       volScalarField;
    location    "0";
    object      rs;
}
// * * * * * * * * * * * * * * * * * * * * * * * * * * * * * * * * * * * * * //

dimensions      [0 0 0 0 0 0 0];

internalField   nonuniform List<scalar> 
1620
(
0.0335949
0.0335949
0.0335949
0.0335949
0.0335949
0.0335949
0.0335949
0.0335949
0.0335949
0.0335949
0.0335949
0.0335949
0.0335949
0.0335949
0.0335949
0.0335949
0.0335949
0.0335949
0.0335949
0.0335949
0.0335949
0.0335949
0.0335949
0.0335949
0.0335949
0.0335949
0.0335949
0.0335949
0.0335949
0.0335949
0.0335949
0.0335949
0.0335949
0.0335949
0.0335949
0.0335949
0.0304665
0.0304665
0.0304665
0.0304665
0.0304665
0.0304665
0.0304665
0.0304665
0.0304665
0.0304665
0.0304665
0.0304665
0.0304665
0.0304665
0.0304665
0.0304665
0.0304665
0.0304665
0.0304665
0.0304665
0.0304665
0.0304665
0.0304665
0.0304665
0.0304665
0.0304665
0.0304665
0.0304665
0.0304665
0.0304665
0.0304665
0.0304665
0.0304665
0.0304665
0.0304665
0.0304665
0.0269983
0.0269983
0.0269983
0.0269983
0.0269983
0.0269983
0.0269983
0.0269983
0.0269983
0.0269983
0.0269983
0.0269983
0.0269983
0.0269983
0.0269983
0.0269983
0.0269983
0.0269983
0.0269983
0.0269983
0.0269983
0.0269983
0.0269983
0.0269983
0.0269983
0.0269983
0.0269983
0.0269983
0.0269983
0.0269983
0.0269983
0.0269983
0.0269983
0.0269983
0.0269983
0.0269983
0.0336474
0.0336474
0.0336475
0.0336474
0.0336474
0.0336474
0.0336475
0.0336474
0.0336474
0.0336474
0.0336474
0.0336475
0.0336474
0.0336474
0.0336474
0.0336475
0.0336474
0.0336474
0.0336474
0.0336474
0.0336475
0.0336474
0.0336474
0.0336474
0.0336475
0.0336474
0.0336474
0.0336474
0.0336474
0.0336475
0.0336474
0.0336474
0.0336474
0.0336475
0.0336474
0.0336474
0.0305578
0.0305578
0.0305578
0.0305578
0.0305578
0.0305578
0.0305578
0.0305578
0.0305578
0.0305578
0.0305578
0.0305578
0.0305578
0.0305578
0.0305578
0.0305578
0.0305578
0.0305578
0.0305578
0.0305578
0.0305578
0.0305578
0.0305578
0.0305578
0.0305578
0.0305578
0.0305578
0.0305578
0.0305578
0.0305578
0.0305578
0.0305578
0.0305578
0.0305578
0.0305578
0.0305578
0.0270635
0.0270635
0.0270635
0.0270635
0.0270635
0.0270635
0.0270635
0.0270635
0.0270635
0.0270635
0.0270635
0.0270635
0.0270635
0.0270635
0.0270635
0.0270635
0.0270635
0.0270635
0.0270635
0.0270635
0.0270635
0.0270635
0.0270635
0.0270635
0.0270635
0.0270635
0.0270635
0.0270635
0.0270635
0.0270635
0.0270635
0.0270635
0.0270635
0.0270635
0.0270635
0.0270635
0.0336507
0.0336507
0.0336507
0.0336507
0.0336507
0.0336507
0.0336507
0.0336507
0.0336507
0.0336507
0.0336507
0.0336507
0.0336507
0.0336507
0.0336507
0.0336507
0.0336507
0.0336507
0.0336507
0.0336507
0.0336507
0.0336507
0.0336507
0.0336507
0.0336507
0.0336507
0.0336507
0.0336507
0.0336507
0.0336507
0.0336507
0.0336507
0.0336507
0.0336507
0.0336507
0.0336507
0.0305621
0.0305621
0.0305621
0.0305621
0.0305621
0.0305621
0.0305621
0.0305621
0.0305621
0.0305621
0.0305621
0.0305621
0.0305621
0.0305621
0.0305621
0.0305621
0.0305621
0.0305621
0.0305621
0.0305621
0.0305621
0.0305621
0.0305621
0.0305621
0.0305621
0.0305621
0.0305621
0.0305621
0.0305621
0.0305621
0.0305621
0.0305621
0.0305621
0.0305621
0.0305621
0.0305621
0.0270667
0.0270666
0.0270666
0.0270666
0.0270666
0.0270666
0.0270666
0.0270666
0.0270667
0.0270667
0.0270666
0.0270666
0.0270666
0.0270666
0.0270666
0.0270666
0.0270666
0.0270667
0.0270667
0.0270666
0.0270666
0.0270666
0.0270666
0.0270666
0.0270666
0.0270666
0.0270667
0.0270667
0.0270666
0.0270666
0.0270666
0.0270666
0.0270666
0.0270666
0.0270666
0.0270667
0.0336526
0.0336526
0.0336526
0.0336526
0.0336526
0.0336526
0.0336526
0.0336526
0.0336526
0.0336526
0.0336526
0.0336526
0.0336526
0.0336526
0.0336526
0.0336526
0.0336526
0.0336526
0.0336526
0.0336526
0.0336526
0.0336526
0.0336526
0.0336526
0.0336526
0.0336526
0.0336526
0.0336526
0.0336526
0.0336526
0.0336526
0.0336526
0.0336526
0.0336526
0.0336526
0.0336526
0.030563
0.030563
0.030563
0.030563
0.030563
0.030563
0.030563
0.030563
0.030563
0.030563
0.030563
0.030563
0.030563
0.030563
0.030563
0.030563
0.030563
0.030563
0.030563
0.030563
0.030563
0.030563
0.030563
0.030563
0.030563
0.030563
0.030563
0.030563
0.030563
0.030563
0.030563
0.030563
0.030563
0.030563
0.030563
0.030563
0.027068
0.027068
0.027068
0.027068
0.027068
0.027068
0.027068
0.027068
0.027068
0.027068
0.027068
0.027068
0.027068
0.027068
0.027068
0.027068
0.027068
0.027068
0.027068
0.027068
0.027068
0.027068
0.027068
0.027068
0.027068
0.027068
0.027068
0.027068
0.027068
0.027068
0.027068
0.027068
0.027068
0.027068
0.027068
0.027068
0.0336573
0.0336573
0.0336573
0.0336573
0.0336573
0.0336573
0.0336573
0.0336573
0.0336573
0.0336573
0.0336573
0.0336573
0.0336573
0.0336573
0.0336573
0.0336573
0.0336573
0.0336573
0.0336573
0.0336573
0.0336573
0.0336573
0.0336573
0.0336573
0.0336573
0.0336573
0.0336573
0.0336573
0.0336573
0.0336573
0.0336573
0.0336573
0.0336573
0.0336573
0.0336573
0.0336573
0.0305692
0.0305692
0.0305692
0.0305692
0.0305692
0.0305692
0.0305692
0.0305692
0.0305692
0.0305692
0.0305692
0.0305692
0.0305692
0.0305692
0.0305692
0.0305692
0.0305692
0.0305692
0.0305692
0.0305692
0.0305692
0.0305692
0.0305692
0.0305692
0.0305692
0.0305692
0.0305692
0.0305692
0.0305692
0.0305692
0.0305692
0.0305692
0.0305692
0.0305692
0.0305692
0.0305692
0.0270731
0.0270731
0.0270731
0.0270731
0.0270731
0.0270731
0.0270731
0.0270731
0.0270731
0.0270731
0.0270731
0.0270731
0.0270731
0.0270731
0.0270731
0.0270731
0.0270731
0.0270731
0.0270731
0.0270731
0.0270731
0.0270731
0.0270731
0.0270731
0.0270731
0.0270731
0.0270731
0.0270731
0.0270731
0.0270731
0.0270731
0.0270731
0.0270731
0.0270731
0.0270731
0.0270731
0.0336655
0.0336655
0.0336655
0.0336655
0.0336655
0.0336655
0.0336655
0.0336655
0.0336655
0.0336655
0.0336655
0.0336655
0.0336655
0.0336655
0.0336655
0.0336655
0.0336655
0.0336655
0.0336655
0.0336655
0.0336655
0.0336655
0.0336655
0.0336655
0.0336655
0.0336655
0.0336655
0.0336655
0.0336655
0.0336655
0.0336655
0.0336655
0.0336655
0.0336655
0.0336655
0.0336655
0.0305818
0.0305818
0.0305818
0.0305818
0.0305818
0.0305818
0.0305818
0.0305818
0.0305818
0.0305818
0.0305818
0.0305818
0.0305818
0.0305818
0.0305818
0.0305818
0.0305818
0.0305818
0.0305818
0.0305818
0.0305818
0.0305818
0.0305818
0.0305818
0.0305818
0.0305818
0.0305818
0.0305818
0.0305818
0.0305818
0.0305818
0.0305818
0.0305818
0.0305818
0.0305818
0.0305818
0.0270824
0.0270824
0.0270824
0.0270824
0.0270824
0.0270824
0.0270824
0.0270824
0.0270824
0.0270824
0.0270824
0.0270824
0.0270824
0.0270824
0.0270824
0.0270824
0.0270824
0.0270824
0.0270824
0.0270824
0.0270824
0.0270824
0.0270824
0.0270824
0.0270824
0.0270824
0.0270824
0.0270824
0.0270824
0.0270824
0.0270824
0.0270824
0.0270824
0.0270824
0.0270824
0.0270824
0.033678
0.033678
0.033678
0.033678
0.033678
0.033678
0.033678
0.033678
0.033678
0.033678
0.033678
0.033678
0.033678
0.033678
0.033678
0.033678
0.033678
0.033678
0.033678
0.033678
0.033678
0.033678
0.033678
0.033678
0.033678
0.033678
0.033678
0.033678
0.033678
0.033678
0.033678
0.033678
0.033678
0.033678
0.033678
0.033678
0.030602
0.030602
0.030602
0.030602
0.030602
0.030602
0.030602
0.030602
0.030602
0.030602
0.030602
0.030602
0.030602
0.030602
0.030602
0.030602
0.030602
0.030602
0.030602
0.030602
0.030602
0.030602
0.030602
0.030602
0.030602
0.030602
0.030602
0.030602
0.030602
0.030602
0.030602
0.030602
0.030602
0.030602
0.030602
0.030602
0.0270961
0.0270961
0.0270961
0.0270961
0.0270961
0.0270961
0.0270961
0.0270961
0.0270961
0.0270961
0.0270961
0.0270961
0.0270961
0.0270961
0.0270961
0.0270961
0.0270961
0.0270961
0.0270961
0.0270961
0.0270961
0.0270961
0.0270961
0.0270961
0.0270961
0.0270961
0.0270961
0.0270961
0.0270961
0.0270961
0.0270961
0.0270961
0.0270961
0.0270961
0.0270961
0.0270961
0.0336966
0.0336966
0.0336966
0.0336966
0.0336966
0.0336966
0.0336966
0.0336966
0.0336966
0.0336966
0.0336966
0.0336966
0.0336966
0.0336966
0.0336966
0.0336966
0.0336966
0.0336966
0.0336966
0.0336966
0.0336966
0.0336966
0.0336966
0.0336966
0.0336966
0.0336966
0.0336966
0.0336966
0.0336966
0.0336966
0.0336966
0.0336966
0.0336966
0.0336966
0.0336966
0.0336966
0.0306325
0.0306325
0.0306325
0.0306325
0.0306325
0.0306325
0.0306325
0.0306325
0.0306325
0.0306325
0.0306325
0.0306325
0.0306325
0.0306325
0.0306325
0.0306325
0.0306325
0.0306325
0.0306325
0.0306325
0.0306325
0.0306325
0.0306325
0.0306325
0.0306325
0.0306325
0.0306325
0.0306325
0.0306325
0.0306325
0.0306325
0.0306325
0.0306325
0.0306325
0.0306325
0.0306325
0.0271156
0.0271156
0.0271156
0.0271156
0.0271156
0.0271156
0.0271156
0.0271156
0.0271156
0.0271156
0.0271156
0.0271156
0.0271156
0.0271156
0.0271156
0.0271156
0.0271156
0.0271156
0.0271156
0.0271156
0.0271156
0.0271156
0.0271156
0.0271156
0.0271156
0.0271156
0.0271156
0.0271156
0.0271156
0.0271156
0.0271156
0.0271156
0.0271156
0.0271156
0.0271156
0.0271156
0.0337254
0.0337254
0.0337254
0.0337254
0.0337254
0.0337254
0.0337254
0.0337254
0.0337254
0.0337254
0.0337254
0.0337254
0.0337254
0.0337254
0.0337254
0.0337254
0.0337254
0.0337254
0.0337254
0.0337254
0.0337254
0.0337254
0.0337254
0.0337254
0.0337254
0.0337254
0.0337254
0.0337254
0.0337254
0.0337254
0.0337254
0.0337254
0.0337254
0.0337254
0.0337254
0.0337254
0.0306795
0.0306795
0.0306795
0.0306795
0.0306795
0.0306795
0.0306795
0.0306795
0.0306795
0.0306795
0.0306795
0.0306795
0.0306795
0.0306795
0.0306795
0.0306795
0.0306795
0.0306795
0.0306795
0.0306795
0.0306795
0.0306795
0.0306795
0.0306795
0.0306795
0.0306795
0.0306795
0.0306795
0.0306795
0.0306795
0.0306795
0.0306795
0.0306795
0.0306795
0.0306795
0.0306795
0.0271442
0.0271442
0.0271442
0.0271443
0.0271443
0.0271443
0.0271442
0.0271442
0.0271442
0.0271442
0.0271442
0.0271442
0.0271443
0.0271443
0.0271443
0.0271442
0.0271442
0.0271442
0.0271442
0.0271442
0.0271442
0.0271443
0.0271443
0.0271443
0.0271442
0.0271442
0.0271442
0.0271442
0.0271442
0.0271442
0.0271443
0.0271443
0.0271443
0.0271442
0.0271442
0.0271442
0.0337723
0.0337723
0.0337723
0.0337723
0.0337723
0.0337723
0.0337723
0.0337723
0.0337723
0.0337723
0.0337723
0.0337723
0.0337723
0.0337723
0.0337723
0.0337723
0.0337723
0.0337723
0.0337723
0.0337723
0.0337723
0.0337723
0.0337723
0.0337723
0.0337723
0.0337723
0.0337723
0.0337723
0.0337723
0.0337723
0.0337723
0.0337723
0.0337723
0.0337723
0.0337723
0.0337723
0.0307561
0.0307561
0.0307561
0.0307561
0.0307561
0.0307561
0.0307561
0.0307561
0.0307561
0.0307561
0.0307561
0.0307561
0.0307561
0.0307561
0.0307561
0.0307561
0.0307561
0.0307561
0.0307561
0.0307561
0.0307561
0.0307561
0.0307561
0.0307561
0.0307561
0.0307561
0.0307561
0.0307561
0.0307561
0.0307561
0.0307561
0.0307561
0.0307561
0.0307561
0.0307561
0.0307561
0.0271889
0.0271889
0.0271889
0.0271889
0.0271889
0.0271889
0.0271889
0.0271889
0.0271889
0.0271889
0.0271889
0.0271889
0.0271889
0.0271889
0.0271889
0.0271889
0.0271889
0.0271889
0.0271889
0.0271889
0.0271889
0.0271889
0.0271889
0.0271889
0.0271889
0.0271889
0.0271889
0.0271889
0.0271889
0.0271889
0.0271889
0.0271889
0.0271889
0.0271889
0.0271889
0.0271889
0.0338526
0.0338526
0.0338526
0.0338526
0.0338526
0.0338526
0.0338526
0.0338526
0.0338526
0.0338526
0.0338526
0.0338526
0.0338526
0.0338526
0.0338526
0.0338526
0.0338526
0.0338526
0.0338526
0.0338526
0.0338526
0.0338526
0.0338526
0.0338526
0.0338526
0.0338526
0.0338526
0.0338526
0.0338526
0.0338526
0.0338526
0.0338526
0.0338526
0.0338526
0.0338526
0.0338526
0.030891
0.030891
0.030891
0.030891
0.030891
0.030891
0.030891
0.030891
0.030891
0.030891
0.030891
0.030891
0.030891
0.030891
0.030891
0.030891
0.030891
0.030891
0.030891
0.030891
0.030891
0.030891
0.030891
0.030891
0.030891
0.030891
0.030891
0.030891
0.030891
0.030891
0.030891
0.030891
0.030891
0.030891
0.030891
0.030891
0.0272659
0.0272659
0.0272659
0.0272659
0.0272659
0.0272659
0.0272659
0.0272659
0.0272659
0.0272659
0.0272659
0.0272659
0.0272659
0.0272659
0.0272659
0.0272659
0.0272659
0.0272659
0.0272659
0.0272659
0.0272659
0.0272659
0.0272659
0.0272659
0.0272659
0.0272659
0.0272659
0.0272659
0.0272659
0.0272659
0.0272659
0.0272659
0.0272659
0.0272659
0.0272659
0.0272659
0.0339882
0.0339882
0.0339882
0.0339882
0.0339882
0.0339882
0.0339882
0.0339882
0.0339882
0.0339882
0.0339882
0.0339882
0.0339882
0.0339882
0.0339882
0.0339882
0.0339882
0.0339882
0.0339882
0.0339882
0.0339882
0.0339882
0.0339882
0.0339882
0.0339882
0.0339882
0.0339882
0.0339882
0.0339882
0.0339882
0.0339882
0.0339882
0.0339882
0.0339882
0.0339882
0.0339882
0.0311404
0.0311404
0.0311404
0.0311404
0.0311404
0.0311404
0.0311404
0.0311404
0.0311404
0.0311404
0.0311404
0.0311404
0.0311404
0.0311404
0.0311404
0.0311404
0.0311404
0.0311404
0.0311404
0.0311404
0.0311404
0.0311404
0.0311404
0.0311404
0.0311404
0.0311404
0.0311404
0.0311404
0.0311404
0.0311404
0.0311404
0.0311404
0.0311404
0.0311404
0.0311404
0.0311404
0.0274144
0.0274144
0.0274144
0.0274144
0.0274144
0.0274144
0.0274144
0.0274144
0.0274144
0.0274144
0.0274144
0.0274144
0.0274144
0.0274144
0.0274144
0.0274144
0.0274144
0.0274144
0.0274144
0.0274144
0.0274144
0.0274144
0.0274144
0.0274144
0.0274144
0.0274144
0.0274144
0.0274144
0.0274144
0.0274144
0.0274144
0.0274144
0.0274144
0.0274144
0.0274144
0.0274144
0.0341885
0.0341885
0.0341885
0.0341885
0.0341885
0.0341885
0.0341885
0.0341885
0.0341885
0.0341885
0.0341885
0.0341885
0.0341885
0.0341885
0.0341885
0.0341885
0.0341885
0.0341885
0.0341885
0.0341885
0.0341885
0.0341885
0.0341885
0.0341885
0.0341885
0.0341885
0.0341885
0.0341885
0.0341885
0.0341885
0.0341885
0.0341885
0.0341885
0.0341885
0.0341885
0.0341885
0.0315807
0.0315807
0.0315807
0.0315807
0.0315807
0.0315807
0.0315807
0.0315807
0.0315807
0.0315807
0.0315807
0.0315807
0.0315807
0.0315807
0.0315807
0.0315807
0.0315807
0.0315807
0.0315807
0.0315807
0.0315807
0.0315807
0.0315807
0.0315807
0.0315807
0.0315807
0.0315807
0.0315807
0.0315807
0.0315807
0.0315807
0.0315807
0.0315807
0.0315807
0.0315807
0.0315807
0.0277268
0.0277268
0.0277268
0.0277268
0.0277268
0.0277268
0.0277268
0.0277268
0.0277268
0.0277268
0.0277268
0.0277268
0.0277268
0.0277268
0.0277268
0.0277268
0.0277268
0.0277268
0.0277268
0.0277268
0.0277268
0.0277268
0.0277268
0.0277268
0.0277268
0.0277268
0.0277268
0.0277268
0.0277268
0.0277268
0.0277268
0.0277268
0.0277268
0.0277268
0.0277268
0.0277268
0.0344069
0.0344069
0.0344069
0.0344069
0.0344069
0.0344069
0.0344069
0.0344069
0.0344069
0.0344069
0.0344069
0.0344069
0.0344069
0.0344069
0.0344069
0.0344069
0.0344069
0.0344069
0.0344069
0.0344069
0.0344069
0.0344069
0.0344069
0.0344069
0.0344069
0.0344069
0.0344069
0.0344069
0.0344069
0.0344069
0.0344069
0.0344069
0.0344069
0.0344069
0.0344069
0.0344069
0.0322078
0.0322078
0.0322078
0.0322078
0.0322078
0.0322078
0.0322078
0.0322078
0.0322078
0.0322078
0.0322078
0.0322078
0.0322078
0.0322078
0.0322078
0.0322078
0.0322078
0.0322078
0.0322078
0.0322078
0.0322078
0.0322078
0.0322078
0.0322078
0.0322078
0.0322078
0.0322078
0.0322078
0.0322078
0.0322078
0.0322078
0.0322078
0.0322078
0.0322078
0.0322078
0.0322078
0.0283558
0.0283558
0.0283558
0.0283558
0.0283558
0.0283558
0.0283558
0.0283558
0.0283558
0.0283558
0.0283558
0.0283558
0.0283558
0.0283558
0.0283558
0.0283558
0.0283558
0.0283558
0.0283558
0.0283558
0.0283558
0.0283558
0.0283558
0.0283558
0.0283558
0.0283558
0.0283558
0.0283558
0.0283558
0.0283558
0.0283558
0.0283558
0.0283558
0.0283558
0.0283558
0.0283558
0.034562
0.034562
0.034562
0.034562
0.034562
0.034562
0.034562
0.034562
0.034562
0.034562
0.034562
0.034562
0.034562
0.034562
0.034562
0.034562
0.034562
0.034562
0.034562
0.034562
0.034562
0.034562
0.034562
0.034562
0.034562
0.034562
0.034562
0.034562
0.034562
0.034562
0.034562
0.034562
0.034562
0.034562
0.034562
0.034562
0.032783
0.032783
0.032783
0.032783
0.032783
0.032783
0.032783
0.032783
0.032783
0.032783
0.032783
0.032783
0.032783
0.032783
0.032783
0.032783
0.032783
0.032783
0.032783
0.032783
0.032783
0.032783
0.032783
0.032783
0.032783
0.032783
0.032783
0.032783
0.032783
0.032783
0.032783
0.032783
0.032783
0.032783
0.032783
0.032783
0.0293826
0.0293826
0.0293826
0.0293826
0.0293826
0.0293826
0.0293826
0.0293826
0.0293826
0.0293826
0.0293826
0.0293826
0.0293826
0.0293826
0.0293826
0.0293826
0.0293826
0.0293826
0.0293826
0.0293826
0.0293826
0.0293826
0.0293826
0.0293826
0.0293826
0.0293826
0.0293826
0.0293826
0.0293826
0.0293826
0.0293826
0.0293826
0.0293826
0.0293826
0.0293826
0.0293826
)
;

boundaryField
{
    fixed
    {
        type            calculated;
        value           nonuniform List<scalar> 
108
(
0.0335949
0.0335949
0.0335949
0.0335949
0.0335949
0.0335949
0.0335949
0.0335949
0.0335949
0.0335949
0.0335949
0.0335949
0.0335949
0.0335949
0.0335949
0.0335949
0.0335949
0.0335949
0.0335949
0.0335949
0.0335949
0.0335949
0.0335949
0.0335949
0.0335949
0.0335949
0.0335949
0.0335949
0.0335949
0.0335949
0.0335949
0.0335949
0.0335949
0.0335949
0.0335949
0.0335949
0.0304665
0.0304665
0.0304665
0.0304665
0.0304665
0.0304665
0.0304665
0.0304665
0.0304665
0.0304665
0.0304665
0.0304665
0.0304665
0.0304665
0.0304665
0.0304665
0.0304665
0.0304665
0.0304665
0.0304665
0.0304665
0.0304665
0.0304665
0.0304665
0.0304665
0.0304665
0.0304665
0.0304665
0.0304665
0.0304665
0.0304665
0.0304665
0.0304665
0.0304665
0.0304665
0.0304665
0.0269983
0.0269983
0.0269983
0.0269983
0.0269983
0.0269983
0.0269983
0.0269983
0.0269983
0.0269983
0.0269983
0.0269983
0.0269983
0.0269983
0.0269983
0.0269983
0.0269983
0.0269983
0.0269983
0.0269983
0.0269983
0.0269983
0.0269983
0.0269983
0.0269983
0.0269983
0.0269983
0.0269983
0.0269983
0.0269983
0.0269983
0.0269983
0.0269983
0.0269983
0.0269983
0.0269983
)
;
    }
    inside
    {
        type            calculated;
        value           uniform 0.025;
    }
    outside
    {
        type            calculated;
        value           uniform 0.035;
    }
}


// ************************************************************************* //
