/*--------------------------------*- C++ -*----------------------------------*\
| =========                 |                                                 |
| \\      /  F ield         | OpenFOAM: The Open Source CFD Toolbox           |
|  \\    /   O peration     | Version:  2312                                  |
|   \\  /    A nd           | Website:  www.openfoam.com                      |
|    \\/     M anipulation  |                                                 |
\*---------------------------------------------------------------------------*/
FoamFile
{
    version     2.0;
    format      ascii;
    arch        "LSB;label=32;scalar=64";
    class       volScalarField;
    location    "0.3";
    object      sigmaEq;
}
// * * * * * * * * * * * * * * * * * * * * * * * * * * * * * * * * * * * * * //

dimensions      [1 -1 -2 0 0 0 0];

internalField   nonuniform List<scalar> 
3240
(
16455.6
16455.6
16455.6
16455.6
16455.6
16455.6
16455.6
16455.6
16455.6
16455.6
16455.6
16455.6
16455.6
16455.6
16455.6
16455.6
16455.6
16455.6
16455.6
16455.6
16455.6
16455.6
16455.6
16455.6
16455.6
16455.6
16455.6
16455.6
16455.6
16455.6
16455.6
16455.6
16455.6
16455.6
16455.6
16455.6
16455.6
16455.6
16455.6
16455.6
16455.6
16455.6
16455.6
16455.6
16455.6
16455.6
16455.6
16455.6
16455.6
16455.6
16455.6
16455.6
16455.6
16455.6
16455.6
16455.6
16455.6
16455.6
16455.6
16455.6
16455.6
16455.6
16455.6
16455.6
16455.6
16455.6
16455.6
16455.6
16455.6
16455.6
16455.6
16455.6
17612.1
17612.1
17612.1
17612.1
17612.1
17612.1
17612.1
17612.1
17612.1
17612.1
17612.1
17612.1
17612.1
17612.1
17612.1
17612.1
17612.1
17612.1
17612.1
17612.1
17612.1
17612.1
17612.1
17612.1
17612.1
17612.1
17612.1
17612.1
17612.1
17612.1
17612.1
17612.1
17612.1
17612.1
17612.1
17612.1
17612.1
17612.1
17612.1
17612.1
17612.1
17612.1
17612.1
17612.1
17612.1
17612.1
17612.1
17612.1
17612.1
17612.1
17612.1
17612.1
17612.1
17612.1
17612.1
17612.1
17612.1
17612.1
17612.1
17612.1
17612.1
17612.1
17612.1
17612.1
17612.1
17612.1
17612.1
17612.1
17612.1
17612.1
17612.1
17612.1
23287.8
23287.8
23287.8
23287.8
23287.9
23287.8
23287.9
23287.9
23287.9
23287.8
23287.8
23287.8
23287.8
23287.9
23287.9
23287.9
23287.8
23287.8
23287.8
23287.8
23287.8
23287.8
23287.9
23287.8
23287.9
23287.9
23287.9
23287.8
23287.8
23287.8
23287.8
23287.9
23287.9
23287.9
23287.8
23287.8
23287.8
23287.8
23287.8
23287.8
23287.9
23287.8
23287.9
23287.9
23287.9
23287.8
23287.8
23287.8
23287.8
23287.9
23287.9
23287.9
23287.8
23287.8
23287.8
23287.8
23287.8
23287.8
23287.9
23287.8
23287.9
23287.9
23287.9
23287.8
23287.8
23287.8
23287.8
23287.9
23287.9
23287.9
23287.8
23287.8
16349.2
16349.2
16349.2
16349.2
16349.2
16349.2
16349.2
16349.2
16349.2
16349.2
16349.2
16349.2
16349.2
16349.2
16349.2
16349.2
16349.2
16349.2
16349.2
16349.2
16349.2
16349.2
16349.2
16349.2
16349.2
16349.2
16349.2
16349.2
16349.2
16349.2
16349.2
16349.2
16349.2
16349.2
16349.2
16349.2
16349.2
16349.2
16349.2
16349.2
16349.2
16349.2
16349.2
16349.2
16349.2
16349.2
16349.2
16349.2
16349.2
16349.2
16349.2
16349.2
16349.2
16349.2
16349.2
16349.2
16349.2
16349.2
16349.2
16349.2
16349.2
16349.2
16349.2
16349.2
16349.2
16349.2
16349.2
16349.2
16349.2
16349.2
16349.2
16349.2
16941.3
16941.3
16941.3
16941.3
16941.4
16941.4
16941.4
16941.3
16941.3
16941.3
16941.3
16941.3
16941.3
16941.4
16941.3
16941.3
16941.3
16941.3
16941.3
16941.3
16941.3
16941.3
16941.4
16941.4
16941.4
16941.3
16941.3
16941.3
16941.3
16941.3
16941.3
16941.4
16941.3
16941.3
16941.3
16941.3
16941.3
16941.3
16941.3
16941.3
16941.4
16941.4
16941.4
16941.3
16941.3
16941.3
16941.3
16941.3
16941.3
16941.4
16941.3
16941.3
16941.3
16941.3
16941.3
16941.3
16941.3
16941.3
16941.4
16941.4
16941.4
16941.3
16941.3
16941.3
16941.3
16941.3
16941.3
16941.4
16941.3
16941.3
16941.3
16941.3
22781.5
22781.5
22781.5
22781.5
22781.5
22781.5
22781.5
22781.5
22781.5
22781.5
22781.5
22781.5
22781.5
22781.5
22781.5
22781.5
22781.5
22781.5
22781.5
22781.5
22781.5
22781.5
22781.5
22781.5
22781.5
22781.5
22781.5
22781.5
22781.5
22781.5
22781.5
22781.5
22781.5
22781.5
22781.5
22781.5
22781.5
22781.5
22781.5
22781.5
22781.5
22781.5
22781.5
22781.5
22781.5
22781.5
22781.5
22781.5
22781.5
22781.5
22781.5
22781.5
22781.5
22781.5
22781.5
22781.5
22781.5
22781.5
22781.5
22781.5
22781.5
22781.5
22781.5
22781.5
22781.5
22781.5
22781.5
22781.5
22781.5
22781.5
22781.5
22781.5
16139.7
16139.8
16139.7
16139.7
16139.7
16139.8
16139.8
16139.7
16139.7
16139.7
16139.7
16139.7
16139.7
16139.7
16139.7
16139.7
16139.7
16139.7
16139.7
16139.8
16139.7
16139.7
16139.7
16139.8
16139.8
16139.7
16139.7
16139.7
16139.7
16139.7
16139.7
16139.7
16139.7
16139.7
16139.7
16139.7
16139.7
16139.8
16139.7
16139.7
16139.7
16139.8
16139.8
16139.7
16139.7
16139.7
16139.7
16139.7
16139.7
16139.7
16139.7
16139.7
16139.7
16139.7
16139.7
16139.8
16139.7
16139.7
16139.7
16139.8
16139.8
16139.7
16139.7
16139.7
16139.7
16139.7
16139.7
16139.7
16139.7
16139.7
16139.7
16139.7
16427.9
16427.9
16427.9
16427.9
16427.9
16427.9
16428
16427.9
16427.9
16428
16427.9
16427.9
16427.9
16427.9
16427.9
16427.9
16427.9
16427.9
16427.9
16427.9
16427.9
16427.9
16427.9
16427.9
16428
16427.9
16427.9
16428
16427.9
16427.9
16427.9
16427.9
16427.9
16427.9
16427.9
16427.9
16427.9
16427.9
16427.9
16427.9
16427.9
16427.9
16428
16427.9
16427.9
16428
16427.9
16427.9
16427.9
16427.9
16427.9
16427.9
16427.9
16427.9
16427.9
16427.9
16427.9
16427.9
16427.9
16427.9
16428
16427.9
16427.9
16428
16427.9
16427.9
16427.9
16427.9
16427.9
16427.9
16427.9
16427.9
23475
23475
23475
23475
23475
23475
23475
23475
23475
23475
23475
23475
23475
23475
23475
23475
23475
23475
23475
23475
23475
23475
23475
23475
23475
23475
23475
23475
23475
23475
23475
23475
23475
23475
23475
23475
23475
23475
23475
23475
23475
23475
23475
23475
23475
23475
23475
23475
23475
23475
23475
23475
23475
23475
23475
23475
23475
23475
23475
23475
23475
23475
23475
23475
23475
23475
23475
23475
23475
23475
23475
23475
15805.6
15805.6
15805.5
15805.6
15805.6
15805.6
15805.6
15805.6
15805.6
15805.6
15805.6
15805.6
15805.6
15805.6
15805.5
15805.6
15805.6
15805.5
15805.6
15805.6
15805.5
15805.6
15805.6
15805.6
15805.6
15805.6
15805.6
15805.6
15805.6
15805.6
15805.6
15805.6
15805.5
15805.6
15805.6
15805.5
15805.6
15805.6
15805.5
15805.6
15805.6
15805.6
15805.6
15805.6
15805.6
15805.6
15805.6
15805.6
15805.6
15805.6
15805.5
15805.6
15805.6
15805.5
15805.6
15805.6
15805.5
15805.6
15805.6
15805.6
15805.6
15805.6
15805.6
15805.6
15805.6
15805.6
15805.6
15805.6
15805.5
15805.6
15805.6
15805.5
15890.2
15890.3
15890.3
15890.2
15890.2
15890.2
15890.3
15890.3
15890.3
15890.2
15890.2
15890.2
15890.3
15890.2
15890.2
15890.2
15890.2
15890.2
15890.2
15890.3
15890.3
15890.2
15890.2
15890.2
15890.3
15890.3
15890.3
15890.2
15890.2
15890.2
15890.3
15890.2
15890.2
15890.2
15890.2
15890.2
15890.2
15890.3
15890.3
15890.2
15890.2
15890.2
15890.3
15890.3
15890.3
15890.2
15890.2
15890.2
15890.3
15890.2
15890.2
15890.2
15890.2
15890.2
15890.2
15890.3
15890.3
15890.2
15890.2
15890.2
15890.3
15890.3
15890.3
15890.2
15890.2
15890.2
15890.3
15890.2
15890.2
15890.2
15890.2
15890.2
24177.5
24177.6
24177.6
24177.5
24177.5
24177.5
24177.5
24177.5
24177.5
24177.5
24177.5
24177.5
24177.5
24177.5
24177.5
24177.5
24177.6
24177.5
24177.5
24177.6
24177.6
24177.5
24177.5
24177.5
24177.5
24177.5
24177.5
24177.5
24177.5
24177.5
24177.5
24177.5
24177.5
24177.5
24177.6
24177.5
24177.5
24177.6
24177.6
24177.5
24177.5
24177.5
24177.5
24177.5
24177.5
24177.5
24177.5
24177.5
24177.5
24177.5
24177.5
24177.5
24177.6
24177.5
24177.5
24177.6
24177.6
24177.5
24177.5
24177.5
24177.5
24177.5
24177.5
24177.5
24177.5
24177.5
24177.5
24177.5
24177.5
24177.5
24177.6
24177.5
15403.3
15403.2
15403.2
15403.3
15403.3
15403.2
15403.3
15403.3
15403.3
15403.2
15403.2
15403.2
15403.3
15403.3
15403.2
15403.3
15403.3
15403.2
15403.3
15403.2
15403.2
15403.3
15403.3
15403.2
15403.3
15403.3
15403.3
15403.2
15403.2
15403.2
15403.3
15403.3
15403.2
15403.3
15403.3
15403.2
15403.3
15403.2
15403.2
15403.3
15403.3
15403.2
15403.3
15403.3
15403.3
15403.2
15403.2
15403.2
15403.3
15403.3
15403.2
15403.3
15403.3
15403.2
15403.3
15403.2
15403.2
15403.3
15403.3
15403.2
15403.3
15403.3
15403.3
15403.2
15403.2
15403.2
15403.3
15403.3
15403.2
15403.3
15403.3
15403.2
15255.7
15255.7
15255.7
15255.7
15255.7
15255.7
15255.7
15255.7
15255.7
15255.7
15255.7
15255.7
15255.7
15255.7
15255.7
15255.7
15255.7
15255.7
15255.7
15255.7
15255.7
15255.7
15255.7
15255.7
15255.7
15255.7
15255.7
15255.7
15255.7
15255.7
15255.7
15255.7
15255.7
15255.7
15255.7
15255.7
15255.7
15255.7
15255.7
15255.7
15255.7
15255.7
15255.7
15255.7
15255.7
15255.7
15255.7
15255.7
15255.7
15255.7
15255.7
15255.7
15255.7
15255.7
15255.7
15255.7
15255.7
15255.7
15255.7
15255.7
15255.7
15255.7
15255.7
15255.7
15255.7
15255.7
15255.7
15255.7
15255.7
15255.7
15255.7
15255.7
24975.5
24975.5
24975.6
24975.5
24975.5
24975.6
24975.6
24975.6
24975.6
24975.6
24975.6
24975.5
24975.6
24975.5
24975.6
24975.5
24975.6
24975.6
24975.5
24975.5
24975.6
24975.5
24975.5
24975.6
24975.6
24975.6
24975.6
24975.6
24975.6
24975.5
24975.6
24975.5
24975.6
24975.5
24975.6
24975.6
24975.5
24975.5
24975.6
24975.5
24975.5
24975.6
24975.6
24975.6
24975.6
24975.6
24975.6
24975.5
24975.6
24975.5
24975.6
24975.5
24975.6
24975.6
24975.5
24975.5
24975.6
24975.5
24975.5
24975.6
24975.6
24975.6
24975.6
24975.6
24975.6
24975.5
24975.6
24975.5
24975.6
24975.5
24975.6
24975.6
15036.6
15036.6
15036.6
15036.6
15036.6
15036.5
15036.6
15036.6
15036.6
15036.6
15036.5
15036.6
15036.6
15036.6
15036.6
15036.6
15036.6
15036.6
15036.6
15036.6
15036.6
15036.6
15036.6
15036.5
15036.6
15036.6
15036.6
15036.6
15036.5
15036.6
15036.6
15036.6
15036.6
15036.6
15036.6
15036.6
15036.6
15036.6
15036.6
15036.6
15036.6
15036.5
15036.6
15036.6
15036.6
15036.6
15036.5
15036.6
15036.6
15036.6
15036.6
15036.6
15036.6
15036.6
15036.6
15036.6
15036.6
15036.6
15036.6
15036.5
15036.6
15036.6
15036.6
15036.6
15036.5
15036.6
15036.6
15036.6
15036.6
15036.6
15036.6
15036.6
14500.2
14500.2
14500.2
14500.2
14500.2
14500.2
14500.2
14500.1
14500.2
14500.2
14500.2
14500.2
14500.2
14500.2
14500.2
14500.2
14500.2
14500.2
14500.2
14500.2
14500.2
14500.2
14500.2
14500.2
14500.2
14500.1
14500.2
14500.2
14500.2
14500.2
14500.2
14500.2
14500.2
14500.2
14500.2
14500.2
14500.2
14500.2
14500.2
14500.2
14500.2
14500.2
14500.2
14500.1
14500.2
14500.2
14500.2
14500.2
14500.2
14500.2
14500.2
14500.2
14500.2
14500.2
14500.2
14500.2
14500.2
14500.2
14500.2
14500.2
14500.2
14500.1
14500.2
14500.2
14500.2
14500.2
14500.2
14500.2
14500.2
14500.2
14500.2
14500.2
25773.9
25773.9
25774
25773.9
25774
25773.9
25773.9
25774
25773.9
25773.9
25773.9
25773.9
25773.9
25773.9
25774
25773.9
25774
25774
25773.9
25773.9
25774
25773.9
25774
25773.9
25773.9
25774
25773.9
25773.9
25773.9
25773.9
25773.9
25773.9
25774
25773.9
25774
25774
25773.9
25773.9
25774
25773.9
25774
25773.9
25773.9
25774
25773.9
25773.9
25773.9
25773.9
25773.9
25773.9
25774
25773.9
25774
25774
25773.9
25773.9
25774
25773.9
25774
25773.9
25773.9
25774
25773.9
25773.9
25773.9
25773.9
25773.9
25773.9
25774
25773.9
25774
25774
14801.2
14801.2
14801.2
14801.2
14801.2
14801.2
14801.2
14801.2
14801.2
14801.2
14801.2
14801.2
14801.2
14801.2
14801.2
14801.2
14801.2
14801.2
14801.2
14801.2
14801.2
14801.2
14801.2
14801.2
14801.2
14801.2
14801.2
14801.2
14801.2
14801.2
14801.2
14801.2
14801.2
14801.2
14801.2
14801.2
14801.2
14801.2
14801.2
14801.2
14801.2
14801.2
14801.2
14801.2
14801.2
14801.2
14801.2
14801.2
14801.2
14801.2
14801.2
14801.2
14801.2
14801.2
14801.2
14801.2
14801.2
14801.2
14801.2
14801.2
14801.2
14801.2
14801.2
14801.2
14801.2
14801.2
14801.2
14801.2
14801.2
14801.2
14801.2
14801.2
13538.6
13538.6
13538.6
13538.6
13538.6
13538.6
13538.6
13538.6
13538.6
13538.6
13538.6
13538.6
13538.6
13538.6
13538.6
13538.6
13538.6
13538.6
13538.6
13538.6
13538.6
13538.6
13538.6
13538.6
13538.6
13538.6
13538.6
13538.6
13538.6
13538.6
13538.6
13538.6
13538.6
13538.6
13538.6
13538.6
13538.6
13538.6
13538.6
13538.6
13538.6
13538.6
13538.6
13538.6
13538.6
13538.6
13538.6
13538.6
13538.6
13538.6
13538.6
13538.6
13538.6
13538.6
13538.6
13538.6
13538.6
13538.6
13538.6
13538.6
13538.6
13538.6
13538.6
13538.6
13538.6
13538.6
13538.6
13538.6
13538.6
13538.6
13538.6
13538.6
26431.7
26431.6
26431.6
26431.7
26431.7
26431.6
26431.7
26431.7
26431.6
26431.6
26431.6
26431.7
26431.7
26431.6
26431.6
26431.6
26431.7
26431.7
26431.7
26431.6
26431.6
26431.7
26431.7
26431.6
26431.7
26431.7
26431.6
26431.6
26431.6
26431.7
26431.7
26431.6
26431.6
26431.6
26431.7
26431.7
26431.7
26431.6
26431.6
26431.7
26431.7
26431.6
26431.7
26431.7
26431.6
26431.6
26431.6
26431.7
26431.7
26431.6
26431.6
26431.6
26431.7
26431.7
26431.7
26431.6
26431.6
26431.7
26431.7
26431.6
26431.6
26431.7
26431.6
26431.6
26431.6
26431.7
26431.7
26431.6
26431.6
26431.6
26431.7
26431.7
14793.4
14793.4
14793.3
14793.4
14793.4
14793.4
14793.3
14793.4
14793.4
14793.4
14793.4
14793.4
14793.4
14793.4
14793.4
14793.4
14793.4
14793.4
14793.4
14793.4
14793.3
14793.4
14793.4
14793.4
14793.3
14793.4
14793.4
14793.4
14793.4
14793.4
14793.4
14793.4
14793.4
14793.4
14793.4
14793.4
14793.4
14793.4
14793.3
14793.4
14793.4
14793.4
14793.3
14793.4
14793.4
14793.4
14793.4
14793.4
14793.4
14793.4
14793.4
14793.4
14793.4
14793.4
14793.4
14793.4
14793.3
14793.4
14793.4
14793.4
14793.3
14793.4
14793.4
14793.4
14793.4
14793.4
14793.4
14793.4
14793.4
14793.4
14793.4
14793.4
12221.5
12221.5
12221.6
12221.5
12221.5
12221.5
12221.5
12221.5
12221.6
12221.5
12221.5
12221.5
12221.5
12221.5
12221.5
12221.5
12221.5
12221.5
12221.5
12221.5
12221.6
12221.5
12221.5
12221.5
12221.5
12221.5
12221.6
12221.5
12221.5
12221.5
12221.5
12221.5
12221.5
12221.5
12221.5
12221.5
12221.5
12221.5
12221.6
12221.5
12221.5
12221.5
12221.5
12221.5
12221.6
12221.5
12221.5
12221.5
12221.5
12221.5
12221.5
12221.5
12221.5
12221.5
12221.5
12221.5
12221.6
12221.5
12221.5
12221.5
12221.5
12221.5
12221.6
12221.5
12221.5
12221.5
12221.5
12221.5
12221.5
12221.5
12221.5
12221.5
26731.7
26731.7
26731.7
26731.7
26731.7
26731.6
26731.7
26731.7
26731.7
26731.7
26731.6
26731.7
26731.7
26731.6
26731.6
26731.7
26731.7
26731.7
26731.7
26731.7
26731.7
26731.7
26731.7
26731.6
26731.7
26731.7
26731.7
26731.7
26731.6
26731.7
26731.7
26731.6
26731.6
26731.7
26731.7
26731.7
26731.7
26731.7
26731.7
26731.7
26731.7
26731.6
26731.7
26731.7
26731.7
26731.7
26731.6
26731.7
26731.7
26731.6
26731.6
26731.7
26731.7
26731.7
26731.7
26731.7
26731.7
26731.7
26731.7
26731.6
26731.7
26731.7
26731.7
26731.7
26731.6
26731.7
26731.7
26731.6
26731.6
26731.7
26731.7
26731.7
15143.1
15143.1
15143.1
15143.1
15143.1
15143.1
15143.1
15143.1
15143.1
15143.1
15143.1
15143.1
15143.1
15143.1
15143.1
15143.1
15143.1
15143.2
15143.1
15143.1
15143.1
15143.1
15143.1
15143.1
15143.1
15143.1
15143.1
15143.1
15143.1
15143.1
15143.1
15143.1
15143.1
15143.1
15143.1
15143.2
15143.1
15143.1
15143.1
15143.1
15143.1
15143.1
15143.1
15143.1
15143.1
15143.1
15143.1
15143.1
15143.1
15143.1
15143.1
15143.1
15143.1
15143.2
15143.1
15143.1
15143.1
15143.1
15143.1
15143.1
15143.1
15143.1
15143.1
15143.1
15143.1
15143.1
15143.1
15143.1
15143.1
15143.1
15143.1
15143.2
10525.8
10525.8
10525.8
10525.8
10525.8
10525.8
10525.8
10525.8
10525.8
10525.8
10525.8
10525.8
10525.8
10525.8
10525.8
10525.8
10525.8
10525.8
10525.8
10525.8
10525.8
10525.8
10525.8
10525.8
10525.8
10525.8
10525.8
10525.8
10525.8
10525.8
10525.8
10525.8
10525.8
10525.8
10525.8
10525.8
10525.8
10525.8
10525.8
10525.8
10525.8
10525.8
10525.8
10525.8
10525.8
10525.8
10525.8
10525.8
10525.8
10525.8
10525.8
10525.8
10525.8
10525.8
10525.8
10525.8
10525.8
10525.8
10525.8
10525.8
10525.8
10525.8
10525.8
10525.8
10525.8
10525.8
10525.8
10525.8
10525.8
10525.8
10525.8
10525.8
26306.6
26306.7
26306.7
26306.7
26306.7
26306.7
26306.7
26306.7
26306.7
26306.7
26306.6
26306.7
26306.6
26306.7
26306.6
26306.7
26306.8
26306.7
26306.6
26306.7
26306.7
26306.7
26306.7
26306.7
26306.7
26306.7
26306.7
26306.7
26306.6
26306.7
26306.6
26306.7
26306.6
26306.7
26306.8
26306.7
26306.6
26306.7
26306.7
26306.7
26306.7
26306.7
26306.7
26306.7
26306.7
26306.7
26306.6
26306.7
26306.6
26306.7
26306.6
26306.7
26306.8
26306.7
26306.6
26306.7
26306.7
26306.7
26306.7
26306.7
26306.6
26306.7
26306.7
26306.7
26306.6
26306.7
26306.6
26306.7
26306.6
26306.7
26306.8
26306.7
15878.5
15878.5
15878.5
15878.5
15878.5
15878.4
15878.5
15878.5
15878.5
15878.5
15878.5
15878.5
15878.4
15878.5
15878.5
15878.5
15878.4
15878.5
15878.5
15878.5
15878.5
15878.5
15878.5
15878.4
15878.5
15878.5
15878.5
15878.5
15878.5
15878.5
15878.4
15878.5
15878.5
15878.5
15878.4
15878.5
15878.5
15878.5
15878.5
15878.5
15878.5
15878.4
15878.5
15878.5
15878.5
15878.5
15878.5
15878.5
15878.4
15878.5
15878.5
15878.5
15878.4
15878.5
15878.5
15878.5
15878.5
15878.5
15878.5
15878.4
15878.5
15878.5
15878.5
15878.5
15878.5
15878.5
15878.4
15878.5
15878.5
15878.5
15878.4
15878.5
9215.56
9215.56
9215.56
9215.56
9215.6
9215.57
9215.55
9215.54
9215.54
9215.54
9215.57
9215.58
9215.57
9215.53
9215.54
9215.55
9215.57
9215.57
9215.56
9215.56
9215.56
9215.56
9215.6
9215.57
9215.55
9215.54
9215.54
9215.54
9215.57
9215.59
9215.57
9215.53
9215.54
9215.55
9215.57
9215.57
9215.56
9215.56
9215.56
9215.56
9215.6
9215.57
9215.55
9215.54
9215.54
9215.54
9215.57
9215.59
9215.57
9215.53
9215.54
9215.55
9215.57
9215.57
9215.56
9215.56
9215.56
9215.56
9215.6
9215.57
9215.55
9215.54
9215.54
9215.54
9215.56
9215.59
9215.57
9215.53
9215.54
9215.55
9215.57
9215.57
24610.2
24610.4
24610.3
24610.4
24610.4
24610.3
24610.3
24610.2
24610.3
24610.3
24610.3
24610.4
24610.3
24610.3
24610.3
24610.3
24610.4
24610.3
24610.2
24610.4
24610.3
24610.4
24610.4
24610.3
24610.3
24610.2
24610.3
24610.3
24610.3
24610.4
24610.3
24610.3
24610.3
24610.3
24610.4
24610.3
24610.2
24610.4
24610.3
24610.4
24610.4
24610.3
24610.3
24610.2
24610.3
24610.3
24610.3
24610.4
24610.3
24610.3
24610.3
24610.3
24610.4
24610.3
24610.2
24610.4
24610.3
24610.4
24610.4
24610.3
24610.3
24610.2
24610.3
24610.3
24610.3
24610.4
24610.3
24610.3
24610.3
24610.3
24610.4
24610.3
16468.5
16468.6
16468.6
16468.6
16468.5
16468.5
16468.5
16468.6
16468.6
16468.6
16468.6
16468.5
16468.5
16468.5
16468.5
16468.5
16468.5
16468.5
16468.5
16468.6
16468.6
16468.6
16468.5
16468.5
16468.5
16468.6
16468.6
16468.6
16468.6
16468.5
16468.5
16468.5
16468.5
16468.5
16468.5
16468.5
16468.5
16468.6
16468.6
16468.6
16468.5
16468.5
16468.5
16468.6
16468.6
16468.6
16468.6
16468.5
16468.5
16468.5
16468.5
16468.5
16468.5
16468.5
16468.5
16468.6
16468.6
16468.6
16468.5
16468.5
16468.5
16468.6
16468.6
16468.6
16468.6
16468.5
16468.5
16468.5
16468.5
16468.5
16468.5
16468.5
10164.1
10164.1
10164.1
10164.1
10164.1
10164.1
10164.1
10164.1
10164.1
10164.1
10164.1
10164.1
10164.1
10164.1
10164.1
10164.1
10164.1
10164.1
10164.1
10164.1
10164.1
10164.1
10164.1
10164.1
10164.1
10164.1
10164.1
10164.1
10164.1
10164.1
10164.1
10164.1
10164.1
10164.1
10164.1
10164.1
10164.1
10164.1
10164.1
10164.1
10164.1
10164.1
10164.1
10164.1
10164.1
10164.1
10164.1
10164.1
10164.1
10164.1
10164.1
10164.1
10164.1
10164.1
10164.1
10164.1
10164.1
10164.1
10164.1
10164.1
10164.1
10164.1
10164.1
10164.1
10164.1
10164.1
10164.1
10164.1
10164.1
10164.1
10164.1
10164.1
21419.8
21419.8
21419.9
21419.8
21419.8
21419.9
21419.8
21419.7
21419.8
21419.9
21419.8
21419.8
21419.8
21419.8
21419.9
21419.8
21419.8
21419.8
21419.8
21419.8
21419.9
21419.8
21419.8
21419.9
21419.8
21419.7
21419.8
21419.9
21419.8
21419.8
21419.8
21419.8
21419.9
21419.8
21419.8
21419.8
21419.8
21419.8
21419.9
21419.8
21419.8
21419.9
21419.8
21419.7
21419.8
21419.9
21419.8
21419.8
21419.8
21419.8
21419.9
21419.8
21419.8
21419.8
21419.8
21419.8
21419.9
21419.8
21419.8
21419.9
21419.8
21419.7
21419.8
21419.9
21419.8
21419.8
21419.8
21419.8
21419.9
21419.8
21419.8
21419.8
16310.4
16310.4
16310.4
16310.4
16310.4
16310.4
16310.5
16310.4
16310.4
16310.4
16310.4
16310.4
16310.4
16310.4
16310.4
16310.4
16310.4
16310.4
16310.4
16310.4
16310.4
16310.4
16310.4
16310.4
16310.5
16310.4
16310.4
16310.4
16310.4
16310.4
16310.4
16310.4
16310.4
16310.4
16310.4
16310.4
16310.4
16310.4
16310.4
16310.4
16310.4
16310.4
16310.5
16310.4
16310.4
16310.4
16310.4
16310.4
16310.4
16310.4
16310.4
16310.4
16310.4
16310.4
16310.4
16310.4
16310.4
16310.4
16310.4
16310.4
16310.5
16310.4
16310.4
16310.4
16310.4
16310.4
16310.4
16310.4
16310.4
16310.4
16310.4
16310.4
12840.4
12840.4
12840.4
12840.4
12840.4
12840.4
12840.4
12840.4
12840.4
12840.4
12840.4
12840.4
12840.4
12840.4
12840.4
12840.4
12840.4
12840.4
12840.4
12840.4
12840.4
12840.4
12840.4
12840.4
12840.4
12840.4
12840.4
12840.4
12840.4
12840.4
12840.4
12840.4
12840.4
12840.4
12840.4
12840.4
12840.4
12840.4
12840.4
12840.4
12840.4
12840.4
12840.4
12840.4
12840.4
12840.4
12840.4
12840.4
12840.4
12840.4
12840.4
12840.4
12840.4
12840.4
12840.4
12840.4
12840.4
12840.4
12840.4
12840.4
12840.4
12840.4
12840.4
12840.4
12840.4
12840.4
12840.4
12840.4
12840.4
12840.4
12840.4
12840.4
17794
17794
17793.9
17793.8
17793.9
17794
17793.9
17793.9
17793.9
17793.9
17793.9
17793.9
17793.9
17793.9
17794
17793.9
17793.9
17793.9
17794
17794
17793.9
17793.8
17793.9
17794
17793.9
17793.9
17793.9
17793.9
17793.9
17793.9
17793.9
17793.9
17794
17793.9
17793.9
17793.9
17794
17794
17793.9
17793.8
17793.9
17794
17793.9
17793.9
17793.9
17793.9
17793.9
17793.9
17793.9
17793.9
17794
17793.9
17793.9
17793.9
17794
17794
17793.9
17793.8
17793.9
17794
17793.9
17793.9
17793.9
17793.9
17793.9
17793.9
17793.9
17793.9
17794
17793.9
17793.9
17793.9
16214.1
16214.1
16214.1
16214.1
16214.1
16214.1
16214.1
16214.2
16214.2
16214.1
16214.1
16214.1
16214.1
16214.1
16214.1
16214.1
16214.1
16214.1
16214.1
16214.1
16214.1
16214.1
16214.1
16214.1
16214.1
16214.2
16214.2
16214.1
16214.1
16214.1
16214.1
16214.1
16214.1
16214.1
16214.1
16214.1
16214.1
16214.1
16214.1
16214.1
16214.1
16214.1
16214.1
16214.2
16214.2
16214.1
16214.1
16214.1
16214.1
16214.1
16214.1
16214.1
16214.1
16214.1
16214.1
16214.1
16214.1
16214.1
16214.1
16214.1
16214.1
16214.2
16214.2
16214.1
16214.1
16214.1
16214.1
16214.1
16214.1
16214.1
16214.1
16214.1
14896.5
14896.5
14896.5
14896.5
14896.5
14896.5
14896.5
14896.5
14896.5
14896.5
14896.5
14896.5
14896.5
14896.5
14896.5
14896.5
14896.5
14896.5
14896.5
14896.5
14896.5
14896.5
14896.5
14896.5
14896.5
14896.5
14896.5
14896.5
14896.5
14896.5
14896.5
14896.5
14896.5
14896.5
14896.5
14896.5
14896.5
14896.5
14896.5
14896.5
14896.5
14896.5
14896.5
14896.5
14896.5
14896.5
14896.5
14896.5
14896.5
14896.5
14896.5
14896.5
14896.5
14896.5
14896.5
14896.5
14896.5
14896.5
14896.5
14896.5
14896.5
14896.5
14896.5
14896.5
14896.5
14896.5
14896.5
14896.5
14896.5
14896.5
14896.5
14896.5
15971.8
15971.8
15971.8
15971.8
15971.9
15971.8
15971.8
15971.9
15971.8
15971.8
15971.8
15971.8
15971.9
15971.8
15971.8
15971.9
15971.8
15971.8
15971.8
15971.8
15971.8
15971.8
15971.9
15971.8
15971.8
15971.9
15971.8
15971.8
15971.8
15971.8
15971.9
15971.8
15971.8
15971.9
15971.8
15971.8
15971.8
15971.8
15971.8
15971.8
15971.9
15971.8
15971.8
15971.9
15971.8
15971.8
15971.8
15971.8
15971.9
15971.8
15971.8
15971.9
15971.8
15971.8
15971.8
15971.8
15971.8
15971.8
15971.9
15971.8
15971.8
15971.9
15971.8
15971.8
15971.8
15971.8
15971.9
15971.8
15971.8
15971.9
15971.8
15971.8
16622.8
16623
16622.9
16622.5
16622.9
16623
16622.3
16622.8
16623.3
16622.5
16622.5
16623.1
16622.8
16622.5
16622.9
16622.7
16622.7
16623
16622.8
16623
16622.9
16622.5
16622.9
16623
16622.3
16622.8
16623.3
16622.5
16622.5
16623.1
16622.8
16622.5
16622.9
16622.7
16622.7
16623
16622.8
16623
16622.9
16622.5
16622.9
16623
16622.3
16622.8
16623.3
16622.5
16622.5
16623.1
16622.8
16622.5
16622.9
16622.7
16622.7
16623
16622.8
16623
16622.9
16622.5
16622.9
16623
16622.3
16622.8
16623.3
16622.5
16622.5
16623.1
16622.8
16622.5
16622.9
16622.7
16622.7
16623
15795
15795
15795
15795
15795
15795
15795
15795
15795
15795
15795
15795
15795
15795
15795
15795
15795
15795
15795
15795
15795
15795
15795
15795
15795
15795
15795
15795
15795
15795
15795
15795
15795
15795
15795
15795
15795
15795
15795
15795
15795
15795
15795
15795
15795
15795
15795
15795
15795
15795
15795
15795
15795
15795
15795
15795
15795
15795
15795
15795
15795
15795
15795
15795
15795
15795
15795
15795
15795
15795
15795
15795
18316.4
18316.4
18316.5
18316.4
18316.6
18316.4
18316.4
18316.7
18316.3
18316.7
18316.4
18316.3
18316.6
18316.3
18316.5
18316.4
18316.4
18316.5
18316.4
18316.4
18316.5
18316.4
18316.6
18316.4
18316.4
18316.7
18316.3
18316.7
18316.4
18316.3
18316.6
18316.3
18316.5
18316.4
18316.4
18316.5
18316.4
18316.4
18316.5
18316.4
18316.6
18316.4
18316.4
18316.7
18316.3
18316.7
18316.4
18316.3
18316.6
18316.3
18316.5
18316.4
18316.4
18316.5
18316.4
18316.4
18316.5
18316.4
18316.6
18316.4
18316.4
18316.7
18316.3
18316.7
18316.4
18316.3
18316.6
18316.3
18316.5
18316.4
18316.4
18316.5
16917.1
16913.7
16914.6
16914.5
16916.8
16914.9
16914
16916.6
16911.3
16917.4
16913.8
16915.5
16916
16913.2
16915
16914.1
16915.9
16914.3
16917.1
16913.7
16914.6
16914.5
16916.8
16914.9
16914
16916.6
16911.3
16917.4
16913.8
16915.5
16916
16913.2
16915
16914.1
16915.9
16914.3
16917.1
16913.7
16914.6
16914.5
16916.8
16914.9
16914
16916.6
16911.3
16917.4
16913.8
16915.5
16916
16913.2
16915
16914.1
16915.9
16914.3
16917.1
16913.7
16914.6
16914.5
16916.8
16914.9
16914
16916.6
16911.3
16917.4
16913.8
16915.5
16916
16913.2
16915
16914.1
16915.9
16914.3
19185.4
19185.1
19185.6
19186.4
19185.8
19186.4
19186.4
19185.2
19185
19185.9
19187.1
19186.2
19185.1
19185.6
19185.1
19185.3
19186.5
19186.1
19185.4
19185.1
19185.6
19186.4
19185.8
19186.4
19186.4
19185.2
19185
19185.9
19187.1
19186.2
19185.1
19185.6
19185.1
19185.3
19186.5
19186.1
19185.4
19185.1
19185.6
19186.4
19185.8
19186.4
19186.4
19185.2
19185
19185.9
19187.1
19186.2
19185.1
19185.6
19185.1
19185.3
19186.5
19186.1
19185.4
19185.1
19185.6
19186.4
19185.8
19186.4
19186.4
19185.2
19185
19185.9
19187.1
19186.2
19185.1
19185.6
19185.1
19185.3
19186.5
19186.1
26553.4
26554.3
26553.8
26553.7
26554.8
26553.6
26553.3
26552.9
26555.7
26553.9
26553.3
26553.2
26554.3
26554.3
26553.5
26554.7
26553
26554.7
26553.4
26554.3
26553.8
26553.7
26554.8
26553.6
26553.3
26552.9
26555.7
26553.9
26553.3
26553.2
26554.3
26554.3
26553.5
26554.7
26553
26554.7
26553.4
26554.3
26553.8
26553.7
26554.8
26553.6
26553.3
26552.9
26555.7
26553.9
26553.3
26553.2
26554.3
26554.3
26553.5
26554.7
26553
26554.7
26553.4
26554.3
26553.8
26553.7
26554.8
26553.6
26553.3
26552.9
26555.7
26553.9
26553.3
26553.2
26554.3
26554.3
26553.5
26554.7
26553
26554.7
)
;

boundaryField
{
    fixed
    {
        type            calculated;
        value           nonuniform List<scalar> 
216
(
16464.1
16464.1
16464.1
16464.1
16464.1
16464.1
16464.1
16464.1
16464.1
16464.1
16464.1
16464.1
16464.1
16464.1
16464.1
16464.1
16464.1
16464.1
16464.1
16464.1
16464.1
16464.1
16464.1
16464.1
16464.1
16464.1
16464.1
16464.1
16464.1
16464.1
16464.1
16464.1
16464.1
16464.1
16464.1
16464.1
16464.1
16464.1
16464.1
16464.1
16464.1
16464.1
16464.1
16464.1
16464.1
16464.1
16464.1
16464.1
16464.1
16464.1
16464.1
16464.1
16464.1
16464.1
16464.1
16464.1
16464.1
16464.1
16464.1
16464.1
16464.1
16464.1
16464.1
16464.1
16464.1
16464.1
16464.1
16464.1
16464.1
16464.1
16464.1
16464.1
17608.7
17608.7
17608.7
17608.7
17608.7
17608.7
17608.7
17608.7
17608.7
17608.7
17608.7
17608.7
17608.7
17608.7
17608.7
17608.7
17608.7
17608.7
17608.7
17608.7
17608.7
17608.7
17608.7
17608.7
17608.7
17608.7
17608.7
17608.7
17608.7
17608.7
17608.7
17608.7
17608.7
17608.7
17608.7
17608.7
17608.7
17608.7
17608.7
17608.7
17608.7
17608.7
17608.7
17608.7
17608.7
17608.7
17608.7
17608.7
17608.7
17608.7
17608.7
17608.7
17608.7
17608.7
17608.7
17608.7
17608.7
17608.7
17608.7
17608.7
17608.7
17608.7
17608.7
17608.7
17608.7
17608.7
17608.7
17608.7
17608.7
17608.7
17608.7
17608.7
23432
23431.9
23431.9
23431.9
23432
23432
23432
23432
23432
23431.9
23431.9
23431.9
23431.9
23432
23432
23432
23431.9
23431.9
23432
23431.9
23431.9
23431.9
23432
23432
23432
23432
23432
23431.9
23431.9
23431.9
23431.9
23432
23432
23432
23431.9
23431.9
23432
23431.9
23431.9
23431.9
23432
23432
23432
23432
23432
23431.9
23431.9
23431.9
23431.9
23432
23432
23432
23431.9
23431.9
23432
23431.9
23431.9
23431.9
23432
23432
23432
23432
23432
23431.9
23431.9
23431.9
23431.9
23432
23432
23432
23431.9
23431.9
)
;
    }
    inside
    {
        type            calculated;
        value           nonuniform List<scalar> 
1080
(
23730.9
23730.9
23730.9
23730.9
23730.9
23730.9
23730.9
23730.9
23730.9
23730.8
23730.8
23730.9
23730.9
23730.9
23730.9
23730.9
23730.9
23730.9
23730.9
23730.9
23730.9
23730.9
23730.9
23730.9
23730.9
23730.9
23730.9
23730.8
23730.8
23730.9
23730.9
23730.9
23730.9
23730.9
23730.9
23730.9
23730.9
23730.9
23730.9
23730.9
23730.9
23730.9
23730.9
23730.9
23730.9
23730.8
23730.8
23730.9
23730.9
23730.9
23730.9
23730.9
23730.9
23730.9
23730.9
23730.9
23730.9
23730.9
23730.9
23730.9
23730.9
23730.9
23730.9
23730.8
23730.8
23730.9
23730.9
23730.9
23730.9
23730.9
23730.9
23730.9
23827.5
23827.4
23827.4
23827.4
23827.4
23827.5
23827.5
23827.5
23827.5
23827.4
23827.4
23827.5
23827.5
23827.5
23827.5
23827.4
23827.4
23827.4
23827.5
23827.4
23827.4
23827.4
23827.4
23827.5
23827.5
23827.5
23827.5
23827.4
23827.4
23827.5
23827.5
23827.5
23827.5
23827.4
23827.4
23827.4
23827.5
23827.4
23827.4
23827.4
23827.4
23827.5
23827.5
23827.5
23827.5
23827.4
23827.4
23827.5
23827.5
23827.5
23827.5
23827.4
23827.4
23827.4
23827.5
23827.4
23827.4
23827.4
23827.4
23827.5
23827.5
23827.5
23827.5
23827.4
23827.4
23827.5
23827.5
23827.5
23827.5
23827.4
23827.4
23827.4
25755.1
25755.1
25755.1
25755.1
25755.1
25755.1
25755.1
25755.1
25755.1
25755.1
25755.1
25755.1
25755.1
25755.1
25755.1
25755.1
25755.1
25755.1
25755.1
25755.1
25755.1
25755.1
25755.1
25755.1
25755.1
25755.1
25755.1
25755.1
25755.1
25755.1
25755.1
25755.1
25755.1
25755.1
25755.1
25755.1
25755.1
25755.1
25755.1
25755.1
25755.1
25755.1
25755.1
25755.1
25755.1
25755.1
25755.1
25755.1
25755.1
25755.1
25755.1
25755.1
25755.1
25755.1
25755.1
25755.1
25755.1
25755.1
25755.1
25755.1
25755.1
25755.1
25755.1
25755.1
25755.1
25755.1
25755.1
25755.1
25755.1
25755.1
25755.1
25755.1
27841.6
27841.6
27841.7
27841.6
27841.6
27841.6
27841.6
27841.6
27841.6
27841.6
27841.6
27841.6
27841.6
27841.6
27841.6
27841.6
27841.6
27841.6
27841.6
27841.6
27841.7
27841.6
27841.6
27841.6
27841.6
27841.6
27841.6
27841.6
27841.6
27841.6
27841.6
27841.6
27841.6
27841.6
27841.6
27841.6
27841.6
27841.6
27841.7
27841.6
27841.6
27841.6
27841.6
27841.6
27841.6
27841.6
27841.6
27841.6
27841.6
27841.6
27841.6
27841.6
27841.6
27841.6
27841.6
27841.6
27841.7
27841.6
27841.6
27841.6
27841.6
27841.6
27841.6
27841.6
27841.6
27841.6
27841.6
27841.6
27841.6
27841.6
27841.6
27841.6
30171.5
30171.5
30171.5
30171.4
30171.4
30171.5
30171.5
30171.5
30171.5
30171.5
30171.5
30171.5
30171.5
30171.5
30171.5
30171.4
30171.5
30171.5
30171.5
30171.5
30171.5
30171.4
30171.4
30171.5
30171.5
30171.5
30171.5
30171.5
30171.5
30171.5
30171.5
30171.5
30171.5
30171.4
30171.5
30171.5
30171.5
30171.5
30171.5
30171.4
30171.4
30171.5
30171.5
30171.5
30171.5
30171.5
30171.5
30171.5
30171.5
30171.5
30171.5
30171.4
30171.5
30171.5
30171.5
30171.5
30171.5
30171.4
30171.4
30171.5
30171.5
30171.5
30171.5
30171.5
30171.5
30171.5
30171.5
30171.5
30171.5
30171.4
30171.5
30171.5
32415.6
32415.6
32415.6
32415.6
32415.6
32415.6
32415.6
32415.6
32415.6
32415.6
32415.6
32415.7
32415.6
32415.6
32415.6
32415.6
32415.7
32415.6
32415.6
32415.6
32415.6
32415.6
32415.6
32415.6
32415.6
32415.6
32415.6
32415.6
32415.6
32415.6
32415.6
32415.6
32415.6
32415.6
32415.7
32415.6
32415.6
32415.6
32415.6
32415.6
32415.6
32415.6
32415.6
32415.6
32415.6
32415.6
32415.6
32415.6
32415.6
32415.6
32415.6
32415.6
32415.7
32415.6
32415.6
32415.6
32415.6
32415.6
32415.6
32415.6
32415.6
32415.7
32415.6
32415.6
32415.6
32415.6
32415.6
32415.6
32415.6
32415.6
32415.7
32415.6
34353.9
34353.9
34353.9
34353.9
34353.9
34353.9
34353.9
34353.9
34353.8
34353.8
34353.9
34354
34353.9
34353.9
34353.9
34353.9
34353.9
34354
34353.9
34353.9
34353.9
34353.9
34353.9
34353.9
34353.9
34353.9
34353.8
34353.8
34353.9
34353.9
34353.9
34353.9
34353.9
34353.9
34353.9
34354
34353.9
34353.9
34353.9
34353.9
34353.9
34353.9
34353.9
34353.9
34353.8
34353.8
34353.9
34353.9
34353.9
34353.9
34353.9
34353.9
34353.9
34354
34353.9
34353.9
34353.9
34353.9
34353.9
34353.9
34353.9
34353.9
34353.8
34353.8
34353.9
34353.9
34353.9
34353.9
34353.9
34353.9
34353.9
34354
35888.3
35888.3
35888.3
35888.4
35888.3
35888.3
35888.3
35888.3
35888.3
35888.3
35888.3
35888.3
35888.3
35888.2
35888.3
35888.3
35888.3
35888.4
35888.3
35888.3
35888.3
35888.4
35888.3
35888.3
35888.3
35888.3
35888.3
35888.3
35888.3
35888.3
35888.3
35888.2
35888.3
35888.3
35888.3
35888.4
35888.3
35888.3
35888.3
35888.4
35888.3
35888.3
35888.3
35888.3
35888.3
35888.3
35888.3
35888.3
35888.3
35888.2
35888.3
35888.3
35888.3
35888.4
35888.3
35888.3
35888.3
35888.4
35888.3
35888.3
35888.3
35888.3
35888.3
35888.3
35888.3
35888.3
35888.3
35888.2
35888.3
35888.3
35888.3
35888.4
36785.5
36785.6
36785.6
36785.5
36785.5
36785.5
36785.5
36785.5
36785.6
36785.5
36785.4
36785.5
36785.5
36785.5
36785.5
36785.6
36785.6
36785.5
36785.5
36785.6
36785.6
36785.5
36785.5
36785.5
36785.5
36785.5
36785.6
36785.5
36785.4
36785.5
36785.5
36785.5
36785.5
36785.6
36785.6
36785.5
36785.5
36785.6
36785.6
36785.5
36785.5
36785.5
36785.5
36785.5
36785.6
36785.5
36785.4
36785.5
36785.5
36785.5
36785.5
36785.6
36785.6
36785.5
36785.5
36785.6
36785.6
36785.5
36785.5
36785.5
36785.5
36785.5
36785.6
36785.5
36785.4
36785.5
36785.5
36785.5
36785.5
36785.6
36785.6
36785.5
36310.2
36310.3
36310.2
36310.2
36310.2
36310.2
36310.2
36310.2
36310.3
36310.2
36310.2
36310.3
36310.3
36310.2
36310.2
36310.2
36310.2
36310.2
36310.2
36310.3
36310.2
36310.2
36310.2
36310.2
36310.2
36310.2
36310.3
36310.2
36310.2
36310.3
36310.3
36310.2
36310.2
36310.2
36310.2
36310.2
36310.2
36310.3
36310.2
36310.2
36310.2
36310.2
36310.2
36310.2
36310.3
36310.2
36310.2
36310.3
36310.3
36310.2
36310.2
36310.2
36310.2
36310.2
36310.2
36310.3
36310.2
36310.2
36310.2
36310.2
36310.2
36310.2
36310.2
36310.2
36310.2
36310.3
36310.3
36310.2
36310.2
36310.2
36310.2
36310.2
33420.1
33420.1
33420.1
33420.1
33420.1
33420
33420
33420.1
33420.2
33420.1
33420.1
33420.1
33420.1
33420
33420
33420.1
33420.1
33420.1
33420.1
33420.1
33420.1
33420.1
33420.1
33420
33420
33420.1
33420.2
33420.1
33420.1
33420.1
33420.1
33420
33420
33420.1
33420.1
33420.1
33420.1
33420.1
33420.1
33420.1
33420.1
33420
33420
33420.1
33420.2
33420.1
33420.1
33420.1
33420.1
33420
33420
33420.1
33420.1
33420.1
33420.1
33420.1
33420.1
33420.1
33420.1
33420
33420
33420.1
33420.2
33420.1
33420.1
33420.1
33420.1
33420
33420
33420.1
33420.1
33420.1
28206.8
28206.8
28206.9
28206.9
28206.8
28206.9
28206.8
28206.9
28206.9
28206.9
28206.9
28206.9
28206.9
28206.8
28206.8
28206.9
28206.9
28206.8
28206.8
28206.8
28206.9
28206.9
28206.8
28206.9
28206.8
28206.9
28206.9
28206.9
28206.9
28206.9
28206.9
28206.8
28206.8
28206.9
28206.9
28206.8
28206.8
28206.8
28206.9
28206.9
28206.8
28206.9
28206.8
28206.9
28206.9
28206.9
28206.9
28206.9
28206.9
28206.8
28206.8
28206.9
28206.9
28206.8
28206.8
28206.8
28206.9
28206.9
28206.8
28206.9
28206.8
28206.9
28206.9
28206.9
28206.9
28206.9
28206.9
28206.8
28206.8
28206.9
28206.9
28206.8
23244.8
23244.8
23244.8
23244.8
23244.8
23244.8
23244.8
23244.9
23244.8
23244.8
23244.9
23244.8
23244.9
23244.8
23244.8
23244.8
23244.8
23244.8
23244.8
23244.8
23244.8
23244.8
23244.8
23244.8
23244.8
23244.9
23244.8
23244.8
23244.9
23244.8
23244.9
23244.8
23244.8
23244.8
23244.8
23244.8
23244.8
23244.8
23244.8
23244.8
23244.8
23244.8
23244.8
23244.9
23244.8
23244.8
23244.9
23244.8
23244.9
23244.8
23244.8
23244.8
23244.8
23244.8
23244.8
23244.8
23244.8
23244.8
23244.8
23244.8
23244.8
23244.9
23244.8
23244.8
23244.9
23244.8
23244.9
23244.8
23244.8
23244.8
23244.8
23244.8
22240.3
22240.3
22240.4
22240.3
22240.4
22240.3
22240.3
22240.4
22240.3
22240.5
22240.3
22240.2
22240.3
22240.3
22240.3
22240.3
22240.3
22240.3
22240.3
22240.3
22240.4
22240.3
22240.4
22240.3
22240.3
22240.4
22240.3
22240.5
22240.3
22240.2
22240.3
22240.3
22240.3
22240.3
22240.3
22240.3
22240.3
22240.3
22240.4
22240.3
22240.4
22240.3
22240.3
22240.4
22240.3
22240.5
22240.3
22240.2
22240.3
22240.3
22240.3
22240.3
22240.3
22240.3
22240.3
22240.3
22240.4
22240.3
22240.4
22240.3
22240.3
22240.4
22240.3
22240.5
22240.3
22240.2
22240.3
22240.3
22240.3
22240.3
22240.3
22240.3
30122.4
30122.8
30122.1
30122.5
30123.3
30124.3
30122.3
30119.4
30122.2
30125
30124.7
30121
30121.5
30122.9
30123.3
30123.2
30122.2
30123
30122.4
30122.8
30122.1
30122.5
30123.3
30124.3
30122.3
30119.4
30122.2
30125
30124.7
30121
30121.5
30122.9
30123.3
30123.2
30122.2
30123
30122.4
30122.8
30122.1
30122.5
30123.3
30124.3
30122.3
30119.4
30122.2
30125
30124.7
30121
30121.5
30122.9
30123.3
30123.2
30122.2
30123
30122.4
30122.8
30122.1
30122.5
30123.3
30124.3
30122.3
30119.4
30122.2
30125
30124.7
30121
30121.5
30122.9
30123.3
30123.2
30122.2
30123
)
;
    }
    outside
    {
        type            calculated;
        value           nonuniform List<scalar> 
1080
(
17632
17632
17632
17632
17632
17632
17632
17632
17632
17632
17632
17632
17632
17632
17632
17632
17632
17632
17632
17632
17632
17632
17632
17632
17632
17632
17632
17632
17632
17632
17632
17632
17632
17632
17632
17632
17632
17632
17632
17632
17632
17632
17632
17632
17632
17632
17632
17632
17632
17632
17632
17632
17632
17632
17632
17632
17632
17632
17632
17632
17632
17632
17632
17632
17632
17632
17632
17632
17632
17632
17632
17632
17520.6
17520.6
17520.6
17520.6
17520.6
17520.6
17520.6
17520.6
17520.6
17520.6
17520.6
17520.6
17520.6
17520.6
17520.6
17520.6
17520.6
17520.6
17520.6
17520.6
17520.6
17520.6
17520.6
17520.6
17520.6
17520.6
17520.6
17520.6
17520.6
17520.6
17520.6
17520.6
17520.6
17520.6
17520.6
17520.6
17520.6
17520.6
17520.6
17520.6
17520.6
17520.6
17520.6
17520.6
17520.6
17520.6
17520.6
17520.6
17520.6
17520.6
17520.6
17520.6
17520.6
17520.6
17520.6
17520.6
17520.6
17520.6
17520.6
17520.6
17520.6
17520.6
17520.6
17520.6
17520.6
17520.6
17520.6
17520.6
17520.6
17520.6
17520.6
17520.6
17602.7
17602.7
17602.7
17602.7
17602.7
17602.7
17602.7
17602.7
17602.7
17602.7
17602.7
17602.7
17602.7
17602.7
17602.7
17602.7
17602.7
17602.7
17602.7
17602.7
17602.7
17602.7
17602.7
17602.7
17602.7
17602.7
17602.7
17602.7
17602.7
17602.7
17602.7
17602.7
17602.7
17602.7
17602.7
17602.7
17602.7
17602.7
17602.7
17602.7
17602.7
17602.7
17602.7
17602.7
17602.7
17602.7
17602.7
17602.7
17602.7
17602.7
17602.7
17602.7
17602.7
17602.7
17602.7
17602.7
17602.7
17602.7
17602.7
17602.7
17602.7
17602.7
17602.7
17602.7
17602.7
17602.7
17602.7
17602.7
17602.7
17602.7
17602.7
17602.7
17746.6
17746.6
17746.6
17746.6
17746.6
17746.6
17746.6
17746.6
17746.6
17746.6
17746.6
17746.6
17746.6
17746.6
17746.6
17746.6
17746.6
17746.6
17746.6
17746.6
17746.6
17746.6
17746.6
17746.6
17746.6
17746.6
17746.6
17746.6
17746.6
17746.6
17746.6
17746.6
17746.6
17746.6
17746.6
17746.6
17746.6
17746.6
17746.6
17746.6
17746.6
17746.6
17746.6
17746.6
17746.6
17746.6
17746.6
17746.6
17746.6
17746.6
17746.6
17746.6
17746.6
17746.6
17746.6
17746.6
17746.6
17746.6
17746.6
17746.6
17746.6
17746.6
17746.6
17746.6
17746.6
17746.6
17746.6
17746.6
17746.6
17746.6
17746.6
17746.6
18046.9
18046.9
18046.9
18046.9
18047
18046.9
18047
18047
18046.9
18046.9
18046.9
18047
18046.9
18046.9
18046.9
18046.9
18046.9
18046.9
18046.9
18046.9
18046.9
18046.9
18047
18046.9
18047
18047
18046.9
18046.9
18046.9
18047
18046.9
18046.9
18046.9
18046.9
18046.9
18046.9
18046.9
18046.9
18046.9
18046.9
18047
18046.9
18047
18047
18046.9
18046.9
18046.9
18047
18046.9
18046.9
18046.9
18046.9
18046.9
18046.9
18046.9
18046.9
18046.9
18046.9
18047
18046.9
18047
18047
18046.9
18046.9
18046.9
18047
18046.9
18046.9
18046.9
18046.9
18046.9
18046.9
18666.8
18666.8
18666.8
18666.8
18666.8
18666.9
18666.9
18666.9
18666.9
18666.9
18666.8
18666.9
18666.9
18666.9
18666.9
18666.9
18666.9
18666.8
18666.8
18666.8
18666.8
18666.8
18666.8
18666.9
18666.9
18666.9
18666.9
18666.9
18666.8
18666.9
18666.9
18666.9
18666.9
18666.9
18666.9
18666.8
18666.8
18666.8
18666.8
18666.8
18666.8
18666.9
18666.9
18666.9
18666.9
18666.9
18666.8
18666.9
18666.9
18666.9
18666.9
18666.9
18666.9
18666.8
18666.8
18666.8
18666.8
18666.8
18666.8
18666.9
18666.9
18666.9
18666.9
18666.9
18666.8
18666.9
18666.9
18666.9
18666.9
18666.9
18666.9
18666.8
19690.9
19690.9
19690.9
19690.9
19690.9
19690.9
19690.9
19691
19690.9
19690.9
19690.9
19690.9
19690.9
19690.9
19690.9
19690.9
19690.9
19690.9
19690.9
19690.9
19690.9
19690.9
19690.9
19690.9
19690.9
19691
19690.9
19690.9
19690.9
19690.9
19690.9
19690.9
19690.9
19690.9
19690.9
19690.9
19690.9
19690.9
19690.9
19690.9
19690.9
19690.9
19690.9
19691
19690.9
19690.9
19690.9
19690.9
19690.9
19690.9
19690.9
19690.9
19690.9
19690.9
19690.9
19690.9
19690.9
19690.9
19690.9
19690.9
19690.9
19691
19690.9
19690.9
19690.9
19690.9
19690.9
19690.9
19690.9
19690.9
19690.9
19690.9
21049
21049
21048.9
21048.9
21048.9
21048.9
21048.9
21049
21048.9
21049
21049
21048.9
21048.9
21048.9
21048.9
21049
21049
21049
21049
21049
21048.9
21048.9
21048.9
21048.9
21048.9
21049
21048.9
21049
21049
21048.9
21048.9
21048.9
21048.9
21049
21049
21049
21049
21049
21048.9
21048.9
21048.9
21048.9
21048.9
21049
21048.9
21049
21049
21048.9
21048.9
21048.9
21048.9
21049
21049
21049
21049
21049
21048.9
21048.9
21048.9
21048.9
21048.9
21049
21048.9
21049
21049
21048.9
21048.9
21048.9
21048.9
21049
21049
21049
22404.1
22404.1
22404.1
22404.1
22404
22404.1
22404
22404.1
22404.1
22404.1
22404.1
22404.1
22404.1
22404
22404
22404.1
22404.1
22404.1
22404.1
22404.1
22404.1
22404.1
22404
22404.1
22404
22404.1
22404.1
22404.1
22404.1
22404.1
22404.1
22404
22404
22404.1
22404.1
22404.1
22404.1
22404.1
22404.1
22404.1
22404
22404.1
22404
22404.1
22404.1
22404.1
22404.1
22404.1
22404.1
22404
22404
22404.1
22404.1
22404.1
22404.1
22404.1
22404.1
22404.1
22404
22404.1
22404
22404.1
22404.1
22404.1
22404.1
22404.1
22404.1
22404
22404
22404.1
22404.1
22404.1
22884.2
22884.2
22884.2
22884.2
22884.2
22884.2
22884.2
22884.2
22884.2
22884.2
22884.2
22884.2
22884.2
22884.2
22884.1
22884.2
22884.2
22884.2
22884.2
22884.2
22884.2
22884.2
22884.2
22884.2
22884.2
22884.2
22884.2
22884.2
22884.2
22884.2
22884.2
22884.2
22884.1
22884.1
22884.2
22884.2
22884.2
22884.2
22884.2
22884.2
22884.2
22884.2
22884.2
22884.2
22884.2
22884.2
22884.2
22884.2
22884.2
22884.2
22884.1
22884.1
22884.2
22884.2
22884.2
22884.2
22884.2
22884.2
22884.2
22884.2
22884.2
22884.2
22884.2
22884.2
22884.2
22884.2
22884.2
22884.2
22884.1
22884.1
22884.2
22884.2
21233.3
21233.4
21233.4
21233.4
21233.4
21233.4
21233.4
21233.4
21233.4
21233.4
21233.4
21233.4
21233.4
21233.4
21233.4
21233.4
21233.3
21233.3
21233.3
21233.4
21233.4
21233.4
21233.4
21233.4
21233.4
21233.4
21233.4
21233.4
21233.4
21233.4
21233.4
21233.4
21233.4
21233.4
21233.3
21233.3
21233.3
21233.4
21233.4
21233.4
21233.4
21233.4
21233.4
21233.4
21233.4
21233.4
21233.4
21233.4
21233.4
21233.4
21233.4
21233.4
21233.3
21233.3
21233.3
21233.4
21233.4
21233.4
21233.4
21233.4
21233.4
21233.4
21233.4
21233.4
21233.4
21233.4
21233.4
21233.4
21233.4
21233.4
21233.3
21233.3
18090.6
18090.6
18090.6
18090.7
18090.7
18090.7
18090.7
18090.6
18090.6
18090.7
18090.7
18090.7
18090.7
18090.6
18090.6
18090.6
18090.6
18090.6
18090.6
18090.6
18090.6
18090.7
18090.7
18090.7
18090.7
18090.6
18090.6
18090.7
18090.7
18090.7
18090.7
18090.6
18090.6
18090.6
18090.6
18090.6
18090.6
18090.6
18090.6
18090.7
18090.7
18090.7
18090.7
18090.6
18090.6
18090.7
18090.7
18090.7
18090.7
18090.6
18090.6
18090.6
18090.6
18090.6
18090.6
18090.6
18090.6
18090.7
18090.7
18090.7
18090.7
18090.6
18090.6
18090.7
18090.7
18090.7
18090.7
18090.6
18090.6
18090.6
18090.6
18090.6
16521.6
16521.7
16521.7
16521.7
16521.7
16521.7
16521.6
16521.7
16521.7
16521.6
16521.6
16521.7
16521.6
16521.6
16521.6
16521.6
16521.6
16521.6
16521.6
16521.7
16521.7
16521.7
16521.7
16521.7
16521.6
16521.7
16521.7
16521.6
16521.6
16521.7
16521.6
16521.6
16521.6
16521.6
16521.6
16521.6
16521.6
16521.7
16521.7
16521.7
16521.7
16521.7
16521.6
16521.7
16521.7
16521.6
16521.6
16521.7
16521.6
16521.6
16521.6
16521.6
16521.6
16521.6
16521.6
16521.7
16521.7
16521.7
16521.7
16521.7
16521.6
16521.7
16521.7
16521.6
16521.6
16521.7
16521.6
16521.6
16521.6
16521.6
16521.6
16521.6
17187.4
17187.8
17187.8
17187.1
17188
17188
17186.6
17187.9
17188.7
17186.7
17187
17188.5
17187.4
17187.1
17188
17187.6
17187.5
17188
17187.4
17187.8
17187.8
17187.1
17188
17188
17186.6
17187.9
17188.7
17186.7
17187
17188.5
17187.4
17187.1
17188
17187.6
17187.5
17188
17187.4
17187.8
17187.8
17187.1
17188
17188
17186.6
17187.9
17188.7
17186.7
17187
17188.5
17187.4
17187.1
17188
17187.6
17187.5
17188
17187.4
17187.8
17187.8
17187.1
17188
17188
17186.6
17187.9
17188.7
17186.7
17187
17188.5
17187.4
17187.1
17188
17187.6
17187.5
17188
14905.8
14909
14906.3
14904.6
14904.5
14904.4
14904.2
14908.5
14905.5
14906.6
14904.8
14902.7
14906.6
14905.1
14907.7
14907.6
14905.1
14901.3
14905.8
14909
14906.3
14904.6
14904.5
14904.4
14904.2
14908.5
14905.5
14906.6
14904.8
14902.7
14906.6
14905.1
14907.7
14907.6
14905.1
14901.3
14905.8
14909
14906.3
14904.6
14904.5
14904.4
14904.2
14908.5
14905.5
14906.6
14904.8
14902.7
14906.6
14905.1
14907.7
14907.6
14905.1
14901.3
14905.8
14909
14906.3
14904.6
14904.5
14904.4
14904.2
14908.5
14905.5
14906.6
14904.8
14902.7
14906.6
14905.1
14907.7
14907.6
14905.1
14901.3
)
;
    }
}


// ************************************************************************* //
