/*--------------------------------*- C++ -*----------------------------------*\
| =========                 |                                                 |
| \\      /  F ield         | OpenFOAM: The Open Source CFD Toolbox           |
|  \\    /   O peration     | Version:  2312                                  |
|   \\  /    A nd           | Website:  www.openfoam.com                      |
|    \\/     M anipulation  |                                                 |
\*---------------------------------------------------------------------------*/
FoamFile
{
    version     2.0;
    format      ascii;
    arch        "LSB;label=32;scalar=64";
    class       volScalarField;
    location    "0.8";
    object      sigmaHyd;
}
// * * * * * * * * * * * * * * * * * * * * * * * * * * * * * * * * * * * * * //

dimensions      [1 -1 -2 0 0 0 0];

internalField   nonuniform List<scalar> 
1620
(
-6393.59
-6393.63
-6393.63
-6393.58
-6393.66
-6393.66
-6393.49
-6393.48
-6393.56
-6393.59
-6393.63
-6393.63
-6393.58
-6393.66
-6393.66
-6393.49
-6393.48
-6393.56
-6393.59
-6393.63
-6393.63
-6393.58
-6393.66
-6393.66
-6393.49
-6393.48
-6393.56
-6393.59
-6393.63
-6393.63
-6393.58
-6393.66
-6393.66
-6393.49
-6393.48
-6393.56
-26076.9
-26076.8
-26076.8
-26076.9
-26076.9
-26076.8
-26076.7
-26076.7
-26076.8
-26076.9
-26076.8
-26076.8
-26076.9
-26076.9
-26076.8
-26076.7
-26076.7
-26076.8
-26076.9
-26076.8
-26076.8
-26076.9
-26076.9
-26076.8
-26076.7
-26076.7
-26076.8
-26076.9
-26076.8
-26076.8
-26076.9
-26076.9
-26076.8
-26076.7
-26076.7
-26076.8
-49857.1
-49857.2
-49857.1
-49857.1
-49857.2
-49857.2
-49857.2
-49857.1
-49857.1
-49857.1
-49857.2
-49857.1
-49857.1
-49857.2
-49857.2
-49857.2
-49857.1
-49857.1
-49857.1
-49857.2
-49857.1
-49857.1
-49857.2
-49857.2
-49857.2
-49857.1
-49857.1
-49857.1
-49857.2
-49857.1
-49857.1
-49857.2
-49857.2
-49857.2
-49857.1
-49857.1
8187.06
8187.01
8186.88
8187.11
8187.13
8187.1
8187.09
8186.95
8187.02
8187.06
8187.01
8186.88
8187.11
8187.13
8187.1
8187.09
8186.95
8187.02
8187.06
8187.01
8186.88
8187.11
8187.13
8187.1
8187.09
8186.95
8187.02
8187.06
8187.01
8186.88
8187.11
8187.13
8187.1
8187.09
8186.95
8187.02
-7228.17
-7228.15
-7228.13
-7228.44
-7228.26
-7228.23
-7228.23
-7228.12
-7228.19
-7228.17
-7228.15
-7228.13
-7228.44
-7228.26
-7228.23
-7228.23
-7228.12
-7228.19
-7228.17
-7228.15
-7228.13
-7228.44
-7228.26
-7228.23
-7228.23
-7228.12
-7228.19
-7228.17
-7228.15
-7228.13
-7228.44
-7228.26
-7228.23
-7228.23
-7228.12
-7228.19
-29942.9
-29942.9
-29942.9
-29942.7
-29942.9
-29943
-29943
-29943
-29942.9
-29942.9
-29942.9
-29942.9
-29942.7
-29942.9
-29943
-29943
-29943
-29942.9
-29942.9
-29942.9
-29942.9
-29942.7
-29942.9
-29943
-29943
-29943
-29942.9
-29942.9
-29942.9
-29942.9
-29942.7
-29942.9
-29943
-29943
-29943
-29942.9
4600.96
4601.09
4600.98
4601.18
4601.19
4601.07
4601.1
4600.99
4601.12
4600.96
4601.09
4600.98
4601.18
4601.19
4601.07
4601.1
4600.99
4601.12
4600.96
4601.09
4600.98
4601.18
4601.19
4601.07
4601.1
4600.99
4601.12
4600.96
4601.09
4600.98
4601.18
4601.19
4601.07
4601.1
4600.99
4601.12
-7952.35
-7952.54
-7952.31
-7952.47
-7952.27
-7952.26
-7952.43
-7952.36
-7952.4
-7952.35
-7952.54
-7952.31
-7952.47
-7952.27
-7952.26
-7952.43
-7952.36
-7952.4
-7952.35
-7952.54
-7952.31
-7952.47
-7952.27
-7952.26
-7952.43
-7952.36
-7952.4
-7952.35
-7952.54
-7952.31
-7952.47
-7952.27
-7952.26
-7952.43
-7952.36
-7952.4
-30020.2
-30020.2
-30020.4
-30020.4
-30020.4
-30020.3
-30020.2
-30020.3
-30020.3
-30020.2
-30020.2
-30020.4
-30020.4
-30020.4
-30020.3
-30020.2
-30020.3
-30020.3
-30020.2
-30020.2
-30020.4
-30020.4
-30020.4
-30020.3
-30020.2
-30020.3
-30020.3
-30020.2
-30020.2
-30020.4
-30020.4
-30020.4
-30020.3
-30020.2
-30020.3
-30020.3
3659.63
3659.53
3659.73
3659.66
3659.7
3659.64
3659.5
3659.58
3659.58
3659.63
3659.53
3659.73
3659.66
3659.7
3659.64
3659.5
3659.58
3659.58
3659.63
3659.53
3659.73
3659.66
3659.7
3659.64
3659.5
3659.58
3659.58
3659.63
3659.53
3659.73
3659.66
3659.7
3659.64
3659.5
3659.58
3659.58
-7354.95
-7354.93
-7354.95
-7354.87
-7354.98
-7354.88
-7354.94
-7354.91
-7354.9
-7354.95
-7354.93
-7354.95
-7354.87
-7354.98
-7354.88
-7354.94
-7354.91
-7354.9
-7354.95
-7354.93
-7354.95
-7354.87
-7354.98
-7354.88
-7354.94
-7354.91
-7354.9
-7354.95
-7354.93
-7354.95
-7354.87
-7354.98
-7354.88
-7354.94
-7354.91
-7354.9
-27756.5
-27756.5
-27756.6
-27756.5
-27756.6
-27756.6
-27756.4
-27756.5
-27756.4
-27756.5
-27756.5
-27756.6
-27756.5
-27756.6
-27756.6
-27756.4
-27756.5
-27756.4
-27756.5
-27756.5
-27756.6
-27756.5
-27756.6
-27756.6
-27756.4
-27756.5
-27756.4
-27756.5
-27756.5
-27756.6
-27756.5
-27756.6
-27756.6
-27756.4
-27756.5
-27756.4
2418.69
2418.58
2418.83
2418.67
2418.64
2418.7
2418.55
2418.76
2418.66
2418.69
2418.58
2418.83
2418.67
2418.64
2418.7
2418.55
2418.76
2418.66
2418.69
2418.58
2418.83
2418.67
2418.64
2418.7
2418.55
2418.76
2418.66
2418.69
2418.58
2418.83
2418.67
2418.64
2418.7
2418.55
2418.76
2418.66
-7466.05
-7465.96
-7466.13
-7465.99
-7466.1
-7466.1
-7465.97
-7466.18
-7465.98
-7466.05
-7465.96
-7466.13
-7465.99
-7466.1
-7466.1
-7465.97
-7466.18
-7465.98
-7466.05
-7465.96
-7466.13
-7465.99
-7466.1
-7466.1
-7465.97
-7466.18
-7465.98
-7466.05
-7465.96
-7466.13
-7465.99
-7466.1
-7466.1
-7465.97
-7466.18
-7465.98
-25945.8
-25945.9
-25945.8
-25945.8
-25945.8
-25945.9
-25945.8
-25945.7
-25945.9
-25945.8
-25945.9
-25945.8
-25945.8
-25945.8
-25945.9
-25945.8
-25945.7
-25945.9
-25945.8
-25945.9
-25945.8
-25945.8
-25945.8
-25945.9
-25945.8
-25945.7
-25945.9
-25945.8
-25945.9
-25945.8
-25945.8
-25945.8
-25945.9
-25945.8
-25945.7
-25945.9
959.526
959.404
959.54
959.497
959.489
959.567
959.446
959.549
959.465
959.526
959.404
959.54
959.497
959.489
959.567
959.446
959.549
959.465
959.526
959.404
959.54
959.497
959.489
959.567
959.446
959.549
959.465
959.526
959.404
959.54
959.497
959.489
959.567
959.446
959.549
959.465
-7755.51
-7755.29
-7755.51
-7755.47
-7755.45
-7755.43
-7755.42
-7755.59
-7755.42
-7755.51
-7755.29
-7755.51
-7755.47
-7755.45
-7755.43
-7755.42
-7755.59
-7755.42
-7755.51
-7755.29
-7755.51
-7755.47
-7755.45
-7755.43
-7755.42
-7755.59
-7755.42
-7755.51
-7755.29
-7755.51
-7755.47
-7755.45
-7755.43
-7755.42
-7755.59
-7755.42
-23982.8
-23982.9
-23982.9
-23983
-23982.9
-23982.8
-23982.9
-23982.7
-23982.8
-23982.8
-23982.9
-23982.9
-23983
-23982.9
-23982.8
-23982.9
-23982.7
-23982.8
-23982.8
-23982.9
-23982.9
-23983
-23982.9
-23982.8
-23982.9
-23982.7
-23982.8
-23982.8
-23982.9
-23982.9
-23983
-23982.9
-23982.8
-23982.9
-23982.7
-23982.8
-1057.44
-1057.52
-1057.32
-1057.56
-1057.42
-1057.24
-1057.58
-1057.33
-1057.4
-1057.44
-1057.52
-1057.32
-1057.56
-1057.42
-1057.24
-1057.58
-1057.33
-1057.4
-1057.44
-1057.52
-1057.32
-1057.56
-1057.42
-1057.24
-1057.58
-1057.33
-1057.4
-1057.44
-1057.52
-1057.32
-1057.56
-1057.42
-1057.24
-1057.58
-1057.33
-1057.4
-8197.94
-8197.72
-8197.96
-8197.67
-8197.86
-8197.93
-8197.73
-8197.99
-8197.72
-8197.94
-8197.72
-8197.96
-8197.67
-8197.86
-8197.93
-8197.73
-8197.99
-8197.72
-8197.94
-8197.72
-8197.96
-8197.67
-8197.86
-8197.93
-8197.73
-8197.99
-8197.72
-8197.94
-8197.72
-8197.96
-8197.67
-8197.86
-8197.93
-8197.73
-8197.99
-8197.72
-21717.6
-21717.9
-21717.8
-21717.9
-21717.8
-21717.7
-21717.8
-21717.7
-21717.9
-21717.6
-21717.9
-21717.8
-21717.9
-21717.8
-21717.7
-21717.8
-21717.7
-21717.9
-21717.6
-21717.9
-21717.8
-21717.9
-21717.8
-21717.7
-21717.8
-21717.7
-21717.9
-21717.6
-21717.9
-21717.8
-21717.9
-21717.8
-21717.7
-21717.8
-21717.7
-21717.9
-3696.69
-3696.62
-3696.61
-3696.65
-3696.68
-3696.49
-3696.64
-3696.59
-3696.54
-3696.69
-3696.62
-3696.61
-3696.65
-3696.68
-3696.49
-3696.64
-3696.59
-3696.54
-3696.69
-3696.62
-3696.61
-3696.65
-3696.68
-3696.49
-3696.64
-3696.59
-3696.54
-3696.69
-3696.62
-3696.61
-3696.65
-3696.68
-3696.49
-3696.64
-3696.59
-3696.54
-8681.62
-8681.77
-8681.8
-8681.65
-8681.78
-8681.89
-8681.7
-8681.83
-8681.86
-8681.62
-8681.77
-8681.8
-8681.65
-8681.78
-8681.89
-8681.7
-8681.83
-8681.86
-8681.62
-8681.77
-8681.8
-8681.65
-8681.78
-8681.89
-8681.7
-8681.83
-8681.86
-8681.62
-8681.77
-8681.8
-8681.65
-8681.78
-8681.89
-8681.7
-8681.83
-8681.86
-18947.4
-18947.6
-18947.6
-18947.6
-18947.5
-18947.4
-18947.4
-18947.5
-18947.5
-18947.4
-18947.6
-18947.6
-18947.6
-18947.5
-18947.4
-18947.4
-18947.5
-18947.5
-18947.4
-18947.6
-18947.6
-18947.6
-18947.5
-18947.4
-18947.4
-18947.5
-18947.5
-18947.4
-18947.6
-18947.6
-18947.6
-18947.5
-18947.4
-18947.4
-18947.5
-18947.5
-6788.84
-6788.89
-6788.97
-6788.99
-6788.99
-6788.91
-6788.85
-6788.92
-6789.01
-6788.84
-6788.89
-6788.97
-6788.99
-6788.99
-6788.91
-6788.85
-6788.92
-6789.01
-6788.84
-6788.89
-6788.97
-6788.99
-6788.99
-6788.91
-6788.85
-6788.92
-6789.01
-6788.84
-6788.89
-6788.97
-6788.99
-6788.99
-6788.91
-6788.85
-6788.92
-6789.01
-9021.35
-9021.42
-9021.22
-9021.33
-9021.31
-9021.22
-9021.41
-9021.38
-9021.39
-9021.35
-9021.42
-9021.22
-9021.33
-9021.31
-9021.22
-9021.41
-9021.38
-9021.39
-9021.35
-9021.42
-9021.22
-9021.33
-9021.31
-9021.22
-9021.41
-9021.38
-9021.39
-9021.35
-9021.42
-9021.22
-9021.33
-9021.31
-9021.22
-9021.41
-9021.38
-9021.39
-15583.5
-15583.3
-15583.4
-15583.4
-15583.5
-15583.5
-15583.3
-15583.4
-15583.2
-15583.5
-15583.3
-15583.4
-15583.4
-15583.5
-15583.5
-15583.3
-15583.4
-15583.2
-15583.5
-15583.3
-15583.4
-15583.4
-15583.5
-15583.5
-15583.3
-15583.4
-15583.2
-15583.5
-15583.3
-15583.4
-15583.4
-15583.5
-15583.5
-15583.3
-15583.4
-15583.2
-9856.19
-9856.13
-9856.32
-9856.32
-9856.27
-9856.16
-9856.29
-9856.37
-9856.32
-9856.19
-9856.13
-9856.32
-9856.32
-9856.27
-9856.16
-9856.29
-9856.37
-9856.32
-9856.19
-9856.13
-9856.32
-9856.32
-9856.27
-9856.16
-9856.29
-9856.37
-9856.32
-9856.19
-9856.13
-9856.32
-9856.32
-9856.27
-9856.16
-9856.29
-9856.37
-9856.32
-8901.21
-8901.15
-8901.04
-8901.23
-8901.1
-8901.21
-8901.17
-8901.04
-8901.05
-8901.21
-8901.15
-8901.04
-8901.23
-8901.1
-8901.21
-8901.17
-8901.04
-8901.05
-8901.21
-8901.15
-8901.04
-8901.23
-8901.1
-8901.21
-8901.17
-8901.04
-8901.05
-8901.21
-8901.15
-8901.04
-8901.23
-8901.1
-8901.21
-8901.17
-8901.04
-8901.05
-11780.8
-11780.7
-11780.6
-11780.7
-11780.7
-11780.8
-11780.7
-11780.8
-11780.6
-11780.8
-11780.7
-11780.6
-11780.7
-11780.7
-11780.8
-11780.7
-11780.8
-11780.6
-11780.8
-11780.7
-11780.6
-11780.7
-11780.7
-11780.8
-11780.7
-11780.8
-11780.6
-11780.8
-11780.7
-11780.6
-11780.7
-11780.7
-11780.8
-11780.7
-11780.8
-11780.6
-12018.6
-12018.6
-12018.6
-12018.7
-12018.7
-12018.7
-12018.6
-12018.7
-12018.6
-12018.6
-12018.6
-12018.6
-12018.7
-12018.7
-12018.7
-12018.6
-12018.7
-12018.6
-12018.6
-12018.6
-12018.6
-12018.7
-12018.7
-12018.7
-12018.6
-12018.7
-12018.6
-12018.6
-12018.6
-12018.6
-12018.7
-12018.7
-12018.7
-12018.6
-12018.7
-12018.6
-7905.4
-7905.52
-7905.37
-7905.37
-7905.46
-7905.42
-7905.43
-7905.29
-7905.48
-7905.4
-7905.52
-7905.37
-7905.37
-7905.46
-7905.42
-7905.43
-7905.29
-7905.48
-7905.4
-7905.52
-7905.37
-7905.37
-7905.46
-7905.42
-7905.43
-7905.29
-7905.48
-7905.4
-7905.52
-7905.37
-7905.37
-7905.46
-7905.42
-7905.43
-7905.29
-7905.48
-8193.3
-8193.22
-8193.37
-8193.24
-8193.24
-8193.31
-8193.18
-8193.28
-8193.15
-8193.3
-8193.22
-8193.37
-8193.24
-8193.24
-8193.31
-8193.18
-8193.28
-8193.15
-8193.3
-8193.22
-8193.37
-8193.24
-8193.24
-8193.31
-8193.18
-8193.28
-8193.15
-8193.3
-8193.22
-8193.37
-8193.24
-8193.24
-8193.31
-8193.18
-8193.28
-8193.15
-11817.8
-11817.7
-11817.7
-11817.8
-11817.7
-11817.9
-11817.8
-11817.7
-11817.7
-11817.8
-11817.7
-11817.7
-11817.8
-11817.7
-11817.9
-11817.8
-11817.7
-11817.7
-11817.8
-11817.7
-11817.7
-11817.8
-11817.7
-11817.9
-11817.8
-11817.7
-11817.7
-11817.8
-11817.7
-11817.7
-11817.8
-11817.7
-11817.9
-11817.8
-11817.7
-11817.7
-5484.98
-5484.99
-5484.99
-5484.98
-5484.93
-5485
-5484.95
-5484.87
-5484.99
-5484.98
-5484.99
-5484.99
-5484.98
-5484.93
-5485
-5484.95
-5484.87
-5484.99
-5484.98
-5484.99
-5484.99
-5484.98
-5484.93
-5485
-5484.95
-5484.87
-5484.99
-5484.98
-5484.99
-5484.99
-5484.98
-5484.93
-5485
-5484.95
-5484.87
-5484.99
-6124.33
-6124.3
-6124.38
-6124.44
-6124.34
-6124.37
-6124.34
-6124.45
-6124.33
-6124.33
-6124.3
-6124.38
-6124.44
-6124.34
-6124.37
-6124.34
-6124.45
-6124.33
-6124.33
-6124.3
-6124.38
-6124.44
-6124.34
-6124.37
-6124.34
-6124.45
-6124.33
-6124.33
-6124.3
-6124.38
-6124.44
-6124.34
-6124.37
-6124.34
-6124.45
-6124.33
-7065.61
-7065.6
-7065.51
-7065.65
-7065.65
-7065.66
-7065.57
-7065.73
-7065.48
-7065.61
-7065.6
-7065.51
-7065.65
-7065.65
-7065.66
-7065.57
-7065.73
-7065.48
-7065.61
-7065.6
-7065.51
-7065.65
-7065.65
-7065.66
-7065.57
-7065.73
-7065.48
-7065.61
-7065.6
-7065.51
-7065.65
-7065.65
-7065.66
-7065.57
-7065.73
-7065.48
-1594.17
-1594.2
-1594.25
-1594.09
-1594.19
-1594.13
-1594.26
-1594.14
-1594.22
-1594.17
-1594.2
-1594.25
-1594.09
-1594.19
-1594.13
-1594.26
-1594.14
-1594.22
-1594.17
-1594.2
-1594.25
-1594.09
-1594.19
-1594.13
-1594.26
-1594.14
-1594.22
-1594.17
-1594.2
-1594.25
-1594.09
-1594.19
-1594.13
-1594.26
-1594.14
-1594.22
-9223.81
-9223.74
-9223.88
-9223.87
-9223.75
-9223.85
-9223.73
-9223.96
-9223.76
-9223.81
-9223.74
-9223.88
-9223.87
-9223.75
-9223.85
-9223.73
-9223.96
-9223.76
-9223.81
-9223.74
-9223.88
-9223.87
-9223.75
-9223.85
-9223.73
-9223.96
-9223.76
-9223.81
-9223.74
-9223.88
-9223.87
-9223.75
-9223.85
-9223.73
-9223.96
-9223.76
1649.51
1649.65
1649.61
1649.47
1649.59
1649.56
1649.48
1649.55
1649.56
1649.51
1649.65
1649.61
1649.47
1649.59
1649.56
1649.48
1649.55
1649.56
1649.51
1649.65
1649.61
1649.47
1649.59
1649.56
1649.48
1649.55
1649.56
1649.51
1649.65
1649.61
1649.47
1649.59
1649.56
1649.48
1649.55
1649.56
4657.19
4657.28
4656.95
4657.51
4656.8
4657.58
4657.02
4657.26
4657.2
4657.19
4657.28
4656.95
4657.51
4656.8
4657.58
4657.02
4657.26
4657.2
4657.19
4657.28
4656.95
4657.51
4656.8
4657.58
4657.02
4657.26
4657.2
4657.19
4657.28
4656.95
4657.51
4656.8
4657.58
4657.02
4657.26
4657.2
-20168.7
-20168.6
-20168.9
-20168.7
-20168.4
-20168.7
-20168.8
-20168.7
-20168.7
-20168.7
-20168.6
-20168.9
-20168.7
-20168.4
-20168.7
-20168.8
-20168.7
-20168.7
-20168.7
-20168.6
-20168.9
-20168.7
-20168.4
-20168.7
-20168.8
-20168.7
-20168.7
-20168.7
-20168.6
-20168.9
-20168.7
-20168.4
-20168.7
-20168.8
-20168.7
-20168.7
48250.4
48251.6
48250
48250.6
48251.7
48250.4
48250
48251.8
48250.3
48250.4
48251.6
48250
48250.6
48251.7
48250.4
48250
48251.8
48250.3
48250.4
48251.6
48250
48250.6
48251.7
48250.4
48250
48251.8
48250.3
48250.4
48251.6
48250
48250.6
48251.7
48250.4
48250
48251.8
48250.3
15324.1
15324.1
15324.1
15323.9
15324.4
15323.9
15324.1
15324
15324.2
15324.1
15324.1
15324.1
15323.9
15324.4
15323.9
15324.1
15324
15324.2
15324.1
15324.1
15324.1
15323.9
15324.4
15323.9
15324.1
15324
15324.2
15324.1
15324.1
15324.1
15323.9
15324.4
15323.9
15324.1
15324
15324.2
-86913.4
-86912.5
-86913.1
-86913.8
-86912
-86913.7
-86913
-86912.6
-86913.3
-86913.4
-86912.5
-86913.1
-86913.8
-86912
-86913.7
-86913
-86912.6
-86913.3
-86913.4
-86912.5
-86913.1
-86913.8
-86912
-86913.7
-86913
-86912.6
-86913.3
-86913.4
-86912.5
-86913.1
-86913.8
-86912
-86913.7
-86913
-86912.6
-86913.3
)
;

boundaryField
{
    fixed
    {
        type            zeroGradient;
    }
    inside
    {
        type            zeroGradient;
    }
    outside
    {
        type            zeroGradient;
    }
}


// ************************************************************************* //
