/*--------------------------------*- C++ -*----------------------------------*\
| =========                 |                                                 |
| \\      /  F ield         | OpenFOAM: The Open Source CFD Toolbox           |
|  \\    /   O peration     | Version:  2312                                  |
|   \\  /    A nd           | Website:  www.openfoam.com                      |
|    \\/     M anipulation  |                                                 |
\*---------------------------------------------------------------------------*/
FoamFile
{
    version     2.0;
    format      ascii;
    arch        "LSB;label=32;scalar=64";
    class       pointVectorField;
    location    "0.5";
    object      pointD;
}
// * * * * * * * * * * * * * * * * * * * * * * * * * * * * * * * * * * * * * //

dimensions      [0 1 0 0 0 0 0];

internalField   nonuniform List<vector> 
2164
(
(0 0 0)
(0 0 0)
(0 0 0)
(0 0 0)
(0 0 0)
(0 0 0)
(0 0 0)
(0 0 0)
(0 0 0)
(0 0 0)
(0 0 0)
(0 0 0)
(0 0 0)
(0 0 0)
(0 0 0)
(0 0 0)
(0 0 0)
(0 0 0)
(0 0 0)
(0 0 0)
(0 0 0)
(0 0 0)
(0 0 0)
(0 0 0)
(0 0 0)
(0 0 0)
(0 0 0)
(0 0 0)
(0 0 0)
(0 0 0)
(0 0 0)
(0 0 0)
(0 0 0)
(0 0 0)
(0 0 0)
(0 0 0)
(0.001935 0.00032375 -0.00350312)
(0.00217809 0.000694817 -0.00295984)
(0.00194428 0.000969487 -0.00212399)
(0.00143436 0.00104013 -0.00121336)
(0.000849406 0.000932097 -0.000400356)
(0.000302056 0.00071583 0.000225039)
(-0.000169313 0.000453971 0.000645358)
(-0.000564507 0.000189921 0.00088971)
(-0.000895194 -4.96323e-05 0.00101286)
(-0.00116955 -0.000252774 0.00108077)
(-0.00138384 -0.000420223 0.00115877)
(-0.00151905 -0.000557639 0.00130073)
(-0.00154247 -0.000659576 0.00154085)
(-0.00141232 -0.000692599 0.00189122)
(-0.00108118 -0.000603126 0.00234372)
(-0.000502901 -0.000379094 0.0028582)
(0.000320228 -0.000133709 0.00332974)
(0.00123074 -8.43981e-05 0.00360501)
(0.001935 -0.00032375 0.00350312)
(0.00217809 -0.000694817 0.00295984)
(0.00194428 -0.000969487 0.00212399)
(0.00143436 -0.00104013 0.00121336)
(0.000849406 -0.000932097 0.000400356)
(0.000302056 -0.00071583 -0.000225039)
(-0.000169313 -0.000453971 -0.000645358)
(-0.000564507 -0.000189921 -0.00088971)
(-0.000895194 4.96323e-05 -0.00101286)
(-0.00116955 0.000252774 -0.00108077)
(-0.00138384 0.000420223 -0.00115877)
(-0.00151905 0.000557639 -0.00130073)
(-0.00154247 0.000659576 -0.00154085)
(-0.00141232 0.000692599 -0.00189122)
(-0.00108118 0.000603126 -0.00234372)
(-0.000502901 0.000379094 -0.0028582)
(0.000320228 0.000133709 -0.00332974)
(0.00123074 8.43981e-05 -0.00360501)
(0.00128064 0.00063684 -0.00317612)
(0.00142747 0.00077188 -0.00274758)
(0.00127239 0.000908133 -0.00213372)
(0.000910312 0.000980266 -0.00144721)
(0.000461884 0.000978137 -0.000785244)
(1.26508e-05 0.000914894 -0.00020868)
(-0.000391083 0.000806983 0.000259584)
(-0.000728715 0.000668987 0.000626696)
(-0.000992484 0.00051183 0.000920219)
(-0.00117807 0.000340007 0.0011781)
(-0.00127865 0.000150585 0.00143799)
(-0.00128324 -6.18017e-05 0.00172665)
(-0.00118014 -0.000292285 0.00205185)
(-0.000963448 -0.00051019 0.00240072)
(-0.000635631 -0.000658108 0.00274672)
(-0.000201724 -0.000688796 0.00305602)
(0.000324108 -0.000626558 0.00327754)
(0.000865796 -0.000581958 0.00334414)
(0.00128064 -0.00063684 0.00317612)
(0.00142747 -0.00077188 0.00274758)
(0.00127239 -0.000908133 0.00213372)
(0.000910312 -0.000980266 0.00144721)
(0.000461884 -0.000978137 0.000785244)
(1.26508e-05 -0.000914894 0.00020868)
(-0.000391083 -0.000806983 -0.000259584)
(-0.000728715 -0.000668987 -0.000626696)
(-0.000992484 -0.00051183 -0.000920219)
(-0.00117807 -0.000340007 -0.0011781)
(-0.00127865 -0.000150585 -0.00143799)
(-0.00128324 6.18017e-05 -0.00172665)
(-0.00118014 0.000292285 -0.00205185)
(-0.000963448 0.00051019 -0.00240072)
(-0.000635631 0.000658108 -0.00274672)
(-0.000201724 0.000688796 -0.00305602)
(0.000324108 0.000626558 -0.00327754)
(0.000865796 0.000581958 -0.00334414)
(0 0 0)
(0 0 0)
(0 0 0)
(0 0 0)
(0 0 0)
(0 0 0)
(0 0 0)
(0 0 0)
(0 0 0)
(0 0 0)
(0 0 0)
(0 0 0)
(0 0 0)
(0 0 0)
(0 0 0)
(0 0 0)
(0 0 0)
(0 0 0)
(0 0 0)
(0 0 0)
(0 0 0)
(0 0 0)
(0 0 0)
(0 0 0)
(0 0 0)
(0 0 0)
(0 0 0)
(0 0 0)
(0 0 0)
(0 0 0)
(0 0 0)
(0 0 0)
(0 0 0)
(0 0 0)
(0 0 0)
(0 0 0)
(0.000677807 0.000892987 -0.00284218)
(0.000736176 0.000816038 -0.0025355)
(0.000651657 0.000830042 -0.0021423)
(0.000424764 0.00091434 -0.00167457)
(9.90434e-05 0.00102779 -0.00115822)
(-0.000267095 0.00112767 -0.000625388)
(-0.000619368 0.00118246 -0.000103608)
(-0.000916048 0.00117512 0.000391976)
(-0.00112897 0.00109868 0.000859749)
(-0.00124037 0.000949989 0.00130656)
(-0.00123956 0.000726127 0.00173956)
(-0.00112295 0.000426496 0.00215758)
(-0.00089924 6.08763e-05 0.00254452)
(-0.000597417 -0.000338172 0.00286878)
(-0.000267717 -0.000707368 0.00309361)
(3.82044e-05 -0.000966076 0.00319728)
(0.000299645 -0.00105847 0.00318249)
(0.000518039 -0.00100712 0.00306032)
(0.000677807 -0.000892987 0.00284218)
(0.000736176 -0.000816038 0.0025355)
(0.000651657 -0.000830042 0.0021423)
(0.000424764 -0.00091434 0.00167457)
(9.90434e-05 -0.00102779 0.00115822)
(-0.000267095 -0.00112767 0.000625388)
(-0.000619368 -0.00118246 0.000103608)
(-0.000916048 -0.00117512 -0.000391976)
(-0.00112897 -0.00109868 -0.000859749)
(-0.00124037 -0.000949989 -0.00130656)
(-0.00123956 -0.000726127 -0.00173956)
(-0.00112295 -0.000426496 -0.00215758)
(-0.00089924 -6.08763e-05 -0.00254452)
(-0.000597417 0.000338172 -0.00286878)
(-0.000267717 0.000707368 -0.00309361)
(3.82044e-05 0.000966076 -0.00319728)
(0.000299645 0.00105847 -0.00318249)
(0.000518039 0.00100712 -0.00306032)
(0 0 0)
(0 0 0)
(0 0 0)
(0 0 0)
(0 0 0)
(0 0 0)
(0 0 0)
(0 0 0)
(0 0 0)
(0 0 0)
(0 0 0)
(0 0 0)
(0 0 0)
(0 0 0)
(0 0 0)
(0 0 0)
(0 0 0)
(0 0 0)
(0 0 0)
(0 0 0)
(0 0 0)
(0 0 0)
(0 0 0)
(0 0 0)
(0 0 0)
(0 0 0)
(0 0 0)
(0 0 0)
(0 0 0)
(0 0 0)
(0 0 0)
(0 0 0)
(0 0 0)
(0 0 0)
(0 0 0)
(0 0 0)
(0.000175962 0.00104138 -0.00252708)
(0.000167392 0.000824797 -0.00233141)
(0.000142084 0.000758468 -0.00212864)
(3.3916e-05 0.000865812 -0.00185066)
(-0.000179343 0.00109009 -0.00146286)
(-0.00046834 0.00134523 -0.000969161)
(-0.000775602 0.00155604 -0.000397627)
(-0.00104125 0.00167296 0.000217493)
(-0.00121765 0.00166936 0.000845853)
(-0.00127346 0.00153416 0.00146183)
(-0.00119373 0.00126665 0.00204072)
(-0.000981827 0.000875484 0.00255413)
(-0.000665788 0.00038164 0.0029667)
(-0.000306081 -0.000173401 0.00323728)
(8.3982e-06 -0.000715961 0.00333131)
(0.000195466 -0.00113803 0.00324716)
(0.000240314 -0.00133063 0.00303524)
(0.000208827 -0.00126774 0.00277013)
(0.000175962 -0.00104138 0.00252708)
(0.000167392 -0.000824797 0.00233141)
(0.000142084 -0.000758468 0.00212864)
(3.3916e-05 -0.000865812 0.00185066)
(-0.000179343 -0.00109009 0.00146286)
(-0.00046834 -0.00134523 0.000969161)
(-0.000775602 -0.00155604 0.000397627)
(-0.00104125 -0.00167296 -0.000217493)
(-0.00121765 -0.00166936 -0.000845853)
(-0.00127346 -0.00153416 -0.00146183)
(-0.00119373 -0.00126665 -0.00204072)
(-0.000981827 -0.000875484 -0.00255413)
(-0.000665788 -0.00038164 -0.0029667)
(-0.000306081 0.000173401 -0.00323728)
(8.3982e-06 0.000715961 -0.00333131)
(0.000195466 0.00113803 -0.00324716)
(0.000240314 0.00133063 -0.00303524)
(0.000208827 0.00126774 -0.00277013)
(0 0 0)
(0 0 0)
(0 0 0)
(0 0 0)
(0 0 0)
(0 0 0)
(0 0 0)
(0 0 0)
(0 0 0)
(0 0 0)
(0 0 0)
(0 0 0)
(0 0 0)
(0 0 0)
(0 0 0)
(0 0 0)
(0 0 0)
(0 0 0)
(0 0 0)
(0 0 0)
(0 0 0)
(0 0 0)
(0 0 0)
(0 0 0)
(0 0 0)
(0 0 0)
(0 0 0)
(0 0 0)
(0 0 0)
(0 0 0)
(0 0 0)
(0 0 0)
(0 0 0)
(0 0 0)
(0 0 0)
(0 0 0)
(0.00408814 0.00134656 -0.00621127)
(0.00421971 0.00165766 -0.00517345)
(0.00343953 0.0018332 -0.00375457)
(0.0021928 0.00181405 -0.0022797)
(0.000854492 0.0016386 -0.000969838)
(-0.000363237 0.0013624 6.96078e-05)
(-0.00138247 0.00103286 0.000821904)
(-0.00220078 0.000688129 0.00133049)
(-0.0028423 0.000354563 0.00167683)
(-0.00332572 4.04681e-05 0.00196034)
(-0.00364644 -0.000265624 0.00227699)
(-0.00376894 -0.000583911 0.00269836)
(-0.00362739 -0.000916514 0.00325749)
(-0.00313419 -0.0012141 0.00395006)
(-0.00220103 -0.0013715 0.00474887)
(-0.000785912 -0.00131046 0.00559335)
(0.00101444 -0.00112399 0.00630071)
(0.00286324 -0.00110025 0.00658723)
(0.00408814 -0.00134656 0.00621127)
(0.00421971 -0.00165766 0.00517345)
(0.00343953 -0.0018332 0.00375457)
(0.0021928 -0.00181405 0.0022797)
(0.000854492 -0.0016386 0.000969838)
(-0.000363237 -0.0013624 -6.96078e-05)
(-0.00138247 -0.00103286 -0.000821904)
(-0.00220078 -0.000688129 -0.00133049)
(-0.0028423 -0.000354563 -0.00167683)
(-0.00332572 -4.04681e-05 -0.00196034)
(-0.00364644 0.000265624 -0.00227699)
(-0.00376894 0.000583911 -0.00269836)
(-0.00362739 0.000916514 -0.00325749)
(-0.00313419 0.0012141 -0.00395006)
(-0.00220103 0.0013715 -0.00474887)
(-0.000785912 0.00131046 -0.00559335)
(0.00101444 0.00112399 -0.00630071)
(0.00286324 0.00110025 -0.00658723)
(0.00303588 0.00155769 -0.00583716)
(0.00314441 0.00164365 -0.00503322)
(0.00263089 0.00174083 -0.00394937)
(0.00173925 0.00179927 -0.00275691)
(0.000712696 0.00179771 -0.00159432)
(-0.000280458 0.00172393 -0.000551607)
(-0.00114853 0.00157579 0.000331577)
(-0.00185321 0.00136182 0.00106073)
(-0.00238369 0.00109393 0.00167522)
(-0.00273587 0.000777535 0.00223236)
(-0.00289883 0.000407418 0.0027888)
(-0.00284998 -2.52388e-05 0.00338248)
(-0.00255866 -0.000513207 0.00401986)
(-0.00199776 -0.00100684 0.00467415)
(-0.00116004 -0.00140387 0.0052976)
(-7.73936e-05 -0.00160029 0.00583269)
(0.00114148 -0.00159586 0.00618555)
(0.00228217 -0.00154011 0.00622355)
(0.00303588 -0.00155769 0.00583716)
(0.00314441 -0.00164365 0.00503322)
(0.00263089 -0.00174083 0.00394937)
(0.00173925 -0.00179927 0.00275691)
(0.000712696 -0.00179771 0.00159432)
(-0.000280458 -0.00172393 0.000551607)
(-0.00114853 -0.00157579 -0.000331577)
(-0.00185321 -0.00136182 -0.00106073)
(-0.00238369 -0.00109393 -0.00167522)
(-0.00273587 -0.000777535 -0.00223236)
(-0.00289883 -0.000407418 -0.0027888)
(-0.00284998 2.52388e-05 -0.00338248)
(-0.00255866 0.000513207 -0.00401986)
(-0.00199776 0.00100684 -0.00467415)
(-0.00116004 0.00140387 -0.0052976)
(-7.73936e-05 0.00160029 -0.00583269)
(0.00114148 0.00159586 -0.00618555)
(0.00228217 0.00154011 -0.00622355)
(0.00204046 0.00172009 -0.00539815)
(0.00212528 0.0015853 -0.00484621)
(0.00186508 0.00159955 -0.00410559)
(0.00131597 0.00173149 -0.0032029)
(0.000589014 0.00190739 -0.00219572)
(-0.000193087 0.00204623 -0.00115653)
(-0.000925021 0.00209131 -0.000146067)
(-0.00153175 0.00201646 0.000802935)
(-0.00196656 0.00181553 0.00168548)
(-0.00220138 0.00148989 0.00251295)
(-0.00221817 0.00104251 0.00329884)
(-0.00200686 0.000480484 0.00404565)
(-0.00157211 -0.000174219 0.00473479)
(-0.000947602 -0.00086676 0.00532201)
(-0.000207814 -0.00149376 0.00574611)
(0.000541785 -0.00192148 0.00595857)
(0.00119394 -0.00205685 0.00595693)
(0.00169646 -0.00193527 0.00576582)
(0.00204046 -0.00172009 0.00539815)
(0.00212528 -0.0015853 0.00484621)
(0.00186508 -0.00159955 0.00410559)
(0.00131597 -0.00173149 0.0032029)
(0.000589014 -0.00190739 0.00219572)
(-0.000193087 -0.00204623 0.00115653)
(-0.000925021 -0.00209131 0.000146067)
(-0.00153175 -0.00201646 -0.000802935)
(-0.00196656 -0.00181553 -0.00168548)
(-0.00220138 -0.00148989 -0.00251295)
(-0.00221817 -0.00104251 -0.00329884)
(-0.00200686 -0.000480484 -0.00404565)
(-0.00157211 0.000174219 -0.00473479)
(-0.000947602 0.00086676 -0.00532201)
(-0.000207814 0.00149376 -0.00574611)
(0.000541785 0.00192148 -0.00595857)
(0.00119394 0.00205685 -0.00595693)
(0.00169646 0.00193527 -0.00576582)
(0.0011892 0.00179876 -0.00494178)
(0.00125145 0.00151168 -0.00461577)
(0.00121255 0.00146375 -0.00417578)
(0.000980345 0.00165646 -0.00353598)
(0.000542357 0.00198805 -0.00268178)
(-3.09454e-05 0.00232288 -0.00166161)
(-0.000628919 0.00255214 -0.000548523)
(-0.00114483 0.00261215 0.000591907)
(-0.00149784 0.00247552 0.0017118)
(-0.00163612 0.00213818 0.00277611)
(-0.00153425 0.00161218 0.00375448)
(-0.00119464 0.000923361 0.00461455)
(-0.000656984 0.000113197 0.00531559)
(-1.2968e-05 -0.000751234 0.00580318)
(0.000591468 -0.00155799 0.00601696)
(0.000999364 -0.00214547 0.005933)
(0.00114084 -0.00235642 0.00563134)
(0.00114677 -0.00217251 0.00526785)
(0.0011892 -0.00179876 0.00494178)
(0.00125145 -0.00151168 0.00461577)
(0.00121255 -0.00146375 0.00417578)
(0.000980345 -0.00165646 0.00353598)
(0.000542357 -0.00198805 0.00268178)
(-3.09454e-05 -0.00232288 0.00166161)
(-0.000628919 -0.00255214 0.000548523)
(-0.00114483 -0.00261215 -0.000591907)
(-0.00149784 -0.00247552 -0.0017118)
(-0.00163612 -0.00213818 -0.00277611)
(-0.00153425 -0.00161218 -0.00375448)
(-0.00119464 -0.000923361 -0.00461455)
(-0.000656984 -0.000113197 -0.00531559)
(-1.2968e-05 0.000751234 -0.00580318)
(0.000591468 0.00155799 -0.00601696)
(0.000999364 0.00214547 -0.005933)
(0.00114084 0.00235642 -0.00563134)
(0.00114677 0.00217251 -0.00526785)
(0.00642111 0.00281536 -0.00813815)
(0.00608574 0.00269063 -0.00681386)
(0.00451139 0.00251949 -0.00509573)
(0.00237136 0.00228077 -0.00332684)
(0.00019197 0.00197731 -0.00172766)
(-0.00172681 0.00161898 -0.000402568)
(-0.00327976 0.00122056 0.000630581)
(-0.00447365 0.000800297 0.00141525)
(-0.00535101 0.000372386 0.00203522)
(-0.00594368 -6.37728e-05 0.00259325)
(-0.00625041 -0.000527325 0.00318611)
(-0.00622703 -0.0010442 0.00388065)
(-0.0057805 -0.00161964 0.00470106)
(-0.00476914 -0.0022058 0.00563616)
(-0.00304128 -0.00269354 0.00665446)
(-0.000566301 -0.00296977 0.00768334)
(0.002364 -0.00301241 0.00850544)
(0.00503503 -0.00292613 0.00873784)
(0.00642111 -0.00281536 0.00813815)
(0.00608574 -0.00269063 0.00681386)
(0.00451139 -0.00251949 0.00509573)
(0.00237136 -0.00228077 0.00332684)
(0.00019197 -0.00197731 0.00172766)
(-0.00172681 -0.00161898 0.000402568)
(-0.00327976 -0.00122056 -0.000630581)
(-0.00447365 -0.000800297 -0.00141525)
(-0.00535101 -0.000372386 -0.00203522)
(-0.00594368 6.37728e-05 -0.00259325)
(-0.00625041 0.000527325 -0.00318611)
(-0.00622703 0.0010442 -0.00388065)
(-0.0057805 0.00161964 -0.00470106)
(-0.00476914 0.0022058 -0.00563616)
(-0.00304128 0.00269354 -0.00665446)
(-0.000566301 0.00296977 -0.00768334)
(0.002364 0.00301241 -0.00850544)
(0.00503503 0.00292613 -0.00873784)
(0.00510504 0.00264393 -0.00773277)
(0.00490776 0.00250294 -0.00669469)
(0.00385461 0.00242922 -0.00533483)
(0.00233145 0.00238586 -0.0038335)
(0.000679807 0.00232112 -0.00234302)
(-0.000863514 0.00219111 -0.000969206)
(-0.00217283 0.00197376 0.000236696)
(-0.00320235 0.00166777 0.00127462)
(-0.0039452 0.00128116 0.00218257)
(-0.0044016 0.000818304 0.00301817)
(-0.00456044 0.000274772 0.00383781)
(-0.00439173 -0.000355397 0.00467749)
(-0.0038466 -0.00106051 0.0055413)
(-0.00286582 -0.00178618 0.00640173)
(-0.00140981 -0.00242216 0.00720789)
(0.000467977 -0.00283678 0.00788581)
(0.00250852 -0.00295672 0.00830868)
(0.0042309 -0.00283725 0.00829172)
(0.00510504 -0.00264393 0.00773277)
(0.00490776 -0.00250294 0.00669469)
(0.00385461 -0.00242922 0.00533483)
(0.00233145 -0.00238586 0.0038335)
(0.000679807 -0.00232112 0.00234302)
(-0.000863514 -0.00219111 0.000969206)
(-0.00217283 -0.00197376 -0.000236696)
(-0.00320235 -0.00166777 -0.00127462)
(-0.0039452 -0.00128116 -0.00218257)
(-0.0044016 -0.000818304 -0.00301817)
(-0.00456044 -0.000274772 -0.00383781)
(-0.00439173 0.000355397 -0.00467749)
(-0.0038466 0.00106051 -0.0055413)
(-0.00286582 0.00178618 -0.00640173)
(-0.00140981 0.00242216 -0.00720789)
(0.000467977 0.00283678 -0.00788581)
(0.00250852 0.00295672 -0.00830868)
(0.0042309 0.00283725 -0.00829172)
(0.00382873 0.00248991 -0.00728907)
(0.00378924 0.0023093 -0.00654904)
(0.00325986 0.00229876 -0.00553963)
(0.00235265 0.00242162 -0.00430289)
(0.00122527 0.00258251 -0.00292679)
(5.0047e-05 0.00268152 -0.00151435)
(-0.00102646 0.00265225 -0.000146206)
(-0.00190471 0.0024671 0.00113587)
(-0.00252731 0.00212323 0.00232348)
(-0.00286162 0.00162821 0.00342646)
(-0.00288555 0.000993722 0.00445771)
(-0.00258262 0.000237438 0.00542096)
(-0.00194853 -0.000608078 0.00630125)
(-0.00100853 -0.00147804 0.00705833)
(0.000160516 -0.0022563 0.00762846)
(0.00141851 -0.0027881 0.00794632)
(0.00256008 -0.00295397 0.00798501)
(0.00339367 -0.00277899 0.00776245)
(0.00382873 -0.00248991 0.00728907)
(0.00378924 -0.0023093 0.00654904)
(0.00325986 -0.00229876 0.00553963)
(0.00235265 -0.00242162 0.00430289)
(0.00122527 -0.00258251 0.00292679)
(5.0047e-05 -0.00268152 0.00151435)
(-0.00102646 -0.00265225 0.000146206)
(-0.00190471 -0.0024671 -0.00113587)
(-0.00252731 -0.00212323 -0.00232348)
(-0.00286162 -0.00162821 -0.00342646)
(-0.00288555 -0.000993722 -0.00445771)
(-0.00258262 -0.000237438 -0.00542096)
(-0.00194853 0.000608078 -0.00630125)
(-0.00100853 0.00147804 -0.00705833)
(0.000160516 0.0022563 -0.00762846)
(0.00141851 0.0027881 -0.00794632)
(0.00256008 0.00295397 -0.00798501)
(0.00339367 0.00277899 -0.00776245)
(0.0027072 0.00238722 -0.00685303)
(0.00280629 0.00217409 -0.00637119)
(0.00274194 0.00219486 -0.00565722)
(0.00240415 0.00243458 -0.00465809)
(0.00177955 0.00277863 -0.00340279)
(0.000967358 0.0030813 -0.00197901)
(0.0001228 0.00323019 -0.000484556)
(-0.00060863 0.00316555 0.0010039)
(-0.00112178 0.00286845 0.00243409)
(-0.00135145 0.00234659 0.00376845)
(-0.00126438 0.00162693 0.00497621)
(-0.000858602 0.000751299 0.00602864)
(-0.00017567 -0.000224814 0.00689208)
(0.000677404 -0.00122214 0.00751791)
(0.00152163 -0.00211507 0.00784429)
(0.00215833 -0.00273141 0.00783784)
(0.00247779 -0.0029285 0.0075719)
(0.00259425 -0.00272824 0.00722011)
(0.0027072 -0.00238722 0.00685303)
(0.00280629 -0.00217409 0.00637119)
(0.00274194 -0.00219486 0.00565722)
(0.00240415 -0.00243458 0.00465809)
(0.00177955 -0.00277863 0.00340279)
(0.000967358 -0.0030813 0.00197901)
(0.0001228 -0.00323019 0.000484556)
(-0.00060863 -0.00316555 -0.0010039)
(-0.00112178 -0.00286845 -0.00243409)
(-0.00135145 -0.00234659 -0.00376845)
(-0.00126438 -0.00162693 -0.00497621)
(-0.000858602 -0.000751299 -0.00602864)
(-0.00017567 0.000224814 -0.00689208)
(0.000677404 0.00122214 -0.00751791)
(0.00152163 0.00211507 -0.00784429)
(0.00215833 0.00273141 -0.00783784)
(0.00247779 0.0029285 -0.0075719)
(0.00259425 0.00272824 -0.00722011)
(0.00781142 0.00401584 -0.00907544)
(0.00712045 0.00336902 -0.00774335)
(0.00499114 0.00280118 -0.00603801)
(0.00218449 0.00230097 -0.00423176)
(-0.000632559 0.00182695 -0.00252323)
(-0.00306632 0.00135053 -0.00102342)
(-0.00498927 0.000857284 0.000237105)
(-0.00642213 0.000339894 0.00128685)
(-0.00742235 -0.000206808 0.00219008)
(-0.00802772 -0.000793373 0.00302671)
(-0.00823667 -0.00143889 0.00387109)
(-0.00799955 -0.00216099 0.00477301)
(-0.00720547 -0.00295202 0.0057521)
(-0.00567468 -0.00375262 0.00680725)
(-0.00322842 -0.00444589 0.00790979)
(7.43751e-05 -0.00489022 0.00894773)
(0.00367757 -0.00496622 0.00967495)
(0.00657643 -0.00462806 0.00976573)
(0.00781142 -0.00401584 0.00907544)
(0.00712045 -0.00336902 0.00774335)
(0.00499114 -0.00280118 0.00603801)
(0.00218449 -0.00230097 0.00423176)
(-0.000632559 -0.00182695 0.00252323)
(-0.00306632 -0.00135053 0.00102342)
(-0.00498927 -0.000857284 -0.000237105)
(-0.00642213 -0.000339894 -0.00128685)
(-0.00742235 0.000206808 -0.00219008)
(-0.00802772 0.000793373 -0.00302671)
(-0.00823667 0.00143889 -0.00387109)
(-0.00799955 0.00216099 -0.00477301)
(-0.00720547 0.00295202 -0.0057521)
(-0.00567468 0.00375262 -0.00680725)
(-0.00322842 0.00444589 -0.00790979)
(7.43751e-05 0.00489022 -0.00894773)
(0.00367757 0.00496622 -0.00967495)
(0.00657643 0.00462806 -0.00976573)
(0.00643154 0.00356688 -0.00875772)
(0.00599586 0.00314675 -0.00765943)
(0.00456308 0.00284432 -0.00622107)
(0.00257609 0.00262845 -0.00460097)
(0.00046278 0.00242604 -0.0029518)
(-0.00147606 0.00217759 -0.0013884)
(-0.00308968 0.00184963 3.06044e-05)
(-0.00433068 0.00142938 0.00129718)
(-0.00519538 0.000915718 0.00243711)
(-0.00568462 0.000309893 0.00349269)
(-0.00578537 -0.000388682 0.00450564)
(-0.00546297 -0.00117663 0.0055026)
(-0.00465783 -0.00203115 0.00648815)
(-0.00329203 -0.00288963 0.00744583)
(-0.00132174 -0.00363874 0.00833225)
(0.00113043 -0.0041359 0.00905387)
(0.00365043 -0.00426406 0.00945898)
(0.00560184 -0.00401499 0.0093815)
(0.00643154 -0.00356688 0.00875772)
(0.00599586 -0.00314675 0.00765943)
(0.00456308 -0.00284432 0.00622107)
(0.00257609 -0.00262845 0.00460097)
(0.00046278 -0.00242604 0.0029518)
(-0.00147606 -0.00217759 0.0013884)
(-0.00308968 -0.00184963 -3.06044e-05)
(-0.00433068 -0.00142938 -0.00129718)
(-0.00519538 -0.000915718 -0.00243711)
(-0.00568462 -0.000309893 -0.00349269)
(-0.00578537 0.000388682 -0.00450564)
(-0.00546297 0.00117663 -0.0055026)
(-0.00465783 0.00203115 -0.00648815)
(-0.00329203 0.00288963 -0.00744583)
(-0.00132174 0.00363874 -0.00833225)
(0.00113043 0.0041359 -0.00905387)
(0.00365043 0.00426406 -0.00945898)
(0.00560184 0.00401499 -0.0093815)
(0.0050652 0.00321833 -0.00849938)
(0.00491837 0.00299987 -0.00762331)
(0.00420212 0.0029176 -0.00642163)
(0.00304593 0.00294179 -0.00496674)
(0.00163886 0.00298314 -0.00337131)
(0.000189063 0.00295161 -0.00174916)
(-0.00112653 0.00278776 -0.000181468)
(-0.00218961 0.00246636 0.00129114)
(-0.00293367 0.00198528 0.00265749)
(-0.00332154 0.00135507 0.00392119)
(-0.00332734 0.000594277 0.00508958)
(-0.00293062 -0.000270304 0.00616534)
(-0.00212356 -0.00119782 0.00713933)
(-0.00093366 -0.00211928 0.00798398)
(0.000543444 -0.0029218 0.00865026)
(0.00212548 -0.00346364 0.00907676)
(0.0035605 -0.00364416 0.00921126)
(0.00459558 -0.00349825 0.00902544)
(0.0050652 -0.00321833 0.00849938)
(0.00491837 -0.00299987 0.00762331)
(0.00420212 -0.0029176 0.00642163)
(0.00304593 -0.00294179 0.00496674)
(0.00163886 -0.00298314 0.00337131)
(0.000189063 -0.00295161 0.00174916)
(-0.00112653 -0.00278776 0.000181468)
(-0.00218961 -0.00246636 -0.00129114)
(-0.00293367 -0.00198528 -0.00265749)
(-0.00332154 -0.00135507 -0.00392119)
(-0.00332734 -0.000594277 -0.00508958)
(-0.00293062 0.000270304 -0.00616534)
(-0.00212356 0.00119782 -0.00713933)
(-0.00093366 0.00211928 -0.00798398)
(0.000543444 0.0029218 -0.00865026)
(0.00212548 0.00346364 -0.00907676)
(0.0035605 0.00364416 -0.00921126)
(0.00459558 0.00349825 -0.00902544)
(0.00383039 0.00301306 -0.00829363)
(0.00395235 0.00296319 -0.00760185)
(0.00388853 0.00304434 -0.00659011)
(0.00350454 0.00324662 -0.00527751)
(0.00277299 0.00348326 -0.00374047)
(0.00180523 0.0036408 -0.00208148)
(0.000789591 0.00363083 -0.000394049)
(-9.57605e-05 0.00340857 0.00125476)
(-0.000725355 0.00296472 0.00281945)
(-0.00102399 0.00231529 0.0042658)
(-0.000953066 0.00149602 0.00556649)
(-0.00050809 0.000556578 0.00669942)
(0.000265035 -0.00044318 0.00764187)
(0.00123937 -0.00142557 0.00836089)
(0.00220482 -0.00227869 0.00881723)
(0.0029536 -0.00287105 0.00899766)
(0.00340721 -0.00313065 0.00894226)
(0.00365285 -0.00312076 0.0087128)
(0.00383039 -0.00301306 0.00829363)
(0.00395235 -0.00296319 0.00760185)
(0.00388853 -0.00304434 0.00659011)
(0.00350454 -0.00324662 0.00527751)
(0.00277299 -0.00348326 0.00374047)
(0.00180523 -0.0036408 0.00208148)
(0.000789591 -0.00363083 0.000394049)
(-9.57605e-05 -0.00340857 -0.00125476)
(-0.000725355 -0.00296472 -0.00281945)
(-0.00102399 -0.00231529 -0.0042658)
(-0.000953066 -0.00149602 -0.00556649)
(-0.00050809 -0.000556578 -0.00669942)
(0.000265035 0.00044318 -0.00764187)
(0.00123937 0.00142557 -0.00836089)
(0.00220482 0.00227869 -0.00881723)
(0.0029536 0.00287105 -0.00899766)
(0.00340721 0.00313065 -0.00894226)
(0.00365285 0.00312076 -0.0087128)
(0.00788601 0.00468787 -0.00920049)
(0.00708426 0.00367972 -0.00803885)
(0.00480729 0.00275954 -0.00652753)
(0.00176497 0.00196619 -0.00484952)
(-0.00132381 0.00126744 -0.00317258)
(-0.00399835 0.000622867 -0.00161261)
(-0.00609994 -2.19548e-06 -0.000216703)
(-0.00764505 -0.000639754 0.00102243)
(-0.0086889 -0.0013162 0.00214116)
(-0.00926159 -0.00205125 0.00318665)
(-0.00935288 -0.00285795 0.00420324)
(-0.00890609 -0.00373425 0.00522329)
(-0.00780466 -0.00464329 0.00626813)
(-0.00587558 -0.00549287 0.00734839)
(-0.00300551 -0.00613798 0.00842661)
(0.000585448 -0.00642328 0.00935388)
(0.00418639 -0.00624677 0.00989166)
(0.00685594 -0.00561871 0.0098511)
(0.00788601 -0.00468787 0.00920049)
(0.00708426 -0.00367972 0.00803885)
(0.00480729 -0.00275954 0.00652753)
(0.00176497 -0.00196619 0.00484952)
(-0.00132381 -0.00126744 0.00317258)
(-0.00399835 -0.000622867 0.00161261)
(-0.00609994 2.19548e-06 0.000216703)
(-0.00764505 0.000639754 -0.00102243)
(-0.0086889 0.0013162 -0.00214116)
(-0.00926159 0.00205125 -0.00318665)
(-0.00935288 0.00285795 -0.00420324)
(-0.00890609 0.00373425 -0.00522329)
(-0.00780466 0.00464329 -0.00626813)
(-0.00587558 0.00549287 -0.00734839)
(-0.00300551 0.00613798 -0.00842661)
(0.000585448 0.00642328 -0.00935388)
(0.00418639 0.00624677 -0.00989166)
(0.00685594 0.00561871 -0.0098511)
(0.00662053 0.00416318 -0.00902129)
(0.0061234 0.00353704 -0.00799357)
(0.00459049 0.00299572 -0.0066228)
(0.00244288 0.00254772 -0.0050367)
(0.000140188 0.00214078 -0.00337673)
(-0.00197667 0.00172106 -0.00175783)
(-0.00373372 0.00125055 -0.000242998)
(-0.0050744 0.00070463 0.00115063)
(-0.00598823 7.02503e-05 0.00243241)
(-0.00646824 -0.000655924 0.00362325)
(-0.00649474 -0.00146873 0.00474535)
(-0.00602921 -0.00235035 0.00581483)
(-0.00501148 -0.00325842 0.00683904)
(-0.00337505 -0.00411121 0.00781282)
(-0.00112612 -0.00478601 0.00869585)
(0.00151145 -0.00515179 0.00938282)
(0.00404404 -0.00513093 0.00972585)
(0.0058868 -0.00475485 0.00961391)
(0.00662053 -0.00416318 0.00902129)
(0.0061234 -0.00353704 0.00799357)
(0.00459049 -0.00299572 0.0066228)
(0.00244288 -0.00254772 0.0050367)
(0.000140188 -0.00214078 0.00337673)
(-0.00197667 -0.00172106 0.00175783)
(-0.00373372 -0.00125055 0.000242998)
(-0.0050744 -0.00070463 -0.00115063)
(-0.00598823 -7.02503e-05 -0.00243241)
(-0.00646824 0.000655924 -0.00362325)
(-0.00649474 0.00146873 -0.00474535)
(-0.00602921 0.00235035 -0.00581483)
(-0.00501148 0.00325842 -0.00683904)
(-0.00337505 0.00411121 -0.00781282)
(-0.00112612 0.00478601 -0.00869585)
(0.00151145 0.00515179 -0.00938282)
(0.00404404 0.00513093 -0.00972585)
(0.0058868 0.00475485 -0.00961391)
(0.00536832 0.00377062 -0.00898725)
(0.00520115 0.00352387 -0.00806778)
(0.00443299 0.00333073 -0.00679472)
(0.00319354 0.0031868 -0.00526668)
(0.00168021 0.00303754 -0.00360698)
(0.000113917 0.00282143 -0.00192612)
(-0.00131206 0.00249475 -0.000297414)
(-0.00246374 0.00203546 0.00124251)
(-0.00326282 0.00143917 0.00267917)
(-0.00366435 0.000715861 0.00400787)
(-0.00363834 -0.000111686 0.00522796)
(-0.0031638 -0.00100833 0.00633921)
(-0.00223789 -0.00192361 0.00733751)
(-0.000904108 -0.00278391 0.00820825)
(0.000710301 -0.00348935 0.00891826)
(0.00238601 -0.00394016 0.00941413)
(0.0038592 -0.00409343 0.00963125)
(0.00490131 -0.00399961 0.00950539)
(0.00536832 -0.00377062 0.00898725)
(0.00520115 -0.00352387 0.00806778)
(0.00443299 -0.00333073 0.00679472)
(0.00319354 -0.0031868 0.00526668)
(0.00168021 -0.00303754 0.00360698)
(0.000113917 -0.00282143 0.00192612)
(-0.00131206 -0.00249475 0.000297414)
(-0.00246374 -0.00203546 -0.00124251)
(-0.00326282 -0.00143917 -0.00267917)
(-0.00366435 -0.000715861 -0.00400787)
(-0.00363834 0.000111686 -0.00522796)
(-0.0031638 0.00100833 -0.00633921)
(-0.00223789 0.00192361 -0.00733751)
(-0.000904108 0.00278391 -0.00820825)
(0.000710301 0.00348935 -0.00891826)
(0.00238601 0.00394016 -0.00941413)
(0.0038592 0.00409343 -0.00963125)
(0.00490131 0.00399961 -0.00950539)
(0.00422178 0.00353414 -0.00904532)
(0.00436408 0.00363901 -0.00820794)
(0.00430384 0.0037441 -0.00700014)
(0.00391453 0.00384808 -0.0055105)
(0.00315729 0.00391018 -0.00384865)
(0.00213451 0.00386867 -0.00211578)
(0.00104426 0.00367257 -0.000389154)
(8.49388e-05 0.00329662 0.0012798)
(-0.000602094 0.0027392 0.00285545)
(-0.000933852 0.00201941 0.00430865)
(-0.000869715 0.00117515 0.00561576)
(-0.000407832 0.000258034 0.0067598)
(0.000396415 -0.00067241 0.00772738)
(0.00139951 -0.0015485 0.0085029)
(0.00238123 -0.00229332 0.00907209)
(0.00315041 -0.00284346 0.00943444)
(0.0036581 -0.00319328 0.00958819)
(0.00398482 -0.00340094 0.00948708)
(0.00422178 -0.00353414 0.00904532)
(0.00436408 -0.00363901 0.00820794)
(0.00430384 -0.0037441 0.00700014)
(0.00391453 -0.00384808 0.0055105)
(0.00315729 -0.00391018 0.00384865)
(0.00213451 -0.00386867 0.00211578)
(0.00104426 -0.00367257 0.000389154)
(8.49388e-05 -0.00329662 -0.0012798)
(-0.000602094 -0.0027392 -0.00285545)
(-0.000933852 -0.00201941 -0.00430865)
(-0.000869715 -0.00117515 -0.00561576)
(-0.000407832 -0.000258034 -0.0067598)
(0.000396415 0.00067241 -0.00772738)
(0.00139951 0.0015485 -0.0085029)
(0.00238123 0.00229332 -0.00907209)
(0.00315041 0.00284346 -0.00943444)
(0.0036581 0.00319328 -0.00958819)
(0.00398482 0.00340094 -0.00948708)
(0.00692555 0.00489576 -0.00881147)
(0.00614583 0.00362216 -0.00787914)
(0.00401163 0.00242206 -0.00662877)
(0.00110869 0.00136028 -0.005169)
(-0.00191208 0.000428074 -0.00362627)
(-0.00458288 -0.000408361 -0.00211253)
(-0.0067083 -0.00118866 -0.000690163)
(-0.0082742 -0.001957 0.000627553)
(-0.00931443 -0.00275341 0.00185255)
(-0.00984182 -0.00360318 0.00300364)
(-0.00983376 -0.00451011 0.0040993)
(-0.00923036 -0.00544804 0.0051577)
(-0.00793047 -0.00634751 0.0061993)
(-0.00581876 -0.00708768 0.00723266)
(-0.00289779 -0.00751572 0.00820696)
(0.000513714 -0.00750337 0.0089831)
(0.0037569 -0.00700657 0.00939328)
(0.00607703 -0.00608735 0.00933689)
(0.00692555 -0.00489576 0.00881147)
(0.00614583 -0.00362216 0.00787914)
(0.00401163 -0.00242206 0.00662877)
(0.00110869 -0.00136028 0.005169)
(-0.00191208 -0.000428074 0.00362627)
(-0.00458288 0.000408361 0.00211253)
(-0.0067083 0.00118866 0.000690163)
(-0.0082742 0.001957 -0.000627553)
(-0.00931443 0.00275341 -0.00185255)
(-0.00984182 0.00360318 -0.00300364)
(-0.00983376 0.00451011 -0.0040993)
(-0.00923036 0.00544804 -0.0051577)
(-0.00793047 0.00634751 -0.0061993)
(-0.00581876 0.00708768 -0.00723266)
(-0.00289779 0.00751572 -0.00820696)
(0.000513714 0.00750337 -0.0089831)
(0.0037569 0.00700657 -0.00939328)
(0.00607703 0.00608735 -0.00933689)
(0.00590347 0.0043857 -0.00871755)
(0.00541245 0.00358535 -0.00783785)
(0.00396896 0.00283248 -0.00663314)
(0.00192127 0.00215599 -0.00519447)
(-0.000319402 0.00153228 -0.00363914)
(-0.00241747 0.000925033 -0.00207524)
(-0.00418096 0.000301191 -0.000570615)
(-0.00553259 -0.000368372 0.000847454)
(-0.00644442 -0.00110467 0.0021736)
(-0.00689557 -0.00191429 0.00341034)
(-0.00685806 -0.00278585 0.00456292)
(-0.00629318 -0.00368578 0.00563828)
(-0.00515495 -0.00455131 0.00664402)
(-0.00341791 -0.00528568 0.0075775)
(-0.00115908 -0.00577185 0.008398)
(0.00134861 -0.00591348 0.00901205)
(0.00365522 -0.00568131 0.00930905)
(0.00528522 -0.00513145 0.00921632)
(0.00590347 -0.0043857 0.00871755)
(0.00541245 -0.00358535 0.00783785)
(0.00396896 -0.00283248 0.00663314)
(0.00192127 -0.00215599 0.00519447)
(-0.000319402 -0.00153228 0.00363914)
(-0.00241747 -0.000925033 0.00207524)
(-0.00418096 -0.000301191 0.000570615)
(-0.00553259 0.000368372 -0.000847454)
(-0.00644442 0.00110467 -0.0021736)
(-0.00689557 0.00191429 -0.00341034)
(-0.00685806 0.00278585 -0.00456292)
(-0.00629318 0.00368578 -0.00563828)
(-0.00515495 0.00455131 -0.00664402)
(-0.00341791 0.00528568 -0.0075775)
(-0.00115908 0.00577185 -0.008398)
(0.00134861 0.00591348 -0.00901205)
(0.00365522 0.00568131 -0.00930905)
(0.00528522 0.00513145 -0.00921632)
(0.00488637 0.00403233 -0.00882832)
(0.00470759 0.00371745 -0.00797169)
(0.00397258 0.00339459 -0.00676536)
(0.00279015 0.0030695 -0.00530694)
(0.00133065 0.00271946 -0.00371404)
(-0.000202728 0.00231384 -0.00208927)
(-0.00161822 0.00182773 -0.000500991)
(-0.002771 0.00124516 0.00101441)
(-0.00356886 0.0005607 0.00243811)
(-0.00395672 -0.000216929 0.00375813)
(-0.00390051 -0.00106248 0.0049668)
(-0.00338275 -0.00193416 0.00606065)
(-0.00241359 -0.00277376 0.0070382)
(-0.00105953 -0.00350783 0.00789261)
(0.000529493 -0.00405833 0.00860017)
(0.00213274 -0.00436884 0.00911362)
(0.00351336 -0.00443224 0.0093668)
(0.00447349 -0.00429483 0.00928935)
(0.00488637 -0.00403233 0.00882832)
(0.00470759 -0.00371745 0.00797169)
(0.00397258 -0.00339459 0.00676536)
(0.00279015 -0.0030695 0.00530694)
(0.00133065 -0.00271946 0.00371404)
(-0.000202728 -0.00231384 0.00208927)
(-0.00161822 -0.00182773 0.000500991)
(-0.002771 -0.00124516 -0.00101441)
(-0.00356886 -0.0005607 -0.00243811)
(-0.00395672 0.000216929 -0.00375813)
(-0.00390051 0.00106248 -0.0049668)
(-0.00338275 0.00193416 -0.00606065)
(-0.00241359 0.00277376 -0.0070382)
(-0.00105953 0.00350783 -0.00789261)
(0.000529493 0.00405833 -0.00860017)
(0.00213274 0.00436884 -0.00911362)
(0.00351336 0.00443224 -0.0093668)
(0.00447349 0.00429483 -0.00928935)
(0.00393875 0.0038394 -0.00907653)
(0.0040599 0.0039922 -0.00822177)
(0.00398986 0.00406072 -0.00698626)
(0.00362302 0.0040404 -0.00548705)
(0.00291321 0.00392222 -0.00384652)
(0.00193715 0.00368819 -0.00216035)
(0.000875224 0.0033222 -0.000493833)
(-7.33055e-05 0.00281797 0.00111138)
(-0.000757929 0.0021809 0.00262599)
(-0.00108934 0.00143098 0.00402504)
(-0.00102684 0.00060462 0.00528817)
(-0.000574602 -0.000248872 0.00640221)
(0.000202064 -0.00107468 0.0073606)
(0.00115577 -0.00182063 0.00815999)
(0.00208493 -0.00244725 0.00879832)
(0.00283103 -0.00294071 0.00926758)
(0.00335353 -0.00331865 0.00952927)
(0.00370315 -0.00361278 0.00949825)
(0.00393875 -0.0038394 0.00907653)
(0.0040599 -0.0039922 0.00822177)
(0.00398986 -0.00406072 0.00698626)
(0.00362302 -0.0040404 0.00548705)
(0.00291321 -0.00392222 0.00384652)
(0.00193715 -0.00368819 0.00216035)
(0.000875224 -0.0033222 0.000493833)
(-7.33055e-05 -0.00281797 -0.00111138)
(-0.000757929 -0.0021809 -0.00262599)
(-0.00108934 -0.00143098 -0.00402504)
(-0.00102684 -0.00060462 -0.00528817)
(-0.000574602 0.000248872 -0.00640221)
(0.000202064 0.00107468 -0.0073606)
(0.00115577 0.00182063 -0.00815999)
(0.00208493 0.00244725 -0.00879832)
(0.00283103 0.00294071 -0.00926758)
(0.00335353 0.00331865 -0.00952927)
(0.00370315 0.00361278 -0.00949825)
(0.00520911 0.00484109 -0.00811465)
(0.00457375 0.00334494 -0.00744424)
(0.0027641 0.00191136 -0.006484)
(0.000221952 0.000615226 -0.00528927)
(-0.0025191 -0.000533923 -0.00394735)
(-0.00502631 -0.00156028 -0.00255934)
(-0.00707255 -0.00250027 -0.00120028)
(-0.00859767 -0.00339718 9.71086e-05)
(-0.00960329 -0.00429233 0.00132632)
(-0.0100838 -0.00520987 0.00248787)
(-0.0100089 -0.00614395 0.00358362)
(-0.00932582 -0.00704936 0.00462086)
(-0.00796775 -0.00783612 0.00561316)
(-0.00589556 -0.00837549 0.0065606)
(-0.00320194 -0.00853178 0.00741523)
(-0.000213884 -0.00821718 0.0080776)
(0.00253779 -0.00743138 0.00844416)
(0.00448475 -0.00625856 0.00845734)
(0.00520911 -0.00484109 0.00811465)
(0.00457375 -0.00334494 0.00744424)
(0.0027641 -0.00191136 0.006484)
(0.000221952 -0.000615226 0.00528927)
(-0.0025191 0.000533923 0.00394735)
(-0.00502631 0.00156028 0.00255934)
(-0.00707255 0.00250027 0.00120028)
(-0.00859767 0.00339718 -9.71086e-05)
(-0.00960329 0.00429233 -0.00132632)
(-0.0100838 0.00520987 -0.00248787)
(-0.0100089 0.00614395 -0.00358362)
(-0.00932582 0.00704936 -0.00462086)
(-0.00796775 0.00783612 -0.00561316)
(-0.00589556 0.00837549 -0.0065606)
(-0.00320194 0.00853178 -0.00741523)
(-0.000213884 0.00821718 -0.0080776)
(0.00253779 0.00743138 -0.00844416)
(0.00448475 0.00625856 -0.00845734)
(0.00449767 0.00436748 -0.00804001)
(0.0040884 0.00338047 -0.00735888)
(0.00285357 0.00242308 -0.00638228)
(0.00105831 0.00153417 -0.00516567)
(-0.000962857 0.000708987 -0.00379595)
(-0.00290921 -7.53534e-05 -0.00236856)
(-0.00458158 -0.000844895 -0.000956071)
(-0.00587875 -0.00162588 0.000402568)
(-0.00675132 -0.00243944 0.00168993)
(-0.00716463 -0.00329167 0.00289638)
(-0.00708535 -0.00416542 0.00401609)
(-0.00648147 -0.0050157 0.00504878)
(-0.00533211 -0.00576798 0.00599843)
(-0.00365959 -0.00632403 0.00685999)
(-0.00158817 -0.00658505 0.00759843)
(0.000617404 -0.00648868 0.00814605)
(0.00259179 -0.00603616 0.0084293)
(0.00397116 -0.00529271 0.00839926)
(0.00449767 -0.00436748 0.00804001)
(0.0040884 -0.00338047 0.00735888)
(0.00285357 -0.00242308 0.00638228)
(0.00105831 -0.00153417 0.00516567)
(-0.000962857 -0.000708987 0.00379595)
(-0.00290921 7.53534e-05 0.00236856)
(-0.00458158 0.000844895 0.000956071)
(-0.00587875 0.00162588 -0.000402568)
(-0.00675132 0.00243944 -0.00168993)
(-0.00716463 0.00329167 -0.00289638)
(-0.00708535 0.00416542 -0.00401609)
(-0.00648147 0.0050157 -0.00504878)
(-0.00533211 0.00576798 -0.00599843)
(-0.00365959 0.00632403 -0.00685999)
(-0.00158817 0.00658505 -0.00759843)
(0.000617404 0.00648868 -0.00814605)
(0.00259179 0.00603616 -0.0084293)
(0.00397116 0.00529271 -0.00839926)
(0.00377366 0.0040676 -0.00821811)
(0.00361234 0.00361336 -0.00749663)
(0.00296866 0.00312637 -0.00645451)
(0.00192849 0.002619 -0.00516996)
(0.000627571 0.00208559 -0.00374016)
(-0.000764607 0.00151336 -0.00225492)
(-0.00207464 0.000890477 -0.000780272)
(-0.00315716 0.000208111 0.000643232)
(-0.00390952 -0.000536693 0.00199116)
(-0.00426709 -0.00133461 0.00324614)
(-0.0041931 -0.00215888 0.00439594)
(-0.00367652 -0.00296462 0.00543452)
(-0.00274323 -0.00369173 0.00636029)
(-0.00147778 -0.00427313 0.00716867)
(-3.36435e-05 -0.00465089 0.00784134)
(0.00139037 -0.00479536 0.0083398)
(0.00259594 -0.00471539 0.00860802)
(0.00342362 -0.00445322 0.00858386)
(0.00377366 -0.0040676 0.00821811)
(0.00361234 -0.00361336 0.00749663)
(0.00296866 -0.00312637 0.00645451)
(0.00192849 -0.002619 0.00516996)
(0.000627571 -0.00208559 0.00374016)
(-0.000764607 -0.00151336 0.00225492)
(-0.00207464 -0.000890477 0.000780272)
(-0.00315716 -0.000208111 -0.000643232)
(-0.00390952 0.000536693 -0.00199116)
(-0.00426709 0.00133461 -0.00324614)
(-0.0041931 0.00215888 -0.00439594)
(-0.00367652 0.00296462 -0.00543452)
(-0.00274323 0.00369173 -0.00636029)
(-0.00147778 0.00427313 -0.00716867)
(-3.36435e-05 0.00465089 -0.00784134)
(0.00139037 0.00479536 -0.0083398)
(0.00259594 0.00471539 -0.00860802)
(0.00342362 0.00445322 -0.00858386)
(0.00308099 0.00393245 -0.00858222)
(0.00316567 0.00400638 -0.00780195)
(0.00308517 0.00396384 -0.00666579)
(0.0027615 0.00380058 -0.00528659)
(0.00215158 0.00352121 -0.00377768)
(0.00130333 0.00313006 -0.00222446)
(0.000358933 0.00263184 -0.000684472)
(-0.000503353 0.00203396 0.00080384)
(-0.0011347 0.00134838 0.00221254)
(-0.00144177 0.000596375 0.00351875)
(-0.00138376 -0.000188208 0.00470478)
(-0.000970069 -0.000961183 0.00576031)
(-0.000270909 -0.00167598 0.0066822)
(0.000576332 -0.00229536 0.00747137)
(0.00140212 -0.00280227 0.00812671)
(0.00207767 -0.00320283 0.00863188)
(0.00256138 -0.00351735 0.00893589)
(0.00288149 -0.00376199 0.00894963)
(0.00308099 -0.00393245 0.00858222)
(0.00316567 -0.00400638 0.00780195)
(0.00308517 -0.00396384 0.00666579)
(0.0027615 -0.00380058 0.00528659)
(0.00215158 -0.00352121 0.00377768)
(0.00130333 -0.00313006 0.00222446)
(0.000358933 -0.00263184 0.000684472)
(-0.000503353 -0.00203396 -0.00080384)
(-0.0011347 -0.00134838 -0.00221254)
(-0.00144177 -0.000596375 -0.00351875)
(-0.00138376 0.000188208 -0.00470478)
(-0.000970069 0.000961183 -0.00576031)
(-0.000270909 0.00167598 -0.0066822)
(0.000576332 0.00229536 -0.00747137)
(0.00140212 0.00280227 -0.00812671)
(0.00207767 0.00320283 -0.00863188)
(0.00256138 0.00351735 -0.00893589)
(0.00288149 0.00376199 -0.00894963)
(0.00295137 0.00469511 -0.00726929)
(0.00253202 0.00302518 -0.00687173)
(0.00114226 0.00140337 -0.00621042)
(-0.000921005 -8.87149e-05 -0.0053046)
(-0.00325805 -0.00142757 -0.00420738)
(-0.0054972 -0.00262761 -0.00300205)
(-0.00739308 -0.0037182 -0.00176973)
(-0.0088352 -0.00473308 -0.00056174)
(-0.00978717 -0.00570349 0.000599061)
(-0.0102273 -0.00664537 0.00170235)
(-0.0101256 -0.00754491 0.00274231)
(-0.00944676 -0.00834943 0.00371941)
(-0.00816538 -0.00896755 0.00463891)
(-0.00630514 -0.00928364 0.00549591)
(-0.00400005 -0.00919136 0.00625758)
(-0.00153246 -0.00863625 0.0068656)
(0.000703394 -0.0076381 0.00725927)
(0.00230067 -0.00628171 0.00739852)
(0.00295137 -0.00469511 0.00726929)
(0.00253202 -0.00302518 0.00687173)
(0.00114226 -0.00140337 0.00621042)
(-0.000921005 8.87149e-05 0.0053046)
(-0.00325805 0.00142757 0.00420738)
(-0.0054972 0.00262761 0.00300205)
(-0.00739308 0.0037182 0.00176973)
(-0.0088352 0.00473308 0.00056174)
(-0.00978717 0.00570349 -0.000599061)
(-0.0102273 0.00664537 -0.00170235)
(-0.0101256 0.00754491 -0.00274231)
(-0.00944676 0.00834943 -0.00371941)
(-0.00816538 0.00896755 -0.00463891)
(-0.00630514 0.00928364 -0.00549591)
(-0.00400005 0.00919136 -0.00625758)
(-0.00153246 0.00863625 -0.0068656)
(0.000703394 0.0076381 -0.00725927)
(0.00230067 0.00628171 -0.00739852)
(0.00259863 0.00423761 -0.00715722)
(0.00231662 0.00306775 -0.00669921)
(0.0013524 0.00191741 -0.00598053)
(-0.000111976 0.000835549 -0.00502695)
(-0.00182556 -0.000169113 -0.00389508)
(-0.00353686 -0.00111042 -0.00266231)
(-0.00505112 -0.00200846 -0.00140151)
(-0.00624692 -0.00288288 -0.000162663)
(-0.00705454 -0.00374839 0.0010258)
(-0.00742877 -0.00460628 0.00214665)
(-0.00733644 -0.00543542 0.0031886)
(-0.00675778 -0.00618749 0.00414676)
(-0.00569868 -0.00678909 0.00502052)
(-0.00421604 -0.00715341 0.00580324)
(-0.00244739 -0.00720363 0.00647055)
(-0.00061704 -0.00690044 0.00698016)
(0.000999061 -0.00625726 0.00728528)
(0.0021351 -0.00533708 0.00735043)
(0.00259863 -0.00423761 0.00715722)
(0.00231662 -0.00306775 0.00669921)
(0.0013524 -0.00191741 0.00598053)
(-0.000111976 -0.000835549 0.00502695)
(-0.00182556 0.000169113 0.00389508)
(-0.00353686 0.00111042 0.00266231)
(-0.00505112 0.00200846 0.00140151)
(-0.00624692 0.00288288 0.000162663)
(-0.00705454 0.00374839 -0.0010258)
(-0.00742877 0.00460628 -0.00214665)
(-0.00733644 0.00543542 -0.0031886)
(-0.00675778 0.00618749 -0.00414676)
(-0.00569868 0.00678909 -0.00502052)
(-0.00421604 0.00715341 -0.00580324)
(-0.00244739 0.00720363 -0.00647055)
(-0.00061704 0.00690044 -0.00698016)
(0.000999061 0.00625726 -0.00728528)
(0.0021351 0.00533708 -0.00735043)
(0.00221002 0.00396238 -0.00733593)
(0.00208553 0.00332641 -0.006791)
(0.00156279 0.0026534 -0.00596635)
(0.000705572 0.00196602 -0.00491523)
(-0.000383326 0.00126925 -0.0037096)
(-0.00157074 0.000558334 -0.0024229)
(-0.00271119 -0.000172855 -0.00111683)
(-0.0036706 -0.000927975 0.000163985)
(-0.0043444 -0.00170556 0.00138927)
(-0.00466281 -0.00249378 0.00253768)
(-0.00458883 -0.00326554 0.00359454)
(-0.00411855 -0.00397742 0.00455198)
(-0.0032896 -0.0045743 0.00540697)
(-0.00219187 -0.00499971 0.00615499)
(-0.000964592 -0.00521033 0.00678192)
(0.000227954 -0.00518839 0.00725861)
(0.00122924 -0.00494585 0.0075415)
(0.00191565 -0.00451987 0.00758091)
(0.00221002 -0.00396238 0.00733593)
(0.00208553 -0.00332641 0.006791)
(0.00156279 -0.0026534 0.00596635)
(0.000705572 -0.00196602 0.00491523)
(-0.000383326 -0.00126925 0.0037096)
(-0.00157074 -0.000558334 0.0024229)
(-0.00271119 0.000172855 0.00111683)
(-0.0036706 0.000927975 -0.000163985)
(-0.0043444 0.00170556 -0.00138927)
(-0.00466281 0.00249378 -0.00253768)
(-0.00458883 0.00326554 -0.00359454)
(-0.00411855 0.00397742 -0.00455198)
(-0.0032896 0.0045743 -0.00540697)
(-0.00219187 0.00499971 -0.00615499)
(-0.000964592 0.00521033 -0.00678192)
(0.000227954 0.00518839 -0.00725861)
(0.00122924 0.00494585 -0.0075415)
(0.00191565 0.00451987 -0.00758091)
(0.00181227 0.00385631 -0.00774747)
(0.00185432 0.0037648 -0.00709996)
(0.00176154 0.0035576 -0.00613911)
(0.00148584 0.00323773 -0.00495786)
(0.000995813 0.00281613 -0.00365075)
(0.000317525 0.00230447 -0.00229012)
(-0.000451648 0.00171441 -0.000926294)
(-0.00117186 0.00105915 0.000404328)
(-0.00171066 0.000354923 0.00167343)
(-0.00197692 -0.000375866 0.00285851)
(-0.00192985 -0.00110208 0.00394336)
(-0.00158054 -0.00178609 0.00491904)
(-0.000995408 -0.00239083 0.00578301)
(-0.000290744 -0.00288991 0.00653539)
(0.000399973 -0.00327473 0.00717182)
(0.000974717 -0.0035531 0.00767144)
(0.00139176 -0.00373959 0.00798448)
(0.00166142 -0.00384264 0.00803432)
(0.00181227 -0.00385631 0.00774747)
(0.00185432 -0.0037648 0.00709996)
(0.00176154 -0.0035576 0.00613911)
(0.00148584 -0.00323773 0.00495786)
(0.000995813 -0.00281613 0.00365075)
(0.000317525 -0.00230447 0.00229012)
(-0.000451648 -0.00171441 0.000926294)
(-0.00117186 -0.00105915 -0.000404328)
(-0.00171066 -0.000354923 -0.00167343)
(-0.00197692 0.000375866 -0.00285851)
(-0.00192985 0.00110208 -0.00394336)
(-0.00158054 0.00178609 -0.00491904)
(-0.000995408 0.00239083 -0.00578301)
(-0.000290744 0.00288991 -0.00653539)
(0.000399973 0.00327473 -0.00717182)
(0.000974717 0.0035531 -0.00767144)
(0.00139176 0.00373959 -0.00798448)
(0.00166142 0.00384264 -0.00803432)
(0.000294914 0.00453997 -0.00636868)
(0.000103373 0.0027808 -0.00623746)
(-0.00084474 0.00104554 -0.00586632)
(-0.00237879 -0.000581215 -0.00525337)
(-0.00423174 -0.002064 -0.00442608)
(-0.0061143 -0.0034053 -0.00344568)
(-0.00778942 -0.00462339 -0.00238856)
(-0.00910791 -0.00573707 -0.00131839)
(-0.00999374 -0.00675979 -0.000273254)
(-0.0104077 -0.00769355 0.000728348)
(-0.0103239 -0.00851902 0.00167821)
(-0.00972816 -0.00918806 0.00257427)
(-0.00863109 -0.00962514 0.00341685)
(-0.00709305 -0.00974153 0.00420108)
(-0.00525025 -0.00946222 0.00491028)
(-0.00332129 -0.00875503 0.00551583)
(-0.00158002 -0.00764414 0.00598259)
(-0.000302179 -0.00620314 0.00627629)
(0.000294914 -0.00453997 0.00636868)
(0.000103373 -0.0027808 0.00623746)
(-0.00084474 -0.00104554 0.00586632)
(-0.00237879 0.000581215 0.00525337)
(-0.00423174 0.002064 0.00442608)
(-0.0061143 0.0034053 0.00344568)
(-0.00778942 0.00462339 0.00238856)
(-0.00910791 0.00573707 0.00131839)
(-0.00999374 0.00675979 0.000273254)
(-0.0104077 0.00769355 -0.000728348)
(-0.0103239 0.00851902 -0.00167821)
(-0.00972816 0.00918806 -0.00257427)
(-0.00863109 0.00962514 -0.00341685)
(-0.00709305 0.00974153 -0.00420108)
(-0.00525025 0.00946222 -0.00491028)
(-0.00332129 0.00875503 -0.00551583)
(-0.00158002 0.00764414 -0.00598259)
(-0.000302179 0.00620314 -0.00627629)
(0.000352121 0.00406895 -0.00618726)
(0.000207515 0.00276384 -0.00595411)
(-0.000472489 0.00146468 -0.00549583)
(-0.00157744 0.000228923 -0.00481756)
(-0.00293599 -0.00092231 -0.00395085)
(-0.00435443 -0.00199303 -0.00295224)
(-0.00565775 -0.00299599 -0.00188725)
(-0.00671504 -0.00394197 -0.000811471)
(-0.00744058 -0.00483546 0.000237594)
(-0.00778122 -0.00567033 0.00123722)
(-0.00770696 -0.00642371 0.00217394)
(-0.00721116 -0.00705215 0.00304083)
(-0.00631958 -0.00749463 0.00383445)
(-0.00510347 -0.00768366 0.00454877)
(-0.00368835 -0.00756339 0.00516932)
(-0.00224735 -0.00710819 0.00567195)
(-0.000977245 -0.00633277 0.00602686)
(-6.42023e-05 -0.00529144 0.00620593)
(0.000352121 -0.00406895 0.00618726)
(0.000207515 -0.00276384 0.00595411)
(-0.000472489 -0.00146468 0.00549583)
(-0.00157744 -0.000228923 0.00481756)
(-0.00293599 0.00092231 0.00395085)
(-0.00435443 0.00199303 0.00295224)
(-0.00565775 0.00299599 0.00188725)
(-0.00671504 0.00394197 0.000811471)
(-0.00744058 0.00483546 -0.000237594)
(-0.00778122 0.00567033 -0.00123722)
(-0.00770696 0.00642371 -0.00217394)
(-0.00721116 0.00705215 -0.00304083)
(-0.00631958 0.00749463 -0.00383445)
(-0.00510347 0.00768366 -0.00454877)
(-0.00368835 0.00756339 -0.00516932)
(-0.00224735 0.00710819 -0.00567195)
(-0.000977245 0.00633277 -0.00602686)
(-6.42023e-05 0.00529144 -0.00620593)
(0.000347849 0.00378114 -0.00632172)
(0.000268661 0.00297284 -0.00596644)
(-0.000127077 0.00212741 -0.00537631)
(-0.0007935 0.00127864 -0.00458188)
(-0.00165494 0.000441679 -0.00363128)
(-0.00261106 -0.000381602 -0.00258022)
(-0.0035472 -0.00119371 -0.00148212)
(-0.00434988 -0.00199478 -0.000381591)
(-0.00492301 -0.00277926 0.0006877)
(-0.00519878 -0.00353297 0.00170169)
(-0.0051424 -0.00423016 0.00264424)
(-0.00475484 -0.00483305 0.00350621)
(-0.00407689 -0.00529639 0.00428305)
(-0.00319018 -0.00557598 0.00496988)
(-0.00220839 -0.00563889 0.00555538)
(-0.00125812 -0.00547131 0.00601742)
(-0.000457881 -0.00508216 0.0063232)
(9.77808e-05 -0.00450267 0.00643527)
(0.000347849 -0.00378114 0.00632172)
(0.000268661 -0.00297284 0.00596644)
(-0.000127077 -0.00212741 0.00537631)
(-0.0007935 -0.00127864 0.00458188)
(-0.00165494 -0.000441679 0.00363128)
(-0.00261106 0.000381602 0.00258022)
(-0.0035472 0.00119371 0.00148212)
(-0.00434988 0.00199478 0.000381591)
(-0.00492301 0.00277926 -0.0006877)
(-0.00519878 0.00353297 -0.00170169)
(-0.0051424 0.00423016 -0.00264424)
(-0.00475484 0.00483305 -0.00350621)
(-0.00407689 0.00529639 -0.00428305)
(-0.00319018 0.00557598 -0.00496988)
(-0.00220839 0.00563889 -0.00555538)
(-0.00125812 0.00547131 -0.00601742)
(-0.000457881 0.00508216 -0.0063232)
(9.77808e-05 0.00450267 -0.00643527)
(0.000289428 0.00366434 -0.00672665)
(0.000293402 0.00337885 -0.00623824)
(0.000186323 0.00299154 -0.00548653)
(-5.17369e-05 0.00251588 -0.0045396)
(-0.000434188 0.00196861 -0.00347047)
(-0.000944518 0.00136435 -0.00233782)
(-0.00152274 0.000715578 -0.00118409)
(-0.00207367 3.54523e-05 -4.16727e-05)
(-0.00249541 -0.000659732 0.00106253)
(-0.00270934 -0.00134855 0.00210641)
(-0.00267727 -0.00200361 0.00307391)
(-0.00240728 -0.00259407 0.00395579)
(-0.00195299 -0.00309122 0.00474816)
(-0.00140261 -0.00347521 0.00544828)
(-0.000854174 -0.00373834 0.00604769)
(-0.000386007 -0.00388306 0.00652371)
(-3.89817e-05 -0.00391623 0.00683362)
(0.000181774 -0.00384312 0.00691907)
(0.000289428 -0.00366434 0.00672665)
(0.000293402 -0.00337885 0.00623824)
(0.000186323 -0.00299154 0.00548653)
(-5.17369e-05 -0.00251588 0.0045396)
(-0.000434188 -0.00196861 0.00347047)
(-0.000944518 -0.00136435 0.00233782)
(-0.00152274 -0.000715578 0.00118409)
(-0.00207367 -3.54523e-05 4.16727e-05)
(-0.00249541 0.000659732 -0.00106253)
(-0.00270934 0.00134855 -0.00210641)
(-0.00267727 0.00200361 -0.00307391)
(-0.00240728 0.00259407 -0.00395579)
(-0.00195299 0.00309122 -0.00474816)
(-0.00140261 0.00347521 -0.00544828)
(-0.000854174 0.00373834 -0.00604769)
(-0.000386007 0.00388306 -0.00652371)
(-3.89817e-05 0.00391623 -0.00683362)
(0.000181774 0.00384312 -0.00691907)
(-0.00263359 0.0043662 -0.00544091)
(-0.00263511 0.00263813 -0.00555338)
(-0.00318135 0.000902439 -0.00545014)
(-0.00419576 -0.000761332 -0.00511723)
(-0.00552607 -0.00230996 -0.00456588)
(-0.00697605 -0.00373221 -0.00383726)
(-0.00834945 -0.00503115 -0.0029943)
(-0.00948795 -0.00620776 -0.00210148)
(-0.0102866 -0.007255 -0.00120629)
(-0.0106864 -0.00815808 -0.000334148)
(-0.0106614 -0.00889308 0.000505642)
(-0.0102127 -0.00942341 0.00131141)
(-0.00937263 -0.00969909 0.00208272)
(-0.00821273 -0.0096643 0.00281683)
(-0.0068485 -0.00927348 0.0035071)
(-0.00543471 -0.0085097 0.00414095)
(-0.00414916 -0.00739455 0.00469671)
(-0.0031673 -0.00598532 0.00514273)
(-0.00263359 -0.0043662 0.00544091)
(-0.00263511 -0.00263813 0.00555338)
(-0.00318135 -0.000902439 0.00545014)
(-0.00419576 0.000761332 0.00511723)
(-0.00552607 0.00230996 0.00456588)
(-0.00697605 0.00373221 0.00383726)
(-0.00834945 0.00503115 0.0029943)
(-0.00948795 0.00620776 0.00210148)
(-0.0102866 0.007255 0.00120629)
(-0.0106864 0.00815808 0.000334148)
(-0.0106614 0.00889308 -0.000505642)
(-0.0102127 0.00942341 -0.00131141)
(-0.00937263 0.00969909 -0.00208272)
(-0.00821273 0.0096643 -0.00281683)
(-0.0068485 0.00927348 -0.0035071)
(-0.00543471 0.0085097 -0.00414095)
(-0.00414916 0.00739455 -0.00469671)
(-0.0031673 0.00598532 -0.00514273)
(-0.00212154 0.00386723 -0.00519242)
(-0.00214739 0.00251841 -0.00516665)
(-0.00256661 0.00115574 -0.00495063)
(-0.0033224 -0.000161214 -0.00453706)
(-0.00431069 -0.00140139 -0.00393976)
(-0.0053977 -0.00255656 -0.00319584)
(-0.00644376 -0.00362821 -0.00235738)
(-0.00732619 -0.00461592 -0.00147691)
(-0.0079531 -0.00551268 -0.00059552)
(-0.00826578 -0.00630413 0.000260461)
(-0.00823608 -0.00696712 0.00107652)
(-0.00786573 -0.00746806 0.00184536)
(-0.00718864 -0.0077643 0.0025628)
(-0.00627295 -0.00781086 0.00322393)
(-0.00521882 -0.0075714 0.0038201)
(-0.00414976 -0.00702996 0.00433688)
(-0.00319856 -0.00619913 0.00475384)
(-0.00248989 -0.00512193 0.00504711)
(-0.00212154 -0.00386723 0.00519242)
(-0.00214739 -0.00251841 0.00516665)
(-0.00256661 -0.00115574 0.00495063)
(-0.0033224 0.000161214 0.00453706)
(-0.00431069 0.00140139 0.00393976)
(-0.0053977 0.00255656 0.00319584)
(-0.00644376 0.00362821 0.00235738)
(-0.00732619 0.00461592 0.00147691)
(-0.0079531 0.00551268 0.00059552)
(-0.00826578 0.00630413 -0.000260461)
(-0.00823608 0.00696712 -0.00107652)
(-0.00786573 0.00746806 -0.00184536)
(-0.00718864 0.0077643 -0.0025628)
(-0.00627295 0.00781086 -0.00322393)
(-0.00521882 0.0075714 -0.0038201)
(-0.00414976 0.00702996 -0.00433688)
(-0.00319856 0.00619913 -0.00475384)
(-0.00248989 0.00512193 -0.00504711)
(-0.0016966 0.00354566 -0.00526809)
(-0.00173046 0.00262577 -0.0050928)
(-0.00200606 0.00166468 -0.00472704)
(-0.00249176 0.000702977 -0.00418466)
(-0.00313322 -0.000234771 -0.00349427)
(-0.00385748 -0.00113771 -0.00269449)
(-0.00457918 -0.00200171 -0.00182728)
(-0.00521009 -0.00282226 -0.000931809)
(-0.00567103 -0.00359038 -4.06634e-05)
(-0.00590318 -0.00429087 0.000821528)
(-0.00587604 -0.00490117 0.00163781)
(-0.00559166 -0.0053916 0.00239785)
(-0.00508521 -0.00572863 0.00309571)
(-0.004421 -0.00588045 0.00372566)
(-0.0036833 -0.00582306 0.00427753)
(-0.00296377 -0.0055454 0.00473347)
(-0.00234892 -0.00505341 0.00506852)
(-0.00191017 -0.00437252 0.00525487)
(-0.0016966 -0.00354566 0.00526809)
(-0.00173046 -0.00262577 0.0050928)
(-0.00200606 -0.00166468 0.00472704)
(-0.00249176 -0.000702977 0.00418466)
(-0.00313322 0.000234771 0.00349427)
(-0.00385748 0.00113771 0.00269449)
(-0.00457918 0.00200171 0.00182728)
(-0.00521009 0.00282226 0.000931809)
(-0.00567103 0.00359038 4.06634e-05)
(-0.00590318 0.00429087 -0.000821528)
(-0.00587604 0.00490117 -0.00163781)
(-0.00559166 0.0053916 -0.00239785)
(-0.00508521 0.00572863 -0.00309571)
(-0.004421 0.00588045 -0.00372566)
(-0.0036833 0.00582306 -0.00427753)
(-0.00296377 0.0055454 -0.00473347)
(-0.00234892 0.00505341 -0.00506852)
(-0.00191017 0.00437252 -0.00525487)
(-0.00137532 0.00339095 -0.00563369)
(-0.00139533 0.00293917 -0.00530543)
(-0.0015104 0.00239965 -0.0047651)
(-0.00172012 0.0017945 -0.00405788)
(-0.00202025 0.00114653 -0.00323601)
(-0.00239363 0.000474584 -0.00234437)
(-0.00280295 -0.000207204 -0.00141689)
(-0.00319085 -0.000886629 -0.000479916)
(-0.00349116 -0.00155004 0.000443721)
(-0.00364717 -0.00217996 0.00133378)
(-0.00362795 -0.00275451 0.002174)
(-0.00343642 -0.00324942 0.00295348)
(-0.00310831 -0.00364222 0.00366562)
(-0.00270266 -0.00391647 0.00430422)
(-0.00228626 -0.00406343 0.00485758)
(-0.00191726 -0.00408085 0.00530357)
(-0.00163411 -0.00397083 0.00560819)
(-0.00145326 -0.00373842 0.0057302)
(-0.00137532 -0.00339095 0.00563369)
(-0.00139533 -0.00293917 0.00530543)
(-0.0015104 -0.00239965 0.0047651)
(-0.00172012 -0.0017945 0.00405788)
(-0.00202025 -0.00114653 0.00323601)
(-0.00239363 -0.000474584 0.00234437)
(-0.00280295 0.000207204 0.00141689)
(-0.00319085 0.000886629 0.000479916)
(-0.00349116 0.00155004 -0.000443721)
(-0.00364717 0.00217996 -0.00133378)
(-0.00362795 0.00275451 -0.002174)
(-0.00343642 0.00324942 -0.00295348)
(-0.00310831 0.00364222 -0.00366562)
(-0.00270266 0.00391647 -0.00430422)
(-0.00228626 0.00406343 -0.00485758)
(-0.00191726 0.00408085 -0.00530357)
(-0.00163411 0.00397083 -0.00560819)
(-0.00145326 0.00373842 -0.0057302)
(-0.0056783 0.00409903 -0.0044707)
(-0.00555834 0.00253757 -0.00478327)
(-0.00578938 0.000938875 -0.00491071)
(-0.00635217 -0.000631588 -0.00483079)
(-0.00717859 -0.00213019 -0.00454362)
(-0.00815866 -0.00353446 -0.00407443)
(-0.009159 -0.0048319 -0.00346953)
(-0.0100477 -0.00600693 -0.00278389)
(-0.0107169 -0.00703518 -0.00206506)
(-0.0110952 -0.0078865 -0.00134239)
(-0.0111499 -0.00853132 -0.000626743)
(-0.0108847 -0.00894374 8.14091e-05)
(-0.0103351 -0.00909971 0.000783029)
(-0.00956365 -0.00897527 0.00147668)
(-0.00865457 -0.0085513 0.00215853)
(-0.00770745 -0.0078231 0.0028209)
(-0.00682899 -0.00680811 0.00344778)
(-0.0061229 -0.00554686 0.0040109)
(-0.0056783 -0.00409903 0.0044707)
(-0.00555834 -0.00253757 0.00478327)
(-0.00578938 -0.000938875 0.00491071)
(-0.00635217 0.000631588 0.00483079)
(-0.00717859 0.00213019 0.00454362)
(-0.00815866 0.00353446 0.00407443)
(-0.009159 0.0048319 0.00346953)
(-0.0100477 0.00600693 0.00278389)
(-0.0107169 0.00703518 0.00206506)
(-0.0110952 0.0078865 0.00134239)
(-0.0111499 0.00853132 0.000626743)
(-0.0108847 0.00894374 -8.14091e-05)
(-0.0103351 0.00909971 -0.000783029)
(-0.00956365 0.00897527 -0.00147668)
(-0.00865457 0.0085513 -0.00215853)
(-0.00770745 0.0078231 -0.0028209)
(-0.00682899 0.00680811 -0.00344778)
(-0.0061229 0.00554686 -0.0040109)
(-0.00469428 0.00358255 -0.00418977)
(-0.00463847 0.0023071 -0.00433521)
(-0.00484649 0.000997358 -0.00432584)
(-0.00529618 -0.000293624 -0.00414784)
(-0.0059334 -0.00153067 -0.00380332)
(-0.00667803 -0.00269454 -0.00331349)
(-0.0074346 -0.0037737 -0.00271478)
(-0.00810673 -0.00475571 -0.00204944)
(-0.00861188 -0.00562298 -0.0013551)
(-0.00889193 -0.0063536 -0.000658249)
(-0.00891838 -0.00692403 2.63277e-05)
(-0.00869311 -0.0073104 0.000691629)
(-0.00824605 -0.00748871 0.00133355)
(-0.00763049 -0.00743591 0.00194741)
(-0.00691685 -0.00713403 0.00252593)
(-0.00618588 -0.00657652 0.00305781)
(-0.00552145 -0.00577439 0.00352679)
(-0.00500255 -0.00475943 0.00391204)
(-0.00469428 -0.00358255 0.00418977)
(-0.00463847 -0.0023071 0.00433521)
(-0.00484649 -0.000997358 0.00432584)
(-0.00529618 0.000293624 0.00414784)
(-0.0059334 0.00153067 0.00380332)
(-0.00667803 0.00269454 0.00331349)
(-0.0074346 0.0037737 0.00271478)
(-0.00810673 0.00475571 0.00204944)
(-0.00861188 0.00562298 0.0013551)
(-0.00889193 0.0063536 0.000658249)
(-0.00891838 0.00692403 -2.63277e-05)
(-0.00869311 0.0073104 -0.000691629)
(-0.00824605 0.00748871 -0.00133355)
(-0.00763049 0.00743591 -0.00194741)
(-0.00691685 0.00713403 -0.00252593)
(-0.00618588 0.00657652 -0.00305781)
(-0.00552145 0.00577439 -0.00352679)
(-0.00500255 0.00475943 -0.00391204)
(-0.00382462 0.00323134 -0.00422069)
(-0.00381997 0.0022953 -0.00419837)
(-0.00398866 0.00131147 -0.00402701)
(-0.00431116 0.000319741 -0.00371036)
(-0.00475087 -0.000650138 -0.00326301)
(-0.00525761 -0.00157842 -0.0027088)
(-0.00577197 -0.00245183 -0.00207689)
(-0.00623124 -0.00325887 -0.00139722)
(-0.00657713 -0.0039866 -0.000696874)
(-0.00676436 -0.00461918 2.0683e-06)
(-0.00676835 -0.00513789 0.000683208)
(-0.00658917 -0.00552134 0.00133542)
(-0.00625118 -0.00574746 0.00195113)
(-0.00579825 -0.00579632 0.0025232)
(-0.00528683 -0.00565333 0.00304135)
(-0.00477855 -0.00531235 0.00349026)
(-0.00433319 -0.00477911 0.00385023)
(-0.00400247 -0.00407394 0.00410005)
(-0.00382462 -0.00323134 0.00422069)
(-0.00381997 -0.0022953 0.00419837)
(-0.00398866 -0.00131147 0.00402701)
(-0.00431116 -0.000319741 0.00371036)
(-0.00475087 0.000650138 0.00326301)
(-0.00525761 0.00157842 0.0027088)
(-0.00577197 0.00245183 0.00207689)
(-0.00623124 0.00325887 0.00139722)
(-0.00657713 0.0039866 0.000696874)
(-0.00676436 0.00461918 -2.0683e-06)
(-0.00676835 0.00513789 -0.000683208)
(-0.00658917 0.00552134 -0.00133542)
(-0.00625118 0.00574746 -0.00195113)
(-0.00579825 0.00579632 -0.0025232)
(-0.00528683 0.00565333 -0.00304135)
(-0.00477855 0.00531235 -0.00349026)
(-0.00433319 0.00477911 -0.00385023)
(-0.00400247 0.00407394 -0.00410005)
(-0.00310855 0.00303544 -0.00453691)
(-0.0031347 0.00248684 -0.00435277)
(-0.00324102 0.00186183 -0.00400424)
(-0.003418 0.00118564 -0.00351898)
(-0.00365141 0.00048466 -0.00293169)
(-0.0039213 -0.00021781 -0.00227421)
(-0.0042009 -0.000903628 -0.00157165)
(-0.00445679 -0.00155906 -0.000843588)
(-0.00465204 -0.00217219 -0.00010714)
(-0.00475357 -0.0027302 0.000621182)
(-0.00474136 -0.00321759 0.00132597)
(-0.00461483 -0.00361654 0.00199451)
(-0.00439342 -0.00390957 0.00261699)
(-0.00411175 -0.00408284 0.00318399)
(-0.0038118 -0.00412792 0.00368252)
(-0.00353456 -0.00404173 0.00409318)
(-0.00331297 -0.00382597 0.00439044)
(-0.00316799 -0.00348695 0.00454622)
(-0.00310855 -0.00303544 0.00453691)
(-0.0031347 -0.00248684 0.00435277)
(-0.00324102 -0.00186183 0.00400424)
(-0.003418 -0.00118564 0.00351898)
(-0.00365141 -0.00048466 0.00293169)
(-0.0039213 0.00021781 0.00227421)
(-0.0042009 0.000903628 0.00157165)
(-0.00445679 0.00155906 0.000843588)
(-0.00465204 0.00217219 0.00010714)
(-0.00475357 0.0027302 -0.000621182)
(-0.00474136 0.00321759 -0.00132597)
(-0.00461483 0.00361654 -0.00199451)
(-0.00439342 0.00390957 -0.00261699)
(-0.00411175 0.00408284 -0.00318399)
(-0.0038118 0.00412792 -0.00368252)
(-0.00353456 0.00404173 -0.00409318)
(-0.00331297 0.00382597 -0.00439044)
(-0.00316799 0.00348695 -0.00454622)
(-0.00864013 0.00363037 -0.00343631)
(-0.00847813 0.00236049 -0.00387547)
(-0.00850725 0.00103601 -0.00417042)
(-0.00873359 -0.00029693 -0.00429414)
(-0.00913856 -0.00160168 -0.0042373)
(-0.00967667 -0.00285169 -0.00401079)
(-0.0102789 -0.00402508 -0.00364361)
(-0.0108629 -0.00509729 -0.00317589)
(-0.0113472 -0.0060359 -0.00264795)
(-0.011667 -0.00680204 -0.00208905)
(-0.0117854 -0.00735986 -0.00151182)
(-0.011697 -0.00768721 -0.000916498)
(-0.0114241 -0.00777709 -0.00030079)
(-0.0110071 -0.00763 0.000333838)
(-0.0104967 -0.00724804 0.000982069)
(-0.00994858 -0.00663676 0.00163532)
(-0.00942034 -0.00581057 0.00227942)
(-0.00896756 -0.00479585 0.00289097)
(-0.00864013 -0.00363037 0.00343631)
(-0.00847813 -0.00236049 0.00387547)
(-0.00850725 -0.00103601 0.00417042)
(-0.00873359 0.00029693 0.00429414)
(-0.00913856 0.00160168 0.0042373)
(-0.00967667 0.00285169 0.00401079)
(-0.0102789 0.00402508 0.00364361)
(-0.0108629 0.00509729 0.00317589)
(-0.0113472 0.0060359 0.00264795)
(-0.011667 0.00680204 0.00208905)
(-0.0117854 0.00735986 0.00151182)
(-0.011697 0.00768721 0.000916498)
(-0.0114241 0.00777709 0.00030079)
(-0.0110071 0.00763 -0.000333838)
(-0.0104967 0.00724804 -0.000982069)
(-0.00994858 0.00663676 -0.00163532)
(-0.00942034 0.00581057 -0.00227942)
(-0.00896756 0.00479585 -0.00289097)
(-0.0072018 0.00313091 -0.00317401)
(-0.00711037 0.00204782 -0.00343321)
(-0.00717271 0.000918064 -0.00357474)
(-0.00738507 -0.000218122 -0.00358278)
(-0.00772532 -0.00132868 -0.00345216)
(-0.00815422 -0.00238944 -0.00319152)
(-0.00861882 -0.00338035 -0.00282221)
(-0.0090588 -0.00428084 -0.00237321)
(-0.00941558 -0.00506682 -0.00187387)
(-0.00964232 -0.00571141 -0.00134714)
(-0.00971199 -0.00618958 -0.000806504)
(-0.00962089 -0.00648327 -0.000258082)
(-0.00938629 -0.00658216 0.000294233)
(-0.00904065 -0.006481 0.000844924)
(-0.00862566 -0.00617755 0.00138562)
(-0.0081878 -0.00567424 0.00190498)
(-0.00777497 -0.00498199 0.0023885)
(-0.00743302 -0.00412297 0.00281837)
(-0.0072018 -0.00313091 0.00317401)
(-0.00711037 -0.00204782 0.00343321)
(-0.00717271 -0.000918064 0.00357474)
(-0.00738507 0.000218122 0.00358278)
(-0.00772532 0.00132868 0.00345216)
(-0.00815422 0.00238944 0.00319152)
(-0.00861882 0.00338035 0.00282221)
(-0.0090588 0.00428084 0.00237321)
(-0.00941558 0.00506682 0.00187387)
(-0.00964232 0.00571141 0.00134714)
(-0.00971199 0.00618958 0.000806504)
(-0.00962089 0.00648327 0.000258082)
(-0.00938629 0.00658216 -0.000294233)
(-0.00904065 0.006481 -0.000844924)
(-0.00862566 0.00617755 -0.00138562)
(-0.0081878 0.00567424 -0.00190498)
(-0.00777497 0.00498199 -0.0023885)
(-0.00743302 0.00412297 -0.00281837)
(-0.00591339 0.00277939 -0.00318939)
(-0.00588433 0.00193562 -0.00327805)
(-0.00596569 0.00104154 -0.00325552)
(-0.00614814 0.000129708 -0.00312058)
(-0.00641054 -0.000771389 -0.00287892)
(-0.00672237 -0.00163816 -0.002543)
(-0.00704681 -0.00245083 -0.00213035)
(-0.00734437 -0.00319178 -0.00166086)
(-0.00757754 -0.00384389 -0.00115396)
(-0.00771613 -0.00439008 -0.000626492)
(-0.00774232 -0.00481398 -9.18226e-05)
(-0.00765374 -0.00510088 0.000439721)
(-0.00746317 -0.0052386 0.000959521)
(-0.00719551 -0.00521802 0.00145875)
(-0.00688363 -0.00503398 0.00192665)
(-0.00656442 -0.00468653 0.00234961)
(-0.00627499 -0.00418286 0.00271178)
(-0.00604908 -0.00353891 0.00299671)
(-0.00591339 -0.00277939 0.00318939)
(-0.00588433 -0.00193562 0.00327805)
(-0.00596569 -0.00104154 0.00325552)
(-0.00614814 -0.000129708 0.00312058)
(-0.00641054 0.000771389 0.00287892)
(-0.00672237 0.00163816 0.002543)
(-0.00704681 0.00245083 0.00213035)
(-0.00734437 0.00319178 0.00166086)
(-0.00757754 0.00384389 0.00115396)
(-0.00771613 0.00439008 0.000626492)
(-0.00774232 0.00481398 9.18226e-05)
(-0.00765374 0.00510088 -0.000439721)
(-0.00746317 0.0052386 -0.000959521)
(-0.00719551 0.00521802 -0.00145875)
(-0.00688363 0.00503398 -0.00192665)
(-0.00656442 0.00468653 -0.00234961)
(-0.00627499 0.00418286 -0.00271178)
(-0.00604908 0.00353891 -0.00299671)
(-0.00483241 0.00256532 -0.00346024)
(-0.00485148 0.00201193 -0.00339245)
(-0.00493032 0.00139396 -0.00320288)
(-0.0050596 0.000734055 -0.00290675)
(-0.00522504 5.71537e-05 -0.00252509)
(-0.00540858 -0.000612451 -0.00207881)
(-0.00559005 -0.00125384 -0.00158519)
(-0.00574888 -0.0018505 -0.00105772)
(-0.00586573 -0.00238989 -0.000507938)
(-0.00592455 -0.00286148 5.25604e-05)
(-0.00591558 -0.00325485 0.000611234)
(-0.00583794 -0.00355829 0.00115539)
(-0.00570074 -0.00375972 0.00167315)
(-0.00552197 -0.00384902 0.0021531)
(-0.0053256 -0.0038202 0.00258255)
(-0.00513769 -0.00367212 0.00294604)
(-0.00498208 -0.00340812 0.00322546)
(-0.00487686 -0.00303556 0.00340207)
(-0.00483241 -0.00256532 0.00346024)
(-0.00485148 -0.00201193 0.00339245)
(-0.00493032 -0.00139396 0.00320288)
(-0.0050596 -0.000734055 0.00290675)
(-0.00522504 -5.71537e-05 0.00252509)
(-0.00540858 0.000612451 0.00207881)
(-0.00559005 0.00125384 0.00158519)
(-0.00574888 0.0018505 0.00105772)
(-0.00586573 0.00238989 0.000507938)
(-0.00592455 0.00286148 -5.25604e-05)
(-0.00591558 0.00325485 -0.000611234)
(-0.00583794 0.00355829 -0.00115539)
(-0.00570074 0.00375972 -0.00167315)
(-0.00552197 0.00384902 -0.0021531)
(-0.0053256 0.0038202 -0.00258255)
(-0.00513769 0.00367212 -0.00294604)
(-0.00498208 0.00340812 -0.00322546)
(-0.00487686 0.00303556 -0.00340207)
(-0.0112497 0.00284499 -0.0023433)
(-0.0111177 0.00196208 -0.00279769)
(-0.0110618 0.00102684 -0.00315528)
(-0.0110925 6.58134e-05 -0.00339126)
(-0.0112114 -0.000896562 -0.00349092)
(-0.0114091 -0.0018386 -0.00345278)
(-0.0116636 -0.00274007 -0.00328928)
(-0.0119417 -0.00357911 -0.00302448)
(-0.0122036 -0.00432743 -0.0026878)
(-0.0124109 -0.00494854 -0.00230435)
(-0.0125348 -0.00540464 -0.00188701)
(-0.0125626 -0.00567075 -0.00143671)
(-0.0124976 -0.00574298 -0.000950389)
(-0.0123542 -0.00563261 -0.000428945)
(-0.0121529 -0.00535459 0.000121122)
(-0.0119171 -0.00492204 0.000689453)
(-0.0116717 -0.00434795 0.00126248)
(-0.0114413 -0.00364861 0.00182187)
(-0.0112497 -0.00284499 0.0023433)
(-0.0111177 -0.00196208 0.00279769)
(-0.0110618 -0.00102684 0.00315528)
(-0.0110925 -6.58134e-05 0.00339126)
(-0.0112114 0.000896562 0.00349092)
(-0.0114091 0.0018386 0.00345278)
(-0.0116636 0.00274007 0.00328928)
(-0.0119417 0.00357911 0.00302448)
(-0.0122036 0.00432743 0.0026878)
(-0.0124109 0.00494854 0.00230435)
(-0.0125348 0.00540464 0.00188701)
(-0.0125626 0.00567075 0.00143671)
(-0.0124976 0.00574298 0.000950389)
(-0.0123542 0.00563261 0.000428945)
(-0.0121529 0.00535459 -0.000121122)
(-0.0119171 0.00492204 -0.000689453)
(-0.0116717 0.00434795 -0.00126248)
(-0.0114413 0.00364861 -0.00182187)
(-0.00940596 0.00241982 -0.00214239)
(-0.0093251 0.00163269 -0.00243344)
(-0.00931297 0.000801531 -0.0026444)
(-0.00937258 -4.86042e-05 -0.00276148)
(-0.00949872 -0.00089477 -0.00277671)
(-0.00967797 -0.00171628 -0.00269034)
(-0.00988939 -0.00249384 -0.00251164)
(-0.0101063 -0.00320731 -0.00225719)
(-0.0102998 -0.00383345 -0.00194663)
(-0.0104435 -0.00434585 -0.00159682)
(-0.0105184 -0.00471946 -0.00121779)
(-0.0105171 -0.00493778 -0.000813675)
(-0.0104429 -0.00499641 -0.00038723)
(-0.0103078 -0.00489977 5.61125e-05)
(-0.0101293 -0.00465561 0.000507389)
(-0.00992793 -0.00427262 0.000955271)
(-0.00972581 -0.00376157 0.00138688)
(-0.00954503 -0.00313736 0.00178788)
(-0.00940596 -0.00241982 0.00214239)
(-0.0093251 -0.00163269 0.00243344)
(-0.00931297 -0.000801531 0.0026444)
(-0.00937258 4.86042e-05 0.00276148)
(-0.00949872 0.00089477 0.00277671)
(-0.00967797 0.00171628 0.00269034)
(-0.00988939 0.00249384 0.00251164)
(-0.0101063 0.00320731 0.00225719)
(-0.0102998 0.00383345 0.00194663)
(-0.0104435 0.00434585 0.00159682)
(-0.0105184 0.00471946 0.00121779)
(-0.0105171 0.00493778 0.000813675)
(-0.0104429 0.00499641 0.00038723)
(-0.0103078 0.00489977 -5.61124e-05)
(-0.0101293 0.00465561 -0.000507389)
(-0.00992793 0.00427262 -0.000955271)
(-0.00972581 0.00376157 -0.00138688)
(-0.00954503 0.00313736 -0.00178788)
(-0.00776985 0.00211922 -0.00216541)
(-0.00773697 0.00147321 -0.00230767)
(-0.00775877 0.0007841 -0.00237371)
(-0.00783296 7.36294e-05 -0.00236032)
(-0.00795089 -0.000636921 -0.00226844)
(-0.0080986 -0.00132745 -0.00210333)
(-0.00825835 -0.00197905 -0.00187417)
(-0.0084106 -0.0025735 -0.00159279)
(-0.00853634 -0.00309267 -0.00127149)
(-0.0086197 -0.0035188 -0.000920807)
(-0.00865043 -0.00383654 -0.000548766)
(-0.00862527 -0.00403536 -0.000162071)
(-0.00854809 -0.00411038 0.000232016)
(-0.0084289 -0.00406101 0.000624577)
(-0.00828221 -0.00388931 0.00100505)
(-0.00812532 -0.0035997 0.00136163)
(-0.00797647 -0.00319977 0.00168194)
(-0.00785308 -0.00270107 0.00195366)
(-0.00776985 -0.00211922 0.00216541)
(-0.00773697 -0.00147321 0.00230767)
(-0.00775877 -0.0007841 0.00237371)
(-0.00783296 -7.36294e-05 0.00236032)
(-0.00795089 0.000636921 0.00226844)
(-0.0080986 0.00132745 0.00210333)
(-0.00825835 0.00197905 0.00187417)
(-0.0084106 0.0025735 0.00159279)
(-0.00853634 0.00309267 0.00127149)
(-0.0086197 0.0035188 0.000920807)
(-0.00865043 0.00383654 0.000548766)
(-0.00862527 0.00403536 0.000162071)
(-0.00854809 0.00411038 -0.000232016)
(-0.0084289 0.00406101 -0.000624577)
(-0.00828221 0.00388931 -0.00100505)
(-0.00812532 0.0035997 -0.00136163)
(-0.00797647 0.00319977 -0.00168194)
(-0.00785308 0.00270107 -0.00195366)
(-0.00641484 0.00192911 -0.00238997)
(-0.00642357 0.00147091 -0.00239949)
(-0.00646565 0.000964146 -0.00232644)
(-0.00653601 0.000425255 -0.00217739)
(-0.00662638 -0.000126951 -0.00196317)
(-0.00672608 -0.000672805 -0.00169596)
(-0.00682322 -0.00119352 -0.00138688)
(-0.00690631 -0.00167273 -0.00104496)
(-0.00696563 -0.00209715 -0.000677471)
(-0.00699425 -0.00245665 -0.000291255)
(-0.00698857 -0.00274336 0.000105778)
(-0.00694867 -0.00295062 0.000504004)
(-0.00687865 -0.00307237 0.000892684)
(-0.00678664 -0.00310384 0.00126078)
(-0.00668409 -0.00304264 0.00159713)
(-0.00658417 -0.00288947 0.00189009)
(-0.00649968 -0.00264817 0.0021275)
(-0.00644102 -0.00232516 0.00229742)
(-0.00641484 -0.00192911 0.00238997)
(-0.00642357 -0.00147091 0.00239949)
(-0.00646565 -0.000964146 0.00232644)
(-0.00653601 -0.000425255 0.00217739)
(-0.00662638 0.000126951 0.00196317)
(-0.00672608 0.000672805 0.00169596)
(-0.00682322 0.00119352 0.00138688)
(-0.00690631 0.00167273 0.00104496)
(-0.00696563 0.00209715 0.000677471)
(-0.00699425 0.00245665 0.000291255)
(-0.00698857 0.00274336 -0.000105778)
(-0.00694867 0.00295062 -0.000504004)
(-0.00687865 0.00307237 -0.000892684)
(-0.00678664 0.00310384 -0.00126078)
(-0.00668409 0.00304264 -0.00159713)
(-0.00658417 0.00288947 -0.00189009)
(-0.00649968 0.00264817 -0.0021275)
(-0.00644102 0.00232516 -0.00229742)
(-0.0130849 0.0016238 -0.00121534)
(-0.0130347 0.00118147 -0.00154137)
(-0.0129934 0.00070938 -0.00181593)
(-0.0129664 0.000219252 -0.00202337)
(-0.0129576 -0.000278255 -0.00215186)
(-0.0129686 -0.000775093 -0.00219664)
(-0.0129988 -0.00126484 -0.00216219)
(-0.0130446 -0.00173824 -0.00206112)
(-0.0130999 -0.0021782 -0.00190929)
(-0.0131567 -0.00255915 -0.00171959)
(-0.0132073 -0.00285231 -0.00149831)
(-0.0132453 -0.00303479 -0.00124556)
(-0.0132669 -0.00309757 -0.000958796)
(-0.0132708 -0.00304708 -0.000637071)
(-0.0132576 -0.00289936 -0.000284319)
(-0.013229 -0.00267168 9.03455e-05)
(-0.0131878 -0.00237732 0.000474534)
(-0.013138 -0.00202543 0.00085444)
(-0.0130849 -0.0016238 0.00121534)
(-0.0130347 -0.00118147 0.00154137)
(-0.0129934 -0.00070938 0.00181593)
(-0.0129664 -0.000219252 0.00202337)
(-0.0129576 0.000278255 0.00215186)
(-0.0129686 0.000775093 0.00219664)
(-0.0129988 0.00126484 0.00216219)
(-0.0130446 0.00173824 0.00206112)
(-0.0130999 0.0021782 0.00190929)
(-0.0131567 0.00255915 0.00171959)
(-0.0132073 0.00285231 0.00149831)
(-0.0132453 0.00303479 0.00124556)
(-0.0132669 0.00309757 0.000958796)
(-0.0132708 0.00304708 0.000637071)
(-0.0132576 0.00289936 0.000284319)
(-0.013229 0.00267168 -9.03455e-05)
(-0.0131878 0.00237732 -0.000474534)
(-0.013138 0.00202543 -0.00085444)
(-0.0109392 0.00136599 -0.00110397)
(-0.010905 0.000955625 -0.00131979)
(-0.0108832 0.000519487 -0.00149214)
(-0.0108763 6.88027e-05 -0.00161259)
(-0.0108852 -0.000385748 -0.00167534)
(-0.0109088 -0.000834398 -0.00167886)
(-0.0109442 -0.00126752 -0.00162673)
(-0.0109872 -0.00167349 -0.00152664)
(-0.0110325 -0.00203702 -0.00138771)
(-0.0110747 -0.0023399 -0.00121732)
(-0.0111085 -0.00256445 -0.00101958)
(-0.0111299 -0.00269804 -0.000796201)
(-0.0111365 -0.00273632 -0.00054857)
(-0.0111275 -0.00268309 -0.000279809)
(-0.0111041 -0.00254724 4.0226e-06)
(-0.0110691 -0.00233883 0.000294309)
(-0.0110266 -0.00206688 0.000581147)
(-0.0109815 -0.0017397 0.000854398)
(-0.0109392 -0.00136599 0.00110397)
(-0.010905 -0.000955625 0.00131979)
(-0.0108832 -0.000519487 0.00149214)
(-0.0108763 -6.88027e-05 0.00161259)
(-0.0108852 0.000385748 0.00167534)
(-0.0109088 0.000834398 0.00167886)
(-0.0109442 0.00126752 0.00162673)
(-0.0109872 0.00167349 0.00152664)
(-0.0110325 0.00203702 0.00138771)
(-0.0110747 0.0023399 0.00121732)
(-0.0111085 0.00256445 0.00101958)
(-0.0111299 0.00269804 0.000796201)
(-0.0111365 0.00273632 0.00054857)
(-0.0111275 0.00268309 0.000279809)
(-0.0111041 0.00254724 -4.0226e-06)
(-0.0110691 0.00233883 -0.000294309)
(-0.0110266 0.00206688 -0.000581147)
(-0.0109815 0.0017397 -0.000854398)
(-0.00908246 0.00117155 -0.00112124)
(-0.0090659 0.000819563 -0.00124117)
(-0.00906116 0.000443136 -0.00131973)
(-0.00906879 5.27027e-05 -0.00135394)
(-0.00908775 -0.000341339 -0.0013432)
(-0.00911558 -0.00072898 -0.00128974)
(-0.0091487 -0.00109994 -0.00119829)
(-0.00918293 -0.00144274 -0.00107495)
(-0.00921414 -0.00174419 -0.000925239)
(-0.00923888 -0.00199064 -0.000752873)
(-0.00925463 -0.00217044 -0.000560209)
(-0.00925973 -0.00227643 -0.00034976)
(-0.00925335 -0.00230713 -0.000125354)
(-0.00923586 -0.00226574 0.000107333)
(-0.00920911 -0.00215771 0.000340964)
(-0.00917628 -0.00198867 0.000567203)
(-0.00914137 -0.00176394 0.000777714)
(-0.00910873 -0.00148923 0.000964727)
(-0.00908246 -0.00117155 0.00112124)
(-0.0090659 -0.000819563 0.00124117)
(-0.00906116 -0.000443136 0.00131973)
(-0.00906879 -5.27027e-05 0.00135394)
(-0.00908775 0.000341339 0.0013432)
(-0.00911558 0.00072898 0.00128974)
(-0.0091487 0.00109994 0.00119829)
(-0.00918293 0.00144274 0.00107495)
(-0.00921414 0.00174419 0.000925239)
(-0.00923888 0.00199064 0.000752873)
(-0.00925463 0.00217044 0.000560209)
(-0.00925973 0.00227643 0.00034976)
(-0.00925335 0.00230713 0.000125354)
(-0.00923586 0.00226574 -0.000107333)
(-0.00920911 0.00215771 -0.000340964)
(-0.00917628 0.00198867 -0.000567203)
(-0.00914137 0.00176394 -0.000777714)
(-0.00910873 0.00148923 -0.000964727)
(-0.00761155 0.00105329 -0.0012658)
(-0.00761478 0.000789027 -0.00129911)
(-0.00762593 0.000498528 -0.00128952)
(-0.00764365 0.000190461 -0.00123885)
(-0.00766588 -0.000125417 -0.00115098)
(-0.00769 -0.000438589 -0.00103106)
(-0.00771308 -0.000738244 -0.000884416)
(-0.00773224 -0.00101385 -0.000715608)
(-0.00774517 -0.00125595 -0.000528134)
(-0.00775044 -0.00145697 -0.000325075)
(-0.00774757 -0.00161155 -0.000110192)
(-0.00773691 -0.0017164 0.000111306)
(-0.00771954 -0.00176982 0.000332908)
(-0.00769733 -0.00177137 0.000547395)
(-0.00767292 -0.00172164 0.000747358)
(-0.00764941 -0.0016221 0.000925556)
(-0.00762986 -0.00147509 0.00107518)
(-0.00761673 -0.00128395 0.00119018)
(-0.00761155 -0.00105329 0.0012658)
(-0.00761478 -0.000789027 0.00129911)
(-0.00762593 -0.000498528 0.00128952)
(-0.00764365 -0.000190461 0.00123885)
(-0.00766588 0.000125417 0.00115098)
(-0.00769 0.000438589 0.00103106)
(-0.00771308 0.000738244 0.000884416)
(-0.00773224 0.00101385 0.000715608)
(-0.00774517 0.00125595 0.000528134)
(-0.00775044 0.00145697 0.000325075)
(-0.00774757 0.00161155 0.000110192)
(-0.00773691 0.0017164 -0.000111306)
(-0.00771954 0.00176982 -0.000332908)
(-0.00769733 0.00177137 -0.000547395)
(-0.00767292 0.00172164 -0.000747358)
(-0.00764941 0.0016221 -0.000925556)
(-0.00762986 0.00147509 -0.00107518)
(-0.00761673 0.00128395 -0.00119018)
(-0.0133106 1.2318e-12 4.05641e-12)
(-0.011145 1.24473e-12 3.84974e-12)
(-0.00933198 1.25967e-12 3.64721e-12)
(-0.00795564 1.27605e-12 3.45196e-12)
)
;

boundaryField
{
    fixed
    {
        type            fixedValue;
        value           uniform (0 0 0);
    }
    inside
    {
        type            calculated;
    }
    outside
    {
        type            calculated;
    }
}


// ************************************************************************* //
