/*--------------------------------*- C++ -*----------------------------------*\
| =========                 |                                                 |
| \\      /  F ield         | OpenFOAM: The Open Source CFD Toolbox           |
|  \\    /   O peration     | Version:  2312                                  |
|   \\  /    A nd           | Website:  www.openfoam.com                      |
|    \\/     M anipulation  |                                                 |
\*---------------------------------------------------------------------------*/
FoamFile
{
    version     2.0;
    format      ascii;
    arch        "LSB;label=32;scalar=64";
    class       volVectorField;
    location    "0.5";
    object      U;
}
// * * * * * * * * * * * * * * * * * * * * * * * * * * * * * * * * * * * * * //

dimensions      [0 1 -1 0 0 0 0];

internalField   nonuniform List<vector> 
1620
(
(-0.0014223 -0.00489579 -0.00119536)
(-0.000778059 -0.00481679 -0.00199123)
(-0.000343581 -0.00430984 -0.00252081)
(-0.000162354 -0.00354041 -0.00277089)
(-0.000191139 -0.00267 -0.00284512)
(-0.000372659 -0.00180176 -0.00286005)
(-0.000650614 -0.000992586 -0.00288804)
(-0.000973159 -0.000260319 -0.00295183)
(-0.0013052 0.000407084 -0.00303531)
(-0.00163451 0.00102945 -0.00309769)
(-0.00196275 0.00161016 -0.0030901)
(-0.00228642 0.00212575 -0.00297181)
(-0.00258066 0.00253988 -0.0027221)
(-0.00280115 0.00284515 -0.00234468)
(-0.00290416 0.00311146 -0.00185695)
(-0.00285225 0.00347155 -0.00126344)
(-0.00259167 0.00399345 -0.000546769)
(-0.00208724 0.00455392 0.000294724)
(-0.0014223 0.00489579 0.00119536)
(-0.000778059 0.00481679 0.00199123)
(-0.000343581 0.00430984 0.00252081)
(-0.000162354 0.00354041 0.00277089)
(-0.000191139 0.00267 0.00284512)
(-0.000372659 0.00180176 0.00286005)
(-0.000650614 0.000992586 0.00288804)
(-0.000973159 0.000260319 0.00295183)
(-0.0013052 -0.000407084 0.00303531)
(-0.00163451 -0.00102945 0.00309769)
(-0.00196275 -0.00161016 0.0030901)
(-0.00228642 -0.00212575 0.00297181)
(-0.00258066 -0.00253988 0.0027221)
(-0.00280115 -0.00284515 0.00234468)
(-0.00290416 -0.00311146 0.00185695)
(-0.00285225 -0.00347155 0.00126344)
(-0.00259167 -0.00399345 0.000546769)
(-0.00208724 -0.00455392 -0.000294724)
(-0.00139648 -0.00377326 -0.00212932)
(-0.00110168 -0.00364577 -0.00268718)
(-0.000896908 -0.00324088 -0.00313486)
(-0.00083262 -0.00257162 -0.00343071)
(-0.000919196 -0.00172587 -0.00357812)
(-0.00112857 -0.000805738 -0.00360875)
(-0.00141043 0.000104762 -0.00355441)
(-0.00171213 0.000952005 -0.00343236)
(-0.00199515 0.00171097 -0.00324374)
(-0.00223954 0.00237257 -0.00297883)
(-0.00243571 0.00292791 -0.0026243)
(-0.00257134 0.00335794 -0.00217057)
(-0.00262523 0.00363568 -0.00162038)
(-0.00257806 0.00374729 -0.000998247)
(-0.00243587 0.00372636 -0.000348913)
(-0.00223331 0.00366516 0.000287744)
(-0.00199366 0.00366195 0.000905042)
(-0.00171006 0.00373093 0.00151945)
(-0.00139648 0.00377326 0.00212932)
(-0.00110168 0.00364577 0.00268718)
(-0.000896908 0.00324088 0.00313486)
(-0.00083262 0.00257162 0.00343071)
(-0.000919196 0.00172587 0.00357812)
(-0.00112857 0.000805738 0.00360875)
(-0.00141043 -0.000104762 0.00355441)
(-0.00171213 -0.000952005 0.00343236)
(-0.00199515 -0.00171097 0.00324374)
(-0.00223954 -0.00237257 0.00297883)
(-0.00243571 -0.00292791 0.0026243)
(-0.00257134 -0.00335794 0.00217057)
(-0.00262523 -0.00363568 0.00162038)
(-0.00257806 -0.00374729 0.000998247)
(-0.00243587 -0.00372636 0.000348913)
(-0.00223331 -0.00366516 -0.000287744)
(-0.00199366 -0.00366195 -0.000905042)
(-0.00171006 -0.00373093 -0.00151945)
(-0.00123334 -0.00291259 -0.0032162)
(-0.00117932 -0.00263726 -0.0036013)
(-0.0011557 -0.00220445 -0.00398132)
(-0.00120203 -0.00151789 -0.00429276)
(-0.00135864 -0.000597385 -0.00446475)
(-0.00162279 0.00045949 -0.00445572)
(-0.0019507 0.00153811 -0.00425735)
(-0.00228531 0.00254375 -0.00388271)
(-0.00257937 0.00341222 -0.00335566)
(-0.00280065 0.00410647 -0.00270538)
(-0.0029246 0.00460818 -0.00196296)
(-0.00292652 0.00490758 -0.00115878)
(-0.00278477 0.00499527 -0.000324631)
(-0.00250103 0.00486435 0.000497465)
(-0.00212723 0.00452983 0.00125179)
(-0.00176216 0.00405884 0.00188937)
(-0.00149027 0.00357516 0.00240356)
(-0.00132504 0.00319068 0.00283036)
(-0.00123334 0.00291259 0.0032162)
(-0.00117932 0.00263726 0.0036013)
(-0.0011557 0.00220445 0.00398132)
(-0.00120203 0.00151789 0.00429276)
(-0.00135864 0.000597385 0.00446475)
(-0.00162279 -0.00045949 0.00445572)
(-0.0019507 -0.00153811 0.00425735)
(-0.00228531 -0.00254375 0.00388271)
(-0.00257936 -0.00341222 0.00335566)
(-0.00280065 -0.00410647 0.00270538)
(-0.0029246 -0.00460818 0.00196296)
(-0.00292652 -0.00490758 0.00115878)
(-0.00278477 -0.00499527 0.000324631)
(-0.00250103 -0.00486435 -0.000497465)
(-0.00212723 -0.00452983 -0.00125179)
(-0.00176216 -0.00405884 -0.00188937)
(-0.00149027 -0.00357516 -0.00240356)
(-0.00132504 -0.00319068 -0.00283036)
(-0.0040728 -0.0132486 -0.00510486)
(-0.00224624 -0.0127568 -0.00691362)
(-0.00120875 -0.0113186 -0.00812067)
(-0.00103958 -0.00916084 -0.00885702)
(-0.00151911 -0.00654859 -0.00927991)
(-0.0023796 -0.00378186 -0.00950773)
(-0.00339796 -0.00111431 -0.00961804)
(-0.00442098 0.00132675 -0.00964413)
(-0.00537357 0.00353177 -0.00956631)
(-0.00624749 0.00553718 -0.00931801)
(-0.00706802 0.00735043 -0.00881005)
(-0.00784665 0.00890903 -0.00796451)
(-0.00853624 0.0100918 -0.00675146)
(-0.00901387 0.0108004 -0.00521818)
(-0.00911739 0.0111122 -0.00347344)
(-0.00871287 0.0113823 -0.0015828)
(-0.00770921 0.0119975 0.000517384)
(-0.00608093 0.0128409 0.00282601)
(-0.0040728 0.0132486 0.00510486)
(-0.00224624 0.0127568 0.00691362)
(-0.00120875 0.0113186 0.00812067)
(-0.00103958 0.00916084 0.00885702)
(-0.00151911 0.00654859 0.00927991)
(-0.0023796 0.00378186 0.00950773)
(-0.00339796 0.00111431 0.00961804)
(-0.00442098 -0.00132676 0.00964413)
(-0.00537357 -0.00353177 0.00956631)
(-0.0062475 -0.00553718 0.00931801)
(-0.00706802 -0.00735043 0.00881005)
(-0.00784665 -0.00890903 0.00796451)
(-0.00853624 -0.0100918 0.00675146)
(-0.00901387 -0.0108004 0.00521818)
(-0.00911739 -0.0111122 0.00347345)
(-0.00871287 -0.0113823 0.0015828)
(-0.00770921 -0.0119975 -0.000517384)
(-0.00608093 -0.0128409 -0.00282601)
(-0.004043 -0.010959 -0.00612645)
(-0.00299559 -0.010494 -0.00778967)
(-0.00235664 -0.00925251 -0.00911989)
(-0.00228361 -0.00728833 -0.0100211)
(-0.00272077 -0.00481684 -0.0104916)
(-0.00349708 -0.00213317 -0.0105988)
(-0.00442157 0.000501295 -0.0104302)
(-0.0053452 0.00292915 -0.0100466)
(-0.00618439 0.00509002 -0.00946662)
(-0.00690901 0.00697227 -0.0086776)
(-0.00751029 0.00856519 -0.00765567)
(-0.0079651 0.009831 -0.00638179)
(-0.00821262 0.0107031 -0.00485711)
(-0.00816446 0.0111218 -0.00312262)
(-0.00776512 0.0111197 -0.00127194)
(-0.00706448 0.0109129 0.000586467)
(-0.00618115 0.0108183 0.00242444)
(-0.00516457 0.0109366 0.00428485)
(-0.004043 0.010959 0.00612645)
(-0.00299559 0.010494 0.00778967)
(-0.00235664 0.00925251 0.00911989)
(-0.00228361 0.00728833 0.0100211)
(-0.00272077 0.00481684 0.0104916)
(-0.00349708 0.00213317 0.0105988)
(-0.00442157 -0.000501295 0.0104302)
(-0.0053452 -0.00292915 0.0100466)
(-0.00618439 -0.00509002 0.00946662)
(-0.00690901 -0.00697227 0.0086776)
(-0.00751029 -0.00856519 0.00765567)
(-0.0079651 -0.009831 0.00638179)
(-0.00821262 -0.0107031 0.00485711)
(-0.00816446 -0.0111218 0.00312262)
(-0.00776512 -0.0111197 0.00127194)
(-0.00706448 -0.0109129 -0.000586467)
(-0.00618115 -0.0108183 -0.00242444)
(-0.00516457 -0.0109366 -0.00428485)
(-0.00383447 -0.00894657 -0.00729118)
(-0.00343031 -0.0083797 -0.00882305)
(-0.00316435 -0.00722879 -0.0102292)
(-0.00320161 -0.00538009 -0.0112479)
(-0.00361563 -0.00297438 -0.0117411)
(-0.00433366 -0.00029294 -0.0117144)
(-0.00520236 0.00238509 -0.0112472)
(-0.00607672 0.00485893 -0.01042)
(-0.00686119 0.00700772 -0.0092912)
(-0.00749982 0.00876603 -0.00791181)
(-0.00794628 0.0101054 -0.00633736)
(-0.00814 0.0110203 -0.00462178)
(-0.00800471 0.0115106 -0.00280629)
(-0.00748587 0.0115697 -0.000925473)
(-0.0066323 0.0112087 0.000959826)
(-0.00566123 0.0105382 0.00274132)
(-0.00485508 0.00982237 0.00433907)
(-0.00429349 0.00931681 0.00581631)
(-0.00383447 0.00894657 0.00729118)
(-0.00343031 0.0083797 0.00882305)
(-0.00316435 0.00722879 0.0102292)
(-0.00320161 0.00538009 0.0112479)
(-0.00361563 0.00297438 0.0117411)
(-0.00433366 0.00029294 0.0117144)
(-0.00520236 -0.00238509 0.0112472)
(-0.00607672 -0.00485893 0.01042)
(-0.00686119 -0.00700772 0.0092912)
(-0.00749982 -0.00876603 0.00791181)
(-0.00794628 -0.0101054 0.00633736)
(-0.00814 -0.0110203 0.00462178)
(-0.00800471 -0.0115106 0.00280629)
(-0.00748587 -0.0115697 0.000925473)
(-0.0066323 -0.0112087 -0.000959826)
(-0.00566123 -0.0105382 -0.00274132)
(-0.00485508 -0.00982237 -0.00433907)
(-0.00429349 -0.00931681 -0.00581631)
(-0.00610968 -0.0193873 -0.00832052)
(-0.00349106 -0.0185409 -0.0111547)
(-0.00263296 -0.0165451 -0.0131452)
(-0.00316998 -0.0134666 -0.014526)
(-0.00452693 -0.00957488 -0.0154604)
(-0.00621056 -0.00534331 -0.0160244)
(-0.00789851 -0.00119843 -0.0162721)
(-0.00943079 0.00263464 -0.0162336)
(-0.0107637 0.00610735 -0.0158983)
(-0.0119254 0.00924165 -0.0152153)
(-0.0129789 0.0120311 -0.0141124)
(-0.0139836 0.0143906 -0.0125311)
(-0.014945 0.0161679 -0.01047)
(-0.0157393 0.0172307 -0.0080138)
(-0.0160274 0.01764 -0.00529405)
(-0.0152877 0.0178184 -0.00234671)
(-0.0131553 0.0183386 0.000982209)
(-0.00984479 0.0191658 0.00471561)
(-0.00610968 0.0193873 0.00832052)
(-0.00349106 0.0185409 0.0111547)
(-0.00263296 0.0165451 0.0131452)
(-0.00316998 0.0134666 0.014526)
(-0.00452693 0.00957488 0.0154604)
(-0.00621056 0.00534331 0.0160244)
(-0.00789851 0.00119843 0.0162721)
(-0.00943079 -0.00263464 0.0162336)
(-0.0107637 -0.00610735 0.0158983)
(-0.0119254 -0.00924165 0.0152153)
(-0.0129789 -0.0120311 0.0141124)
(-0.0139836 -0.0143906 0.0125311)
(-0.014945 -0.0161679 0.01047)
(-0.0157393 -0.0172307 0.0080138)
(-0.0160274 -0.01764 0.00529405)
(-0.0152877 -0.0178184 0.00234671)
(-0.0131553 -0.0183386 -0.000982209)
(-0.00984479 -0.0191658 -0.00471561)
(-0.0059849 -0.0167885 -0.00919824)
(-0.00448278 -0.0159433 -0.0119265)
(-0.00391778 -0.014043 -0.0141209)
(-0.00425634 -0.0110843 -0.0156525)
(-0.00526503 -0.0073463 -0.016511)
(-0.00663244 -0.00328474 -0.0167939)
(-0.0080809 0.0007029 -0.0166243)
(-0.00943572 0.00438779 -0.0160789)
(-0.0106261 0.00768123 -0.0151821)
(-0.0116448 0.0105582 -0.0139321)
(-0.0125014 0.012996 -0.0123245)
(-0.0131838 0.0149458 -0.0103653)
(-0.0136245 0.016332 -0.00807783)
(-0.0136816 0.0170861 -0.0055083)
(-0.0131608 0.0172331 -0.00272967)
(-0.0119227 0.0170184 0.000168129)
(-0.0100449 0.0168551 0.00313515)
(-0.00792288 0.0168985 0.00618464)
(-0.0059849 0.0167885 0.00919824)
(-0.00448278 0.0159433 0.0119265)
(-0.00391778 0.014043 0.0141209)
(-0.00425634 0.0110843 0.0156525)
(-0.00526503 0.0073463 0.016511)
(-0.00663244 0.00328474 0.0167939)
(-0.0080809 -0.0007029 0.0166243)
(-0.00943572 -0.00438779 0.0160789)
(-0.0106261 -0.00768123 0.0151821)
(-0.0116448 -0.0105582 0.0139321)
(-0.0125014 -0.012996 0.0123245)
(-0.0131838 -0.0149458 0.0103653)
(-0.0136245 -0.016332 0.00807783)
(-0.0136816 -0.0170861 0.0055083)
(-0.0131608 -0.0172331 0.00272967)
(-0.0119227 -0.0170184 -0.000168129)
(-0.0100449 -0.0168551 -0.00313515)
(-0.00792288 -0.0168985 -0.00618464)
(-0.00557185 -0.0142544 -0.0101291)
(-0.00505479 -0.013316 -0.0127942)
(-0.00482367 -0.0114884 -0.0150856)
(-0.00502309 -0.00867506 -0.016663)
(-0.00572014 -0.00509681 -0.0174136)
(-0.0067993 -0.00117143 -0.0174324)
(-0.00804132 0.00271303 -0.0168733)
(-0.0092606 0.00630315 -0.0158381)
(-0.0103588 0.00945442 -0.0143783)
(-0.0112899 0.012083 -0.0125466)
(-0.0120054 0.0141483 -0.0104198)
(-0.0124175 0.0156452 -0.00808037)
(-0.0123865 0.0165823 -0.00558529)
(-0.0117612 0.0169513 -0.00295513)
(-0.0105062 0.0167423 -0.000220433)
(-0.00886728 0.0160702 0.00250145)
(-0.00733061 0.0152778 0.00506111)
(-0.00628356 0.0147022 0.00752033)
(-0.00557185 0.0142544 0.0101291)
(-0.00505479 0.013316 0.0127942)
(-0.00482367 0.0114884 0.0150856)
(-0.00502309 0.00867506 0.016663)
(-0.00572014 0.00509681 0.0174136)
(-0.0067993 0.00117143 0.0174324)
(-0.00804132 -0.00271303 0.0168733)
(-0.0092606 -0.00630315 0.0158381)
(-0.0103588 -0.00945442 0.0143783)
(-0.0112899 -0.012083 0.0125466)
(-0.0120054 -0.0141483 0.0104198)
(-0.0124175 -0.0156452 0.00808037)
(-0.0123865 -0.0165823 0.00558529)
(-0.0117612 -0.0169513 0.00295513)
(-0.0105062 -0.0167423 0.000220433)
(-0.00886728 -0.0160702 -0.00250145)
(-0.00733061 -0.0152778 -0.00506111)
(-0.00628356 -0.0147022 -0.00752033)
(-0.00795989 -0.0224834 -0.01014)
(-0.00505672 -0.0219073 -0.0138897)
(-0.0046406 -0.0199073 -0.0168034)
(-0.00601893 -0.0164222 -0.0190232)
(-0.00822366 -0.011857 -0.0206079)
(-0.0105011 -0.00680875 -0.0215996)
(-0.0125083 -0.00176839 -0.0220411)
(-0.0141965 0.00298351 -0.0219562)
(-0.0156191 0.00734121 -0.0213539)
(-0.0168448 0.0112772 -0.0202287)
(-0.0179509 0.0147491 -0.0185648)
(-0.0190297 0.0176504 -0.0163619)
(-0.0201605 0.0198209 -0.0136724)
(-0.0212881 0.0211243 -0.0106107)
(-0.0219575 0.021604 -0.00725929)
(-0.0211554 0.0216268 -0.00351623)
(-0.0180002 0.0217378 0.00080374)
(-0.0129559 0.0221577 0.00558678)
(-0.00795989 0.0224834 0.01014)
(-0.00505672 0.0219073 0.0138897)
(-0.0046406 0.0199073 0.0168034)
(-0.00601893 0.0164222 0.0190232)
(-0.00822366 0.011857 0.0206079)
(-0.0105011 0.00680875 0.0215996)
(-0.0125083 0.00176839 0.0220411)
(-0.0141965 -0.00298351 0.0219562)
(-0.0156191 -0.00734121 0.0213539)
(-0.0168448 -0.0112772 0.0202287)
(-0.0179509 -0.0147491 0.0185648)
(-0.0190297 -0.0176504 0.0163619)
(-0.0201605 -0.0198209 0.0136724)
(-0.0212881 -0.0211243 0.0106107)
(-0.0219575 -0.021604 0.00725929)
(-0.0211554 -0.0216268 0.00351623)
(-0.0180002 -0.0217378 -0.00080374)
(-0.0129559 -0.0221577 -0.00558678)
(-0.00768766 -0.0206979 -0.0109146)
(-0.00613308 -0.0196865 -0.0145195)
(-0.00586519 -0.017395 -0.017492)
(-0.00668323 -0.0138066 -0.0196413)
(-0.00819797 -0.00931664 -0.0209531)
(-0.00997685 -0.00445348 -0.0215506)
(-0.0117068 0.000359353 -0.0215538)
(-0.0132473 0.00487223 -0.0210162)
(-0.0145761 0.00896565 -0.0199567)
(-0.0157163 0.0125796 -0.0183971)
(-0.0166914 0.0156633 -0.016374)
(-0.0174995 0.0181533 -0.0139385)
(-0.0180833 0.0199729 -0.0111513)
(-0.0182826 0.021055 -0.00806643)
(-0.0177925 0.021411 -0.00470076)
(-0.0162516 0.0212531 -0.00103739)
(-0.0135935 0.0209848 0.00289528)
(-0.0104054 0.0208812 0.00695593)
(-0.00768766 0.0206979 0.0109146)
(-0.00613308 0.0196865 0.0145195)
(-0.00586519 0.017395 0.017492)
(-0.00668323 0.0138066 0.0196413)
(-0.00819797 0.00931664 0.0209531)
(-0.00997685 0.00445348 0.0215506)
(-0.0117068 -0.000359353 0.0215538)
(-0.0132473 -0.00487223 0.0210162)
(-0.0145761 -0.00896565 0.0199567)
(-0.0157163 -0.0125796 0.0183971)
(-0.0166914 -0.0156633 0.016374)
(-0.0174995 -0.0181533 0.0139385)
(-0.0180833 -0.0199729 0.0111513)
(-0.0182826 -0.021055 0.00806643)
(-0.0177925 -0.021411 0.00470076)
(-0.0162516 -0.0212531 0.00103739)
(-0.0135935 -0.0209848 -0.00289528)
(-0.0104054 -0.0208812 -0.00695593)
(-0.00727268 -0.0185446 -0.0119657)
(-0.00684731 -0.017069 -0.0154763)
(-0.00672166 -0.014543 -0.0183225)
(-0.00703857 -0.0109663 -0.0202202)
(-0.00790749 -0.0066342 -0.0211798)
(-0.00921561 -0.00198252 -0.0213762)
(-0.0106948 0.00261018 -0.0209645)
(-0.0121214 0.00690273 -0.0200014)
(-0.0133993 0.0107451 -0.0185009)
(-0.0145018 0.0140327 -0.0165116)
(-0.0153913 0.016705 -0.0141304)
(-0.0159655 0.0187482 -0.0114658)
(-0.0160295 0.0201719 -0.00859102)
(-0.0153326 0.0209636 -0.00551683)
(-0.013757 0.021089 -0.00223204)
(-0.0116047 0.020643 0.00120802)
(-0.00953048 0.0199539 0.00470939)
(-0.00807006 0.0193132 0.00827687)
(-0.00727268 0.0185446 0.0119657)
(-0.00684731 0.017069 0.0154763)
(-0.00672166 0.014543 0.0183225)
(-0.00703857 0.0109663 0.0202202)
(-0.00790749 0.0066342 0.0211798)
(-0.00921561 0.00198252 0.0213762)
(-0.0106948 -0.00261018 0.0209645)
(-0.0121214 -0.00690273 0.0200014)
(-0.0133993 -0.0107451 0.0185009)
(-0.0145018 -0.0140327 0.0165116)
(-0.0153913 -0.016705 0.0141304)
(-0.0159655 -0.0187482 0.0114658)
(-0.0160295 -0.0201719 0.00859102)
(-0.0153326 -0.0209636 0.00551683)
(-0.013757 -0.021089 0.00223204)
(-0.0116047 -0.020643 -0.00120802)
(-0.00953048 -0.0199539 -0.00470939)
(-0.00807006 -0.0193132 -0.00827687)
(-0.011321 -0.0237214 -0.0103925)
(-0.00799897 -0.0231339 -0.0149351)
(-0.00737981 -0.021219 -0.0187491)
(-0.00890663 -0.0177991 -0.0217776)
(-0.0113718 -0.0132252 -0.0240059)
(-0.0137924 -0.00803479 -0.0254705)
(-0.0158112 -0.00268016 -0.0262005)
(-0.017482 0.00253037 -0.0261981)
(-0.0189275 0.00741483 -0.0254765)
(-0.0202192 0.0118645 -0.0240699)
(-0.02141 0.015778 -0.0220269)
(-0.0225855 0.0190198 -0.0194202)
(-0.0238617 0.0214242 -0.0163636)
(-0.025236 0.0228645 -0.0129794)
(-0.0261886 0.0234051 -0.00925069)
(-0.0254315 0.0234239 -0.0049524)
(-0.0219773 0.0234239 2.15992e-06)
(-0.0165975 0.0236121 0.00528696)
(-0.011321 0.0237214 0.0103925)
(-0.00799897 0.0231339 0.0149351)
(-0.00737981 0.021219 0.0187491)
(-0.00890663 0.0177991 0.0217776)
(-0.0113718 0.0132252 0.0240059)
(-0.0137924 0.00803479 0.0254705)
(-0.0158112 0.00268016 0.0262005)
(-0.017482 -0.00253037 0.0261981)
(-0.0189275 -0.00741483 0.0254765)
(-0.0202192 -0.0118645 0.0240699)
(-0.02141 -0.015778 0.0220269)
(-0.0225855 -0.0190198 0.0194202)
(-0.0238617 -0.0214242 0.0163636)
(-0.025236 -0.0228645 0.0129794)
(-0.0261886 -0.0234051 0.00925069)
(-0.0254315 -0.0234239 0.0049524)
(-0.0219773 -0.0234239 -2.15986e-06)
(-0.0165975 -0.0236121 -0.00528696)
(-0.0106714 -0.0227108 -0.0113984)
(-0.00880338 -0.0213966 -0.0156442)
(-0.00841258 -0.0188993 -0.0191886)
(-0.00929726 -0.0151641 -0.0218474)
(-0.0109432 -0.0105345 -0.023618)
(-0.0128225 -0.00547352 -0.0246165)
(-0.0146088 -0.000355305 -0.0249233)
(-0.0161964 0.004569 -0.0245481)
(-0.0175917 0.00913503 -0.0234966)
(-0.018822 0.0132271 -0.0218139)
(-0.0199026 0.0167527 -0.0195805)
(-0.0208276 0.0196297 -0.0168953)
(-0.0215445 0.0217835 -0.0138553)
(-0.0218885 0.0231589 -0.010515)
(-0.0214962 0.0237732 -0.00682564)
(-0.0199144 0.0238128 -0.00267329)
(-0.0170946 0.0235924 0.00192142)
(-0.0136917 0.0232863 0.0067202)
(-0.0106714 0.0227108 0.0113984)
(-0.00880338 0.0213966 0.0156442)
(-0.00841258 0.0188993 0.0191886)
(-0.00929726 0.0151641 0.0218474)
(-0.0109432 0.0105345 0.023618)
(-0.0128225 0.00547352 0.0246165)
(-0.0146088 0.000355305 0.0249233)
(-0.0161964 -0.004569 0.0245481)
(-0.0175917 -0.00913503 0.0234966)
(-0.018822 -0.0132271 0.0218139)
(-0.0199026 -0.0167527 0.0195805)
(-0.0208276 -0.0196297 0.0168953)
(-0.0215445 -0.0217835 0.0138553)
(-0.0218885 -0.0231589 0.010515)
(-0.0214962 -0.0237732 0.00682564)
(-0.0199144 -0.0238128 0.00267329)
(-0.0170946 -0.0235924 -0.00192142)
(-0.0136917 -0.0232863 -0.0067202)
(-0.00991388 -0.0213261 -0.0129296)
(-0.00935121 -0.0191474 -0.0169603)
(-0.00915445 -0.0160386 -0.0200608)
(-0.00943028 -0.0120714 -0.022126)
(-0.010291 -0.00749792 -0.0232933)
(-0.0116489 -0.00265394 -0.0237593)
(-0.0132236 0.00217113 -0.0236291)
(-0.0147584 0.00677486 -0.022896)
(-0.016143 0.0109986 -0.0215367)
(-0.0173548 0.0147087 -0.0195958)
(-0.0183632 0.0178173 -0.0171844)
(-0.0190633 0.0202946 -0.0144302)
(-0.0192326 0.0221531 -0.0114201)
(-0.0185627 0.0233989 -0.00815513)
(-0.0169012 0.0240042 -0.00456485)
(-0.0146255 0.0240029 -0.000597421)
(-0.0124689 0.0235467 0.0037452)
(-0.0108959 0.0227091 0.00836115)
(-0.00991388 0.0213261 0.0129296)
(-0.00935121 0.0191474 0.0169603)
(-0.00915445 0.0160386 0.0200608)
(-0.00943028 0.0120714 0.022126)
(-0.010291 0.00749792 0.0232933)
(-0.0116489 0.00265394 0.0237593)
(-0.0132236 -0.00217113 0.0236291)
(-0.0147584 -0.00677486 0.022896)
(-0.016143 -0.0109986 0.0215367)
(-0.0173548 -0.0147087 0.0195958)
(-0.0183632 -0.0178173 0.0171844)
(-0.0190633 -0.0202946 0.0144302)
(-0.0192326 -0.0221531 0.0114201)
(-0.0185627 -0.0233989 0.00815513)
(-0.0169012 -0.0240042 0.00456485)
(-0.0146255 -0.0240029 0.000597421)
(-0.0124689 -0.0235467 -0.0037452)
(-0.0108959 -0.0227091 -0.00836115)
(-0.0154696 -0.0236669 -0.00959895)
(-0.0119528 -0.0228734 -0.0146794)
(-0.0108299 -0.0209913 -0.0191525)
(-0.011822 -0.0178386 -0.0228196)
(-0.0138947 -0.0136309 -0.0255878)
(-0.0160643 -0.00874778 -0.0274865)
(-0.0179321 -0.00352993 -0.0285506)
(-0.0195539 0.00173745 -0.028765)
(-0.0210553 0.00681485 -0.0281211)
(-0.0224811 0.0115064 -0.0266617)
(-0.0238423 0.015639 -0.0244804)
(-0.025192 0.0190408 -0.0217165)
(-0.0266342 0.0215456 -0.0185366)
(-0.0281561 0.0230554 -0.0150461)
(-0.0292078 0.0236734 -0.0111401)
(-0.0285701 0.0237797 -0.00658185)
(-0.0254509 0.023793 -0.00137911)
(-0.0205247 0.02383 0.00414398)
(-0.0154696 0.0236669 0.00959895)
(-0.0119528 0.0228734 0.0146794)
(-0.0108299 0.0209913 0.0191525)
(-0.011822 0.0178386 0.0228196)
(-0.0138947 0.0136309 0.0255878)
(-0.0160643 0.00874778 0.0274865)
(-0.0179321 0.00352993 0.0285506)
(-0.0195539 -0.00173745 0.028765)
(-0.0210553 -0.00681485 0.0281211)
(-0.0224811 -0.0115064 0.0266617)
(-0.0238423 -0.015639 0.0244804)
(-0.025192 -0.0190408 0.0217165)
(-0.0266342 -0.0215456 0.0185366)
(-0.0281561 -0.0230554 0.0150461)
(-0.0292078 -0.0236734 0.0111401)
(-0.0285701 -0.0237797 0.00658185)
(-0.0254509 -0.023793 0.00137911)
(-0.0205247 -0.02383 -0.00414398)
(-0.014385 -0.0231986 -0.010871)
(-0.0123406 -0.0215587 -0.0155579)
(-0.0116079 -0.0189432 -0.0195236)
(-0.0121102 -0.0153291 -0.0225891)
(-0.0134386 -0.010949 -0.0247538)
(-0.0151061 -0.00611827 -0.0261181)
(-0.0167851 -0.00110829 -0.0267406)
(-0.0183597 0.0038564 -0.0266049)
(-0.0198185 0.00857726 -0.0256979)
(-0.0211625 0.0128823 -0.0240682)
(-0.0223814 0.0166317 -0.0218211)
(-0.0234522 0.0197184 -0.0190897)
(-0.024315 0.0220675 -0.0159953)
(-0.0247977 0.0236421 -0.0125816)
(-0.0245335 0.0244789 -0.00875338)
(-0.0231193 0.0247303 -0.00436451)
(-0.0205498 0.0245868 0.000558203)
(-0.0173659 0.0241178 0.00575668)
(-0.014385 0.0231986 0.010871)
(-0.0123406 0.0215587 0.0155579)
(-0.0116079 0.0189432 0.0195236)
(-0.0121102 0.0153291 0.0225891)
(-0.0134386 0.010949 0.0247538)
(-0.0151061 0.00611827 0.0261181)
(-0.0167851 0.00110829 0.0267406)
(-0.0183597 -0.0038564 0.0266049)
(-0.0198185 -0.00857726 0.0256979)
(-0.0211625 -0.0128823 0.0240682)
(-0.0223814 -0.0166317 0.0218211)
(-0.0234522 -0.0197184 0.0190897)
(-0.024315 -0.0220675 0.0159953)
(-0.0247977 -0.0236421 0.0125816)
(-0.0245335 -0.0244789 0.00875338)
(-0.0231193 -0.0247303 0.00436451)
(-0.0205498 -0.0245868 -0.000558203)
(-0.0173659 -0.0241178 -0.00575668)
(-0.0133019 -0.0223999 -0.012849)
(-0.012599 -0.0196999 -0.0172649)
(-0.0121944 -0.0162469 -0.0205815)
(-0.0122138 -0.0122124 -0.0228072)
(-0.0128183 -0.0077768 -0.0241749)
(-0.0139923 -0.00312659 -0.0248908)
(-0.0154944 0.00156774 -0.025026)
(-0.0170452 0.00615274 -0.0245425)
(-0.0184941 0.0104654 -0.023396)
(-0.0197933 0.0143462 -0.0216209)
(-0.0209024 0.0176781 -0.0193264)
(-0.0217136 0.0204097 -0.0166428)
(-0.0220017 0.0225483 -0.0136589)
(-0.0214585 0.0241212 -0.0103637)
(-0.0199557 0.0251222 -0.006641)
(-0.0178773 0.0255117 -0.00236581)
(-0.015879 0.025244 0.00248757)
(-0.0143494 0.0242406 0.00772171)
(-0.0133019 0.0223999 0.012849)
(-0.012599 0.0196999 0.0172649)
(-0.0121944 0.0162469 0.0205815)
(-0.0122138 0.0122124 0.0228072)
(-0.0128183 0.0077768 0.0241749)
(-0.0139923 0.00312659 0.0248908)
(-0.0154944 -0.00156774 0.025026)
(-0.0170452 -0.00615274 0.0245425)
(-0.0184941 -0.0104654 0.023396)
(-0.0197933 -0.0143462 0.0216209)
(-0.0209024 -0.0176781 0.0193264)
(-0.0217136 -0.0204097 0.0166428)
(-0.0220017 -0.0225483 0.0136589)
(-0.0214585 -0.0241212 0.0103637)
(-0.0199557 -0.0251222 0.006641)
(-0.0178773 -0.0255117 0.00236581)
(-0.015879 -0.025244 -0.00248757)
(-0.0143494 -0.0242406 -0.00772171)
(-0.0197594 -0.022383 -0.00821709)
(-0.0162611 -0.0214494 -0.0135913)
(-0.0146154 -0.0196841 -0.0184681)
(-0.0148159 -0.0169326 -0.0225782)
(-0.0161815 -0.0132766 -0.0257515)
(-0.0179046 -0.00893431 -0.0279866)
(-0.019558 -0.00413695 -0.0293412)
(-0.0211239 0.000877228 -0.0298135)
(-0.0226866 0.00584865 -0.0293735)
(-0.0242593 0.0105181 -0.0280453)
(-0.0258151 0.0146487 -0.0259373)
(-0.0273649 0.0180339 -0.0232289)
(-0.0289621 0.0205149 -0.0201124)
(-0.030533 0.0220316 -0.0166641)
(-0.0315422 0.0227134 -0.0127444)
(-0.0310299 0.0228954 -0.00816247)
(-0.0284475 0.0228939 -0.00295628)
(-0.0242743 0.0227752 0.00260915)
(-0.0197594 0.022383 0.00821709)
(-0.0162611 0.0214494 0.0135913)
(-0.0146154 0.0196841 0.0184681)
(-0.0148159 0.0169326 0.0225782)
(-0.0161815 0.0132766 0.0257515)
(-0.0179046 0.00893431 0.0279866)
(-0.019558 0.00413695 0.0293412)
(-0.0211239 -0.000877228 0.0298135)
(-0.0226866 -0.00584865 0.0293735)
(-0.0242593 -0.0105181 0.0280453)
(-0.0258151 -0.0146487 0.0259373)
(-0.0273649 -0.0180339 0.0232289)
(-0.0289621 -0.0205149 0.0201124)
(-0.030533 -0.0220316 0.0166641)
(-0.0315422 -0.0227134 0.0127444)
(-0.0310299 -0.0228954 0.00816247)
(-0.0284475 -0.0228939 0.00295628)
(-0.0242743 -0.0227752 -0.00260915)
(-0.0183521 -0.022248 -0.00967522)
(-0.0162518 -0.0204793 -0.0145851)
(-0.015151 -0.0179471 -0.0188302)
(-0.0151031 -0.0146549 -0.0222156)
(-0.0158851 -0.0107347 -0.0247003)
(-0.0171487 -0.00636928 -0.026353)
(-0.0186052 -0.00173471 -0.0272353)
(-0.0201106 0.00298575 -0.0273419)
(-0.0216087 0.00758528 -0.0266518)
(-0.0230595 0.0118542 -0.0252002)
(-0.0244187 0.0156116 -0.023093)
(-0.025637 0.0187245 -0.0204755)
(-0.0266343 0.0211132 -0.0174741)
(-0.0272304 0.0227561 -0.0141172)
(-0.0271034 0.0237036 -0.0102962)
(-0.025959 0.024068 -0.00588053)
(-0.0238169 0.023948 -0.000903077)
(-0.0210751 0.023363 0.00439758)
(-0.0183521 0.022248 0.00967522)
(-0.0162518 0.0204793 0.0145851)
(-0.015151 0.0179471 0.0188302)
(-0.0151031 0.0146549 0.0222156)
(-0.0158851 0.0107347 0.0247003)
(-0.0171487 0.00636928 0.026353)
(-0.0186052 0.00173471 0.0272353)
(-0.0201106 -0.00298575 0.0273419)
(-0.0216087 -0.00758528 0.0266518)
(-0.0230595 -0.0118542 0.0252002)
(-0.0244187 -0.0156116 0.023093)
(-0.025637 -0.0187245 0.0204755)
(-0.0266343 -0.0211132 0.0174741)
(-0.0272304 -0.0227561 0.0141172)
(-0.0271034 -0.0237036 0.0102962)
(-0.025959 -0.024068 0.00588053)
(-0.0238169 -0.023948 0.000903077)
(-0.0210751 -0.023363 -0.00439758)
(-0.0170665 -0.0218582 -0.0119523)
(-0.0162544 -0.0189905 -0.0165737)
(-0.015612 -0.0155298 -0.0200801)
(-0.0152868 -0.0116991 -0.0224987)
(-0.0154874 -0.00762307 -0.0240699)
(-0.0162908 -0.00337777 -0.0249931)
(-0.0175497 0.000961097 -0.0253358)
(-0.0190041 0.00528779 -0.0250674)
(-0.0204591 0.00944793 -0.0241464)
(-0.0218165 0.0132696 -0.0225955)
(-0.0230056 0.0166145 -0.0205075)
(-0.0239069 0.019409 -0.0179972)
(-0.0243068 0.0216455 -0.0151405)
(-0.0239463 0.0233535 -0.0119161)
(-0.0227585 0.0245378 -0.00819994)
(-0.021079 0.0251203 -0.0038517)
(-0.0194182 0.0249529 0.00115715)
(-0.0180793 0.0238847 0.00660126)
(-0.0170665 0.0218582 0.0119523)
(-0.0162544 0.0189905 0.0165737)
(-0.015612 0.0155298 0.0200801)
(-0.0152868 0.0116991 0.0224987)
(-0.0154874 0.00762307 0.0240699)
(-0.0162908 0.00337777 0.0249931)
(-0.0175497 -0.000961097 0.0253358)
(-0.0190041 -0.00528779 0.0250674)
(-0.0204591 -0.00944793 0.0241464)
(-0.0218165 -0.0132696 0.0225955)
(-0.0230056 -0.0166145 0.0205075)
(-0.0239069 -0.019409 0.0179972)
(-0.0243068 -0.0216455 0.0151405)
(-0.0239463 -0.0233535 0.0119161)
(-0.0227585 -0.0245378 0.00819994)
(-0.021079 -0.0251203 0.0038517)
(-0.0194182 -0.0249529 -0.00115715)
(-0.0180793 -0.0238847 -0.00660126)
(-0.0237712 -0.0200679 -0.00655357)
(-0.0204967 -0.0191388 -0.0119948)
(-0.0184948 -0.0176186 -0.0170474)
(-0.0179569 -0.0153596 -0.0214224)
(-0.0185619 -0.0123394 -0.0248919)
(-0.0197658 -0.00864911 -0.0273908)
(-0.0211682 -0.00443753 -0.028971)
(-0.0226528 9.93042e-05 -0.0296648)
(-0.024235 0.0047091 -0.0294552)
(-0.0259012 0.00910724 -0.0283538)
(-0.0276001 0.0130206 -0.0264621)
(-0.0292997 0.0162235 -0.0239621)
(-0.0309829 0.0185683 -0.0210348)
(-0.0325054 0.0200233 -0.0177304)
(-0.0333986 0.0207172 -0.0139266)
(-0.032996 0.0209149 -0.00948852)
(-0.0309536 0.0208502 -0.00444906)
(-0.0275917 0.020591 0.000987178)
(-0.0237712 0.0200679 0.00655357)
(-0.0204967 0.0191388 0.0119948)
(-0.0184948 0.0176186 0.0170474)
(-0.0179569 0.0153596 0.0214224)
(-0.0185619 0.0123394 0.0248919)
(-0.0197658 0.00864911 0.0273908)
(-0.0211682 0.00443753 0.028971)
(-0.0226528 -9.93042e-05 0.0296648)
(-0.024235 -0.0047091 0.0294552)
(-0.0259012 -0.00910724 0.0283538)
(-0.0276001 -0.0130206 0.0264621)
(-0.0292997 -0.0162235 0.0239621)
(-0.0309829 -0.0185683 0.0210348)
(-0.0325054 -0.0200233 0.0177304)
(-0.0333986 -0.0207172 0.0139266)
(-0.032996 -0.0209149 0.00948852)
(-0.0309536 -0.0208502 0.00444906)
(-0.0275917 -0.020591 -0.000987178)
(-0.0221616 -0.0201179 -0.0080839)
(-0.0201351 -0.0184531 -0.0130028)
(-0.0187779 -0.0162224 -0.0173686)
(-0.0182343 -0.013412 -0.0209698)
(-0.0184524 -0.0100705 -0.0237091)
(-0.019246 -0.00628907 -0.0256006)
(-0.0204027 -0.00218268 -0.0266975)
(-0.0217663 0.00209887 -0.0270209)
(-0.0232378 0.00635887 -0.0265655)
(-0.0247371 0.0103762 -0.0253582)
(-0.0261864 0.013948 -0.0234911)
(-0.0275057 0.0169229 -0.0210987)
(-0.0285903 0.019215 -0.0182933)
(-0.0292616 0.0208058 -0.0150902)
(-0.0292693 0.0217397 -0.0113957)
(-0.0284232 0.0220928 -0.00711339)
(-0.0267495 0.0219248 -0.00228204)
(-0.0245182 0.0212653 0.00288635)
(-0.0221616 0.0201179 0.0080839)
(-0.0201351 0.0184531 0.0130028)
(-0.0187779 0.0162224 0.0173686)
(-0.0182343 0.013412 0.0209698)
(-0.0184524 0.0100705 0.0237091)
(-0.019246 0.00628907 0.0256006)
(-0.0204027 0.00218268 0.0266975)
(-0.0217663 -0.00209887 0.0270209)
(-0.0232378 -0.00635887 0.0265655)
(-0.0247371 -0.0103762 0.0253582)
(-0.0261864 -0.013948 0.0234911)
(-0.0275057 -0.0169229 0.0210987)
(-0.0285903 -0.019215 0.0182933)
(-0.0292616 -0.0208058 0.0150902)
(-0.0292693 -0.0217397 0.0113957)
(-0.0284232 -0.0220928 0.00711339)
(-0.0267495 -0.0219248 0.00228204)
(-0.0245182 -0.0212653 -0.00288635)
(-0.0207816 -0.0200151 -0.0104986)
(-0.0199205 -0.017317 -0.0151229)
(-0.0191082 -0.0141614 -0.018738)
(-0.0184945 -0.0107514 -0.0213365)
(-0.0183032 -0.0071673 -0.0231069)
(-0.0186775 -0.00342976 -0.0242192)
(-0.019579 0.000433338 -0.0247422)
(-0.0208186 0.00434775 -0.0246678)
(-0.0221881 0.00817792 -0.0239729)
(-0.0235384 0.0117574 -0.0226755)
(-0.0247562 0.0149406 -0.0208462)
(-0.0257057 0.017638 -0.0185745)
(-0.0261963 0.0198224 -0.0159148)
(-0.0260419 0.0215053 -0.01284)
(-0.0252332 0.0226784 -0.00924121)
(-0.0240296 0.0232515 -0.00499827)
(-0.0227843 0.0230662 -9.92875e-05)
(-0.0217035 0.0219888 0.00523019)
(-0.0207816 0.0200151 0.0104986)
(-0.0199205 0.017317 0.0151229)
(-0.0191082 0.0141614 0.018738)
(-0.0184945 0.0107514 0.0213365)
(-0.0183032 0.0071673 0.0231069)
(-0.0186775 0.00342976 0.0242192)
(-0.019579 -0.000433338 0.0247422)
(-0.0208186 -0.00434775 0.0246678)
(-0.0221881 -0.00817792 0.0239729)
(-0.0235384 -0.0117574 0.0226755)
(-0.0247562 -0.0149406 0.0208462)
(-0.0257057 -0.017638 0.0185745)
(-0.0261963 -0.0198224 0.0159148)
(-0.0260419 -0.0215053 0.01284)
(-0.0252332 -0.0226784 0.00924121)
(-0.0240296 -0.0232515 0.00499827)
(-0.0227843 -0.0230662 9.92876e-05)
(-0.0217035 -0.0219888 -0.00523019)
(-0.0273311 -0.0171277 -0.00475189)
(-0.0244621 -0.0162988 -0.0100798)
(-0.0223522 -0.0150789 -0.0151195)
(-0.021285 -0.0133188 -0.0195924)
(-0.0212155 -0.0109277 -0.0232504)
(-0.0218746 -0.00791327 -0.0259624)
(-0.0229646 -0.0043706 -0.0277293)
(-0.0243082 -0.000465131 -0.0285995)
(-0.0258388 0.00357544 -0.028598)
(-0.0275083 0.00748197 -0.0277541)
(-0.0292489 0.0109864 -0.0261581)
(-0.0309904 0.0138684 -0.0239626)
(-0.0326483 0.0159926 -0.0213091)
(-0.0340359 0.0173346 -0.0182324)
(-0.0347903 0.0179961 -0.0146545)
(-0.034496 0.0181704 -0.0104916)
(-0.0329612 0.0180385 -0.00576188)
(-0.0303905 0.0176889 -0.000608277)
(-0.0273311 0.0171277 0.00475189)
(-0.0244621 0.0162988 0.0100798)
(-0.0223522 0.0150789 0.0151195)
(-0.021285 0.0133188 0.0195924)
(-0.0212155 0.0109277 0.0232504)
(-0.0218746 0.00791327 0.0259624)
(-0.0229646 0.0043706 0.0277293)
(-0.0243082 0.000465131 0.0285995)
(-0.0258388 -0.00357544 0.028598)
(-0.0275083 -0.00748197 0.0277541)
(-0.0292489 -0.0109864 0.0261581)
(-0.0309904 -0.0138684 0.0239626)
(-0.0326483 -0.0159926 0.0213091)
(-0.0340359 -0.0173346 0.0182324)
(-0.0347903 -0.0179961 0.0146545)
(-0.034496 -0.0181704 0.0104916)
(-0.0329612 -0.0180385 0.00576188)
(-0.0303905 -0.0176889 0.000608277)
(-0.0255718 -0.0172528 -0.00627304)
(-0.0237365 -0.0158393 -0.0110219)
(-0.0222948 -0.0140312 -0.0153506)
(-0.0214267 -0.0117768 -0.0190461)
(-0.021192 -0.00905908 -0.0219652)
(-0.0215418 -0.0059113 -0.024061)
(-0.0223574 -0.00241504 -0.0253535)
(-0.0235037 0.00129999 -0.0258762)
(-0.0248591 0.00505648 -0.0256517)
(-0.0263141 0.00864749 -0.0247152)
(-0.0277637 0.0118735 -0.0231436)
(-0.0291016 0.0145792 -0.0210453)
(-0.0302041 0.0166724 -0.0185062)
(-0.0309095 0.018125 -0.0155353)
(-0.0310395 0.01896 -0.012068)
(-0.0304791 0.0192277 -0.00804667)
(-0.0292486 0.018988 -0.00351679)
(-0.027518 0.0183089 0.00134171)
(-0.0255718 0.0172528 0.00627304)
(-0.0237365 0.0158393 0.0110219)
(-0.0222948 0.0140312 0.0153506)
(-0.0214267 0.0117768 0.0190461)
(-0.021192 0.00905908 0.0219652)
(-0.0215418 0.0059113 0.024061)
(-0.0223574 0.00241504 0.0253535)
(-0.0235037 -0.00129999 0.0258762)
(-0.0248591 -0.00505648 0.0256517)
(-0.0263141 -0.00864749 0.0247152)
(-0.0277637 -0.0118735 0.0231436)
(-0.0291016 -0.0145792 0.0210453)
(-0.0302041 -0.0166724 0.0185062)
(-0.0309095 -0.018125 0.0155353)
(-0.0310395 -0.01896 0.012068)
(-0.0304791 -0.0192277 0.00804667)
(-0.0292486 -0.018988 0.00351679)
(-0.027518 -0.0183089 -0.00134171)
(-0.0241369 -0.0173337 -0.00870606)
(-0.0232861 -0.0150196 -0.0131457)
(-0.022413 -0.0123637 -0.0167542)
(-0.0216507 -0.009507 -0.0194755)
(-0.0211984 -0.00649044 -0.021421)
(-0.0212164 -0.00331224 -0.0227137)
(-0.0217438 1.30443e-05 -0.0234156)
(-0.0226827 0.00342396 -0.0235362)
(-0.023861 0.00680522 -0.0230719)
(-0.025108 0.0100098 -0.0220417)
(-0.0262762 0.0128996 -0.0204971)
(-0.0272181 0.0153774 -0.0185007)
(-0.0277754 0.0173957 -0.0160854)
(-0.0278289 0.018937 -0.013223)
(-0.0273944 0.0199688 -0.00982931)
(-0.0266429 0.0204063 -0.00582194)
(-0.0257879 0.0201366 -0.00122134)
(-0.0249531 0.0190956 0.00375828)
(-0.0241369 0.0173337 0.00870606)
(-0.0232861 0.0150196 0.0131457)
(-0.022413 0.0123637 0.0167542)
(-0.0216507 0.009507 0.0194755)
(-0.0211984 0.00649044 0.021421)
(-0.0212164 0.00331224 0.0227137)
(-0.0217438 -1.30444e-05 0.0234156)
(-0.0226827 -0.00342396 0.0235362)
(-0.023861 -0.00680522 0.0230719)
(-0.025108 -0.0100098 0.0220417)
(-0.0262762 -0.0128996 0.0204971)
(-0.0272181 -0.0153774 0.0185007)
(-0.0277754 -0.0173957 0.0160854)
(-0.0278289 -0.018937 0.013223)
(-0.0273944 -0.0199688 0.00982931)
(-0.0266429 -0.0204063 0.00582194)
(-0.0257879 -0.0201366 0.00122134)
(-0.0249531 -0.0190956 -0.00375828)
(-0.0303724 -0.0140275 -0.00292055)
(-0.0280437 -0.0133071 -0.00798408)
(-0.0260715 -0.0123368 -0.0128495)
(-0.0247413 -0.0109821 -0.0172558)
(-0.0241703 -0.00912676 -0.0209637)
(-0.0243111 -0.00673636 -0.0238069)
(-0.025015 -0.00387493 -0.0257271)
(-0.0261202 -0.000684483 -0.0267533)
(-0.0275035 0.00264324 -0.0269447)
(-0.0290716 0.00588933 -0.0263665)
(-0.030733 0.00883399 -0.0251053)
(-0.0323855 0.0112908 -0.0232714)
(-0.0339015 0.0131387 -0.020957)
(-0.0350959 0.0143427 -0.0181887)
(-0.0357224 0.01496 -0.0149322)
(-0.035551 0.0151179 -0.0111456)
(-0.0344898 0.0149564 -0.00683612)
(-0.0326591 0.0145761 -0.00209223)
(-0.0303724 0.0140275 0.00292055)
(-0.0280437 0.0133071 0.00798408)
(-0.0260715 0.0123368 0.0128495)
(-0.0247413 0.0109821 0.0172558)
(-0.0241703 0.00912676 0.0209637)
(-0.0243111 0.00673636 0.0238069)
(-0.025015 0.00387493 0.0257271)
(-0.0261202 0.000684483 0.0267533)
(-0.0275035 -0.00264324 0.0269447)
(-0.0290716 -0.00588933 0.0263665)
(-0.030733 -0.00883399 0.0251053)
(-0.0323855 -0.0112908 0.0232714)
(-0.0339015 -0.0131387 0.020957)
(-0.0350959 -0.0143427 0.0181887)
(-0.0357224 -0.01496 0.0149322)
(-0.035551 -0.0151179 0.0111456)
(-0.0344898 -0.0149564 0.00683612)
(-0.0326591 -0.0145761 0.00209223)
(-0.0284799 -0.0141335 -0.00439373)
(-0.0269238 -0.0130051 -0.00883125)
(-0.0255614 -0.0116115 -0.0129757)
(-0.0245669 -0.00987855 -0.0166279)
(-0.0240492 -0.00775181 -0.0196215)
(-0.0240455 -0.00523114 -0.0218619)
(-0.0245224 -0.00237795 -0.0233276)
(-0.0253928 0.000693979 -0.0240425)
(-0.0265428 0.00383329 -0.0240471)
(-0.0278513 0.00686738 -0.0233911)
(-0.0291971 0.00962477 -0.0221414)
(-0.0304577 0.0119624 -0.0203767)
(-0.0315046 0.0137854 -0.0181553)
(-0.0322029 0.0150504 -0.0154849)
(-0.0324317 0.0157567 -0.0123318)
(-0.0321211 0.0159388 -0.00867379)
(-0.0312804 0.0156654 -0.00456121)
(-0.0300074 0.0150331 -0.000138457)
(-0.0284799 0.0141335 0.00439374)
(-0.0269238 0.0130051 0.00883125)
(-0.0255614 0.0116115 0.0129757)
(-0.0245669 0.00987855 0.0166279)
(-0.0240492 0.00775181 0.0196215)
(-0.0240455 0.00523114 0.0218619)
(-0.0245224 0.00237795 0.0233276)
(-0.0253928 -0.000693979 0.0240425)
(-0.0265428 -0.00383329 0.0240471)
(-0.0278513 -0.00686738 0.0233911)
(-0.0291971 -0.00962477 0.0221414)
(-0.0304577 -0.0119624 0.0203767)
(-0.0315046 -0.0137854 0.0181553)
(-0.0322029 -0.0150504 0.0154849)
(-0.0324317 -0.0157567 0.0123318)
(-0.0321211 -0.0159388 0.00867379)
(-0.0312804 -0.0156654 0.00456121)
(-0.0300074 -0.0150331 0.000138457)
(-0.0269937 -0.014292 -0.00676521)
(-0.0261996 -0.0124379 -0.0108715)
(-0.0253634 -0.0103333 -0.0143489)
(-0.0245948 -0.00805823 -0.0171026)
(-0.0240461 -0.0056255 -0.019168)
(-0.0238529 -0.00302549 -0.0206144)
(-0.0240819 -0.000270865 -0.0214879)
(-0.0247055 0.00258346 -0.0218055)
(-0.025615 0.0054413 -0.0215748)
(-0.0266622 0.00818131 -0.0208148)
(-0.0276954 0.0106825 -0.0195617)
(-0.0285712 0.0128475 -0.0178558)
(-0.0291637 0.014612 -0.0157154)
(-0.0293958 0.0159327 -0.0131171)
(-0.0292754 0.0167616 -0.0100057)
(-0.028889 0.0170348 -0.00634235)
(-0.0283434 0.0166991 -0.00217827)
(-0.027707 0.015758 0.00229631)
(-0.0269937 0.014292 0.00676521)
(-0.0261996 0.0124379 0.0108715)
(-0.0253634 0.0103333 0.0143489)
(-0.0245948 0.00805823 0.0171026)
(-0.0240461 0.0056255 0.019168)
(-0.0238529 0.00302549 0.0206144)
(-0.0240819 0.000270865 0.0214879)
(-0.0247055 -0.00258346 0.0218055)
(-0.025615 -0.0054413 0.0215748)
(-0.0266622 -0.00818131 0.0208148)
(-0.0276954 -0.0106825 0.0195617)
(-0.0285712 -0.0128475 0.0178558)
(-0.0291637 -0.014612 0.0157154)
(-0.0293958 -0.0159327 0.0131171)
(-0.0292754 -0.0167616 0.0100057)
(-0.028889 -0.0170348 0.00634235)
(-0.0283434 -0.0166991 0.00217827)
(-0.027707 -0.015758 -0.00229631)
(-0.032839 -0.0111145 -0.0011932)
(-0.0311131 -0.0104566 -0.00582828)
(-0.0294725 -0.00962544 -0.0103502)
(-0.0281469 -0.00852567 -0.0145184)
(-0.0273087 -0.00705885 -0.0181114)
(-0.027042 -0.00518627 -0.0209576)
(-0.0273341 -0.00295574 -0.0229649)
(-0.0280987 -0.000485005 -0.0241305)
(-0.0292165 0.00207594 -0.0245163)
(-0.0305653 0.00457361 -0.0242098)
(-0.0320245 0.00686405 -0.0232989)
(-0.0334667 0.00882143 -0.0218587)
(-0.0347525 0.0103498 -0.0199379)
(-0.0357323 0.0113983 -0.0175528)
(-0.0362597 0.011975 -0.0146971)
(-0.0362229 0.0121447 -0.0113602)
(-0.0355838 0.0120023 -0.00755194)
(-0.0344035 0.0116376 -0.00332775)
(-0.032839 0.0111145 0.0011932)
(-0.0311131 0.0104566 0.00582828)
(-0.0294725 0.00962544 0.0103502)
(-0.0281469 0.00852567 0.0145184)
(-0.0273087 0.00705885 0.0181114)
(-0.027042 0.00518627 0.0209576)
(-0.0273341 0.00295574 0.0229649)
(-0.0280987 0.000485005 0.0241305)
(-0.0292165 -0.00207594 0.0245163)
(-0.0305653 -0.00457361 0.0242098)
(-0.0320245 -0.00686405 0.0232989)
(-0.0334667 -0.00882143 0.0218587)
(-0.0347525 -0.0103498 0.0199379)
(-0.0357323 -0.0113983 0.0175528)
(-0.0362597 -0.011975 0.0146971)
(-0.0362229 -0.0121447 0.0113602)
(-0.0355838 -0.0120023 0.00755194)
(-0.0344035 -0.0116376 0.00332775)
(-0.0308598 -0.0111274 -0.00260548)
(-0.0296353 -0.010239 -0.0066057)
(-0.0284753 -0.00916469 -0.0104182)
(-0.0275266 -0.00783876 -0.0138705)
(-0.0269019 -0.00620522 -0.0167972)
(-0.0266732 -0.00425375 -0.0190788)
(-0.0268622 -0.00203053 -0.0206616)
(-0.0274349 0.000372086 -0.0215486)
(-0.0283111 0.00283573 -0.0217783)
(-0.0293822 0.0052329 -0.0214045)
(-0.0305271 0.0074371 -0.0204857)
(-0.0316216 0.00933431 -0.0190762)
(-0.0325461 0.0108369 -0.0172129)
(-0.0331948 0.0118914 -0.0149041)
(-0.0334862 0.0124799 -0.0121408)
(-0.033374 0.0126231 -0.00892737)
(-0.0328564 0.012384 -0.00531678)
(-0.0319835 0.0118559 -0.00142181)
(-0.0308598 0.0111274 0.00260548)
(-0.0296353 0.010239 0.0066057)
(-0.0284753 0.00916469 0.0104182)
(-0.0275266 0.00783876 0.0138705)
(-0.0269019 0.00620522 0.0167972)
(-0.0266732 0.00425375 0.0190788)
(-0.0268622 0.00203053 0.0206616)
(-0.0274349 -0.000372086 0.0215486)
(-0.0283111 -0.00283573 0.0217783)
(-0.0293822 -0.0052329 0.0214045)
(-0.0305271 -0.0074371 0.0204857)
(-0.0316216 -0.00933431 0.0190762)
(-0.0325461 -0.0108369 0.0172129)
(-0.0331948 -0.0118914 0.0149041)
(-0.0334862 -0.0124799 0.0121408)
(-0.033374 -0.0126231 0.00892737)
(-0.0328564 -0.012384 0.00531678)
(-0.0319835 -0.0118559 0.00142181)
(-0.0293449 -0.0112666 -0.00484886)
(-0.0286517 -0.0098473 -0.00850828)
(-0.0279222 -0.00823821 -0.0117263)
(-0.0272447 -0.00648431 -0.0143911)
(-0.026726 -0.00459058 -0.0164813)
(-0.0264616 -0.00254955 -0.0180184)
(-0.0265096 -0.000372029 -0.0190272)
(-0.026874 0.00189871 -0.0195224)
(-0.027501 0.0041892 -0.0195138)
(-0.0282911 0.00640653 -0.0190148)
(-0.0291227 0.00845189 -0.0180477)
(-0.0298764 0.0102347 -0.0166371)
(-0.0304542 0.0116831 -0.014795)
(-0.0307961 0.0127425 -0.0125102)
(-0.0308873 0.013367 -0.00975795)
(-0.0307502 0.0135192 -0.00653732)
(-0.0304243 0.0131893 -0.00291431)
(-0.0299463 0.0124126 0.000956926)
(-0.0293449 0.0112666 0.00484886)
(-0.0286517 0.0098473 0.00850828)
(-0.0279222 0.00823821 0.0117263)
(-0.0272447 0.00648431 0.0143911)
(-0.026726 0.00459058 0.0164813)
(-0.0264616 0.00254955 0.0180184)
(-0.0265096 0.000372029 0.0190272)
(-0.026874 -0.00189871 0.0195224)
(-0.027501 -0.0041892 0.0195138)
(-0.0282911 -0.00640653 0.0190148)
(-0.0291227 -0.00845189 0.0180477)
(-0.0298764 -0.0102347 0.0166371)
(-0.0304542 -0.0116831 0.014795)
(-0.0307961 -0.0127425 0.0125102)
(-0.0308873 -0.013367 0.00975795)
(-0.0307502 -0.0135192 0.00653732)
(-0.0304243 -0.0131893 0.00291431)
(-0.0299463 -0.0124126 -0.000956926)
(-0.0346618 -0.00852285 0.000261007)
(-0.0335203 -0.00788713 -0.00374924)
(-0.0323258 -0.00710523 -0.00772237)
(-0.0312297 -0.00613265 -0.0114527)
(-0.0303827 -0.00491708 -0.0147423)
(-0.0299059 -0.00344181 -0.0174298)
(-0.0298636 -0.00174836 -0.0194138)
(-0.0302511 7.32587e-05 -0.0206666)
(-0.0310027 0.00191455 -0.0212289)
(-0.0320122 0.00367827 -0.0211819)
(-0.0331523 0.00529326 -0.0206099)
(-0.0342871 0.00670768 -0.0195681)
(-0.0352893 0.00787016 -0.018076)
(-0.0360535 0.00872775 -0.0161357)
(-0.0365008 0.00924775 -0.0137517)
(-0.0365813 0.00943754 -0.0109365)
(-0.0362785 0.00934117 -0.00771314)
(-0.0356163 0.00901823 -0.00412669)
(-0.0346618 0.00852285 -0.000261007)
(-0.0335203 0.00788713 0.00374925)
(-0.0323258 0.00710523 0.00772237)
(-0.0312297 0.00613265 0.0114527)
(-0.0303827 0.00491708 0.0147423)
(-0.0299059 0.00344181 0.0174298)
(-0.0298636 0.00174836 0.0194138)
(-0.0302511 -7.32588e-05 0.0206666)
(-0.0310027 -0.00191455 0.0212289)
(-0.0320122 -0.00367827 0.0211819)
(-0.0331523 -0.00529326 0.0206099)
(-0.0342871 -0.00670768 0.0195681)
(-0.0352893 -0.00787016 0.018076)
(-0.0360535 -0.00872775 0.0161357)
(-0.0365008 -0.00924775 0.0137517)
(-0.0365813 -0.00943754 0.0109365)
(-0.0362785 -0.00934117 0.00771314)
(-0.0356163 -0.00901823 0.00412669)
(-0.032705 -0.00840836 -0.00106906)
(-0.0318305 -0.00769678 -0.00449863)
(-0.0309488 -0.00683676 -0.00781868)
(-0.0301705 -0.00579326 -0.0108922)
(-0.0295888 -0.00453516 -0.0135766)
(-0.0292737 -0.00306108 -0.0157525)
(-0.0292667 -0.00140769 -0.0173486)
(-0.0295708 0.000357692 -0.0183465)
(-0.0301471 0.00215272 -0.0187678)
(-0.0309196 0.00389449 -0.018656)
(-0.0317884 0.00550605 -0.0180583)
(-0.032645 0.00691651 -0.017012)
(-0.0333895 0.00806225 -0.0155389)
(-0.033942 0.00889301 -0.0136476)
(-0.0342462 0.00938063 -0.0113447)
(-0.0342681 0.009528 -0.00865235)
(-0.0339987 0.00937302 -0.00562315)
(-0.0334587 0.00897872 -0.00234515)
(-0.032705 0.00840836 0.00106906)
(-0.0318305 0.00769678 0.00449863)
(-0.0309488 0.00683676 0.00781868)
(-0.0301705 0.00579326 0.0108922)
(-0.0295888 0.00453515 0.0135766)
(-0.0292737 0.00306108 0.0157525)
(-0.0292667 0.00140769 0.0173486)
(-0.0295708 -0.000357692 0.0183465)
(-0.0301471 -0.00215272 0.0187678)
(-0.0309196 -0.00389449 0.018656)
(-0.0317884 -0.00550605 0.0180583)
(-0.032645 -0.00691651 0.017012)
(-0.0333895 -0.00806225 0.0155389)
(-0.033942 -0.00889301 0.0136476)
(-0.0342462 -0.00938063 0.0113447)
(-0.0342681 -0.00952801 0.00865235)
(-0.0339987 -0.00937302 0.00562315)
(-0.0334587 -0.00897872 0.00234515)
(-0.0312381 -0.00846291 -0.00310909)
(-0.0306934 -0.00741076 -0.00621917)
(-0.0301203 -0.00620363 -0.00904228)
(-0.0295866 -0.00487567 -0.0114696)
(-0.0291646 -0.00344028 -0.0134494)
(-0.0289163 -0.00190139 -0.0149696)
(-0.0288814 -0.000270062 -0.0160346)
(-0.0290697 0.00142492 -0.0166505)
(-0.0294576 0.00313597 -0.0168225)
(-0.0299901 0.0048009 -0.0165565)
(-0.0305903 0.00634823 -0.0158618)
(-0.0311753 0.00770414 -0.0147516)
(-0.0316725 0.00880327 -0.013237)
(-0.0320288 0.0095959 -0.0113221)
(-0.0322127 0.010048 -0.00901002)
(-0.0322128 0.0101425 -0.0063235)
(-0.0320349 0.00988486 -0.00332601)
(-0.0316994 0.00930748 -0.000130392)
(-0.0312381 0.00846291 0.00310909)
(-0.0306934 0.00741076 0.00621917)
(-0.0301203 0.00620363 0.00904228)
(-0.0295866 0.00487567 0.0114696)
(-0.0291646 0.00344028 0.0134494)
(-0.0289163 0.00190139 0.0149696)
(-0.0288814 0.000270062 0.0160346)
(-0.0290697 -0.00142492 0.0166505)
(-0.0294576 -0.00313597 0.0168225)
(-0.0299901 -0.0048009 0.0165565)
(-0.0305903 -0.00634823 0.0158618)
(-0.0311753 -0.00770414 0.0147516)
(-0.0316725 -0.00880327 0.013237)
(-0.0320288 -0.0095959 0.0113221)
(-0.0322127 -0.010048 0.00901002)
(-0.0322128 -0.0101425 0.0063235)
(-0.0320349 -0.00988486 0.00332601)
(-0.0316994 -0.00930748 0.000130392)
(-0.0357912 -0.0061714 0.00122124)
(-0.0351516 -0.00557306 -0.00194632)
(-0.0344293 -0.00483632 -0.00512765)
(-0.0337045 -0.00395937 -0.00817297)
(-0.0330693 -0.00293739 -0.0109259)
(-0.0326155 -0.00178147 -0.0132487)
(-0.0324163 -0.00052993 -0.015043)
(-0.0325084 0.000754177 -0.0162637)
(-0.0328822 0.00199604 -0.0169216)
(-0.033482 0.00313144 -0.017072)
(-0.0342152 0.00413193 -0.0167858)
(-0.0349719 0.00500581 -0.0161106)
(-0.035653 0.00575945 -0.015054)
(-0.0361892 0.00636423 -0.0136071)
(-0.0365376 0.00677102 -0.0117745)
(-0.0366734 0.00694583 -0.00957996)
(-0.0365869 0.00688714 -0.00705825)
(-0.0362845 0.00661837 -0.00425219)
(-0.0357912 0.0061714 -0.00122124)
(-0.0351516 0.00557306 0.00194632)
(-0.0344293 0.00483632 0.00512765)
(-0.0337045 0.00395937 0.00817297)
(-0.0330693 0.00293739 0.0109259)
(-0.0326155 0.00178147 0.0132487)
(-0.0324163 0.000529929 0.015043)
(-0.0325084 -0.000754177 0.0162637)
(-0.0328822 -0.00199604 0.0169216)
(-0.033482 -0.00313144 0.017072)
(-0.0342152 -0.00413193 0.0167858)
(-0.0349719 -0.00500581 0.0161106)
(-0.035653 -0.00575945 0.015054)
(-0.0361892 -0.00636423 0.0136071)
(-0.0365376 -0.00677102 0.0117745)
(-0.0366734 -0.00694583 0.00957996)
(-0.0365869 -0.00688714 0.00705825)
(-0.0362845 -0.00661837 0.00425219)
(-0.0339919 -0.00595931 4.8203e-05)
(-0.0334553 -0.0053955 -0.00265867)
(-0.0328847 -0.0047021 -0.00530935)
(-0.0323518 -0.00387603 -0.00780455)
(-0.0319202 -0.00291624 -0.0100391)
(-0.0316411 -0.00183593 -0.0119157)
(-0.0315503 -0.000666736 -0.0133631)
(-0.0316633 0.000544429 -0.0143464)
(-0.0319698 0.00174335 -0.0148667)
(-0.0324312 0.00287977 -0.0149505)
(-0.0329845 0.00391735 -0.014633)
(-0.0335545 0.00483254 -0.0139396)
(-0.0340703 0.00560103 -0.0128809)
(-0.0344761 0.00619019 -0.0114626)
(-0.0347324 0.0065682 -0.00969819)
(-0.0348142 0.00671886 -0.00761759)
(-0.0347105 0.00664918 -0.0052693)
(-0.0344272 0.00638523 -0.0027197)
(-0.0339919 0.00595931 -4.82029e-05)
(-0.0334553 0.0053955 0.00265867)
(-0.0328847 0.0047021 0.00530935)
(-0.0323518 0.00387603 0.00780455)
(-0.0319202 0.00291624 0.0100391)
(-0.0316411 0.00183593 0.0119157)
(-0.0315503 0.000666736 0.0133631)
(-0.0316633 -0.000544429 0.0143464)
(-0.0319698 -0.00174335 0.0148667)
(-0.0324312 -0.00287977 0.0149505)
(-0.0329845 -0.00391735 0.014633)
(-0.0335545 -0.00483254 0.0139396)
(-0.0340703 -0.00560103 0.0128809)
(-0.0344761 -0.00619019 0.0114626)
(-0.0347324 -0.0065682 0.00969819)
(-0.0348142 -0.00671886 0.00761759)
(-0.0347105 -0.00664918 0.0052693)
(-0.0344272 -0.00638523 0.0027197)
(-0.0327002 -0.00591636 -0.00168733)
(-0.0323427 -0.00517099 -0.00412848)
(-0.0319613 -0.00429781 -0.00640164)
(-0.0316002 -0.00332729 -0.00841754)
(-0.0313047 -0.00228235 -0.0101175)
(-0.0311135 -0.00117931 -0.011471)
(-0.0310526 -3.33061e-05 -0.0124662)
(-0.0311306 0.00113567 -0.0130994)
(-0.0313381 0.00229973 -0.0133708)
(-0.0316486 0.00342365 -0.0132814)
(-0.0320213 0.00446643 -0.0128335)
(-0.0324087 0.00538311 -0.0120318)
(-0.0327635 0.00612976 -0.0108858)
(-0.0330444 0.00667064 -0.00940885)
(-0.0332198 0.00698208 -0.00762078)
(-0.0332705 0.00705342 -0.00555346)
(-0.0331918 0.00688731 -0.00325868)
(-0.032994 0.00649947 -0.000812321)
(-0.0327002 0.00591636 0.00168733)
(-0.0323427 0.00517099 0.00412848)
(-0.0319613 0.00429781 0.00640164)
(-0.0316002 0.00332729 0.00841754)
(-0.0313047 0.00228235 0.0101175)
(-0.0311135 0.00117931 0.011471)
(-0.0310526 3.3306e-05 0.0124662)
(-0.0311306 -0.00113567 0.0130994)
(-0.0313381 -0.00229973 0.0133708)
(-0.0316486 -0.00342365 0.0132814)
(-0.0320213 -0.00446643 0.0128335)
(-0.0324087 -0.00538311 0.0120318)
(-0.0327635 -0.00612976 0.0108858)
(-0.0330444 -0.00667064 0.00940885)
(-0.0332198 -0.00698208 0.00762078)
(-0.0332705 -0.00705342 0.00555346)
(-0.0331918 -0.00688731 0.00325868)
(-0.032994 -0.00649947 0.000812321)
(-0.0362429 -0.00385523 0.00144775)
(-0.035983 -0.00338185 -0.000669958)
(-0.0356736 -0.00279351 -0.00281479)
(-0.0353463 -0.00210579 -0.00490052)
(-0.0350379 -0.00133707 -0.00683136)
(-0.0347883 -0.000511503 -0.00851364)
(-0.0346358 0.000338623 -0.00986889)
(-0.034609 0.00117068 -0.0108465)
(-0.0347186 0.0019328 -0.011434)
(-0.034951 0.00257757 -0.0116583)
(-0.0352689 0.00308834 -0.0115678)
(-0.0356193 0.00349285 -0.0112009)
(-0.0359504 0.00383521 -0.0105664)
(-0.0362248 0.00412875 -0.00965551)
(-0.0364198 0.00434579 -0.0084667)
(-0.036522 0.00444481 -0.00701756)
(-0.0365249 0.0043979 -0.00533924)
(-0.0364291 0.0041986 -0.00346856)
(-0.0362429 0.00385523 -0.00144775)
(-0.035983 0.00338185 0.000669959)
(-0.0356736 0.00279351 0.00281479)
(-0.0353463 0.00210579 0.00490052)
(-0.0350379 0.00133707 0.00683136)
(-0.0347883 0.000511503 0.00851364)
(-0.0346358 -0.000338623 0.00986889)
(-0.034609 -0.00117068 0.0108465)
(-0.0347186 -0.00193281 0.011434)
(-0.034951 -0.00257757 0.0116583)
(-0.0352689 -0.00308834 0.0115678)
(-0.0356193 -0.00349285 0.0112009)
(-0.0359504 -0.00383521 0.0105664)
(-0.0362248 -0.00412875 0.00965551)
(-0.0364198 -0.00434579 0.0084667)
(-0.036522 -0.00444481 0.00701756)
(-0.0365249 -0.0043979 0.00533924)
(-0.0364291 -0.0041986 0.00346856)
(-0.0346876 -0.00365203 0.000583224)
(-0.0344459 -0.00325876 -0.00123742)
(-0.0341765 -0.00276446 -0.00303615)
(-0.0339128 -0.00218046 -0.00474907)
(-0.0336869 -0.00152046 -0.00631015)
(-0.0335262 -0.000803295 -0.007656)
(-0.0334503 -5.48778e-05 -0.00873318)
(-0.0334697 0.000691187 -0.00950656)
(-0.0335839 0.00139678 -0.00996579)
(-0.033779 0.00202946 -0.0101243)
(-0.0340291 0.0025758 -0.0100063)
(-0.0343004 0.00304384 -0.00962898)
(-0.0345588 0.0034449 -0.00899534)
(-0.034775 0.00377264 -0.00810474)
(-0.0349262 0.00400365 -0.0069665)
(-0.0349968 0.00411365 -0.00560501)
(-0.0349786 0.00408988 -0.00405677)
(-0.0348721 0.00393298 -0.00236621)
(-0.0346876 0.00365203 -0.000583224)
(-0.0344459 0.00325876 0.00123742)
(-0.0341765 0.00276446 0.00303615)
(-0.0339128 0.00218046 0.00474907)
(-0.0336869 0.00152046 0.00631015)
(-0.0335262 0.000803295 0.007656)
(-0.0334503 5.48778e-05 0.00873318)
(-0.0334697 -0.000691187 0.00950656)
(-0.0335839 -0.00139678 0.00996579)
(-0.033779 -0.00202946 0.0101243)
(-0.0340291 -0.0025758 0.0100063)
(-0.0343004 -0.00304384 0.00962898)
(-0.0345588 -0.0034449 0.00899534)
(-0.034775 -0.00377264 0.00810474)
(-0.0349262 -0.00400365 0.0069665)
(-0.0349968 -0.00411365 0.00560501)
(-0.0349786 -0.00408988 0.00405677)
(-0.0348721 -0.00393298 0.00236621)
(-0.0337035 -0.00357178 -0.000688138)
(-0.0335429 -0.00310358 -0.00232556)
(-0.0333649 -0.00254489 -0.0038805)
(-0.0331896 -0.00191746 -0.00529351)
(-0.0330377 -0.00124223 -0.00651725)
(-0.0329284 -0.00053797 -0.0075188)
(-0.0328765 0.00017796 -0.00827834)
(-0.0328893 0.000887604 -0.00878653)
(-0.0329654 0.00157162 -0.00904176)
(-0.0330951 0.00221115 -0.00904647)
(-0.033262 0.0027904 -0.00880313)
(-0.0334454 0.00329588 -0.00831314)
(-0.0336231 0.00371256 -0.00758069)
(-0.033773 0.00402215 -0.006617)
(-0.0338767 0.00420678 -0.00544157)
(-0.0339222 0.00425422 -0.00408217)
(-0.0339053 0.00416045 -0.0025752)
(-0.0338291 0.00392943 -0.00096654)
(-0.0337035 0.00357178 0.000688138)
(-0.0335429 0.00310358 0.00232556)
(-0.0333649 0.00254489 0.0038805)
(-0.0331896 0.00191746 0.00529351)
(-0.0330377 0.00124223 0.00651725)
(-0.0329284 0.000537969 0.0075188)
(-0.0328765 -0.00017796 0.00827834)
(-0.0328893 -0.000887604 0.00878653)
(-0.0329654 -0.00157162 0.00904176)
(-0.0330951 -0.00221115 0.00904647)
(-0.033262 -0.0027904 0.00880313)
(-0.0334454 -0.00329588 0.00831314)
(-0.0336231 -0.00371256 0.00758069)
(-0.033773 -0.00402215 0.006617)
(-0.0338767 -0.00420678 0.00544157)
(-0.0339222 -0.00425422 0.00408217)
(-0.0339053 -0.00416045 0.0025752)
(-0.0338291 -0.00392943 0.00096654)
(-0.0361317 -0.00161278 0.000924637)
(-0.0361115 -0.00136883 -7.31335e-05)
(-0.0360871 -0.00106495 -0.00108464)
(-0.0360621 -0.00071085 -0.0020736)
(-0.0360407 -0.000316971 -0.00299907)
(-0.0360261 0.000103537 -0.00381858)
(-0.0360206 0.000530239 -0.00449473)
(-0.036025 0.000933467 -0.00500329)
(-0.0360386 0.00128048 -0.00533771)
(-0.036059 0.00154734 -0.00550592)
(-0.0360825 0.00172798 -0.00552149)
(-0.0361053 0.00183513 -0.00539529)
(-0.0361246 0.00189352 -0.0051328)
(-0.0361392 0.0019272 -0.0047351)
(-0.0361487 0.00194623 -0.00420226)
(-0.0361532 0.00194234 -0.00353871)
(-0.0361525 0.00189607 -0.00275698)
(-0.0361456 0.00178909 -0.0018773)
(-0.0361317 0.00161278 -0.000924637)
(-0.0361115 0.00136883 7.31336e-05)
(-0.0360871 0.00106495 0.00108464)
(-0.0360621 0.00071085 0.0020736)
(-0.0360407 0.000316971 0.00299907)
(-0.0360261 -0.000103537 0.00381858)
(-0.0360206 -0.000530239 0.00449473)
(-0.036025 -0.000933467 0.00500329)
(-0.0360386 -0.00128048 0.00533771)
(-0.036059 -0.00154734 0.00550592)
(-0.0360825 -0.00172798 0.00552149)
(-0.0361053 -0.00183513 0.00539529)
(-0.0361246 -0.00189352 0.0051328)
(-0.0361392 -0.0019272 0.0047351)
(-0.0361487 -0.00194623 0.00420226)
(-0.0361532 -0.00194234 0.00353871)
(-0.0361525 -0.00189607 0.00275698)
(-0.0361456 -0.00178909 0.0018773)
(-0.0348271 -0.00156869 0.00046567)
(-0.034798 -0.00137365 -0.000396555)
(-0.0347613 -0.0011268 -0.00125232)
(-0.0347223 -0.000835699 -0.00207095)
(-0.0346863 -0.000509299 -0.002821)
(-0.034658 -0.00015918 -0.00347255)
(-0.0346406 0.000198295 -0.00400104)
(-0.0346356 0.000541887 -0.00439146)
(-0.0346432 0.000849954 -0.00464016)
(-0.0346615 0.00110759 -0.00475204)
(-0.0346881 0.00131148 -0.00473451)
(-0.0347203 0.00146909 -0.0045925)
(-0.0347551 0.0015928 -0.00432754)
(-0.0347892 0.00169116 -0.00393983)
(-0.0348186 0.00176281 -0.00343176)
(-0.0348394 0.0017972 -0.00281181)
(-0.0348487 0.00178115 -0.00209582)
(-0.0348446 0.00170566 -0.00130545)
(-0.0348271 0.00156869 -0.000465669)
(-0.034798 0.00137365 0.000396555)
(-0.0347613 0.0011268 0.00125232)
(-0.0347223 0.000835699 0.00207095)
(-0.0346863 0.000509299 0.002821)
(-0.034658 0.000159179 0.00347255)
(-0.0346406 -0.000198295 0.00400104)
(-0.0346356 -0.000541887 0.00439146)
(-0.0346432 -0.000849954 0.00464016)
(-0.0346615 -0.00110759 0.00475204)
(-0.0346881 -0.00131148 0.00473451)
(-0.0347203 -0.00146909 0.0045925)
(-0.0347551 -0.0015928 0.00432754)
(-0.0347892 -0.00169116 0.00393983)
(-0.0348186 -0.00176281 0.00343176)
(-0.0348394 -0.0017972 0.00281181)
(-0.0348487 -0.00178115 0.00209582)
(-0.0348446 -0.00170566 0.00130545)
(-0.0342242 -0.00157787 -0.000178278)
(-0.0342108 -0.00136827 -0.000938765)
(-0.0341922 -0.00111502 -0.00167043)
(-0.0341705 -0.000826161 -0.00234773)
(-0.0341483 -0.000510139 -0.00294694)
(-0.0341285 -0.000176861 -0.00344809)
(-0.0341136 0.00016122 -0.00383684)
(-0.0341055 0.000489622 -0.0041055)
(-0.0341047 0.000794446 -0.00425201)
(-0.0341109 0.00106567 -0.00427707)
(-0.0341232 0.0012989 -0.00418148)
(-0.0341409 0.00149438 -0.0039661)
(-0.0341625 0.00165353 -0.00363404)
(-0.0341853 0.00177459 -0.00319184)
(-0.034206 0.00185088 -0.00264965)
(-0.0342216 0.00187346 -0.0020217)
(-0.0342301 0.00183565 -0.00132635)
(-0.034231 0.00173592 -0.000585135)
(-0.0342242 0.00157787 0.000178278)
(-0.0342108 0.00136827 0.000938765)
(-0.0341922 0.00111502 0.00167043)
(-0.0341705 0.000826161 0.00234773)
(-0.0341483 0.000510139 0.00294694)
(-0.0341285 0.000176861 0.00344809)
(-0.0341136 -0.00016122 0.00383684)
(-0.0341055 -0.000489622 0.0041055)
(-0.0341047 -0.000794446 0.00425201)
(-0.0341109 -0.00106567 0.00427707)
(-0.0341232 -0.0012989 0.00418148)
(-0.0341409 -0.00149438 0.0039661)
(-0.0341625 -0.00165353 0.00363404)
(-0.0341853 -0.00177459 0.00319184)
(-0.034206 -0.00185088 0.00264965)
(-0.0342216 -0.00187346 0.0020217)
(-0.0342301 -0.00183565 0.00132635)
(-0.034231 -0.00173592 0.000585135)
)
;

boundaryField
{
    fixed
    {
        type            calculated;
        value           uniform (0 0 0);
    }
    inside
    {
        type            calculated;
        value           nonuniform List<vector> 
540
(
(-0.00115203 -0.0024778 -0.00376659)
(-0.00121963 -0.00212348 -0.00406427)
(-0.00128867 -0.00167397 -0.00440852)
(-0.00139201 -0.000979045 -0.0047261)
(-0.00158401 -2.30747e-05 -0.00490947)
(-0.00187481 0.0011002 -0.00488016)
(-0.00222459 0.0022616 -0.00460921)
(-0.00257469 0.00334588 -0.00410733)
(-0.00287356 0.00426894 -0.00340973)
(-0.00308255 0.00497935 -0.00256517)
(-0.00316936 0.00545375 -0.00162718)
(-0.00310308 0.00568687 -0.000646388)
(-0.00286238 0.00567827 0.000330457)
(-0.00246025 0.00542502 0.00125241)
(-0.00197176 0.00493356 0.00205872)
(-0.00152657 0.0042584 0.00269671)
(-0.00123866 0.00353447 0.00315976)
(-0.00113243 0.0029207 0.00349295)
(-0.00115203 0.0024778 0.00376659)
(-0.00121963 0.00212348 0.00406427)
(-0.00128867 0.00167397 0.00440852)
(-0.00139201 0.000979045 0.00472609)
(-0.00158401 2.30748e-05 0.00490946)
(-0.00187481 -0.0011002 0.00488016)
(-0.00222459 -0.0022616 0.00460921)
(-0.00257469 -0.00334588 0.00410733)
(-0.00287356 -0.00426894 0.00340973)
(-0.00308255 -0.00497935 0.00256517)
(-0.00316936 -0.00545376 0.00162718)
(-0.00310308 -0.00568687 0.000646388)
(-0.00286238 -0.00567827 -0.000330455)
(-0.00246025 -0.00542502 -0.00125241)
(-0.00197176 -0.00493356 -0.00205872)
(-0.00152657 -0.0042584 -0.00269671)
(-0.00123865 -0.00353447 -0.00315976)
(-0.00113243 -0.0029207 -0.00349295)
(-0.00372879 -0.00792151 -0.00787932)
(-0.00365237 -0.00729349 -0.00933989)
(-0.00357948 -0.00618579 -0.0107776)
(-0.00367452 -0.00439952 -0.0118519)
(-0.00407499 -0.00203478 -0.0123565)
(-0.0047595 0.000637772 -0.0122641)
(-0.00559608 0.00333202 -0.0116482)
(-0.0064428 0.00582537 -0.0105985)
(-0.0071979 0.00796579 -0.00919377)
(-0.00779165 0.00966022 -0.00751764)
(-0.00815816 0.0108709 -0.0056656)
(-0.00821792 0.0116082 -0.00372818)
(-0.00788777 0.0119051 -0.00176705)
(-0.00713228 0.0117827 0.00018567)
(-0.00605459 0.011243 0.00208519)
(-0.00495387 0.0103449 0.00382529)
(-0.00418869 0.00932139 0.0053027)
(-0.00385371 0.00849855 0.00658872)
(-0.00372879 0.00792151 0.00787932)
(-0.00365237 0.00729349 0.00933989)
(-0.00357948 0.0061858 0.0107776)
(-0.00367452 0.00439952 0.0118519)
(-0.00407499 0.00203478 0.0123565)
(-0.0047595 -0.000637771 0.0122641)
(-0.00559608 -0.00333202 0.0116482)
(-0.0064428 -0.00582537 0.0105985)
(-0.0071979 -0.00796579 0.00919377)
(-0.00779165 -0.00966022 0.00751764)
(-0.00815816 -0.0108709 0.0056656)
(-0.00821792 -0.0116082 0.00372818)
(-0.00788777 -0.0119051 0.00176705)
(-0.00713228 -0.0117827 -0.00018567)
(-0.00605459 -0.011243 -0.00208519)
(-0.00495387 -0.0103449 -0.00382529)
(-0.00418869 -0.00932139 -0.0053027)
(-0.00385371 -0.00849854 -0.00658872)
(-0.00536658 -0.0129564 -0.0105988)
(-0.0053503 -0.0119612 -0.0132207)
(-0.00529165 -0.0101685 -0.015552)
(-0.0054222 -0.00743477 -0.0171492)
(-0.00595851 -0.0039486 -0.0178473)
(-0.00688618 -0.000102775 -0.0177364)
(-0.00801889 0.00372217 -0.0169831)
(-0.00916689 0.00725983 -0.0157017)
(-0.0102171 0.0103363 -0.0139588)
(-0.0111023 0.0128375 -0.0118352)
(-0.0117442 0.0147137 -0.00944825)
(-0.012016 0.0159814 -0.00691854)
(-0.0117426 0.0166907 -0.00431958)
(-0.0107712 0.0168647 -0.00166019)
(-0.00915115 0.0164784 0.00104866)
(-0.00732182 0.0155836 0.00367715)
(-0.00596778 0.0144814 0.00603166)
(-0.00546111 0.0135905 0.00819791)
(-0.00536658 0.0129564 0.0105988)
(-0.0053503 0.0119612 0.0132207)
(-0.00529165 0.0101685 0.015552)
(-0.0054222 0.00743477 0.0171492)
(-0.00595851 0.0039486 0.0178473)
(-0.00688618 0.000102772 0.0177364)
(-0.00801889 -0.00372218 0.0169831)
(-0.00916689 -0.00725983 0.0157017)
(-0.0102171 -0.0103363 0.0139588)
(-0.0111023 -0.0128375 0.0118352)
(-0.0117442 -0.0147137 0.00944825)
(-0.012016 -0.0159814 0.00691854)
(-0.0117426 -0.0166908 0.00431958)
(-0.0107712 -0.0168647 0.00166019)
(-0.00915115 -0.0164784 -0.00104866)
(-0.00732182 -0.0155836 -0.00367715)
(-0.00596778 -0.0144814 -0.00603166)
(-0.00546111 -0.0135905 -0.00819791)
(-0.00707093 -0.0174324 -0.0124912)
(-0.00721516 -0.0157138 -0.0159412)
(-0.00716481 -0.0130697 -0.0187158)
(-0.00723052 -0.00950707 -0.0204859)
(-0.00776947 -0.00526662 -0.0212713)
(-0.00883237 -0.000732325 -0.0212685)
(-0.0101788 0.00374206 -0.020648)
(-0.0115451 0.00791851 -0.0194699)
(-0.0127964 0.0116304 -0.0177476)
(-0.0138787 0.0147506 -0.0155435)
(-0.0147222 0.0172137 -0.012984)
(-0.0151731 0.0190304 -0.0102057)
(-0.0149677 0.0202529 -0.00728735)
(-0.0138143 0.0208964 -0.00421883)
(-0.0116971 0.0209071 -0.000976985)
(-0.00925207 0.0203233 0.00234697)
(-0.0074874 0.0194285 0.00562922)
(-0.00690334 0.0185115 0.00894741)
(-0.00707093 0.0174324 0.0124912)
(-0.00721516 0.0157138 0.0159412)
(-0.00716481 0.0130697 0.0187158)
(-0.00723052 0.00950707 0.0204859)
(-0.00776947 0.00526662 0.0212713)
(-0.00883237 0.000732325 0.0212685)
(-0.0101788 -0.00374206 0.020648)
(-0.0115451 -0.00791851 0.0194699)
(-0.0127964 -0.0116304 0.0177476)
(-0.0138787 -0.0147506 0.0155435)
(-0.0147222 -0.0172137 0.012984)
(-0.0151731 -0.0190304 0.0102057)
(-0.0149677 -0.0202529 0.00728735)
(-0.0138143 -0.0208964 0.00421883)
(-0.0116971 -0.0209071 0.000976986)
(-0.00925207 -0.0203233 -0.00234697)
(-0.0074874 -0.0194285 -0.00562922)
(-0.00690334 -0.0185115 -0.00894741)
(-0.00953815 -0.0206001 -0.0136901)
(-0.00963573 -0.017981 -0.0176012)
(-0.00953999 -0.0145649 -0.0204738)
(-0.00951006 -0.0104872 -0.0222415)
(-0.00997056 -0.0059511 -0.0231079)
(-0.0110569 -0.00122484 -0.0233064)
(-0.0125178 0.00344607 -0.0229542)
(-0.0140228 0.00788277 -0.022039)
(-0.0154013 0.011929 -0.0205248)
(-0.0166027 0.0154428 -0.0184559)
(-0.0175718 0.0183387 -0.0159576)
(-0.0181521 0.0206133 -0.0131708)
(-0.0180361 0.0223217 -0.0101762)
(-0.0168485 0.0235005 -0.00694793)
(-0.0145538 0.0241015 -0.00340699)
(-0.0119454 0.0240828 0.000465957)
(-0.0101368 0.0235087 0.0046771)
(-0.00949144 0.0223978 0.00919086)
(-0.00953815 0.0206001 0.0136901)
(-0.00963573 0.017981 0.0176012)
(-0.00953999 0.0145649 0.0204738)
(-0.00951006 0.0104872 0.0222415)
(-0.00997056 0.00595111 0.0231079)
(-0.0110569 0.00122485 0.0233064)
(-0.0125178 -0.00344606 0.0229542)
(-0.0140228 -0.00788276 0.022039)
(-0.0154013 -0.011929 0.0205248)
(-0.0166027 -0.0154428 0.0184559)
(-0.0175718 -0.0183387 0.0159576)
(-0.0181521 -0.0206132 0.0131708)
(-0.0180361 -0.0223217 0.0101762)
(-0.0168485 -0.0235005 0.00694794)
(-0.0145538 -0.0241015 0.00340699)
(-0.0119454 -0.0240828 -0.000465954)
(-0.0101368 -0.0235087 -0.0046771)
(-0.00949144 -0.0223978 -0.00919086)
(-0.0127573 -0.0219692 -0.0138329)
(-0.0127339 -0.0187352 -0.0181004)
(-0.0124994 -0.0148626 -0.0210876)
(-0.0122785 -0.01062 -0.0228933)
(-0.0125155 -0.00616116 -0.023862)
(-0.0134328 -0.00160696 -0.0242504)
(-0.0148378 0.00292315 -0.0241371)
(-0.0163723 0.00731103 -0.0234755)
(-0.0178148 0.0114121 -0.0222082)
(-0.01909 0.015074 -0.0203621)
(-0.0201405 0.0181924 -0.018047)
(-0.0208137 0.0207436 -0.0153899)
(-0.0208019 0.0227757 -0.0124618)
(-0.0197347 0.0243469 -0.00922365)
(-0.0176137 0.0254295 -0.00555146)
(-0.0152157 0.0258872 -0.00133383)
(-0.0135176 0.0255541 0.00347815)
(-0.0128275 0.0242771 0.00871622)
(-0.0127573 0.0219692 0.0138329)
(-0.0127339 0.0187352 0.0181004)
(-0.0124994 0.0148626 0.0210876)
(-0.0122785 0.01062 0.0228933)
(-0.0125155 0.00616117 0.023862)
(-0.0134328 0.00160697 0.0242504)
(-0.0148378 -0.00292314 0.0241371)
(-0.0163723 -0.00731103 0.0234755)
(-0.0178148 -0.0114121 0.0222082)
(-0.01909 -0.015074 0.0203621)
(-0.0201405 -0.0181924 0.018047)
(-0.0208137 -0.0207436 0.0153899)
(-0.0208019 -0.0227757 0.0124618)
(-0.0197347 -0.0243469 0.00922366)
(-0.0176137 -0.0254295 0.00555146)
(-0.0152157 -0.0258872 0.00133383)
(-0.0135176 -0.0255541 -0.00347815)
(-0.0128275 -0.0242771 -0.00871622)
(-0.0164134 -0.0216354 -0.0130884)
(-0.0162549 -0.0182173 -0.0175514)
(-0.01585 -0.0142918 -0.0206831)
(-0.0153907 -0.0101911 -0.0226175)
(-0.0152989 -0.00603774 -0.0237302)
(-0.0158649 -0.00185511 -0.0242846)
(-0.017016 0.00233094 -0.0243519)
(-0.018439 0.00645339 -0.0238914)
(-0.019869 0.0103854 -0.0228534)
(-0.0211768 0.0139758 -0.0212546)
(-0.0222758 0.0171089 -0.0191794)
(-0.0230097 0.0197413 -0.0167255)
(-0.0230984 0.021901 -0.0139416)
(-0.0222498 0.0236419 -0.0107808)
(-0.0205327 0.0249437 -0.00711386)
(-0.0185958 0.0256321 -0.00279926)
(-0.0171879 0.0254359 0.00221845)
(-0.0165613 0.0241208 0.00771932)
(-0.0164134 0.0216354 0.0130884)
(-0.0162549 0.0182173 0.0175514)
(-0.01585 0.0142918 0.0206831)
(-0.0153907 0.0101911 0.0226175)
(-0.0152989 0.00603774 0.0237302)
(-0.0158649 0.00185511 0.0242846)
(-0.017016 -0.00233094 0.0243519)
(-0.018439 -0.00645339 0.0238914)
(-0.019869 -0.0103854 0.0228534)
(-0.0211768 -0.0139758 0.0212546)
(-0.0222758 -0.0171089 0.0191793)
(-0.0230097 -0.0197413 0.0167255)
(-0.0230984 -0.021901 0.0139416)
(-0.0222499 -0.0236419 0.0107808)
(-0.0205327 -0.0249437 0.00711385)
(-0.0185958 -0.0256321 0.00279926)
(-0.0171879 -0.0254359 -0.00221845)
(-0.0165613 -0.0241208 -0.00771932)
(-0.0200747 -0.0199409 -0.0117068)
(-0.0198058 -0.0167264 -0.0161688)
(-0.019276 -0.0131071 -0.0194017)
(-0.018635 -0.00939429 -0.0214964)
(-0.0182413 -0.00568677 -0.0227795)
(-0.018402 -0.00197155 -0.0234976)
(-0.0191681 0.00176619 -0.0237283)
(-0.0203379 0.00549002 -0.0234504)
(-0.0216505 0.00909653 -0.022634)
(-0.0229212 0.0124488 -0.0212927)
(-0.0240166 0.0154316 -0.0194852)
(-0.0247714 0.017987 -0.0172763)
(-0.0249536 0.0201169 -0.0146895)
(-0.0243787 0.0218463 -0.011676)
(-0.023163 0.0231379 -0.0081217)
(-0.0217887 0.0238173 -0.00389833)
(-0.0207673 0.0236188 0.00102742)
(-0.0202707 0.0223288 0.00642217)
(-0.0200747 0.0199409 0.0117068)
(-0.0198058 0.0167264 0.0161688)
(-0.019276 0.0131071 0.0194017)
(-0.018635 0.00939429 0.0214964)
(-0.0182413 0.00568677 0.0227795)
(-0.018402 0.00197155 0.0234976)
(-0.0191681 -0.00176617 0.0237283)
(-0.0203379 -0.00549001 0.0234504)
(-0.0216505 -0.00909651 0.022634)
(-0.0229212 -0.0124488 0.0212927)
(-0.0240166 -0.0154316 0.0194852)
(-0.0247714 -0.017987 0.0172763)
(-0.0249536 -0.0201169 0.0146895)
(-0.0243787 -0.0218463 0.011676)
(-0.023163 -0.0231379 0.0081217)
(-0.0217887 -0.0238173 0.00389833)
(-0.0207673 -0.0236188 -0.00102742)
(-0.0202707 -0.0223288 -0.00642217)
(-0.0233971 -0.0173577 -0.00992678)
(-0.0230477 -0.0145932 -0.014196)
(-0.0224697 -0.0115108 -0.0174356)
(-0.0217699 -0.0083482 -0.0196655)
(-0.0212143 -0.0051783 -0.0211202)
(-0.0210663 -0.00198399 -0.0220064)
(-0.0214439 0.00125295 -0.0224078)
(-0.022271 0.00450549 -0.0223233)
(-0.0233525 0.0076907 -0.0217372)
(-0.0244877 0.0106938 -0.0206609)
(-0.0255066 0.0134089 -0.0191321)
(-0.0262406 0.0157692 -0.0171882)
(-0.0265154 0.0177489 -0.0148342)
(-0.0262374 0.0193342 -0.0120232)
(-0.0255217 0.0204628 -0.00866324)
(-0.0246806 0.0209824 -0.0046635)
(-0.0240207 0.0206951 -3.52672e-05)
(-0.0236409 0.0194721 0.00498967)
(-0.0233971 0.0173576 0.00992678)
(-0.0230477 0.0145932 0.014196)
(-0.0224697 0.0115108 0.0174356)
(-0.0217699 0.00834819 0.0196655)
(-0.0212143 0.00517829 0.0211202)
(-0.0210663 0.00198399 0.0220064)
(-0.0214439 -0.00125295 0.0224078)
(-0.022271 -0.00450548 0.0223233)
(-0.0233525 -0.00769069 0.0217372)
(-0.0244877 -0.0106938 0.0206609)
(-0.0255066 -0.013409 0.0191321)
(-0.0262406 -0.0157692 0.0171882)
(-0.0265154 -0.0177489 0.0148342)
(-0.0262374 -0.0193342 0.0120232)
(-0.0255217 -0.0204628 0.00866323)
(-0.0246806 -0.0209824 0.0046635)
(-0.0240207 -0.0206951 3.52716e-05)
(-0.0236409 -0.0194721 -0.00498967)
(-0.026224 -0.0143607 -0.00795774)
(-0.0258196 -0.0121433 -0.0118821)
(-0.0252569 -0.00967969 -0.0150151)
(-0.0246115 -0.0071277 -0.0173133)
(-0.0240548 -0.00453708 -0.0189096)
(-0.0237699 -0.00189574 -0.019954)
(-0.0238725 0.000807398 -0.0205266)
(-0.0243659 0.00354744 -0.0206419)
(-0.0251459 0.00625702 -0.0202918)
(-0.0260525 0.00884218 -0.01948)
(-0.0269193 0.0112088 -0.0182265)
(-0.0275927 0.0132833 -0.0165507)
(-0.0279498 0.0150164 -0.0144495)
(-0.0279445 0.0163633 -0.0118845)
(-0.0276499 0.0172517 -0.00879157)
(-0.0272292 0.0175691 -0.0051276)
(-0.0268363 0.0172022 -0.000946479)
(-0.0265237 0.0161082 0.00353885)
(-0.026224 0.0143607 0.00795775)
(-0.0258195 0.0121433 0.0118821)
(-0.0252569 0.00967969 0.0150151)
(-0.0246115 0.0071277 0.0173133)
(-0.0240548 0.00453707 0.0189096)
(-0.0237699 0.00189572 0.019954)
(-0.0238725 -0.000807435 0.0205266)
(-0.0243659 -0.00354748 0.0206419)
(-0.0251459 -0.00625705 0.0202918)
(-0.0260526 -0.0088422 0.01948)
(-0.0269193 -0.0112088 0.0182265)
(-0.0275927 -0.0132833 0.0165507)
(-0.0279498 -0.0150164 0.0144495)
(-0.0279445 -0.0163633 0.0118845)
(-0.0276499 -0.0172517 0.00879157)
(-0.0272292 -0.0175691 0.0051276)
(-0.0268363 -0.0172023 0.000946471)
(-0.0265237 -0.0161082 -0.00353885)
(-0.0285575 -0.0113299 -0.00597929)
(-0.0281381 -0.00964503 -0.00945148)
(-0.0276335 -0.0077653 -0.0123596)
(-0.0271016 -0.00579198 -0.0146225)
(-0.0266439 -0.00376312 -0.0162887)
(-0.0263664 -0.00167498 -0.0174485)
(-0.0263443 0.000478494 -0.018166)
(-0.0266004 0.00267912 -0.018462)
(-0.0270948 0.00487695 -0.0183322)
(-0.0277342 0.00699753 -0.0177702)
(-0.0283986 0.00895709 -0.0167793)
(-0.0289722 0.0106777 -0.0153678)
(-0.0293693 0.0120956 -0.0135348)
(-0.0295534 0.0131551 -0.0112593)
(-0.0295431 0.013796 -0.00851181)
(-0.0293948 0.0139529 -0.00529115)
(-0.0291676 0.0135798 -0.00167152)
(-0.0288916 0.0126821 0.00217288)
(-0.0285575 0.0113299 0.0059793)
(-0.0281381 0.00964503 0.00945149)
(-0.0276335 0.0077653 0.0123597)
(-0.0271016 0.00579197 0.0146225)
(-0.0266439 0.00376312 0.0162887)
(-0.0263664 0.00167499 0.0174485)
(-0.0263443 -0.000478477 0.018166)
(-0.0266004 -0.0026791 0.018462)
(-0.0270948 -0.00487694 0.0183322)
(-0.0277342 -0.00699753 0.0177702)
(-0.0283986 -0.00895709 0.0167793)
(-0.0289722 -0.0106777 0.0153678)
(-0.0293693 -0.0120956 0.0135348)
(-0.0295534 -0.0131551 0.0112593)
(-0.0295431 -0.013796 0.00851181)
(-0.0293948 -0.0139529 0.00529115)
(-0.0291676 -0.0135798 0.00167152)
(-0.0288916 -0.0126821 -0.00217287)
(-0.030472 -0.008486 -0.0041395)
(-0.0300997 -0.00726476 -0.00707252)
(-0.0296896 -0.00588291 -0.00963299)
(-0.029287 -0.00440949 -0.0117274)
(-0.0289524 -0.00288164 -0.0133484)
(-0.0287425 -0.0013077 -0.0145362)
(-0.0286958 0.000312993 -0.0153315)
(-0.0288246 0.00197088 -0.0157532)
(-0.0291131 0.00363621 -0.0157979)
(-0.0295176 0.00525766 -0.015453)
(-0.0299742 0.00676709 -0.014709)
(-0.0304145 0.00809049 -0.013566)
(-0.0307806 0.0091625 -0.0120295)
(-0.0310332 0.00993376 -0.0101016)
(-0.0311535 0.0103674 -0.00778578)
(-0.0311415 0.0104363 -0.00510708)
(-0.0310107 0.0101301 -0.00213534)
(-0.0307813 0.00946475 0.00100466)
(-0.030472 0.00848599 0.00413948)
(-0.0300997 0.00726475 0.00707251)
(-0.0296896 0.00588292 0.00963298)
(-0.029287 0.00440951 0.0117274)
(-0.0289524 0.00288163 0.0133484)
(-0.0287426 0.00130768 0.0145362)
(-0.0286958 -0.000313013 0.0153315)
(-0.0288246 -0.0019709 0.0157531)
(-0.0291131 -0.00363622 0.0157979)
(-0.0295176 -0.00525768 0.015453)
(-0.0299742 -0.00676709 0.014709)
(-0.0304145 -0.00809049 0.013566)
(-0.0307805 -0.00916249 0.0120295)
(-0.0310332 -0.00993374 0.0101016)
(-0.0311535 -0.0103673 0.0077858)
(-0.0311415 -0.0104363 0.0051071)
(-0.0310107 -0.0101301 0.00213535)
(-0.0307813 -0.00946475 -0.00100466)
(-0.0320193 -0.00589224 -0.00256647)
(-0.0317573 -0.00505901 -0.0048576)
(-0.0314771 -0.00409813 -0.00692677)
(-0.031209 -0.0030561 -0.00869168)
(-0.0309879 -0.00196764 -0.0101169)
(-0.0308455 -0.000851332 -0.0112041)
(-0.0308021 0.000284954 -0.0119695)
(-0.0308629 0.00143388 -0.0124244)
(-0.0310188 0.0025804 -0.0125681)
(-0.0312491 0.00369658 -0.0123891)
(-0.0315253 0.00473912 -0.0118737)
(-0.0318144 0.00565298 -0.0110169)
(-0.0320816 0.00638579 -0.00982732)
(-0.0322937 0.00690087 -0.0083225)
(-0.0324237 0.00717861 -0.00652567)
(-0.0324563 0.00721095 -0.00447092)
(-0.0323903 0.00699828 -0.00221243)
(-0.0322379 0.00655096 0.000168995)
(-0.0320193 0.00589221 0.00256647)
(-0.0317573 0.00505901 0.00485762)
(-0.0314771 0.00409814 0.00692677)
(-0.031209 0.0030561 0.00869168)
(-0.0309879 0.00196765 0.0101169)
(-0.0308455 0.000851336 0.0112041)
(-0.0308021 -0.00028494 0.0119695)
(-0.0308629 -0.00143386 0.0124244)
(-0.0310188 -0.00258037 0.0125681)
(-0.0312491 -0.00369654 0.0123891)
(-0.0315254 -0.00473906 0.0118737)
(-0.0318144 -0.00565294 0.0110169)
(-0.0320816 -0.00638578 0.0098273)
(-0.0322937 -0.0069009 0.00832247)
(-0.0324238 -0.00717864 0.00652566)
(-0.0324563 -0.00721097 0.00447091)
(-0.0323903 -0.00699831 0.00221242)
(-0.0322379 -0.006551 -0.000168997)
(-0.0331747 -0.00353534 -0.0013376)
(-0.0330556 -0.00303404 -0.00286661)
(-0.0329252 -0.0024481 -0.00428324)
(-0.0327971 -0.00180324 -0.00553243)
(-0.0326861 -0.00112292 -0.00657732)
(-0.032607 -0.000425587 -0.00740013)
(-0.0325708 0.000275261 -0.00799721)
(-0.0325828 0.000969018 -0.00837124)
(-0.0326409 0.00164592 -0.00852346)
(-0.0327374 0.00229424 -0.00844932)
(-0.0328609 0.00289562 -0.00814016)
(-0.0329973 0.00342351 -0.00759132)
(-0.0331303 0.00384828 -0.00680948)
(-0.0332427 0.00414711 -0.00581195)
(-0.033319 0.00430691 -0.0046229)
(-0.0333495 0.00432252 -0.0032713)
(-0.0333318 0.00419445 -0.00179387)
(-0.0332705 0.00392823 -0.00023801)
(-0.0331747 0.00353537 0.00133761)
(-0.0330555 0.0030341 0.00286662)
(-0.0329252 0.00244814 0.00428324)
(-0.032797 0.00180326 0.00553242)
(-0.0326861 0.00112291 0.0065773)
(-0.0326069 0.000425544 0.00740011)
(-0.0325708 -0.000275294 0.00799718)
(-0.0325828 -0.00096907 0.00837119)
(-0.0326409 -0.00164597 0.00852345)
(-0.0327375 -0.00229427 0.00844932)
(-0.0328609 -0.00289567 0.00814012)
(-0.0329973 -0.0034236 0.00759134)
(-0.0331303 -0.0038483 0.00680954)
(-0.0332427 -0.00414702 0.00581202)
(-0.0333189 -0.00430682 0.00462291)
(-0.0333494 -0.00432253 0.00327129)
(-0.0333318 -0.00419447 0.00179387)
(-0.0332705 -0.00392822 0.000238026)
(-0.0338862 -0.0015694 -0.000516029)
(-0.0338767 -0.00135672 -0.00121356)
(-0.0338639 -0.00110258 -0.00186939)
(-0.0338489 -0.000816473 -0.002462)
(-0.0338333 -0.000509302 -0.00297423)
(-0.0338188 -0.000192707 -0.00339442)
(-0.0338072 0.00012335 -0.00371562)
(-0.0337998 0.000433231 -0.00393087)
(-0.0337977 0.000733575 -0.0040333)
(-0.0338021 0.00101986 -0.00401583)
(-0.033813 0.00128465 -0.00387629)
(-0.0338284 0.00151673 -0.00361805)
(-0.0338453 0.00170204 -0.00324722)
(-0.0338615 0.00182925 -0.00277442)
(-0.0338756 0.00189423 -0.00221487)
(-0.033886 0.00189832 -0.00158658)
(-0.0338915 0.00184381 -0.000907839)
(-0.0338914 0.00173332 -0.000199242)
(-0.0338861 0.00156953 0.000516049)
(-0.0338766 0.00135677 0.00121358)
(-0.0338639 0.00110269 0.00186943)
(-0.0338489 0.000816511 0.00246198)
(-0.0338333 0.000509315 0.00297423)
(-0.0338188 0.000192758 0.00339441)
(-0.0338072 -0.000123346 0.00371555)
(-0.0337998 -0.000433283 0.00393074)
(-0.0337977 -0.000733592 0.00403319)
(-0.0338021 -0.00101987 0.00401596)
(-0.033813 -0.00128467 0.00387637)
(-0.0338284 -0.0015166 0.00361788)
(-0.0338453 -0.00170179 0.00324705)
(-0.0338615 -0.00182939 0.00277447)
(-0.0338756 -0.00189485 0.00221501)
(-0.033886 -0.00189828 0.0015866)
(-0.0338915 -0.00184347 0.000907819)
(-0.0338914 -0.00173313 0.000199251)
)
;
    }
    outside
    {
        type            calculated;
        value           nonuniform List<vector> 
540
(
(-0.00143277 -0.00544438 -0.000739234)
(-0.000615831 -0.00538941 -0.00165314)
(-6.90614e-05 -0.00483058 -0.00222241)
(0.000168455 -0.00401056 -0.00244812)
(0.000167188 -0.00312758 -0.00248449)
(-1.23853e-06 -0.00228496 -0.00249043)
(-0.000277664 -0.00152612 -0.00255812)
(-0.000610483 -0.000851244 -0.00271278)
(-0.000966213 -0.000229832 -0.00292969)
(-0.00133652 0.000372431 -0.00315262)
(-0.00172887 0.000965077 -0.00331516)
(-0.0021443 0.00152229 -0.00336122)
(-0.00255617 0.0020025 -0.00325856)
(-0.00290768 0.00240071 -0.0030009)
(-0.00313083 0.00280479 -0.00259271)
(-0.00315351 0.00336917 -0.00202139)
(-0.0028838 0.00414903 -0.00125724)
(-0.0022711 0.00495318 -0.000304945)
(-0.00143277 0.00544438 0.000739234)
(-0.000615831 0.00538941 0.00165314)
(-6.90616e-05 0.00483058 0.00222241)
(0.000168455 0.00401056 0.00244812)
(0.000167188 0.00312758 0.00248449)
(-1.23785e-06 0.00228496 0.00249043)
(-0.000277663 0.00152612 0.00255812)
(-0.000610483 0.000851246 0.00271278)
(-0.000966214 0.000229833 0.00292969)
(-0.00133652 -0.00037243 0.00315262)
(-0.00172887 -0.000965077 0.00331516)
(-0.00214431 -0.00152229 0.00336122)
(-0.00255617 -0.0020025 0.00325856)
(-0.00290768 -0.00240071 0.0030009)
(-0.00313083 -0.0028048 0.00259271)
(-0.00315351 -0.00336917 0.00202139)
(-0.0028838 -0.00414903 0.00125724)
(-0.0022711 -0.00495318 0.000304945)
(-0.00408312 -0.0143757 -0.00461245)
(-0.00186725 -0.0138718 -0.00649342)
(-0.000633501 -0.0123342 -0.00763755)
(-0.000419952 -0.0100783 -0.00829035)
(-0.000923448 -0.00739324 -0.00868753)
(-0.0018278 -0.00458279 -0.00897248)
(-0.00289389 -0.001898 -0.00921804)
(-0.00396629 0.000548732 -0.00944418)
(-0.00497414 0.00277381 -0.0096125)
(-0.00592038 0.00483837 -0.00962965)
(-0.00684756 0.00675939 -0.00937404)
(-0.00778476 0.00846218 -0.00873837)
(-0.00869168 0.00979758 -0.00767706)
(-0.00942791 0.0106459 -0.00624067)
(-0.0097784 0.0111049 -0.00454711)
(-0.00951996 0.0116012 -0.0026425)
(-0.00845932 0.0125644 -0.000415426)
(-0.00653075 0.0137723 0.00211437)
(-0.00408312 0.0143757 0.00461245)
(-0.00186725 0.0138718 0.00649341)
(-0.000633502 0.0123342 0.00763755)
(-0.000419952 0.0100783 0.00829035)
(-0.000923449 0.00739324 0.00868752)
(-0.0018278 0.00458279 0.00897248)
(-0.00289389 0.001898 0.00921804)
(-0.00396629 -0.00054873 0.00944418)
(-0.00497414 -0.00277381 0.0096125)
(-0.00592038 -0.00483836 0.00962965)
(-0.00684756 -0.00675939 0.00937404)
(-0.00778477 -0.00846218 0.00873837)
(-0.00869168 -0.00979758 0.00767706)
(-0.00942791 -0.0106459 0.00624067)
(-0.0097784 -0.0111049 0.00454711)
(-0.00951996 -0.0116012 0.0026425)
(-0.00845932 -0.0125644 0.000415427)
(-0.00653075 -0.0137723 -0.00211437)
(-0.00615088 -0.0206702 -0.00790496)
(-0.00297777 -0.0198239 -0.0107913)
(-0.00198225 -0.0177801 -0.0126776)
(-0.00262449 -0.0146388 -0.0139816)
(-0.00415841 -0.0106647 -0.0149511)
(-0.00600098 -0.00634355 -0.0156506)
(-0.00780818 -0.00211875 -0.016101)
(-0.00942776 0.00178686 -0.0163095)
(-0.0108297 0.00534607 -0.0162488)
(-0.0120602 0.00860541 -0.0158436)
(-0.0132088 0.0115672 -0.014988)
(-0.0143705 0.0141284 -0.0135913)
(-0.0155875 0.0160982 -0.0116395)
(-0.016746 0.0173103 -0.00923655)
(-0.0174363 0.0178404 -0.00654519)
(-0.0169451 0.0182013 -0.00357672)
(-0.014686 0.0190555 -7.25407e-05)
(-0.0107858 0.0202801 0.00400207)
(-0.00615088 0.0206702 0.00790496)
(-0.00297777 0.0198239 0.0107913)
(-0.00198225 0.0177801 0.0126776)
(-0.00262449 0.0146388 0.0139816)
(-0.00415841 0.0106647 0.0149511)
(-0.00600098 0.00634355 0.0156506)
(-0.00780818 0.00211876 0.016101)
(-0.00942776 -0.00178685 0.0163095)
(-0.0108297 -0.00534606 0.0162488)
(-0.0120602 -0.0086054 0.0158436)
(-0.0132088 -0.0115672 0.014988)
(-0.0143705 -0.0141284 0.0135913)
(-0.0155875 -0.0160982 0.0116395)
(-0.016746 -0.0173103 0.00923656)
(-0.0174363 -0.0178404 0.00654519)
(-0.0169451 -0.0182013 0.00357672)
(-0.014686 -0.0190555 7.254e-05)
(-0.0107858 -0.0202801 -0.00400207)
(-0.00805426 -0.0233679 -0.00977728)
(-0.00448866 -0.0230124 -0.0135975)
(-0.00401247 -0.0211551 -0.0164797)
(-0.00567985 -0.0177133 -0.0187322)
(-0.00823309 -0.013101 -0.0204485)
(-0.0107591 -0.00795422 -0.021631)
(-0.0129023 -0.00279828 -0.0222852)
(-0.0146616 0.00207173 -0.0224202)
(-0.0161288 0.00655841 -0.0220406)
(-0.0173948 0.0106517 -0.0211271)
(-0.018563 0.0143141 -0.0196382)
(-0.0197722 0.0174182 -0.0175478)
(-0.02117 0.0197617 -0.014904)
(-0.0227568 0.021172 -0.0118522)
(-0.024007 0.0217058 -0.00850948)
(-0.023579 0.0218075 -0.0047309)
(-0.0201737 0.0220993 -0.00022073)
(-0.0141934 0.0227807 0.00492538)
(-0.00805426 0.0233679 0.00977728)
(-0.00448866 0.0230124 0.0135975)
(-0.00401247 0.0211551 0.0164797)
(-0.00567985 0.0177133 0.0187322)
(-0.00823309 0.013101 0.0204485)
(-0.0107591 0.00795423 0.021631)
(-0.0129023 0.00279828 0.0222852)
(-0.0146616 -0.00207173 0.0224202)
(-0.0161288 -0.0065584 0.0220406)
(-0.0173948 -0.0106517 0.0211271)
(-0.018563 -0.0143141 0.0196382)
(-0.0197722 -0.0174182 0.0175478)
(-0.02117 -0.0197617 0.014904)
(-0.0227568 -0.021172 0.0118522)
(-0.024007 -0.0217058 0.00850948)
(-0.023579 -0.0218075 0.0047309)
(-0.0201737 -0.0220993 0.00022073)
(-0.0141934 -0.0227807 -0.00492538)
(-0.0116008 -0.0242257 -0.00991453)
(-0.00755913 -0.0240025 -0.0146042)
(-0.00683897 -0.0223737 -0.0185501)
(-0.00869932 -0.0191008 -0.0217584)
(-0.0115802 -0.0145442 -0.0242083)
(-0.0142704 -0.00928265 -0.0258988)
(-0.0164016 -0.00380736 -0.0268342)
(-0.0181109 0.00154574 -0.0270126)
(-0.0195795 0.00658705 -0.0264505)
(-0.0208999 0.0112124 -0.0251771)
(-0.0221426 0.0153168 -0.0232253)
(-0.0234379 0.0187388 -0.0206546)
(-0.0249858 0.0212672 -0.0175877)
(-0.0268698 0.0227381 -0.0141823)
(-0.028498 0.0232364 -0.0104382)
(-0.0281583 0.0232364 -0.00607028)
(-0.024382 0.02334 -0.000935035)
(-0.0180058 0.0237729 0.00459479)
(-0.0116008 0.0242257 0.00991453)
(-0.00755914 0.0240025 0.0146042)
(-0.00683897 0.0223737 0.0185501)
(-0.00869932 0.0191008 0.0217584)
(-0.0115802 0.0145442 0.0242083)
(-0.0142704 0.00928265 0.0258988)
(-0.0164016 0.00380735 0.0268342)
(-0.0181109 -0.00154575 0.0270126)
(-0.0195795 -0.00658707 0.0264505)
(-0.0208999 -0.0112125 0.0251771)
(-0.0221426 -0.0153169 0.0232253)
(-0.0234379 -0.0187389 0.0206546)
(-0.0249858 -0.0212672 0.0175877)
(-0.0268698 -0.0227381 0.0141823)
(-0.028498 -0.0232364 0.0104382)
(-0.0281583 -0.0232364 0.00607027)
(-0.024382 -0.02334 0.000935033)
(-0.0180058 -0.0237729 -0.00459479)
(-0.0159673 -0.0239073 -0.00898942)
(-0.0117206 -0.0235325 -0.0142653)
(-0.0104134 -0.0220094 -0.0189883)
(-0.0116621 -0.0190765 -0.0229491)
(-0.0141141 -0.0149454 -0.0260097)
(-0.0165347 -0.0100303 -0.0281672)
(-0.0184933 -0.00470601 -0.0294459)
(-0.0201358 0.000712966 -0.0298301)
(-0.0216571 0.00596726 -0.029313)
(-0.0231223 0.0108497 -0.0279343)
(-0.0245515 0.0151716 -0.0257821)
(-0.0260347 0.0187295 -0.0229991)
(-0.0277582 0.0213118 -0.0197757)
(-0.0297943 0.0227885 -0.0162496)
(-0.0315065 0.0232935 -0.0123099)
(-0.0312596 0.0233218 -0.00766902)
(-0.0278614 0.0234092 -0.0023243)
(-0.0220593 0.0236957 0.00336349)
(-0.0159673 0.0239073 0.00898942)
(-0.0117206 0.0235325 0.0142653)
(-0.0104134 0.0220094 0.0189883)
(-0.0116621 0.0190765 0.0229491)
(-0.0141141 0.0149454 0.0260097)
(-0.0165347 0.0100303 0.0281672)
(-0.0184933 0.004706 0.0294459)
(-0.0201358 -0.000712978 0.0298301)
(-0.0216571 -0.00596727 0.029313)
(-0.0231223 -0.0108497 0.0279343)
(-0.0245515 -0.0151717 0.0257821)
(-0.0260347 -0.0187295 0.0229991)
(-0.0277582 -0.0213118 0.0197757)
(-0.0297943 -0.0227885 0.0162496)
(-0.0315065 -0.0232935 0.0123099)
(-0.0312596 -0.0233218 0.00766902)
(-0.0278614 -0.0234092 0.0023243)
(-0.0220593 -0.0236957 -0.00336349)
(-0.0204225 -0.0224601 -0.00751575)
(-0.0162307 -0.0219362 -0.0131204)
(-0.014321 -0.020545 -0.0183086)
(-0.0146548 -0.0180536 -0.0227733)
(-0.0163185 -0.0145214 -0.0262801)
(-0.0182723 -0.0101857 -0.0287963)
(-0.0200215 -0.00530479 -0.0303799)
(-0.021615 -0.000143108 -0.0310298)
(-0.0232088 0.00501377 -0.0307105)
(-0.0248411 0.00988217 -0.0294399)
(-0.0264921 0.0141976 -0.0273277)
(-0.0282014 0.0177181 -0.0245714)
(-0.0300906 0.020245 -0.0213975)
(-0.0321441 0.0216983 -0.0179076)
(-0.0337221 0.022245 -0.0139436)
(-0.0335266 0.0223326 -0.0092802)
(-0.0307219 0.0223873 -0.00395788)
(-0.0258314 0.0224973 0.00174218)
(-0.0204225 0.0224601 0.00751575)
(-0.0162307 0.0219362 0.0131204)
(-0.014321 0.020545 0.0183086)
(-0.0146548 0.0180536 0.0227733)
(-0.0163185 0.0145214 0.0262801)
(-0.0182723 0.0101857 0.0287963)
(-0.0200215 0.00530479 0.0303799)
(-0.021615 0.00014311 0.0310298)
(-0.0232088 -0.00501376 0.0307105)
(-0.0248411 -0.00988215 0.0294399)
(-0.0264921 -0.0141976 0.0273277)
(-0.0282014 -0.0177181 0.0245714)
(-0.0300906 -0.020245 0.0213975)
(-0.0321441 -0.0216983 0.0179076)
(-0.0337221 -0.022245 0.0139436)
(-0.0335266 -0.0223326 0.0092802)
(-0.0307219 -0.0223873 0.00395788)
(-0.0258314 -0.0224973 -0.00174218)
(-0.0245405 -0.0200516 -0.00581624)
(-0.0206474 -0.0194816 -0.0115158)
(-0.0183293 -0.0183077 -0.0169068)
(-0.0178002 -0.0163159 -0.0216608)
(-0.0186032 -0.0134495 -0.0254847)
(-0.0200137 -0.00980043 -0.0282761)
(-0.0215371 -0.00553412 -0.0300891)
(-0.0230798 -0.000868665 -0.0309624)
(-0.0247159 0.00391629 -0.0308714)
(-0.0264639 0.00850441 -0.0298192)
(-0.0282845 0.0125877 -0.0279115)
(-0.0301682 0.015904 -0.0253556)
(-0.032144 0.018275 -0.0223684)
(-0.0340877 0.0196617 -0.0190178)
(-0.0354233 0.0202339 -0.0151643)
(-0.0352424 0.0203514 -0.0106502)
(-0.0330155 0.0203351 -0.00550566)
(-0.0290895 0.0202703 6.59021e-05)
(-0.0245405 0.0200516 0.00581624)
(-0.0206474 0.0194816 0.0115158)
(-0.0183293 0.0183077 0.0169068)
(-0.0178002 0.0163159 0.0216608)
(-0.0186032 0.0134495 0.0254847)
(-0.0200137 0.00980042 0.0282761)
(-0.0215371 0.00553411 0.0300891)
(-0.0230798 0.000868658 0.0309624)
(-0.0247159 -0.0039163 0.0308714)
(-0.0264639 -0.00850443 0.0298192)
(-0.0282845 -0.0125877 0.0279115)
(-0.0301682 -0.015904 0.0253556)
(-0.032144 -0.018275 0.0223684)
(-0.0340877 -0.0196616 0.0190178)
(-0.0354233 -0.0202339 0.0151643)
(-0.0352424 -0.0203514 0.0106502)
(-0.0330155 -0.0203351 0.00550566)
(-0.0290895 -0.0202703 -6.59048e-05)
(-0.0281797 -0.0170695 -0.00401781)
(-0.024799 -0.0165252 -0.00963116)
(-0.0223594 -0.0155929 -0.0150205)
(-0.0211962 -0.014074 -0.0198744)
(-0.0212118 -0.0118411 -0.0238918)
(-0.0220265 -0.0088896 -0.0269006)
(-0.0232528 -0.00532144 -0.0288949)
(-0.0246929 -0.00131935 -0.0299319)
(-0.0263091 0.00286421 -0.0300373)
(-0.0280838 0.00692901 -0.0292361)
(-0.0299666 0.0105727 -0.0276247)
(-0.0319047 0.0135428 -0.0253792)
(-0.0338349 0.0156822 -0.02267)
(-0.03556 0.0169682 -0.0195448)
(-0.0366257 0.017541 -0.0159163)
(-0.0364646 0.0176655 -0.0116851)
(-0.034779 0.0175829 -0.00685585)
(-0.0317912 0.0173914 -0.00155484)
(-0.0281797 0.0170695 0.00401781)
(-0.024799 0.0165252 0.00963116)
(-0.0223594 0.0155929 0.0150205)
(-0.0211962 0.014074 0.0198743)
(-0.0212118 0.0118411 0.0238918)
(-0.0220265 0.0088896 0.0269006)
(-0.0232528 0.00532143 0.0288949)
(-0.024693 0.00131934 0.0299319)
(-0.0263091 -0.00286422 0.0300373)
(-0.0280838 -0.00692902 0.0292361)
(-0.0299666 -0.0105727 0.0276247)
(-0.0319047 -0.0135428 0.0253792)
(-0.0338349 -0.0156822 0.02267)
(-0.03556 -0.0169682 0.0195448)
(-0.0366257 -0.017541 0.0159163)
(-0.0364646 -0.0176655 0.0116851)
(-0.034779 -0.0175829 0.00685585)
(-0.0317912 -0.0173914 0.00155484)
(-0.0312907 -0.0139725 -0.00220757)
(-0.0285802 -0.0134505 -0.00757876)
(-0.0263063 -0.0126883 -0.0127979)
(-0.02481 -0.0115204 -0.0175736)
(-0.0242131 -0.00979805 -0.0216297)
(-0.0244262 -0.00747 -0.0247641)
(-0.0252431 -0.00460205 -0.0269015)
(-0.0264643 -0.00135061 -0.0280752)
(-0.0279622 0.00207262 -0.0283545)
(-0.0296577 0.00542579 -0.0278114)
(-0.0314737 0.00846486 -0.026542)
(-0.0333181 0.0109816 -0.024673)
(-0.0350647 0.0128419 -0.0223141)
(-0.0365044 0.0140144 -0.0195009)
(-0.0373286 0.0145846 -0.0161972)
(-0.0372273 0.014726 -0.0123497)
(-0.0360581 0.0146145 -0.0079441)
(-0.0339523 0.014353 -0.0030419)
(-0.0312907 0.0139725 0.00220758)
(-0.0285802 0.0134505 0.00757875)
(-0.0263063 0.0126883 0.0127979)
(-0.0248101 0.0115204 0.0175736)
(-0.0242131 0.00979806 0.0216297)
(-0.0244262 0.00747002 0.0247641)
(-0.0252431 0.00460208 0.0269015)
(-0.0264643 0.00135063 0.0280752)
(-0.0279622 -0.0020726 0.0283545)
(-0.0296577 -0.00542575 0.0278114)
(-0.0314737 -0.00846483 0.026542)
(-0.0333181 -0.0109816 0.024673)
(-0.0350647 -0.0128419 0.0223141)
(-0.0365044 -0.0140144 0.0195008)
(-0.0373286 -0.0145846 0.0161971)
(-0.0372273 -0.014726 0.0123496)
(-0.0360581 -0.0146145 0.0079441)
(-0.0339523 -0.014353 0.0030419)
(-0.0338026 -0.0110993 -0.00050649)
(-0.0318297 -0.0105532 -0.00545272)
(-0.0299511 -0.00984314 -0.0103224)
(-0.0284374 -0.00885719 -0.0148409)
(-0.0274916 -0.00747386 -0.0187589)
(-0.0272047 -0.00563954 -0.0218786)
(-0.0275475 -0.00340349 -0.0240889)
(-0.0284074 -0.000897181 -0.0253851)
(-0.0296447 0.00171322 -0.0258421)
(-0.0311305 0.00426162 -0.0255649)
(-0.0327446 0.00659579 -0.0246561)
(-0.034358 0.0085839 -0.023201)
(-0.0358217 0.0101254 -0.0212538)
(-0.0369647 0.0111702 -0.0188344)
(-0.037609 0.0117382 -0.015937)
(-0.0376106 0.0119161 -0.0125429)
(-0.0369133 0.0118155 -0.00864011)
(-0.0355832 0.0115255 -0.00425593)
(-0.0338026 0.0110993 0.000506475)
(-0.0318297 0.0105532 0.00545271)
(-0.0299511 0.00984315 0.0103224)
(-0.0284374 0.00885719 0.014841)
(-0.0274916 0.00747385 0.0187589)
(-0.0272047 0.00563953 0.0218786)
(-0.0275475 0.00340349 0.0240889)
(-0.0284074 0.000897188 0.0253851)
(-0.0296447 -0.00171321 0.0258421)
(-0.0311305 -0.00426162 0.0255649)
(-0.0327446 -0.0065958 0.0246561)
(-0.034358 -0.0085839 0.023201)
(-0.0358217 -0.0101254 0.0212538)
(-0.0369647 -0.0111701 0.0188344)
(-0.037609 -0.0117382 0.015937)
(-0.0376106 -0.011916 0.0125429)
(-0.0369133 -0.0118155 0.00864012)
(-0.0355832 -0.0115255 0.00425592)
(-0.0356159 -0.00856568 0.00091244)
(-0.0343441 -0.0079662 -0.00338093)
(-0.0329948 -0.0072246 -0.00767374)
(-0.0317393 -0.00629019 -0.0117258)
(-0.0307574 -0.00509806 -0.0153113)
(-0.0301967 -0.00362283 -0.0182473)
(-0.0301345 -0.00190891 -0.020417)
(-0.0305625 -5.88661e-05 -0.0217887)
(-0.0314013 0.00180477 -0.0224138)
(-0.0325293 0.00357755 -0.022394)
(-0.0338048 0.00519222 -0.0218332)
(-0.0350779 0.00660801 -0.0207954)
(-0.036207 0.00777964 -0.0192974)
(-0.0370748 0.00865112 -0.0173367)
(-0.0375927 0.00918581 -0.0149165)
(-0.0377032 0.00939296 -0.012045)
(-0.0373862 0.00932057 -0.00873054)
(-0.0366668 0.00902785 -0.00499664)
(-0.0356159 0.0085657 -0.000912446)
(-0.0343441 0.00796621 0.00338095)
(-0.0329948 0.00722459 0.00767375)
(-0.0317393 0.00629018 0.0117258)
(-0.0307573 0.00509806 0.0153113)
(-0.0301967 0.00362286 0.0182473)
(-0.0301345 0.00190894 0.020417)
(-0.0305625 5.88724e-05 0.0217887)
(-0.0314013 -0.00180476 0.0224138)
(-0.0325294 -0.00357755 0.022394)
(-0.0338048 -0.00519222 0.0218332)
(-0.0350779 -0.00660801 0.0207954)
(-0.036207 -0.00777961 0.0192973)
(-0.0370748 -0.00865112 0.0173367)
(-0.0375927 -0.00918582 0.0149165)
(-0.0377032 -0.00939297 0.012045)
(-0.0373862 -0.0093206 0.0087305)
(-0.0366668 -0.00902787 0.0049966)
(-0.0366667 -0.00626155 0.0018033)
(-0.0359791 -0.00564486 -0.00158644)
(-0.035183 -0.00488719 -0.0050266)
(-0.0343622 -0.00398677 -0.00834215)
(-0.0336225 -0.00293579 -0.0113503)
(-0.0330767 -0.00174361 -0.0138917)
(-0.0328183 -0.000451954 -0.0158541)
(-0.0328962 0.000867583 -0.0171868)
(-0.033302 0.00212863 -0.0179058)
(-0.0339716 0.00325813 -0.0180829)
(-0.0347968 0.00423213 -0.0178103)
(-0.0356478 0.00507923 -0.0171475)
(-0.0364107 0.00582478 -0.0160977)
(-0.0370106 0.0064405 -0.0146418)
(-0.0374042 0.00686443 -0.0127793)
(-0.0375681 0.00705138 -0.0105327)
(-0.0374931 0.00699595 -0.00793097)
(-0.037185 0.00672166 -0.00500503)
(-0.0366667 0.00626159 -0.00180328)
(-0.0359791 0.00564485 0.00158646)
(-0.035183 0.00488717 0.00502661)
(-0.0343622 0.00398676 0.00834215)
(-0.0336225 0.00293577 0.0113503)
(-0.0330768 0.00174359 0.0138917)
(-0.0328183 0.000451917 0.0158541)
(-0.0328962 -0.000867627 0.0171868)
(-0.033302 -0.00212867 0.0179057)
(-0.0339716 -0.00325812 0.0180829)
(-0.0347968 -0.00423212 0.0178103)
(-0.0356478 -0.00507921 0.0171475)
(-0.0364107 -0.00582486 0.0160977)
(-0.0370106 -0.00644054 0.0146418)
(-0.0374042 -0.0068644 0.0127793)
(-0.0375681 -0.00705135 0.0105327)
(-0.0374931 -0.00699592 0.00793096)
(-0.037185 -0.00672163 0.00500502)
(-0.0369913 -0.00394763 0.00189038)
(-0.0367264 -0.00343241 -0.000368212)
(-0.0364008 -0.00279503 -0.00268107)
(-0.0360439 -0.00205341 -0.00495137)
(-0.0356938 -0.0012287 -0.00706802)
(-0.0353965 -0.000347917 -0.00892097)
(-0.0351998 0.000554309 -0.0104168)
(-0.0351433 0.00143138 -0.0114945)
(-0.0352452 0.00222223 -0.0121392)
(-0.0354937 0.00286655 -0.0123877)
(-0.0358457 0.00334359 -0.012306)
(-0.0362369 0.00369781 -0.0119475)
(-0.0366041 0.00400148 -0.0113215)
(-0.0369071 0.00428047 -0.0104089)
(-0.0371243 0.00449867 -0.00920045)
(-0.037244 0.00459911 -0.0077119)
(-0.0372604 0.00454372 -0.00597431)
(-0.0371739 0.00432332 -0.00402146)
(-0.0369912 0.00394747 -0.00189046)
(-0.0367264 0.00343231 0.00036811)
(-0.0364008 0.00279501 0.00268099)
(-0.0360439 0.00205346 0.00495135)
(-0.0356938 0.00122882 0.00706808)
(-0.0353964 0.000348012 0.00892102)
(-0.0351998 -0.00055418 0.0104169)
(-0.0351433 -0.00143117 0.0114947)
(-0.0352453 -0.00222213 0.0121393)
(-0.0354938 -0.00286669 0.0123876)
(-0.0358458 -0.00334368 0.0123059)
(-0.0362369 -0.00369787 0.0119475)
(-0.0366041 -0.00400131 0.0113215)
(-0.036907 -0.00428026 0.0104089)
(-0.0371243 -0.00449868 0.0092004)
(-0.037244 -0.00459923 0.00771187)
(-0.0372604 -0.00454383 0.0059743)
(-0.0371739 -0.00432342 0.00402144)
(-0.0367407 -0.00165122 0.0011787)
(-0.0367291 -0.00138149 0.000112383)
(-0.0367143 -0.00104758 -0.000982985)
(-0.0366999 -0.000661162 -0.00206954)
(-0.0366897 -0.000230613 -0.0030997)
(-0.0366859 0.000236149 -0.00401837)
(-0.0366893 0.000719251 -0.00477367)
(-0.0366998 0.00117857 -0.00533149)
(-0.0367165 0.00156224 -0.00568633)
(-0.0367361 0.00182959 -0.00586129)
(-0.0367538 0.0019731 -0.00588255)
(-0.0367659 0.00201663 -0.0057644)
(-0.0367703 0.00200518 -0.00551255)
(-0.0367681 0.00198783 -0.00512555)
(-0.0367627 0.00198755 -0.00459579)
(-0.0367573 0.00198789 -0.00392)
(-0.0367529 0.00195052 -0.00310934)
(-0.0367482 0.00184259 -0.00218665)
(-0.0367407 0.0016511 -0.00117873)
(-0.0367291 0.00138163 -0.000112324)
(-0.0367143 0.00104764 0.000983017)
(-0.0366999 0.000661274 0.00206963)
(-0.0366897 0.000230772 0.00309979)
(-0.0366859 -0.000236045 0.00401845)
(-0.0366893 -0.000719565 0.00477328)
(-0.0366998 -0.00117904 0.00533076)
(-0.0367164 -0.00156203 0.00568696)
(-0.036736 -0.00182943 0.00586191)
(-0.0367538 -0.00197307 0.00588234)
(-0.0367658 -0.00201638 0.00576413)
(-0.0367703 -0.0020053 0.00551255)
(-0.0367681 -0.00198848 0.00512578)
(-0.0367627 -0.0019875 0.00459579)
(-0.0367572 -0.00198739 0.00391998)
(-0.0367529 -0.00195057 0.00310934)
(-0.0367482 -0.00184289 0.00218659)
)
;
    }
}


// ************************************************************************* //
