/*--------------------------------*- C++ -*----------------------------------*\
| =========                 |                                                 |
| \\      /  F ield         | OpenFOAM: The Open Source CFD Toolbox           |
|  \\    /   O peration     | Version:  v2012                                 |
|   \\  /    A nd           | Website:  www.openfoam.com                      |
|    \\/     M anipulation  |                                                 |
\*---------------------------------------------------------------------------*/
FoamFile
{
    version     2.0;
    format      ascii;
    class       volScalarField;
    location    "constant";
    object      z;
}
// * * * * * * * * * * * * * * * * * * * * * * * * * * * * * * * * * * * * * //

dimensions      [0 1 0 0 0 0 0];


internalField   nonuniform List<scalar> 
3240
(
0.00402536
0.00402536
0.00402536
0.00402536
0.00402536
0.00402536
0.00402536
0.00402536
0.00402536
0.00402536
0.00402536
0.00402536
0.00402536
0.00402536
0.00402536
0.00402536
0.00402536
0.00402536
0.00402536
0.00402536
0.00402536
0.00402536
0.00402536
0.00402536
0.00402536
0.00402536
0.00402536
0.00402536
0.00402536
0.00402536
0.00402536
0.00402536
0.00402536
0.00402536
0.00402536
0.00402536
0.00402536
0.00402536
0.00402536
0.00402536
0.00402536
0.00402536
0.00402536
0.00402536
0.00402536
0.00402536
0.00402536
0.00402536
0.00402536
0.00402536
0.00402536
0.00402536
0.00402536
0.00402536
0.00402536
0.00402536
0.00402536
0.00402536
0.00402536
0.00402536
0.00402536
0.00402536
0.00402536
0.00402536
0.00402536
0.00402536
0.00402536
0.00402536
0.00402536
0.00402536
0.00402536
0.00402536
0.00402362
0.00402362
0.00402362
0.00402362
0.00402362
0.00402362
0.00402362
0.00402362
0.00402362
0.00402362
0.00402362
0.00402362
0.00402362
0.00402362
0.00402362
0.00402362
0.00402362
0.00402362
0.00402362
0.00402362
0.00402362
0.00402362
0.00402362
0.00402362
0.00402362
0.00402362
0.00402362
0.00402362
0.00402362
0.00402362
0.00402362
0.00402362
0.00402362
0.00402362
0.00402362
0.00402362
0.00402362
0.00402362
0.00402362
0.00402362
0.00402362
0.00402362
0.00402362
0.00402362
0.00402362
0.00402362
0.00402362
0.00402362
0.00402362
0.00402362
0.00402362
0.00402362
0.00402362
0.00402362
0.00402362
0.00402362
0.00402362
0.00402362
0.00402362
0.00402362
0.00402362
0.00402362
0.00402362
0.00402362
0.00402362
0.00402362
0.00402362
0.00402362
0.00402362
0.00402362
0.00402362
0.00402362
0.00402312
0.00402312
0.00402312
0.00402312
0.00402312
0.00402312
0.00402312
0.00402312
0.00402312
0.00402312
0.00402312
0.00402312
0.00402312
0.00402312
0.00402312
0.00402312
0.00402312
0.00402312
0.00402312
0.00402312
0.00402312
0.00402312
0.00402312
0.00402312
0.00402312
0.00402312
0.00402312
0.00402312
0.00402312
0.00402312
0.00402312
0.00402312
0.00402312
0.00402312
0.00402312
0.00402312
0.00402312
0.00402312
0.00402312
0.00402312
0.00402312
0.00402312
0.00402312
0.00402312
0.00402312
0.00402312
0.00402312
0.00402312
0.00402312
0.00402312
0.00402312
0.00402312
0.00402312
0.00402312
0.00402312
0.00402312
0.00402312
0.00402312
0.00402312
0.00402312
0.00402312
0.00402312
0.00402312
0.00402312
0.00402312
0.00402312
0.00402312
0.00402312
0.00402312
0.00402312
0.00402312
0.00402312
0.0020867
0.0020867
0.0020867
0.0020867
0.0020867
0.0020867
0.0020867
0.0020867
0.0020867
0.0020867
0.0020867
0.0020867
0.0020867
0.0020867
0.0020867
0.0020867
0.0020867
0.0020867
0.0020867
0.0020867
0.0020867
0.0020867
0.0020867
0.0020867
0.0020867
0.0020867
0.0020867
0.0020867
0.0020867
0.0020867
0.0020867
0.0020867
0.0020867
0.0020867
0.0020867
0.0020867
0.0020867
0.0020867
0.0020867
0.0020867
0.0020867
0.0020867
0.0020867
0.0020867
0.0020867
0.0020867
0.0020867
0.0020867
0.0020867
0.0020867
0.0020867
0.0020867
0.0020867
0.0020867
0.0020867
0.0020867
0.0020867
0.0020867
0.0020867
0.0020867
0.0020867
0.0020867
0.0020867
0.0020867
0.0020867
0.0020867
0.0020867
0.0020867
0.0020867
0.0020867
0.0020867
0.0020867
0.00208971
0.00208971
0.00208971
0.00208971
0.00208971
0.00208971
0.00208971
0.00208971
0.00208971
0.00208971
0.00208971
0.00208971
0.00208971
0.00208971
0.00208971
0.00208971
0.00208971
0.00208971
0.00208971
0.00208971
0.00208971
0.00208971
0.00208971
0.00208971
0.00208971
0.00208971
0.00208971
0.00208971
0.00208971
0.00208971
0.00208971
0.00208971
0.00208971
0.00208971
0.00208971
0.00208971
0.00208971
0.00208971
0.00208971
0.00208971
0.00208971
0.00208971
0.00208971
0.00208971
0.00208971
0.00208971
0.00208971
0.00208971
0.00208971
0.00208971
0.00208971
0.00208971
0.00208971
0.00208971
0.00208971
0.00208971
0.00208971
0.00208971
0.00208971
0.00208971
0.00208971
0.00208971
0.00208971
0.00208971
0.00208971
0.00208971
0.00208971
0.00208971
0.00208971
0.00208971
0.00208971
0.00208971
0.00209658
0.00209658
0.00209658
0.00209658
0.00209658
0.00209658
0.00209658
0.00209658
0.00209658
0.00209658
0.00209658
0.00209658
0.00209658
0.00209658
0.00209658
0.00209658
0.00209658
0.00209658
0.00209658
0.00209658
0.00209658
0.00209658
0.00209658
0.00209658
0.00209658
0.00209658
0.00209658
0.00209658
0.00209658
0.00209658
0.00209658
0.00209658
0.00209658
0.00209658
0.00209658
0.00209658
0.00209658
0.00209658
0.00209658
0.00209658
0.00209658
0.00209658
0.00209658
0.00209658
0.00209658
0.00209658
0.00209658
0.00209658
0.00209658
0.00209658
0.00209658
0.00209658
0.00209658
0.00209658
0.00209658
0.00209658
0.00209658
0.00209658
0.00209658
0.00209658
0.00209658
0.00209658
0.00209658
0.00209658
0.00209658
0.00209658
0.00209658
0.00209658
0.00209658
0.00209658
0.00209658
0.00209658
0.000151064
0.000151065
0.000151066
0.000151065
0.000151064
0.000151066
0.000151067
0.000151065
0.000151065
0.000151065
0.000151065
0.000151067
0.000151066
0.000151064
0.000151065
0.000151066
0.000151065
0.000151064
0.000151064
0.000151065
0.000151066
0.000151065
0.000151064
0.000151066
0.000151067
0.000151065
0.000151065
0.000151065
0.000151065
0.000151067
0.000151066
0.000151064
0.000151065
0.000151066
0.000151065
0.000151064
0.000151064
0.000151065
0.000151066
0.000151065
0.000151064
0.000151066
0.000151067
0.000151065
0.000151065
0.000151065
0.000151065
0.000151067
0.000151066
0.000151064
0.000151065
0.000151066
0.000151065
0.000151064
0.000151064
0.000151065
0.000151066
0.000151065
0.000151064
0.000151066
0.000151067
0.000151065
0.000151065
0.000151065
0.000151065
0.000151067
0.000151066
0.000151064
0.000151065
0.000151066
0.000151065
0.000151064
0.000175192
0.000175191
0.000175192
0.000175191
0.000175192
0.000175192
0.000175193
0.000175192
0.000175192
0.000175192
0.000175192
0.000175193
0.000175192
0.000175192
0.000175191
0.000175192
0.000175191
0.000175192
0.000175192
0.000175191
0.000175192
0.000175191
0.000175192
0.000175192
0.000175193
0.000175192
0.000175192
0.000175192
0.000175192
0.000175193
0.000175192
0.000175192
0.000175191
0.000175192
0.000175191
0.000175192
0.000175192
0.000175191
0.000175192
0.000175191
0.000175192
0.000175192
0.000175193
0.000175192
0.000175192
0.000175192
0.000175192
0.000175193
0.000175192
0.000175192
0.000175191
0.000175192
0.000175191
0.000175192
0.000175192
0.000175191
0.000175192
0.000175191
0.000175192
0.000175192
0.000175193
0.000175192
0.000175192
0.000175192
0.000175192
0.000175193
0.000175192
0.000175192
0.000175191
0.000175192
0.000175191
0.000175192
0.000205334
0.000205336
0.000205335
0.000205335
0.000205334
0.000205333
0.000205333
0.000205333
0.000205334
0.000205334
0.000205333
0.000205333
0.000205333
0.000205334
0.000205335
0.000205335
0.000205336
0.000205334
0.000205334
0.000205336
0.000205335
0.000205335
0.000205334
0.000205333
0.000205333
0.000205333
0.000205334
0.000205334
0.000205333
0.000205333
0.000205333
0.000205334
0.000205335
0.000205335
0.000205336
0.000205334
0.000205334
0.000205336
0.000205335
0.000205335
0.000205334
0.000205333
0.000205333
0.000205333
0.000205334
0.000205334
0.000205333
0.000205333
0.000205333
0.000205334
0.000205335
0.000205335
0.000205336
0.000205334
0.000205334
0.000205336
0.000205335
0.000205335
0.000205334
0.000205333
0.000205333
0.000205333
0.000205334
0.000205334
0.000205333
0.000205333
0.000205333
0.000205334
0.000205335
0.000205335
0.000205336
0.000205334
-0.00177698
-0.00177698
-0.00177699
-0.00177698
-0.00177698
-0.00177698
-0.00177699
-0.00177698
-0.00177698
-0.00177698
-0.00177698
-0.00177699
-0.00177698
-0.00177698
-0.00177698
-0.00177699
-0.00177698
-0.00177698
-0.00177698
-0.00177698
-0.00177699
-0.00177698
-0.00177698
-0.00177698
-0.00177699
-0.00177698
-0.00177698
-0.00177698
-0.00177698
-0.00177699
-0.00177698
-0.00177698
-0.00177698
-0.00177699
-0.00177698
-0.00177698
-0.00177698
-0.00177698
-0.00177699
-0.00177698
-0.00177698
-0.00177698
-0.00177699
-0.00177698
-0.00177698
-0.00177698
-0.00177698
-0.00177699
-0.00177698
-0.00177698
-0.00177698
-0.00177699
-0.00177698
-0.00177698
-0.00177698
-0.00177698
-0.00177699
-0.00177698
-0.00177698
-0.00177698
-0.00177699
-0.00177698
-0.00177698
-0.00177698
-0.00177698
-0.00177699
-0.00177698
-0.00177698
-0.00177698
-0.00177699
-0.00177698
-0.00177698
-0.00171589
-0.00171589
-0.00171589
-0.00171589
-0.00171589
-0.00171589
-0.00171589
-0.00171589
-0.00171589
-0.00171589
-0.00171589
-0.00171589
-0.00171589
-0.00171589
-0.00171589
-0.00171589
-0.00171589
-0.00171589
-0.00171589
-0.00171589
-0.00171589
-0.00171589
-0.00171589
-0.00171589
-0.00171589
-0.00171589
-0.00171589
-0.00171589
-0.00171589
-0.00171589
-0.00171589
-0.00171589
-0.00171589
-0.00171589
-0.00171589
-0.00171589
-0.00171589
-0.00171589
-0.00171589
-0.00171589
-0.00171589
-0.00171589
-0.00171589
-0.00171589
-0.00171589
-0.00171589
-0.00171589
-0.00171589
-0.00171589
-0.00171589
-0.00171589
-0.00171589
-0.00171589
-0.00171589
-0.00171589
-0.00171589
-0.00171589
-0.00171589
-0.00171589
-0.00171589
-0.00171589
-0.00171589
-0.00171589
-0.00171589
-0.00171589
-0.00171589
-0.00171589
-0.00171589
-0.00171589
-0.00171589
-0.00171589
-0.00171589
-0.00164707
-0.00164707
-0.00164707
-0.00164707
-0.00164707
-0.00164707
-0.00164707
-0.00164707
-0.00164707
-0.00164707
-0.00164707
-0.00164707
-0.00164707
-0.00164707
-0.00164707
-0.00164707
-0.00164707
-0.00164707
-0.00164707
-0.00164707
-0.00164707
-0.00164707
-0.00164707
-0.00164707
-0.00164707
-0.00164707
-0.00164707
-0.00164707
-0.00164707
-0.00164707
-0.00164707
-0.00164707
-0.00164707
-0.00164707
-0.00164707
-0.00164707
-0.00164707
-0.00164707
-0.00164707
-0.00164707
-0.00164707
-0.00164707
-0.00164707
-0.00164707
-0.00164707
-0.00164707
-0.00164707
-0.00164707
-0.00164707
-0.00164707
-0.00164707
-0.00164707
-0.00164707
-0.00164707
-0.00164707
-0.00164707
-0.00164707
-0.00164707
-0.00164707
-0.00164707
-0.00164707
-0.00164707
-0.00164707
-0.00164707
-0.00164707
-0.00164707
-0.00164707
-0.00164707
-0.00164707
-0.00164707
-0.00164707
-0.00164707
-0.00369304
-0.00369304
-0.00369304
-0.00369303
-0.00369304
-0.00369304
-0.00369304
-0.00369304
-0.00369304
-0.00369304
-0.00369304
-0.00369304
-0.00369304
-0.00369304
-0.00369303
-0.00369304
-0.00369304
-0.00369304
-0.00369304
-0.00369304
-0.00369304
-0.00369303
-0.00369304
-0.00369304
-0.00369304
-0.00369304
-0.00369304
-0.00369304
-0.00369304
-0.00369304
-0.00369304
-0.00369304
-0.00369303
-0.00369304
-0.00369304
-0.00369304
-0.00369304
-0.00369304
-0.00369304
-0.00369303
-0.00369304
-0.00369304
-0.00369304
-0.00369304
-0.00369304
-0.00369304
-0.00369304
-0.00369304
-0.00369304
-0.00369304
-0.00369303
-0.00369304
-0.00369304
-0.00369304
-0.00369304
-0.00369304
-0.00369304
-0.00369303
-0.00369304
-0.00369304
-0.00369304
-0.00369304
-0.00369304
-0.00369304
-0.00369304
-0.00369304
-0.00369304
-0.00369304
-0.00369303
-0.00369304
-0.00369304
-0.00369304
-0.00357992
-0.00357992
-0.00357992
-0.00357992
-0.00357992
-0.00357992
-0.00357992
-0.00357992
-0.00357992
-0.00357992
-0.00357992
-0.00357992
-0.00357992
-0.00357992
-0.00357992
-0.00357992
-0.00357992
-0.00357992
-0.00357992
-0.00357992
-0.00357992
-0.00357992
-0.00357992
-0.00357992
-0.00357992
-0.00357992
-0.00357992
-0.00357992
-0.00357992
-0.00357992
-0.00357992
-0.00357992
-0.00357992
-0.00357992
-0.00357992
-0.00357992
-0.00357992
-0.00357992
-0.00357992
-0.00357992
-0.00357992
-0.00357992
-0.00357992
-0.00357992
-0.00357992
-0.00357992
-0.00357992
-0.00357992
-0.00357992
-0.00357992
-0.00357992
-0.00357992
-0.00357992
-0.00357992
-0.00357992
-0.00357992
-0.00357992
-0.00357992
-0.00357992
-0.00357992
-0.00357992
-0.00357992
-0.00357992
-0.00357992
-0.00357992
-0.00357992
-0.00357992
-0.00357992
-0.00357992
-0.00357992
-0.00357992
-0.00357992
-0.00345779
-0.00345779
-0.00345779
-0.00345779
-0.00345779
-0.00345779
-0.00345778
-0.00345779
-0.00345779
-0.00345779
-0.00345779
-0.00345778
-0.00345779
-0.00345779
-0.00345779
-0.00345779
-0.00345779
-0.00345779
-0.00345779
-0.00345779
-0.00345779
-0.00345779
-0.00345779
-0.00345779
-0.00345778
-0.00345779
-0.00345779
-0.00345779
-0.00345779
-0.00345778
-0.00345779
-0.00345779
-0.00345779
-0.00345779
-0.00345779
-0.00345779
-0.00345779
-0.00345779
-0.00345779
-0.00345779
-0.00345779
-0.00345779
-0.00345778
-0.00345779
-0.00345779
-0.00345779
-0.00345779
-0.00345778
-0.00345779
-0.00345779
-0.00345779
-0.00345779
-0.00345779
-0.00345779
-0.00345779
-0.00345779
-0.00345779
-0.00345779
-0.00345779
-0.00345779
-0.00345778
-0.00345779
-0.00345779
-0.00345779
-0.00345779
-0.00345778
-0.00345779
-0.00345779
-0.00345779
-0.00345779
-0.00345779
-0.00345779
-0.00559245
-0.00559245
-0.00559245
-0.00559245
-0.00559245
-0.00559245
-0.00559245
-0.00559245
-0.00559245
-0.00559245
-0.00559245
-0.00559245
-0.00559245
-0.00559245
-0.00559245
-0.00559245
-0.00559245
-0.00559245
-0.00559245
-0.00559245
-0.00559245
-0.00559245
-0.00559245
-0.00559245
-0.00559245
-0.00559245
-0.00559245
-0.00559245
-0.00559245
-0.00559245
-0.00559245
-0.00559245
-0.00559245
-0.00559245
-0.00559245
-0.00559245
-0.00559245
-0.00559245
-0.00559245
-0.00559245
-0.00559245
-0.00559245
-0.00559245
-0.00559245
-0.00559245
-0.00559245
-0.00559245
-0.00559245
-0.00559245
-0.00559245
-0.00559245
-0.00559245
-0.00559245
-0.00559245
-0.00559245
-0.00559245
-0.00559245
-0.00559245
-0.00559245
-0.00559245
-0.00559245
-0.00559245
-0.00559245
-0.00559245
-0.00559245
-0.00559245
-0.00559245
-0.00559245
-0.00559245
-0.00559245
-0.00559245
-0.00559245
-0.00541316
-0.00541316
-0.00541316
-0.00541316
-0.00541316
-0.00541316
-0.00541316
-0.00541316
-0.00541316
-0.00541316
-0.00541316
-0.00541316
-0.00541316
-0.00541316
-0.00541316
-0.00541316
-0.00541316
-0.00541316
-0.00541316
-0.00541316
-0.00541316
-0.00541316
-0.00541316
-0.00541316
-0.00541316
-0.00541316
-0.00541316
-0.00541316
-0.00541316
-0.00541316
-0.00541316
-0.00541316
-0.00541316
-0.00541316
-0.00541316
-0.00541316
-0.00541316
-0.00541316
-0.00541316
-0.00541316
-0.00541316
-0.00541316
-0.00541316
-0.00541316
-0.00541316
-0.00541316
-0.00541316
-0.00541316
-0.00541316
-0.00541316
-0.00541316
-0.00541316
-0.00541316
-0.00541316
-0.00541316
-0.00541316
-0.00541316
-0.00541316
-0.00541316
-0.00541316
-0.00541316
-0.00541316
-0.00541316
-0.00541316
-0.00541316
-0.00541316
-0.00541316
-0.00541316
-0.00541316
-0.00541316
-0.00541316
-0.00541316
-0.00522399
-0.00522399
-0.00522399
-0.00522399
-0.00522399
-0.00522399
-0.00522399
-0.00522399
-0.00522399
-0.00522399
-0.00522399
-0.00522399
-0.00522399
-0.00522399
-0.00522399
-0.00522399
-0.00522399
-0.00522399
-0.00522399
-0.00522399
-0.00522399
-0.00522399
-0.00522399
-0.00522399
-0.00522399
-0.00522399
-0.00522399
-0.00522399
-0.00522399
-0.00522399
-0.00522399
-0.00522399
-0.00522399
-0.00522399
-0.00522399
-0.00522399
-0.00522399
-0.00522399
-0.00522399
-0.00522399
-0.00522399
-0.00522399
-0.00522399
-0.00522399
-0.00522399
-0.00522399
-0.00522399
-0.00522399
-0.00522399
-0.00522399
-0.00522399
-0.00522399
-0.00522399
-0.00522399
-0.00522399
-0.00522399
-0.00522399
-0.00522399
-0.00522399
-0.00522399
-0.00522399
-0.00522399
-0.00522399
-0.00522399
-0.00522399
-0.00522399
-0.00522399
-0.00522399
-0.00522399
-0.00522399
-0.00522399
-0.00522399
-0.00746964
-0.00746964
-0.00746964
-0.00746964
-0.00746964
-0.00746964
-0.00746964
-0.00746964
-0.00746964
-0.00746964
-0.00746964
-0.00746964
-0.00746964
-0.00746964
-0.00746964
-0.00746964
-0.00746964
-0.00746964
-0.00746964
-0.00746964
-0.00746964
-0.00746964
-0.00746964
-0.00746964
-0.00746964
-0.00746964
-0.00746964
-0.00746964
-0.00746964
-0.00746964
-0.00746964
-0.00746964
-0.00746964
-0.00746964
-0.00746964
-0.00746964
-0.00746964
-0.00746964
-0.00746964
-0.00746964
-0.00746964
-0.00746964
-0.00746964
-0.00746964
-0.00746964
-0.00746964
-0.00746964
-0.00746964
-0.00746964
-0.00746964
-0.00746964
-0.00746964
-0.00746964
-0.00746964
-0.00746964
-0.00746964
-0.00746964
-0.00746964
-0.00746964
-0.00746964
-0.00746964
-0.00746964
-0.00746964
-0.00746964
-0.00746964
-0.00746964
-0.00746964
-0.00746964
-0.00746964
-0.00746964
-0.00746964
-0.00746964
-0.00721121
-0.00721121
-0.0072112
-0.0072112
-0.00721121
-0.00721121
-0.00721121
-0.00721121
-0.0072112
-0.0072112
-0.00721121
-0.00721121
-0.00721121
-0.00721121
-0.0072112
-0.0072112
-0.00721121
-0.00721121
-0.00721121
-0.00721121
-0.0072112
-0.0072112
-0.00721121
-0.00721121
-0.00721121
-0.00721121
-0.0072112
-0.0072112
-0.00721121
-0.00721121
-0.00721121
-0.00721121
-0.0072112
-0.0072112
-0.00721121
-0.00721121
-0.00721121
-0.00721121
-0.0072112
-0.0072112
-0.00721121
-0.00721121
-0.00721121
-0.00721121
-0.0072112
-0.0072112
-0.00721121
-0.00721121
-0.00721121
-0.00721121
-0.0072112
-0.0072112
-0.00721121
-0.00721121
-0.00721121
-0.00721121
-0.0072112
-0.0072112
-0.00721121
-0.00721121
-0.00721121
-0.00721121
-0.0072112
-0.0072112
-0.00721121
-0.00721121
-0.00721121
-0.00721121
-0.0072112
-0.0072112
-0.00721121
-0.00721121
-0.00694242
-0.00694242
-0.00694242
-0.00694242
-0.00694242
-0.00694242
-0.00694242
-0.00694242
-0.00694242
-0.00694242
-0.00694242
-0.00694242
-0.00694242
-0.00694242
-0.00694242
-0.00694242
-0.00694242
-0.00694242
-0.00694242
-0.00694242
-0.00694242
-0.00694242
-0.00694242
-0.00694242
-0.00694242
-0.00694242
-0.00694242
-0.00694242
-0.00694242
-0.00694242
-0.00694242
-0.00694242
-0.00694242
-0.00694242
-0.00694242
-0.00694242
-0.00694242
-0.00694242
-0.00694242
-0.00694242
-0.00694242
-0.00694242
-0.00694242
-0.00694242
-0.00694242
-0.00694242
-0.00694242
-0.00694242
-0.00694242
-0.00694242
-0.00694242
-0.00694242
-0.00694242
-0.00694242
-0.00694242
-0.00694242
-0.00694242
-0.00694242
-0.00694242
-0.00694242
-0.00694242
-0.00694242
-0.00694242
-0.00694242
-0.00694242
-0.00694242
-0.00694242
-0.00694242
-0.00694242
-0.00694242
-0.00694242
-0.00694242
-0.0093176
-0.0093176
-0.0093176
-0.0093176
-0.0093176
-0.0093176
-0.0093176
-0.0093176
-0.0093176
-0.0093176
-0.0093176
-0.0093176
-0.0093176
-0.0093176
-0.0093176
-0.0093176
-0.0093176
-0.0093176
-0.0093176
-0.0093176
-0.0093176
-0.0093176
-0.0093176
-0.0093176
-0.0093176
-0.0093176
-0.0093176
-0.0093176
-0.0093176
-0.0093176
-0.0093176
-0.0093176
-0.0093176
-0.0093176
-0.0093176
-0.0093176
-0.0093176
-0.0093176
-0.0093176
-0.0093176
-0.0093176
-0.0093176
-0.0093176
-0.0093176
-0.0093176
-0.0093176
-0.0093176
-0.0093176
-0.0093176
-0.0093176
-0.0093176
-0.0093176
-0.0093176
-0.0093176
-0.0093176
-0.0093176
-0.0093176
-0.0093176
-0.0093176
-0.0093176
-0.0093176
-0.0093176
-0.0093176
-0.0093176
-0.0093176
-0.0093176
-0.0093176
-0.0093176
-0.0093176
-0.0093176
-0.0093176
-0.0093176
-0.00896858
-0.00896858
-0.00896858
-0.00896858
-0.00896858
-0.00896858
-0.00896858
-0.00896858
-0.00896858
-0.00896858
-0.00896858
-0.00896858
-0.00896858
-0.00896858
-0.00896858
-0.00896858
-0.00896858
-0.00896858
-0.00896858
-0.00896858
-0.00896858
-0.00896858
-0.00896858
-0.00896858
-0.00896858
-0.00896858
-0.00896858
-0.00896858
-0.00896858
-0.00896858
-0.00896858
-0.00896858
-0.00896858
-0.00896858
-0.00896858
-0.00896858
-0.00896858
-0.00896858
-0.00896858
-0.00896858
-0.00896858
-0.00896858
-0.00896858
-0.00896858
-0.00896858
-0.00896858
-0.00896858
-0.00896858
-0.00896858
-0.00896858
-0.00896858
-0.00896858
-0.00896858
-0.00896858
-0.00896858
-0.00896858
-0.00896858
-0.00896858
-0.00896858
-0.00896858
-0.00896858
-0.00896858
-0.00896858
-0.00896858
-0.00896858
-0.00896858
-0.00896858
-0.00896858
-0.00896858
-0.00896858
-0.00896858
-0.00896858
-0.00860914
-0.00860914
-0.00860914
-0.00860914
-0.00860914
-0.00860914
-0.00860914
-0.00860914
-0.00860914
-0.00860914
-0.00860914
-0.00860914
-0.00860914
-0.00860914
-0.00860914
-0.00860914
-0.00860914
-0.00860914
-0.00860914
-0.00860914
-0.00860914
-0.00860914
-0.00860914
-0.00860914
-0.00860914
-0.00860914
-0.00860914
-0.00860914
-0.00860914
-0.00860914
-0.00860914
-0.00860914
-0.00860914
-0.00860914
-0.00860914
-0.00860914
-0.00860914
-0.00860914
-0.00860914
-0.00860914
-0.00860914
-0.00860914
-0.00860914
-0.00860914
-0.00860914
-0.00860914
-0.00860914
-0.00860914
-0.00860914
-0.00860914
-0.00860914
-0.00860914
-0.00860914
-0.00860914
-0.00860914
-0.00860914
-0.00860914
-0.00860914
-0.00860914
-0.00860914
-0.00860914
-0.00860914
-0.00860914
-0.00860914
-0.00860914
-0.00860914
-0.00860914
-0.00860914
-0.00860914
-0.00860914
-0.00860914
-0.00860914
-0.0111269
-0.0111269
-0.0111269
-0.0111269
-0.0111269
-0.0111269
-0.0111269
-0.0111269
-0.0111269
-0.0111269
-0.0111269
-0.0111269
-0.0111269
-0.0111269
-0.0111269
-0.0111269
-0.0111269
-0.0111269
-0.0111269
-0.0111269
-0.0111269
-0.0111269
-0.0111269
-0.0111269
-0.0111269
-0.0111269
-0.0111269
-0.0111269
-0.0111269
-0.0111269
-0.0111269
-0.0111269
-0.0111269
-0.0111269
-0.0111269
-0.0111269
-0.0111269
-0.0111269
-0.0111269
-0.0111269
-0.0111269
-0.0111269
-0.0111269
-0.0111269
-0.0111269
-0.0111269
-0.0111269
-0.0111269
-0.0111269
-0.0111269
-0.0111269
-0.0111269
-0.0111269
-0.0111269
-0.0111269
-0.0111269
-0.0111269
-0.0111269
-0.0111269
-0.0111269
-0.0111269
-0.0111269
-0.0111269
-0.0111269
-0.0111269
-0.0111269
-0.0111269
-0.0111269
-0.0111269
-0.0111269
-0.0111269
-0.0111269
-0.0106777
-0.0106777
-0.0106777
-0.0106777
-0.0106777
-0.0106777
-0.0106777
-0.0106777
-0.0106777
-0.0106777
-0.0106777
-0.0106777
-0.0106777
-0.0106777
-0.0106777
-0.0106777
-0.0106777
-0.0106777
-0.0106777
-0.0106777
-0.0106777
-0.0106777
-0.0106777
-0.0106777
-0.0106777
-0.0106777
-0.0106777
-0.0106777
-0.0106777
-0.0106777
-0.0106777
-0.0106777
-0.0106777
-0.0106777
-0.0106777
-0.0106777
-0.0106777
-0.0106777
-0.0106777
-0.0106777
-0.0106777
-0.0106777
-0.0106777
-0.0106777
-0.0106777
-0.0106777
-0.0106777
-0.0106777
-0.0106777
-0.0106777
-0.0106777
-0.0106777
-0.0106777
-0.0106777
-0.0106777
-0.0106777
-0.0106777
-0.0106777
-0.0106777
-0.0106777
-0.0106777
-0.0106777
-0.0106777
-0.0106777
-0.0106777
-0.0106777
-0.0106777
-0.0106777
-0.0106777
-0.0106777
-0.0106777
-0.0106777
-0.0102184
-0.0102184
-0.0102184
-0.0102184
-0.0102184
-0.0102184
-0.0102184
-0.0102184
-0.0102184
-0.0102184
-0.0102184
-0.0102184
-0.0102184
-0.0102184
-0.0102184
-0.0102184
-0.0102184
-0.0102184
-0.0102184
-0.0102184
-0.0102184
-0.0102184
-0.0102184
-0.0102184
-0.0102184
-0.0102184
-0.0102184
-0.0102184
-0.0102184
-0.0102184
-0.0102184
-0.0102184
-0.0102184
-0.0102184
-0.0102184
-0.0102184
-0.0102184
-0.0102184
-0.0102184
-0.0102184
-0.0102184
-0.0102184
-0.0102184
-0.0102184
-0.0102184
-0.0102184
-0.0102184
-0.0102184
-0.0102184
-0.0102184
-0.0102184
-0.0102184
-0.0102184
-0.0102184
-0.0102184
-0.0102184
-0.0102184
-0.0102184
-0.0102184
-0.0102184
-0.0102184
-0.0102184
-0.0102184
-0.0102184
-0.0102184
-0.0102184
-0.0102184
-0.0102184
-0.0102184
-0.0102184
-0.0102184
-0.0102184
-0.0128836
-0.0128836
-0.0128836
-0.0128836
-0.0128836
-0.0128836
-0.0128836
-0.0128836
-0.0128836
-0.0128836
-0.0128836
-0.0128836
-0.0128836
-0.0128836
-0.0128836
-0.0128836
-0.0128836
-0.0128836
-0.0128836
-0.0128836
-0.0128836
-0.0128836
-0.0128836
-0.0128836
-0.0128836
-0.0128836
-0.0128836
-0.0128836
-0.0128836
-0.0128836
-0.0128836
-0.0128836
-0.0128836
-0.0128836
-0.0128836
-0.0128836
-0.0128836
-0.0128836
-0.0128836
-0.0128836
-0.0128836
-0.0128836
-0.0128836
-0.0128836
-0.0128836
-0.0128836
-0.0128836
-0.0128836
-0.0128836
-0.0128836
-0.0128836
-0.0128836
-0.0128836
-0.0128836
-0.0128836
-0.0128836
-0.0128836
-0.0128836
-0.0128836
-0.0128836
-0.0128836
-0.0128836
-0.0128836
-0.0128836
-0.0128836
-0.0128836
-0.0128836
-0.0128836
-0.0128836
-0.0128836
-0.0128836
-0.0128836
-0.0123273
-0.0123273
-0.0123272
-0.0123273
-0.0123273
-0.0123273
-0.0123273
-0.0123273
-0.0123273
-0.0123273
-0.0123273
-0.0123273
-0.0123273
-0.0123273
-0.0123273
-0.0123272
-0.0123273
-0.0123273
-0.0123273
-0.0123273
-0.0123272
-0.0123273
-0.0123273
-0.0123273
-0.0123273
-0.0123273
-0.0123273
-0.0123273
-0.0123273
-0.0123273
-0.0123273
-0.0123273
-0.0123273
-0.0123272
-0.0123273
-0.0123273
-0.0123273
-0.0123273
-0.0123272
-0.0123273
-0.0123273
-0.0123273
-0.0123273
-0.0123273
-0.0123273
-0.0123273
-0.0123273
-0.0123273
-0.0123273
-0.0123273
-0.0123273
-0.0123272
-0.0123273
-0.0123273
-0.0123273
-0.0123273
-0.0123272
-0.0123273
-0.0123273
-0.0123273
-0.0123273
-0.0123273
-0.0123273
-0.0123273
-0.0123273
-0.0123273
-0.0123273
-0.0123273
-0.0123273
-0.0123272
-0.0123273
-0.0123273
-0.0117614
-0.0117614
-0.0117614
-0.0117614
-0.0117614
-0.0117614
-0.0117614
-0.0117614
-0.0117614
-0.0117614
-0.0117614
-0.0117614
-0.0117614
-0.0117614
-0.0117614
-0.0117614
-0.0117614
-0.0117614
-0.0117614
-0.0117614
-0.0117614
-0.0117614
-0.0117614
-0.0117614
-0.0117614
-0.0117614
-0.0117614
-0.0117614
-0.0117614
-0.0117614
-0.0117614
-0.0117614
-0.0117614
-0.0117614
-0.0117614
-0.0117614
-0.0117614
-0.0117614
-0.0117614
-0.0117614
-0.0117614
-0.0117614
-0.0117614
-0.0117614
-0.0117614
-0.0117614
-0.0117614
-0.0117614
-0.0117614
-0.0117614
-0.0117614
-0.0117614
-0.0117614
-0.0117614
-0.0117614
-0.0117614
-0.0117614
-0.0117614
-0.0117614
-0.0117614
-0.0117614
-0.0117614
-0.0117614
-0.0117614
-0.0117614
-0.0117614
-0.0117614
-0.0117614
-0.0117614
-0.0117614
-0.0117614
-0.0117614
-0.0145661
-0.0145661
-0.0145661
-0.0145661
-0.0145661
-0.0145661
-0.0145661
-0.0145661
-0.0145661
-0.0145661
-0.0145661
-0.0145661
-0.0145661
-0.0145661
-0.0145661
-0.0145661
-0.0145661
-0.0145661
-0.0145661
-0.0145661
-0.0145661
-0.0145661
-0.0145661
-0.0145661
-0.0145661
-0.0145661
-0.0145661
-0.0145661
-0.0145661
-0.0145661
-0.0145661
-0.0145661
-0.0145661
-0.0145661
-0.0145661
-0.0145661
-0.0145661
-0.0145661
-0.0145661
-0.0145661
-0.0145661
-0.0145661
-0.0145661
-0.0145661
-0.0145661
-0.0145661
-0.0145661
-0.0145661
-0.0145661
-0.0145661
-0.0145661
-0.0145661
-0.0145661
-0.0145661
-0.0145661
-0.0145661
-0.0145661
-0.0145661
-0.0145661
-0.0145661
-0.0145661
-0.0145661
-0.0145661
-0.0145661
-0.0145661
-0.0145661
-0.0145661
-0.0145661
-0.0145661
-0.0145661
-0.0145661
-0.0145661
-0.0138993
-0.0138993
-0.0138993
-0.0138993
-0.0138993
-0.0138993
-0.0138993
-0.0138993
-0.0138993
-0.0138993
-0.0138993
-0.0138993
-0.0138993
-0.0138993
-0.0138993
-0.0138993
-0.0138993
-0.0138993
-0.0138993
-0.0138993
-0.0138993
-0.0138993
-0.0138993
-0.0138993
-0.0138993
-0.0138993
-0.0138993
-0.0138993
-0.0138993
-0.0138993
-0.0138993
-0.0138993
-0.0138993
-0.0138993
-0.0138993
-0.0138993
-0.0138993
-0.0138993
-0.0138993
-0.0138993
-0.0138993
-0.0138993
-0.0138993
-0.0138993
-0.0138993
-0.0138993
-0.0138993
-0.0138993
-0.0138993
-0.0138993
-0.0138993
-0.0138993
-0.0138993
-0.0138993
-0.0138993
-0.0138993
-0.0138993
-0.0138993
-0.0138993
-0.0138993
-0.0138993
-0.0138993
-0.0138993
-0.0138993
-0.0138993
-0.0138993
-0.0138993
-0.0138993
-0.0138993
-0.0138993
-0.0138993
-0.0138993
-0.0132241
-0.0132241
-0.0132241
-0.0132241
-0.0132241
-0.0132241
-0.0132241
-0.0132241
-0.0132241
-0.0132241
-0.0132241
-0.0132241
-0.0132241
-0.0132241
-0.0132241
-0.0132241
-0.0132241
-0.0132241
-0.0132241
-0.0132241
-0.0132241
-0.0132241
-0.0132241
-0.0132241
-0.0132241
-0.0132241
-0.0132241
-0.0132241
-0.0132241
-0.0132241
-0.0132241
-0.0132241
-0.0132241
-0.0132241
-0.0132241
-0.0132241
-0.0132241
-0.0132241
-0.0132241
-0.0132241
-0.0132241
-0.0132241
-0.0132241
-0.0132241
-0.0132241
-0.0132241
-0.0132241
-0.0132241
-0.0132241
-0.0132241
-0.0132241
-0.0132241
-0.0132241
-0.0132241
-0.0132241
-0.0132241
-0.0132241
-0.0132241
-0.0132241
-0.0132241
-0.0132241
-0.0132241
-0.0132241
-0.0132241
-0.0132241
-0.0132241
-0.0132241
-0.0132241
-0.0132241
-0.0132241
-0.0132241
-0.0132241
-0.016138
-0.016138
-0.016138
-0.016138
-0.016138
-0.016138
-0.016138
-0.016138
-0.016138
-0.016138
-0.016138
-0.016138
-0.016138
-0.016138
-0.016138
-0.016138
-0.016138
-0.016138
-0.016138
-0.016138
-0.016138
-0.016138
-0.016138
-0.016138
-0.016138
-0.016138
-0.016138
-0.016138
-0.016138
-0.016138
-0.016138
-0.016138
-0.016138
-0.016138
-0.016138
-0.016138
-0.016138
-0.016138
-0.016138
-0.016138
-0.016138
-0.016138
-0.016138
-0.016138
-0.016138
-0.016138
-0.016138
-0.016138
-0.016138
-0.016138
-0.016138
-0.016138
-0.016138
-0.016138
-0.016138
-0.016138
-0.016138
-0.016138
-0.016138
-0.016138
-0.016138
-0.016138
-0.016138
-0.016138
-0.016138
-0.016138
-0.016138
-0.016138
-0.016138
-0.016138
-0.016138
-0.016138
-0.0153635
-0.0153634
-0.0153634
-0.0153635
-0.0153635
-0.0153635
-0.0153634
-0.0153635
-0.0153634
-0.0153634
-0.0153635
-0.0153634
-0.0153635
-0.0153635
-0.0153635
-0.0153634
-0.0153634
-0.0153635
-0.0153635
-0.0153634
-0.0153634
-0.0153635
-0.0153635
-0.0153635
-0.0153634
-0.0153635
-0.0153634
-0.0153634
-0.0153635
-0.0153634
-0.0153635
-0.0153635
-0.0153635
-0.0153634
-0.0153634
-0.0153635
-0.0153635
-0.0153634
-0.0153634
-0.0153635
-0.0153635
-0.0153635
-0.0153634
-0.0153635
-0.0153634
-0.0153634
-0.0153635
-0.0153634
-0.0153635
-0.0153635
-0.0153635
-0.0153634
-0.0153634
-0.0153635
-0.0153635
-0.0153634
-0.0153634
-0.0153635
-0.0153635
-0.0153635
-0.0153634
-0.0153635
-0.0153634
-0.0153634
-0.0153635
-0.0153634
-0.0153635
-0.0153635
-0.0153635
-0.0153634
-0.0153634
-0.0153635
-0.0145819
-0.0145819
-0.0145819
-0.0145819
-0.0145819
-0.0145819
-0.0145819
-0.0145819
-0.0145819
-0.0145819
-0.0145819
-0.0145819
-0.0145819
-0.0145819
-0.0145819
-0.0145819
-0.0145819
-0.0145819
-0.0145819
-0.0145819
-0.0145819
-0.0145819
-0.0145819
-0.0145819
-0.0145819
-0.0145819
-0.0145819
-0.0145819
-0.0145819
-0.0145819
-0.0145819
-0.0145819
-0.0145819
-0.0145819
-0.0145819
-0.0145819
-0.0145819
-0.0145819
-0.0145819
-0.0145819
-0.0145819
-0.0145819
-0.0145819
-0.0145819
-0.0145819
-0.0145819
-0.0145819
-0.0145819
-0.0145819
-0.0145819
-0.0145819
-0.0145819
-0.0145819
-0.0145819
-0.0145819
-0.0145819
-0.0145819
-0.0145819
-0.0145819
-0.0145819
-0.0145819
-0.0145819
-0.0145819
-0.0145819
-0.0145819
-0.0145819
-0.0145819
-0.0145819
-0.0145819
-0.0145819
-0.0145819
-0.0145819
-0.0175356
-0.0175356
-0.0175356
-0.0175356
-0.0175356
-0.0175356
-0.0175356
-0.0175356
-0.0175356
-0.0175356
-0.0175356
-0.0175356
-0.0175356
-0.0175356
-0.0175356
-0.0175356
-0.0175356
-0.0175356
-0.0175356
-0.0175356
-0.0175356
-0.0175356
-0.0175356
-0.0175356
-0.0175356
-0.0175356
-0.0175356
-0.0175356
-0.0175356
-0.0175356
-0.0175356
-0.0175356
-0.0175356
-0.0175356
-0.0175356
-0.0175356
-0.0175356
-0.0175356
-0.0175356
-0.0175356
-0.0175356
-0.0175356
-0.0175356
-0.0175356
-0.0175356
-0.0175356
-0.0175356
-0.0175356
-0.0175356
-0.0175356
-0.0175356
-0.0175356
-0.0175356
-0.0175356
-0.0175356
-0.0175356
-0.0175356
-0.0175356
-0.0175356
-0.0175356
-0.0175356
-0.0175356
-0.0175356
-0.0175356
-0.0175356
-0.0175356
-0.0175356
-0.0175356
-0.0175356
-0.0175356
-0.0175356
-0.0175356
-0.0166645
-0.0166645
-0.0166645
-0.0166645
-0.0166645
-0.0166645
-0.0166645
-0.0166645
-0.0166645
-0.0166645
-0.0166645
-0.0166645
-0.0166645
-0.0166645
-0.0166645
-0.0166645
-0.0166645
-0.0166645
-0.0166645
-0.0166645
-0.0166645
-0.0166645
-0.0166645
-0.0166645
-0.0166645
-0.0166645
-0.0166645
-0.0166645
-0.0166645
-0.0166645
-0.0166645
-0.0166645
-0.0166645
-0.0166645
-0.0166645
-0.0166645
-0.0166645
-0.0166645
-0.0166645
-0.0166645
-0.0166645
-0.0166645
-0.0166645
-0.0166645
-0.0166645
-0.0166645
-0.0166645
-0.0166645
-0.0166645
-0.0166645
-0.0166645
-0.0166645
-0.0166645
-0.0166645
-0.0166645
-0.0166645
-0.0166645
-0.0166645
-0.0166645
-0.0166645
-0.0166645
-0.0166645
-0.0166645
-0.0166645
-0.0166645
-0.0166645
-0.0166645
-0.0166645
-0.0166645
-0.0166645
-0.0166645
-0.0166645
-0.015788
-0.015788
-0.015788
-0.015788
-0.015788
-0.015788
-0.015788
-0.015788
-0.015788
-0.015788
-0.015788
-0.015788
-0.015788
-0.015788
-0.015788
-0.015788
-0.015788
-0.015788
-0.015788
-0.015788
-0.015788
-0.015788
-0.015788
-0.015788
-0.015788
-0.015788
-0.015788
-0.015788
-0.015788
-0.015788
-0.015788
-0.015788
-0.015788
-0.015788
-0.015788
-0.015788
-0.015788
-0.015788
-0.015788
-0.015788
-0.015788
-0.015788
-0.015788
-0.015788
-0.015788
-0.015788
-0.015788
-0.015788
-0.015788
-0.015788
-0.015788
-0.015788
-0.015788
-0.015788
-0.015788
-0.015788
-0.015788
-0.015788
-0.015788
-0.015788
-0.015788
-0.015788
-0.015788
-0.015788
-0.015788
-0.015788
-0.015788
-0.015788
-0.015788
-0.015788
-0.015788
-0.015788
-0.0186437
-0.0186437
-0.0186437
-0.0186437
-0.0186437
-0.0186437
-0.0186437
-0.0186437
-0.0186437
-0.0186437
-0.0186437
-0.0186437
-0.0186437
-0.0186437
-0.0186437
-0.0186437
-0.0186437
-0.0186437
-0.0186437
-0.0186437
-0.0186437
-0.0186437
-0.0186437
-0.0186437
-0.0186437
-0.0186437
-0.0186437
-0.0186437
-0.0186437
-0.0186437
-0.0186437
-0.0186437
-0.0186437
-0.0186437
-0.0186437
-0.0186437
-0.0186437
-0.0186437
-0.0186437
-0.0186437
-0.0186437
-0.0186437
-0.0186437
-0.0186437
-0.0186437
-0.0186437
-0.0186437
-0.0186437
-0.0186437
-0.0186437
-0.0186437
-0.0186437
-0.0186437
-0.0186437
-0.0186437
-0.0186437
-0.0186437
-0.0186437
-0.0186437
-0.0186437
-0.0186437
-0.0186437
-0.0186437
-0.0186437
-0.0186437
-0.0186437
-0.0186437
-0.0186437
-0.0186437
-0.0186437
-0.0186437
-0.0186437
-0.017699
-0.017699
-0.017699
-0.017699
-0.017699
-0.017699
-0.017699
-0.017699
-0.017699
-0.017699
-0.017699
-0.017699
-0.017699
-0.017699
-0.017699
-0.017699
-0.017699
-0.017699
-0.017699
-0.017699
-0.017699
-0.017699
-0.017699
-0.017699
-0.017699
-0.017699
-0.017699
-0.017699
-0.017699
-0.017699
-0.017699
-0.017699
-0.017699
-0.017699
-0.017699
-0.017699
-0.017699
-0.017699
-0.017699
-0.017699
-0.017699
-0.017699
-0.017699
-0.017699
-0.017699
-0.017699
-0.017699
-0.017699
-0.017699
-0.017699
-0.017699
-0.017699
-0.017699
-0.017699
-0.017699
-0.017699
-0.017699
-0.017699
-0.017699
-0.017699
-0.017699
-0.017699
-0.017699
-0.017699
-0.017699
-0.017699
-0.017699
-0.017699
-0.017699
-0.017699
-0.017699
-0.017699
-0.0167511
-0.0167511
-0.0167511
-0.0167511
-0.0167511
-0.0167511
-0.0167511
-0.0167511
-0.0167511
-0.0167511
-0.0167511
-0.0167511
-0.0167511
-0.0167511
-0.0167511
-0.0167511
-0.0167511
-0.0167511
-0.0167511
-0.0167511
-0.0167511
-0.0167511
-0.0167511
-0.0167511
-0.0167511
-0.0167511
-0.0167511
-0.0167511
-0.0167511
-0.0167511
-0.0167511
-0.0167511
-0.0167511
-0.0167511
-0.0167511
-0.0167511
-0.0167511
-0.0167511
-0.0167511
-0.0167511
-0.0167511
-0.0167511
-0.0167511
-0.0167511
-0.0167511
-0.0167511
-0.0167511
-0.0167511
-0.0167511
-0.0167511
-0.0167511
-0.0167511
-0.0167511
-0.0167511
-0.0167511
-0.0167511
-0.0167511
-0.0167511
-0.0167511
-0.0167511
-0.0167511
-0.0167511
-0.0167511
-0.0167511
-0.0167511
-0.0167511
-0.0167511
-0.0167511
-0.0167511
-0.0167511
-0.0167511
-0.0167511
-0.0192812
-0.0192812
-0.0192812
-0.0192812
-0.0192812
-0.0192812
-0.0192812
-0.0192812
-0.0192812
-0.0192812
-0.0192812
-0.0192812
-0.0192812
-0.0192812
-0.0192812
-0.0192812
-0.0192812
-0.0192812
-0.0192812
-0.0192812
-0.0192812
-0.0192812
-0.0192812
-0.0192812
-0.0192812
-0.0192812
-0.0192812
-0.0192812
-0.0192812
-0.0192812
-0.0192812
-0.0192812
-0.0192812
-0.0192812
-0.0192812
-0.0192812
-0.0192812
-0.0192812
-0.0192812
-0.0192812
-0.0192812
-0.0192812
-0.0192812
-0.0192812
-0.0192812
-0.0192812
-0.0192812
-0.0192812
-0.0192812
-0.0192812
-0.0192812
-0.0192812
-0.0192812
-0.0192812
-0.0192812
-0.0192812
-0.0192812
-0.0192812
-0.0192812
-0.0192812
-0.0192812
-0.0192812
-0.0192812
-0.0192812
-0.0192812
-0.0192812
-0.0192812
-0.0192812
-0.0192812
-0.0192812
-0.0192812
-0.0192812
-0.018297
-0.018297
-0.018297
-0.018297
-0.018297
-0.018297
-0.018297
-0.018297
-0.018297
-0.018297
-0.018297
-0.018297
-0.018297
-0.018297
-0.018297
-0.018297
-0.018297
-0.018297
-0.018297
-0.018297
-0.018297
-0.018297
-0.018297
-0.018297
-0.018297
-0.018297
-0.018297
-0.018297
-0.018297
-0.018297
-0.018297
-0.018297
-0.018297
-0.018297
-0.018297
-0.018297
-0.018297
-0.018297
-0.018297
-0.018297
-0.018297
-0.018297
-0.018297
-0.018297
-0.018297
-0.018297
-0.018297
-0.018297
-0.018297
-0.018297
-0.018297
-0.018297
-0.018297
-0.018297
-0.018297
-0.018297
-0.018297
-0.018297
-0.018297
-0.018297
-0.018297
-0.018297
-0.018297
-0.018297
-0.018297
-0.018297
-0.018297
-0.018297
-0.018297
-0.018297
-0.018297
-0.018297
-0.0173116
-0.0173116
-0.0173116
-0.0173116
-0.0173116
-0.0173116
-0.0173116
-0.0173116
-0.0173116
-0.0173116
-0.0173116
-0.0173116
-0.0173116
-0.0173116
-0.0173116
-0.0173116
-0.0173116
-0.0173116
-0.0173116
-0.0173116
-0.0173116
-0.0173116
-0.0173116
-0.0173116
-0.0173116
-0.0173116
-0.0173116
-0.0173116
-0.0173116
-0.0173116
-0.0173116
-0.0173116
-0.0173116
-0.0173116
-0.0173116
-0.0173116
-0.0173116
-0.0173116
-0.0173116
-0.0173116
-0.0173116
-0.0173116
-0.0173116
-0.0173116
-0.0173116
-0.0173116
-0.0173116
-0.0173116
-0.0173116
-0.0173116
-0.0173116
-0.0173116
-0.0173116
-0.0173116
-0.0173116
-0.0173116
-0.0173116
-0.0173116
-0.0173116
-0.0173116
-0.0173116
-0.0173116
-0.0173116
-0.0173116
-0.0173116
-0.0173116
-0.0173116
-0.0173116
-0.0173116
-0.0173116
-0.0173116
-0.0173116
)
;

boundaryField
{
    fixed
    {
        type            calculated;
        value           nonuniform List<scalar> 
216
(
0.005
0.005
0.005
0.005
0.005
0.005
0.005
0.005
0.005
0.005
0.005
0.005
0.005
0.005
0.005
0.005
0.005
0.005
0.005
0.005
0.005
0.005
0.005
0.005
0.005
0.005
0.005
0.005
0.005
0.005
0.005
0.005
0.005
0.005
0.005
0.005
0.005
0.005
0.005
0.005
0.005
0.005
0.005
0.005
0.005
0.005
0.005
0.005
0.005
0.005
0.005
0.005
0.005
0.005
0.005
0.005
0.005
0.005
0.005
0.005
0.005
0.005
0.005
0.005
0.005
0.005
0.005
0.005
0.005
0.005
0.005
0.005
0.005
0.005
0.005
0.005
0.005
0.005
0.005
0.005
0.005
0.005
0.005
0.005
0.005
0.005
0.005
0.005
0.005
0.005
0.005
0.005
0.005
0.005
0.005
0.005
0.005
0.005
0.005
0.005
0.005
0.005
0.005
0.005
0.005
0.005
0.005
0.005
0.005
0.005
0.005
0.005
0.005
0.005
0.005
0.005
0.005
0.005
0.005
0.005
0.005
0.005
0.005
0.005
0.005
0.005
0.005
0.005
0.005
0.005
0.005
0.005
0.005
0.005
0.005
0.005
0.005
0.005
0.005
0.005
0.005
0.005
0.005
0.005
0.005
0.005
0.005
0.005
0.005
0.005
0.005
0.005
0.005
0.005
0.005
0.005
0.005
0.005
0.005
0.005
0.005
0.005
0.005
0.005
0.005
0.005
0.005
0.005
0.005
0.005
0.005
0.005
0.005
0.005
0.005
0.005
0.005
0.005
0.005
0.005
0.005
0.005
0.005
0.005
0.005
0.005
0.005
0.005
0.005
0.005
0.005
0.005
0.005
0.005
0.005
0.005
0.005
0.005
0.005
0.005
0.005
0.005
0.005
0.005
0.005
0.005
0.005
0.005
0.005
0.005
0.005
0.005
0.005
0.005
0.005
0.005
)
;
    }
    inside
    {
        type            calculated;
        value           nonuniform List<scalar> 
1080
(
0.00402267
0.00402267
0.00402267
0.00402267
0.00402267
0.00402267
0.00402267
0.00402267
0.00402267
0.00402267
0.00402267
0.00402267
0.00402267
0.00402267
0.00402267
0.00402267
0.00402267
0.00402267
0.00402267
0.00402267
0.00402267
0.00402267
0.00402267
0.00402267
0.00402267
0.00402267
0.00402267
0.00402267
0.00402267
0.00402267
0.00402267
0.00402267
0.00402267
0.00402267
0.00402267
0.00402267
0.00402267
0.00402267
0.00402267
0.00402267
0.00402267
0.00402267
0.00402267
0.00402267
0.00402267
0.00402267
0.00402267
0.00402267
0.00402267
0.00402267
0.00402267
0.00402267
0.00402267
0.00402267
0.00402267
0.00402267
0.00402267
0.00402267
0.00402267
0.00402267
0.00402267
0.00402267
0.00402267
0.00402267
0.00402267
0.00402267
0.00402267
0.00402267
0.00402267
0.00402267
0.00402267
0.00402267
0.00210063
0.00210062
0.00210063
0.00210062
0.00210063
0.00210062
0.00210063
0.00210063
0.00210062
0.00210062
0.00210063
0.00210063
0.00210062
0.00210063
0.00210062
0.00210063
0.00210062
0.00210063
0.00210063
0.00210062
0.00210063
0.00210062
0.00210063
0.00210062
0.00210063
0.00210063
0.00210062
0.00210062
0.00210063
0.00210063
0.00210062
0.00210063
0.00210062
0.00210063
0.00210062
0.00210063
0.00210063
0.00210062
0.00210063
0.00210062
0.00210063
0.00210062
0.00210063
0.00210063
0.00210062
0.00210062
0.00210063
0.00210063
0.00210062
0.00210063
0.00210062
0.00210063
0.00210062
0.00210063
0.00210063
0.00210062
0.00210063
0.00210062
0.00210063
0.00210062
0.00210063
0.00210063
0.00210062
0.00210062
0.00210063
0.00210063
0.00210062
0.00210063
0.00210062
0.00210063
0.00210062
0.00210063
0.000221741
0.000221741
0.000221742
0.000221742
0.000221739
0.000221743
0.00022174
0.000221742
0.000221742
0.000221742
0.000221742
0.00022174
0.000221743
0.000221739
0.000221742
0.000221742
0.000221741
0.000221741
0.000221741
0.000221741
0.000221742
0.000221742
0.000221739
0.000221743
0.00022174
0.000221742
0.000221742
0.000221742
0.000221742
0.00022174
0.000221743
0.000221739
0.000221742
0.000221742
0.000221741
0.000221741
0.000221741
0.000221741
0.000221742
0.000221742
0.000221739
0.000221743
0.00022174
0.000221742
0.000221742
0.000221742
0.000221742
0.00022174
0.000221743
0.000221739
0.000221742
0.000221742
0.000221741
0.000221741
0.000221741
0.000221741
0.000221742
0.000221742
0.000221739
0.000221743
0.00022174
0.000221742
0.000221742
0.000221742
0.000221742
0.00022174
0.000221743
0.000221739
0.000221742
0.000221742
0.000221741
0.000221741
-0.0016106
-0.00161059
-0.00161059
-0.0016106
-0.0016106
-0.0016106
-0.0016106
-0.0016106
-0.00161059
-0.00161059
-0.0016106
-0.0016106
-0.0016106
-0.0016106
-0.0016106
-0.00161059
-0.00161059
-0.0016106
-0.0016106
-0.00161059
-0.00161059
-0.0016106
-0.0016106
-0.0016106
-0.0016106
-0.0016106
-0.00161059
-0.00161059
-0.0016106
-0.0016106
-0.0016106
-0.0016106
-0.0016106
-0.00161059
-0.00161059
-0.0016106
-0.0016106
-0.00161059
-0.00161059
-0.0016106
-0.0016106
-0.0016106
-0.0016106
-0.0016106
-0.00161059
-0.00161059
-0.0016106
-0.0016106
-0.0016106
-0.0016106
-0.0016106
-0.00161059
-0.00161059
-0.0016106
-0.0016106
-0.00161059
-0.00161059
-0.0016106
-0.0016106
-0.0016106
-0.0016106
-0.0016106
-0.00161059
-0.00161059
-0.0016106
-0.0016106
-0.0016106
-0.0016106
-0.0016106
-0.00161059
-0.00161059
-0.0016106
-0.00339386
-0.00339386
-0.00339386
-0.00339386
-0.00339386
-0.00339386
-0.00339385
-0.00339386
-0.00339386
-0.00339386
-0.00339386
-0.00339385
-0.00339386
-0.00339386
-0.00339386
-0.00339386
-0.00339386
-0.00339386
-0.00339386
-0.00339386
-0.00339386
-0.00339386
-0.00339386
-0.00339386
-0.00339385
-0.00339386
-0.00339386
-0.00339386
-0.00339386
-0.00339385
-0.00339386
-0.00339386
-0.00339386
-0.00339386
-0.00339386
-0.00339386
-0.00339386
-0.00339386
-0.00339386
-0.00339386
-0.00339386
-0.00339386
-0.00339385
-0.00339386
-0.00339386
-0.00339386
-0.00339386
-0.00339385
-0.00339386
-0.00339386
-0.00339386
-0.00339386
-0.00339386
-0.00339386
-0.00339386
-0.00339386
-0.00339386
-0.00339386
-0.00339386
-0.00339386
-0.00339385
-0.00339386
-0.00339386
-0.00339386
-0.00339386
-0.00339385
-0.00339386
-0.00339386
-0.00339386
-0.00339386
-0.00339386
-0.00339386
-0.0051256
-0.0051256
-0.0051256
-0.0051256
-0.0051256
-0.0051256
-0.00512561
-0.0051256
-0.0051256
-0.0051256
-0.0051256
-0.00512561
-0.0051256
-0.0051256
-0.0051256
-0.0051256
-0.0051256
-0.0051256
-0.0051256
-0.0051256
-0.0051256
-0.0051256
-0.0051256
-0.0051256
-0.00512561
-0.0051256
-0.0051256
-0.0051256
-0.0051256
-0.00512561
-0.0051256
-0.0051256
-0.0051256
-0.0051256
-0.0051256
-0.0051256
-0.0051256
-0.0051256
-0.0051256
-0.0051256
-0.0051256
-0.0051256
-0.00512561
-0.0051256
-0.0051256
-0.0051256
-0.0051256
-0.00512561
-0.0051256
-0.0051256
-0.0051256
-0.0051256
-0.0051256
-0.0051256
-0.0051256
-0.0051256
-0.0051256
-0.0051256
-0.0051256
-0.0051256
-0.00512561
-0.0051256
-0.0051256
-0.0051256
-0.0051256
-0.00512561
-0.0051256
-0.0051256
-0.0051256
-0.0051256
-0.0051256
-0.0051256
-0.00680313
-0.00680313
-0.00680313
-0.00680313
-0.00680313
-0.00680313
-0.00680313
-0.00680313
-0.00680313
-0.00680313
-0.00680313
-0.00680313
-0.00680313
-0.00680313
-0.00680313
-0.00680313
-0.00680313
-0.00680313
-0.00680313
-0.00680313
-0.00680313
-0.00680313
-0.00680313
-0.00680313
-0.00680313
-0.00680313
-0.00680313
-0.00680313
-0.00680313
-0.00680313
-0.00680313
-0.00680313
-0.00680313
-0.00680313
-0.00680313
-0.00680313
-0.00680313
-0.00680313
-0.00680313
-0.00680313
-0.00680313
-0.00680313
-0.00680313
-0.00680313
-0.00680313
-0.00680313
-0.00680313
-0.00680313
-0.00680313
-0.00680313
-0.00680313
-0.00680313
-0.00680313
-0.00680313
-0.00680313
-0.00680313
-0.00680313
-0.00680313
-0.00680313
-0.00680313
-0.00680313
-0.00680313
-0.00680313
-0.00680313
-0.00680313
-0.00680313
-0.00680313
-0.00680313
-0.00680313
-0.00680313
-0.00680313
-0.00680313
-0.00842323
-0.00842323
-0.00842323
-0.00842323
-0.00842323
-0.00842323
-0.00842323
-0.00842323
-0.00842323
-0.00842323
-0.00842323
-0.00842323
-0.00842323
-0.00842323
-0.00842323
-0.00842323
-0.00842323
-0.00842323
-0.00842323
-0.00842323
-0.00842323
-0.00842323
-0.00842323
-0.00842323
-0.00842323
-0.00842323
-0.00842323
-0.00842323
-0.00842323
-0.00842323
-0.00842323
-0.00842323
-0.00842323
-0.00842323
-0.00842323
-0.00842323
-0.00842323
-0.00842323
-0.00842323
-0.00842323
-0.00842323
-0.00842323
-0.00842323
-0.00842323
-0.00842323
-0.00842323
-0.00842323
-0.00842323
-0.00842323
-0.00842323
-0.00842323
-0.00842323
-0.00842323
-0.00842323
-0.00842323
-0.00842323
-0.00842323
-0.00842323
-0.00842323
-0.00842323
-0.00842323
-0.00842323
-0.00842323
-0.00842323
-0.00842323
-0.00842323
-0.00842323
-0.00842323
-0.00842323
-0.00842323
-0.00842323
-0.00842323
-0.00998105
-0.00998105
-0.00998105
-0.00998105
-0.00998105
-0.00998105
-0.00998105
-0.00998105
-0.00998105
-0.00998105
-0.00998105
-0.00998105
-0.00998105
-0.00998105
-0.00998105
-0.00998105
-0.00998105
-0.00998105
-0.00998105
-0.00998105
-0.00998105
-0.00998105
-0.00998105
-0.00998105
-0.00998105
-0.00998105
-0.00998105
-0.00998105
-0.00998105
-0.00998105
-0.00998105
-0.00998105
-0.00998105
-0.00998105
-0.00998105
-0.00998105
-0.00998105
-0.00998105
-0.00998105
-0.00998105
-0.00998105
-0.00998105
-0.00998105
-0.00998105
-0.00998105
-0.00998105
-0.00998105
-0.00998105
-0.00998105
-0.00998105
-0.00998105
-0.00998105
-0.00998105
-0.00998105
-0.00998105
-0.00998105
-0.00998105
-0.00998105
-0.00998105
-0.00998105
-0.00998105
-0.00998105
-0.00998105
-0.00998105
-0.00998105
-0.00998105
-0.00998105
-0.00998105
-0.00998105
-0.00998105
-0.00998105
-0.00998105
-0.0114691
-0.0114691
-0.0114691
-0.0114691
-0.0114691
-0.0114691
-0.0114691
-0.0114691
-0.0114691
-0.0114691
-0.0114691
-0.0114691
-0.0114691
-0.0114691
-0.0114691
-0.0114691
-0.0114691
-0.0114691
-0.0114691
-0.0114691
-0.0114691
-0.0114691
-0.0114691
-0.0114691
-0.0114691
-0.0114691
-0.0114691
-0.0114691
-0.0114691
-0.0114691
-0.0114691
-0.0114691
-0.0114691
-0.0114691
-0.0114691
-0.0114691
-0.0114691
-0.0114691
-0.0114691
-0.0114691
-0.0114691
-0.0114691
-0.0114691
-0.0114691
-0.0114691
-0.0114691
-0.0114691
-0.0114691
-0.0114691
-0.0114691
-0.0114691
-0.0114691
-0.0114691
-0.0114691
-0.0114691
-0.0114691
-0.0114691
-0.0114691
-0.0114691
-0.0114691
-0.0114691
-0.0114691
-0.0114691
-0.0114691
-0.0114691
-0.0114691
-0.0114691
-0.0114691
-0.0114691
-0.0114691
-0.0114691
-0.0114691
-0.0128751
-0.0128751
-0.0128751
-0.0128751
-0.0128751
-0.0128751
-0.0128751
-0.0128751
-0.0128751
-0.0128751
-0.0128751
-0.0128751
-0.0128751
-0.0128751
-0.0128751
-0.0128751
-0.0128751
-0.0128751
-0.0128751
-0.0128751
-0.0128751
-0.0128751
-0.0128751
-0.0128751
-0.0128751
-0.0128751
-0.0128751
-0.0128751
-0.0128751
-0.0128751
-0.0128751
-0.0128751
-0.0128751
-0.0128751
-0.0128751
-0.0128751
-0.0128751
-0.0128751
-0.0128751
-0.0128751
-0.0128751
-0.0128751
-0.0128751
-0.0128751
-0.0128751
-0.0128751
-0.0128751
-0.0128751
-0.0128751
-0.0128751
-0.0128751
-0.0128751
-0.0128751
-0.0128751
-0.0128751
-0.0128751
-0.0128751
-0.0128751
-0.0128751
-0.0128751
-0.0128751
-0.0128751
-0.0128751
-0.0128751
-0.0128751
-0.0128751
-0.0128751
-0.0128751
-0.0128751
-0.0128751
-0.0128751
-0.0128751
-0.0141774
-0.0141774
-0.0141774
-0.0141774
-0.0141774
-0.0141774
-0.0141774
-0.0141774
-0.0141774
-0.0141774
-0.0141774
-0.0141774
-0.0141774
-0.0141774
-0.0141774
-0.0141774
-0.0141774
-0.0141774
-0.0141774
-0.0141774
-0.0141774
-0.0141774
-0.0141774
-0.0141774
-0.0141774
-0.0141774
-0.0141774
-0.0141774
-0.0141774
-0.0141774
-0.0141774
-0.0141774
-0.0141774
-0.0141774
-0.0141774
-0.0141774
-0.0141774
-0.0141774
-0.0141774
-0.0141774
-0.0141774
-0.0141774
-0.0141774
-0.0141774
-0.0141774
-0.0141774
-0.0141774
-0.0141774
-0.0141774
-0.0141774
-0.0141774
-0.0141774
-0.0141774
-0.0141774
-0.0141774
-0.0141774
-0.0141774
-0.0141774
-0.0141774
-0.0141774
-0.0141774
-0.0141774
-0.0141774
-0.0141774
-0.0141774
-0.0141774
-0.0141774
-0.0141774
-0.0141774
-0.0141774
-0.0141774
-0.0141774
-0.0153335
-0.0153335
-0.0153335
-0.0153335
-0.0153335
-0.0153335
-0.0153335
-0.0153335
-0.0153335
-0.0153335
-0.0153335
-0.0153335
-0.0153335
-0.0153335
-0.0153335
-0.0153335
-0.0153335
-0.0153335
-0.0153335
-0.0153335
-0.0153335
-0.0153335
-0.0153335
-0.0153335
-0.0153335
-0.0153335
-0.0153335
-0.0153335
-0.0153335
-0.0153335
-0.0153335
-0.0153335
-0.0153335
-0.0153335
-0.0153335
-0.0153335
-0.0153335
-0.0153335
-0.0153335
-0.0153335
-0.0153335
-0.0153335
-0.0153335
-0.0153335
-0.0153335
-0.0153335
-0.0153335
-0.0153335
-0.0153335
-0.0153335
-0.0153335
-0.0153335
-0.0153335
-0.0153335
-0.0153335
-0.0153335
-0.0153335
-0.0153335
-0.0153335
-0.0153335
-0.0153335
-0.0153335
-0.0153335
-0.0153335
-0.0153335
-0.0153335
-0.0153335
-0.0153335
-0.0153335
-0.0153335
-0.0153335
-0.0153335
-0.0162576
-0.0162576
-0.0162576
-0.0162576
-0.0162576
-0.0162576
-0.0162576
-0.0162576
-0.0162576
-0.0162576
-0.0162576
-0.0162576
-0.0162576
-0.0162576
-0.0162576
-0.0162576
-0.0162576
-0.0162576
-0.0162576
-0.0162576
-0.0162576
-0.0162576
-0.0162576
-0.0162576
-0.0162576
-0.0162576
-0.0162576
-0.0162576
-0.0162576
-0.0162576
-0.0162576
-0.0162576
-0.0162576
-0.0162576
-0.0162576
-0.0162576
-0.0162576
-0.0162576
-0.0162576
-0.0162576
-0.0162576
-0.0162576
-0.0162576
-0.0162576
-0.0162576
-0.0162576
-0.0162576
-0.0162576
-0.0162576
-0.0162576
-0.0162576
-0.0162576
-0.0162576
-0.0162576
-0.0162576
-0.0162576
-0.0162576
-0.0162576
-0.0162576
-0.0162576
-0.0162576
-0.0162576
-0.0162576
-0.0162576
-0.0162576
-0.0162576
-0.0162576
-0.0162576
-0.0162576
-0.0162576
-0.0162576
-0.0162576
-0.0167958
-0.0167958
-0.0167958
-0.0167958
-0.0167958
-0.0167958
-0.0167958
-0.0167958
-0.0167958
-0.0167958
-0.0167958
-0.0167958
-0.0167958
-0.0167958
-0.0167958
-0.0167958
-0.0167958
-0.0167958
-0.0167958
-0.0167958
-0.0167958
-0.0167958
-0.0167958
-0.0167958
-0.0167958
-0.0167958
-0.0167958
-0.0167958
-0.0167958
-0.0167958
-0.0167958
-0.0167958
-0.0167958
-0.0167958
-0.0167958
-0.0167958
-0.0167958
-0.0167958
-0.0167958
-0.0167958
-0.0167958
-0.0167958
-0.0167958
-0.0167958
-0.0167958
-0.0167958
-0.0167958
-0.0167958
-0.0167958
-0.0167958
-0.0167958
-0.0167958
-0.0167958
-0.0167958
-0.0167958
-0.0167958
-0.0167958
-0.0167958
-0.0167958
-0.0167958
-0.0167958
-0.0167958
-0.0167958
-0.0167958
-0.0167958
-0.0167958
-0.0167958
-0.0167958
-0.0167958
-0.0167958
-0.0167958
-0.0167958
)
;
    }
    outside
    {
        type            calculated;
        value           nonuniform List<scalar> 
1080
(
0.0040275
0.0040275
0.0040275
0.00402751
0.0040275
0.0040275
0.0040275
0.0040275
0.0040275
0.0040275
0.0040275
0.0040275
0.0040275
0.0040275
0.00402751
0.0040275
0.0040275
0.0040275
0.0040275
0.0040275
0.0040275
0.00402751
0.0040275
0.0040275
0.0040275
0.0040275
0.0040275
0.0040275
0.0040275
0.0040275
0.0040275
0.0040275
0.00402751
0.0040275
0.0040275
0.0040275
0.0040275
0.0040275
0.0040275
0.00402751
0.0040275
0.0040275
0.0040275
0.0040275
0.0040275
0.0040275
0.0040275
0.0040275
0.0040275
0.0040275
0.00402751
0.0040275
0.0040275
0.0040275
0.0040275
0.0040275
0.0040275
0.00402751
0.0040275
0.0040275
0.0040275
0.0040275
0.0040275
0.0040275
0.0040275
0.0040275
0.0040275
0.0040275
0.00402751
0.0040275
0.0040275
0.0040275
0.00208686
0.00208686
0.00208686
0.00208686
0.00208686
0.00208686
0.00208686
0.00208686
0.00208686
0.00208686
0.00208686
0.00208686
0.00208686
0.00208686
0.00208686
0.00208686
0.00208686
0.00208686
0.00208686
0.00208686
0.00208686
0.00208686
0.00208686
0.00208686
0.00208686
0.00208686
0.00208686
0.00208686
0.00208686
0.00208686
0.00208686
0.00208686
0.00208686
0.00208686
0.00208686
0.00208686
0.00208686
0.00208686
0.00208686
0.00208686
0.00208686
0.00208686
0.00208686
0.00208686
0.00208686
0.00208686
0.00208686
0.00208686
0.00208686
0.00208686
0.00208686
0.00208686
0.00208686
0.00208686
0.00208686
0.00208686
0.00208686
0.00208686
0.00208686
0.00208686
0.00208686
0.00208686
0.00208686
0.00208686
0.00208686
0.00208686
0.00208686
0.00208686
0.00208686
0.00208686
0.00208686
0.00208686
0.000140955
0.000140956
0.000140954
0.000140955
0.000140954
0.000140955
0.000140956
0.000140954
0.000140954
0.000140954
0.000140954
0.000140956
0.000140955
0.000140954
0.000140955
0.000140954
0.000140956
0.000140955
0.000140955
0.000140956
0.000140954
0.000140955
0.000140954
0.000140955
0.000140956
0.000140954
0.000140954
0.000140954
0.000140954
0.000140956
0.000140955
0.000140954
0.000140955
0.000140954
0.000140956
0.000140955
0.000140955
0.000140956
0.000140954
0.000140955
0.000140954
0.000140955
0.000140956
0.000140954
0.000140954
0.000140954
0.000140954
0.000140956
0.000140955
0.000140954
0.000140955
0.000140954
0.000140956
0.000140955
0.000140955
0.000140956
0.000140954
0.000140955
0.000140954
0.000140955
0.000140956
0.000140954
0.000140954
0.000140954
0.000140954
0.000140956
0.000140955
0.000140954
0.000140955
0.000140954
0.000140956
0.000140955
-0.0018053
-0.0018053
-0.0018053
-0.0018053
-0.0018053
-0.0018053
-0.0018053
-0.0018053
-0.0018053
-0.0018053
-0.0018053
-0.0018053
-0.0018053
-0.0018053
-0.0018053
-0.0018053
-0.0018053
-0.0018053
-0.0018053
-0.0018053
-0.0018053
-0.0018053
-0.0018053
-0.0018053
-0.0018053
-0.0018053
-0.0018053
-0.0018053
-0.0018053
-0.0018053
-0.0018053
-0.0018053
-0.0018053
-0.0018053
-0.0018053
-0.0018053
-0.0018053
-0.0018053
-0.0018053
-0.0018053
-0.0018053
-0.0018053
-0.0018053
-0.0018053
-0.0018053
-0.0018053
-0.0018053
-0.0018053
-0.0018053
-0.0018053
-0.0018053
-0.0018053
-0.0018053
-0.0018053
-0.0018053
-0.0018053
-0.0018053
-0.0018053
-0.0018053
-0.0018053
-0.0018053
-0.0018053
-0.0018053
-0.0018053
-0.0018053
-0.0018053
-0.0018053
-0.0018053
-0.0018053
-0.0018053
-0.0018053
-0.0018053
-0.00374704
-0.00374704
-0.00374704
-0.00374703
-0.00374704
-0.00374703
-0.00374704
-0.00374704
-0.00374704
-0.00374704
-0.00374704
-0.00374704
-0.00374703
-0.00374704
-0.00374703
-0.00374704
-0.00374704
-0.00374704
-0.00374704
-0.00374704
-0.00374704
-0.00374703
-0.00374704
-0.00374703
-0.00374704
-0.00374704
-0.00374704
-0.00374704
-0.00374704
-0.00374704
-0.00374703
-0.00374704
-0.00374703
-0.00374704
-0.00374704
-0.00374704
-0.00374704
-0.00374704
-0.00374704
-0.00374703
-0.00374704
-0.00374703
-0.00374704
-0.00374704
-0.00374704
-0.00374704
-0.00374704
-0.00374704
-0.00374703
-0.00374704
-0.00374703
-0.00374704
-0.00374704
-0.00374704
-0.00374704
-0.00374704
-0.00374704
-0.00374703
-0.00374704
-0.00374703
-0.00374704
-0.00374704
-0.00374704
-0.00374704
-0.00374704
-0.00374704
-0.00374703
-0.00374704
-0.00374703
-0.00374704
-0.00374704
-0.00374704
-0.0056791
-0.0056791
-0.0056791
-0.00567911
-0.0056791
-0.0056791
-0.0056791
-0.0056791
-0.00567911
-0.00567911
-0.0056791
-0.0056791
-0.0056791
-0.0056791
-0.00567911
-0.0056791
-0.0056791
-0.0056791
-0.0056791
-0.0056791
-0.0056791
-0.00567911
-0.0056791
-0.0056791
-0.0056791
-0.0056791
-0.00567911
-0.00567911
-0.0056791
-0.0056791
-0.0056791
-0.0056791
-0.00567911
-0.0056791
-0.0056791
-0.0056791
-0.0056791
-0.0056791
-0.0056791
-0.00567911
-0.0056791
-0.0056791
-0.0056791
-0.0056791
-0.00567911
-0.00567911
-0.0056791
-0.0056791
-0.0056791
-0.0056791
-0.00567911
-0.0056791
-0.0056791
-0.0056791
-0.0056791
-0.0056791
-0.0056791
-0.00567911
-0.0056791
-0.0056791
-0.0056791
-0.0056791
-0.00567911
-0.00567911
-0.0056791
-0.0056791
-0.0056791
-0.0056791
-0.00567911
-0.0056791
-0.0056791
-0.0056791
-0.00759532
-0.00759532
-0.00759532
-0.00759532
-0.00759532
-0.00759532
-0.00759532
-0.00759532
-0.00759532
-0.00759532
-0.00759532
-0.00759532
-0.00759532
-0.00759532
-0.00759532
-0.00759532
-0.00759532
-0.00759532
-0.00759532
-0.00759532
-0.00759532
-0.00759532
-0.00759532
-0.00759532
-0.00759532
-0.00759532
-0.00759532
-0.00759532
-0.00759532
-0.00759532
-0.00759532
-0.00759532
-0.00759532
-0.00759532
-0.00759532
-0.00759532
-0.00759532
-0.00759532
-0.00759532
-0.00759532
-0.00759532
-0.00759532
-0.00759532
-0.00759532
-0.00759532
-0.00759532
-0.00759532
-0.00759532
-0.00759532
-0.00759532
-0.00759532
-0.00759532
-0.00759532
-0.00759532
-0.00759532
-0.00759532
-0.00759532
-0.00759532
-0.00759532
-0.00759532
-0.00759532
-0.00759532
-0.00759532
-0.00759532
-0.00759532
-0.00759532
-0.00759532
-0.00759532
-0.00759532
-0.00759532
-0.00759532
-0.00759532
-0.00948787
-0.00948787
-0.00948787
-0.00948787
-0.00948787
-0.00948787
-0.00948787
-0.00948787
-0.00948787
-0.00948787
-0.00948787
-0.00948787
-0.00948787
-0.00948787
-0.00948787
-0.00948787
-0.00948787
-0.00948787
-0.00948787
-0.00948787
-0.00948787
-0.00948787
-0.00948787
-0.00948787
-0.00948787
-0.00948787
-0.00948787
-0.00948787
-0.00948787
-0.00948787
-0.00948787
-0.00948787
-0.00948787
-0.00948787
-0.00948787
-0.00948787
-0.00948787
-0.00948787
-0.00948787
-0.00948787
-0.00948787
-0.00948787
-0.00948787
-0.00948787
-0.00948787
-0.00948787
-0.00948787
-0.00948787
-0.00948787
-0.00948787
-0.00948787
-0.00948787
-0.00948787
-0.00948787
-0.00948787
-0.00948787
-0.00948787
-0.00948787
-0.00948787
-0.00948787
-0.00948787
-0.00948787
-0.00948787
-0.00948787
-0.00948787
-0.00948787
-0.00948787
-0.00948787
-0.00948787
-0.00948787
-0.00948787
-0.00948787
-0.0113464
-0.0113464
-0.0113464
-0.0113464
-0.0113464
-0.0113464
-0.0113464
-0.0113464
-0.0113464
-0.0113464
-0.0113464
-0.0113464
-0.0113464
-0.0113464
-0.0113464
-0.0113464
-0.0113464
-0.0113464
-0.0113464
-0.0113464
-0.0113464
-0.0113464
-0.0113464
-0.0113464
-0.0113464
-0.0113464
-0.0113464
-0.0113464
-0.0113464
-0.0113464
-0.0113464
-0.0113464
-0.0113464
-0.0113464
-0.0113464
-0.0113464
-0.0113464
-0.0113464
-0.0113464
-0.0113464
-0.0113464
-0.0113464
-0.0113464
-0.0113464
-0.0113464
-0.0113464
-0.0113464
-0.0113464
-0.0113464
-0.0113464
-0.0113464
-0.0113464
-0.0113464
-0.0113464
-0.0113464
-0.0113464
-0.0113464
-0.0113464
-0.0113464
-0.0113464
-0.0113464
-0.0113464
-0.0113464
-0.0113464
-0.0113464
-0.0113464
-0.0113464
-0.0113464
-0.0113464
-0.0113464
-0.0113464
-0.0113464
-0.0131557
-0.0131557
-0.0131557
-0.0131557
-0.0131557
-0.0131557
-0.0131557
-0.0131557
-0.0131557
-0.0131557
-0.0131557
-0.0131557
-0.0131557
-0.0131557
-0.0131557
-0.0131557
-0.0131557
-0.0131557
-0.0131557
-0.0131557
-0.0131557
-0.0131557
-0.0131557
-0.0131557
-0.0131557
-0.0131557
-0.0131557
-0.0131557
-0.0131557
-0.0131557
-0.0131557
-0.0131557
-0.0131557
-0.0131557
-0.0131557
-0.0131557
-0.0131557
-0.0131557
-0.0131557
-0.0131557
-0.0131557
-0.0131557
-0.0131557
-0.0131557
-0.0131557
-0.0131557
-0.0131557
-0.0131557
-0.0131557
-0.0131557
-0.0131557
-0.0131557
-0.0131557
-0.0131557
-0.0131557
-0.0131557
-0.0131557
-0.0131557
-0.0131557
-0.0131557
-0.0131557
-0.0131557
-0.0131557
-0.0131557
-0.0131557
-0.0131557
-0.0131557
-0.0131557
-0.0131557
-0.0131557
-0.0131557
-0.0131557
-0.014892
-0.014892
-0.014892
-0.014892
-0.014892
-0.014892
-0.014892
-0.014892
-0.014892
-0.014892
-0.014892
-0.014892
-0.014892
-0.014892
-0.014892
-0.014892
-0.014892
-0.014892
-0.014892
-0.014892
-0.014892
-0.014892
-0.014892
-0.014892
-0.014892
-0.014892
-0.014892
-0.014892
-0.014892
-0.014892
-0.014892
-0.014892
-0.014892
-0.014892
-0.014892
-0.014892
-0.014892
-0.014892
-0.014892
-0.014892
-0.014892
-0.014892
-0.014892
-0.014892
-0.014892
-0.014892
-0.014892
-0.014892
-0.014892
-0.014892
-0.014892
-0.014892
-0.014892
-0.014892
-0.014892
-0.014892
-0.014892
-0.014892
-0.014892
-0.014892
-0.014892
-0.014892
-0.014892
-0.014892
-0.014892
-0.014892
-0.014892
-0.014892
-0.014892
-0.014892
-0.014892
-0.014892
-0.0165163
-0.0165163
-0.0165163
-0.0165163
-0.0165163
-0.0165163
-0.0165163
-0.0165163
-0.0165163
-0.0165163
-0.0165163
-0.0165163
-0.0165163
-0.0165163
-0.0165163
-0.0165163
-0.0165163
-0.0165163
-0.0165163
-0.0165163
-0.0165163
-0.0165163
-0.0165163
-0.0165163
-0.0165163
-0.0165163
-0.0165163
-0.0165163
-0.0165163
-0.0165163
-0.0165163
-0.0165163
-0.0165163
-0.0165163
-0.0165163
-0.0165163
-0.0165163
-0.0165163
-0.0165163
-0.0165163
-0.0165163
-0.0165163
-0.0165163
-0.0165163
-0.0165163
-0.0165163
-0.0165163
-0.0165163
-0.0165163
-0.0165163
-0.0165163
-0.0165163
-0.0165163
-0.0165163
-0.0165163
-0.0165163
-0.0165163
-0.0165163
-0.0165163
-0.0165163
-0.0165163
-0.0165163
-0.0165163
-0.0165163
-0.0165163
-0.0165163
-0.0165163
-0.0165163
-0.0165163
-0.0165163
-0.0165163
-0.0165163
-0.0179601
-0.0179601
-0.0179601
-0.0179601
-0.0179601
-0.0179601
-0.0179601
-0.0179601
-0.0179601
-0.0179601
-0.0179601
-0.0179601
-0.0179601
-0.0179601
-0.0179601
-0.0179601
-0.0179601
-0.0179601
-0.0179601
-0.0179601
-0.0179601
-0.0179601
-0.0179601
-0.0179601
-0.0179601
-0.0179601
-0.0179601
-0.0179601
-0.0179601
-0.0179601
-0.0179601
-0.0179601
-0.0179601
-0.0179601
-0.0179601
-0.0179601
-0.0179601
-0.0179601
-0.0179601
-0.0179601
-0.0179601
-0.0179601
-0.0179601
-0.0179601
-0.0179601
-0.0179601
-0.0179601
-0.0179601
-0.0179601
-0.0179601
-0.0179601
-0.0179601
-0.0179601
-0.0179601
-0.0179601
-0.0179601
-0.0179601
-0.0179601
-0.0179601
-0.0179601
-0.0179601
-0.0179601
-0.0179601
-0.0179601
-0.0179601
-0.0179601
-0.0179601
-0.0179601
-0.0179601
-0.0179601
-0.0179601
-0.0179601
-0.019102
-0.019102
-0.019102
-0.019102
-0.019102
-0.019102
-0.019102
-0.019102
-0.019102
-0.019102
-0.019102
-0.019102
-0.019102
-0.019102
-0.019102
-0.019102
-0.019102
-0.019102
-0.019102
-0.019102
-0.019102
-0.019102
-0.019102
-0.019102
-0.019102
-0.019102
-0.019102
-0.019102
-0.019102
-0.019102
-0.019102
-0.019102
-0.019102
-0.019102
-0.019102
-0.019102
-0.019102
-0.019102
-0.019102
-0.019102
-0.019102
-0.019102
-0.019102
-0.019102
-0.019102
-0.019102
-0.019102
-0.019102
-0.019102
-0.019102
-0.019102
-0.019102
-0.019102
-0.019102
-0.019102
-0.019102
-0.019102
-0.019102
-0.019102
-0.019102
-0.019102
-0.019102
-0.019102
-0.019102
-0.019102
-0.019102
-0.019102
-0.019102
-0.019102
-0.019102
-0.019102
-0.019102
-0.0197564
-0.0197564
-0.0197564
-0.0197564
-0.0197564
-0.0197564
-0.0197564
-0.0197564
-0.0197564
-0.0197564
-0.0197564
-0.0197564
-0.0197564
-0.0197564
-0.0197564
-0.0197564
-0.0197564
-0.0197564
-0.0197564
-0.0197564
-0.0197564
-0.0197564
-0.0197564
-0.0197564
-0.0197564
-0.0197564
-0.0197564
-0.0197564
-0.0197564
-0.0197564
-0.0197564
-0.0197564
-0.0197564
-0.0197564
-0.0197564
-0.0197564
-0.0197564
-0.0197564
-0.0197564
-0.0197564
-0.0197564
-0.0197564
-0.0197564
-0.0197564
-0.0197564
-0.0197564
-0.0197564
-0.0197564
-0.0197564
-0.0197564
-0.0197564
-0.0197564
-0.0197564
-0.0197564
-0.0197564
-0.0197564
-0.0197564
-0.0197564
-0.0197564
-0.0197564
-0.0197564
-0.0197564
-0.0197564
-0.0197564
-0.0197564
-0.0197564
-0.0197564
-0.0197564
-0.0197564
-0.0197564
-0.0197564
-0.0197564
)
;
    }
}


// ************************************************************************* //
