/*--------------------------------*- C++ -*----------------------------------*\
| =========                 |                                                 |
| \\      /  F ield         | OpenFOAM: The Open Source CFD Toolbox           |
|  \\    /   O peration     | Version:  2412                                  |
|   \\  /    A nd           | Website:  www.openfoam.com                      |
|    \\/     M anipulation  |                                                 |
\*---------------------------------------------------------------------------*/
FoamFile
{
    version     2.0;
    format      ascii;
    arch        "LSB;label=32;scalar=64";
    class       volScalarField;
    location    "0.0250162";
    object      Vm_0;
}
// * * * * * * * * * * * * * * * * * * * * * * * * * * * * * * * * * * * * * //

dimensions      [1 2 -3 0 0 -1 0];

internalField   nonuniform List<scalar> 
8796
(
-0.084
-0.084
-0.084
-0.084
-0.084
-0.084
-0.084
-0.084
-0.084
-0.084
-0.084
-0.084
-0.084
-0.084
-0.084
-0.084
-0.084
-0.084
-0.084
-0.084
-0.084
-0.084
-0.084
-0.084
-0.084
-0.084
-0.084
-0.084
-0.084
-0.084
-0.084
-0.084
-0.084
-0.084
-0.084
-0.084
-0.084
-0.084
-0.084
-0.084
-0.084
-0.084
-0.084
-0.084
-0.084
-0.084
-0.084
-0.084
-0.084
-0.084
-0.084
-0.084
-0.084
-0.084
-0.084
-0.084
-0.084
-0.084
-0.084
-0.084
-0.084
-0.084
-0.084
-0.084
-0.084
-0.084
-0.084
-0.084
-0.084
-0.084
-0.084
-0.084
-0.084
-0.084
-0.084
-0.084
-0.084
-0.084
-0.084
-0.084
-0.084
-0.084
-0.084
-0.084
-0.084
-0.084
-0.084
-0.084
-0.084
-0.084
-0.084
-0.084
-0.084
-0.084
-0.084
-0.084
-0.084
-0.084
-0.084
-0.084
-0.084
-0.084
-0.084
-0.084
-0.084
-0.084
-0.084
-0.084
-0.084
-0.084
-0.084
-0.084
-0.084
-0.084
-0.084
-0.084
-0.084
-0.084
-0.084
-0.084
-0.084
-0.084
-0.084
-0.084
-0.084
-0.084
-0.084
-0.084
-0.084
-0.084
-0.084
-0.084
-0.084
-0.084
-0.084
-0.084
-0.084
-0.084
-0.084
-0.084
-0.084
-0.084
-0.084
-0.084
-0.084
-0.084
-0.084
-0.084
-0.084
-0.084
-0.084
-0.084
-0.084
-0.084
-0.084
-0.084
-0.084
-0.084
-0.084
-0.084
-0.084
-0.084
-0.084
-0.084
-0.084
-0.084
-0.084
-0.084
-0.084
-0.084
-0.084
-0.084
-0.084
-0.084
-0.084
-0.084
-0.084
-0.084
-0.084
-0.084
-0.084
-0.084
-0.084
-0.084
-0.084
-0.084
-0.084
-0.084
-0.084
-0.084
-0.084
-0.084
-0.084
-0.084
-0.084
-0.084
-0.084
-0.084
-0.084
-0.084
-0.084
-0.084
-0.084
-0.084
-0.084
-0.084
-0.084
-0.084
-0.084
-0.084
-0.084
-0.084
-0.084
-0.084
-0.084
-0.084
-0.084
-0.084
-0.084
-0.084
-0.084
-0.084
-0.084
-0.084
-0.084
-0.084
-0.084
-0.084
-0.084
-0.084
-0.084
-0.084
-0.084
-0.084
-0.084
-0.084
-0.084
-0.084
-0.084
-0.084
-0.084
-0.084
-0.084
-0.084
-0.084
-0.084
-0.084
-0.084
-0.084
-0.084
-0.084
-0.084
-0.084
-0.084
-0.084
-0.084
-0.084
-0.084
-0.084
-0.084
-0.084
-0.084
-0.084
-0.084
-0.084
-0.084
-0.084
-0.084
-0.084
-0.084
-0.084
-0.084
-0.084
-0.084
-0.084
-0.084
-0.084
-0.084
-0.084
-0.084
-0.084
-0.084
-0.084
-0.084
-0.084
-0.084
-0.084
-0.084
-0.084
-0.084
-0.084
-0.084
-0.084
-0.084
-0.084
-0.084
-0.084
-0.084
-0.084
-0.084
-0.084
-0.084
-0.084
-0.084
-0.084
-0.084
-0.084
-0.084
-0.084
-0.084
-0.084
-0.084
-0.084
-0.084
-0.084
-0.084
-0.084
-0.084
-0.084
-0.084
-0.084
-0.084
-0.084
-0.084
-0.084
-0.084
-0.084
-0.084
-0.084
-0.084
-0.084
-0.084
-0.084
-0.084
-0.084
-0.084
-0.084
-0.084
-0.084
-0.084
-0.084
-0.084
-0.084
-0.084
-0.084
-0.084
-0.084
-0.084
-0.084
-0.084
-0.084
-0.084
-0.084
-0.084
-0.084
-0.084
-0.084
-0.084
-0.084
-0.084
-0.084
-0.084
-0.084
-0.084
-0.084
-0.084
-0.084
-0.084
-0.084
-0.084
-0.084
-0.084
-0.084
-0.084
-0.084
-0.084
-0.084
-0.084
-0.084
-0.084
-0.084
-0.084
-0.084
-0.084
-0.084
-0.084
-0.084
-0.084
-0.084
-0.084
-0.084
-0.084
-0.084
-0.084
-0.084
-0.084
-0.084
-0.084
-0.084
-0.084
-0.084
-0.084
-0.084
-0.084
-0.084
-0.084
-0.084
-0.084
-0.084
-0.084
-0.084
-0.084
-0.084
-0.084
-0.084
-0.084
-0.084
-0.084
-0.084
-0.084
-0.084
-0.084
-0.084
-0.084
-0.084
-0.084
-0.084
-0.084
-0.084
-0.084
-0.084
-0.084
-0.084
-0.084
-0.084
-0.084
-0.084
-0.084
-0.084
-0.084
-0.084
-0.084
-0.084
-0.084
-0.084
-0.084
-0.084
-0.084
-0.084
-0.084
-0.084
-0.084
-0.084
-0.084
-0.084
-0.084
-0.084
-0.084
-0.084
-0.084
-0.084
-0.084
-0.084
-0.084
-0.084
-0.084
-0.084
-0.084
-0.084
-0.084
-0.084
-0.084
-0.084
-0.084
-0.084
-0.084
-0.084
-0.084
-0.084
-0.084
-0.084
-0.084
-0.084
-0.084
-0.084
-0.084
-0.084
-0.084
-0.084
-0.084
-0.084
-0.084
-0.084
-0.084
-0.084
-0.084
-0.084
-0.084
-0.084
-0.084
-0.084
-0.084
-0.084
-0.084
-0.084
-0.084
-0.084
-0.084
-0.084
-0.084
-0.084
-0.084
-0.084
-0.084
-0.084
-0.084
-0.084
-0.084
-0.084
-0.084
-0.084
-0.084
-0.084
-0.084
-0.084
-0.084
-0.084
-0.084
-0.084
-0.084
-0.084
-0.084
-0.084
-0.084
-0.084
-0.084
-0.084
-0.084
-0.084
-0.084
-0.084
-0.084
-0.084
-0.084
-0.084
-0.084
-0.084
-0.084
-0.084
-0.084
-0.084
-0.084
-0.084
-0.084
-0.084
-0.084
-0.084
-0.084
-0.084
-0.084
-0.084
-0.084
-0.084
-0.084
-0.084
-0.084
-0.084
-0.084
-0.084
-0.084
-0.084
-0.084
-0.084
-0.084
-0.084
-0.084
-0.084
-0.084
-0.084
-0.084
-0.084
-0.084
-0.084
-0.084
-0.084
-0.084
-0.084
-0.084
-0.084
-0.084
-0.084
-0.084
-0.084
-0.084
-0.084
-0.084
-0.084
-0.084
-0.084
-0.084
-0.084
-0.084
-0.084
-0.084
-0.084
-0.084
-0.084
-0.084
-0.084
-0.084
-0.084
-0.084
-0.084
-0.084
-0.084
-0.084
-0.084
-0.084
-0.084
-0.084
-0.084
-0.084
-0.084
-0.084
-0.084
-0.084
-0.084
-0.084
-0.084
-0.084
-0.084
-0.084
-0.084
-0.084
-0.084
-0.084
-0.084
-0.084
-0.084
-0.084
-0.084
-0.084
-0.084
-0.084
-0.084
-0.084
-0.084
-0.084
-0.084
-0.084
-0.084
-0.084
-0.084
-0.084
-0.084
-0.084
-0.084
-0.084
-0.084
-0.084
-0.084
-0.084
-0.084
-0.084
-0.084
-0.084
-0.084
-0.084
-0.084
-0.084
-0.084
-0.084
-0.084
-0.084
-0.084
-0.084
-0.084
-0.084
-0.084
-0.084
-0.084
-0.084
-0.084
-0.084
-0.084
-0.084
-0.084
-0.084
-0.084
-0.084
-0.084
-0.084
-0.084
-0.084
-0.084
-0.084
-0.084
-0.084
-0.084
-0.084
-0.084
-0.084
-0.084
-0.084
-0.084
-0.084
-0.084
-0.084
-0.084
-0.084
-0.084
-0.084
-0.084
-0.084
-0.084
-0.084
-0.084
-0.084
-0.084
-0.084
-0.084
-0.084
-0.084
-0.084
-0.084
-0.084
-0.084
-0.084
-0.084
-0.084
-0.084
-0.084
-0.084
-0.084
-0.084
-0.084
-0.084
-0.084
-0.084
-0.084
-0.084
-0.084
-0.084
-0.084
-0.084
-0.084
-0.084
-0.084
-0.084
-0.084
-0.084
-0.084
-0.084
-0.084
-0.084
-0.084
-0.084
-0.084
-0.084
-0.084
-0.084
-0.084
-0.084
-0.084
-0.084
-0.084
-0.084
-0.084
-0.084
-0.084
-0.084
-0.084
-0.084
-0.084
-0.084
-0.084
-0.084
-0.084
-0.084
-0.084
-0.084
-0.084
-0.084
-0.084
-0.084
-0.084
-0.084
-0.084
-0.084
-0.084
-0.084
-0.084
-0.084
-0.084
-0.084
-0.084
-0.084
-0.084
-0.084
-0.084
-0.084
-0.084
-0.084
-0.084
-0.084
-0.084
-0.084
-0.084
-0.084
-0.084
-0.084
-0.084
-0.084
-0.084
-0.084
-0.084
-0.084
-0.084
-0.084
-0.084
-0.084
-0.084
-0.084
-0.084
-0.084
-0.084
-0.084
-0.084
-0.084
-0.084
-0.084
-0.084
-0.084
-0.084
-0.084
-0.084
-0.084
-0.084
-0.084
-0.084
-0.084
-0.084
-0.084
-0.084
-0.084
-0.084
-0.084
-0.084
-0.084
-0.084
-0.084
-0.084
-0.084
-0.084
-0.084
-0.084
-0.084
-0.084
-0.084
-0.084
-0.084
-0.084
-0.084
-0.084
-0.084
-0.084
-0.084
-0.084
-0.084
-0.084
-0.084
-0.084
-0.084
-0.084
-0.084
-0.084
-0.084
-0.084
-0.084
-0.084
-0.084
-0.084
-0.084
-0.084
-0.084
-0.084
-0.084
-0.084
-0.084
-0.084
-0.084
-0.084
-0.084
-0.084
-0.084
-0.084
-0.084
-0.084
-0.084
-0.084
-0.084
-0.084
-0.084
-0.084
-0.084
-0.084
-0.084
-0.084
-0.084
-0.084
-0.084
-0.084
-0.084
-0.084
-0.084
-0.084
-0.084
-0.084
-0.084
-0.084
-0.084
-0.084
-0.084
-0.084
-0.084
-0.084
-0.084
-0.084
-0.084
-0.084
-0.084
-0.084
-0.084
-0.084
-0.084
-0.084
-0.084
-0.084
-0.084
-0.084
-0.084
-0.084
-0.084
-0.084
-0.084
-0.084
-0.084
-0.084
-0.084
-0.084
-0.084
-0.084
-0.084
-0.084
-0.084
-0.084
-0.084
-0.084
-0.084
-0.084
-0.084
-0.084
-0.084
-0.084
-0.084
-0.084
-0.084
-0.084
-0.084
-0.084
-0.084
-0.084
-0.084
-0.084
-0.084
-0.084
-0.084
-0.084
-0.084
-0.084
-0.084
-0.084
-0.084
-0.084
-0.084
-0.084
-0.084
-0.084
-0.084
-0.084
-0.084
-0.084
-0.084
-0.084
-0.084
-0.084
-0.084
-0.084
-0.084
-0.084
-0.084
-0.084
-0.084
-0.084
-0.084
-0.084
-0.084
-0.084
-0.084
-0.084
-0.084
-0.084
-0.084
-0.084
-0.084
-0.084
-0.084
-0.084
-0.084
-0.084
-0.084
-0.084
-0.084
-0.084
-0.084
-0.084
-0.084
-0.084
-0.084
-0.084
-0.084
-0.084
-0.084
-0.084
-0.084
-0.084
-0.084
-0.084
-0.084
-0.084
-0.084
-0.084
-0.084
-0.084
-0.084
-0.084
-0.084
-0.084
-0.084
-0.084
-0.084
-0.084
-0.084
-0.084
-0.084
-0.084
-0.084
-0.084
-0.084
-0.084
-0.084
-0.084
-0.084
-0.084
-0.084
-0.084
-0.084
-0.084
-0.084
-0.084
-0.084
-0.084
-0.084
-0.084
-0.084
-0.084
-0.084
-0.084
-0.084
-0.084
-0.084
-0.084
-0.084
-0.084
-0.084
-0.084
-0.084
-0.084
-0.084
-0.084
-0.084
-0.084
-0.084
-0.084
-0.084
-0.084
-0.084
-0.084
-0.084
-0.084
-0.084
-0.084
-0.084
-0.084
-0.084
-0.084
-0.084
-0.084
-0.084
-0.084
-0.084
-0.084
-0.084
-0.084
-0.084
-0.084
-0.084
-0.084
-0.084
-0.084
-0.084
-0.084
-0.084
-0.084
-0.084
-0.084
-0.084
-0.084
-0.084
-0.084
-0.084
-0.084
-0.084
-0.084
-0.084
-0.084
-0.084
-0.084
-0.084
-0.084
-0.084
-0.084
-0.084
-0.084
-0.084
-0.084
-0.084
-0.084
-0.084
-0.084
-0.084
-0.084
-0.084
-0.084
-0.084
-0.084
-0.084
-0.084
-0.084
-0.084
-0.084
-0.084
-0.084
-0.084
-0.084
-0.084
-0.084
-0.084
-0.084
-0.084
-0.084
-0.084
-0.084
-0.084
-0.084
-0.084
-0.084
-0.084
-0.084
-0.084
-0.084
-0.084
-0.084
-0.084
-0.084
-0.084
-0.084
-0.084
-0.084
-0.084
-0.084
-0.084
-0.084
-0.084
-0.084
-0.084
-0.084
-0.084
-0.084
-0.084
-0.084
-0.084
-0.084
-0.084
-0.084
-0.084
-0.084
-0.084
-0.084
-0.084
-0.084
-0.084
-0.084
-0.084
-0.084
-0.084
-0.084
-0.084
-0.084
-0.084
-0.084
-0.084
-0.084
-0.084
-0.084
-0.084
-0.084
-0.084
-0.084
-0.084
-0.084
-0.084
-0.084
-0.084
-0.084
-0.084
-0.084
-0.084
-0.084
-0.084
-0.084
-0.084
-0.084
-0.084
-0.084
-0.084
-0.084
-0.084
-0.084
-0.084
-0.084
-0.084
-0.084
-0.084
-0.084
-0.084
-0.084
-0.084
-0.084
-0.084
-0.084
-0.084
-0.084
-0.084
-0.084
-0.084
-0.084
-0.084
-0.084
-0.084
-0.084
-0.084
-0.084
-0.084
-0.084
-0.084
-0.084
-0.084
-0.084
-0.084
-0.084
-0.084
-0.084
-0.084
-0.084
-0.084
-0.084
-0.084
-0.084
-0.084
-0.084
-0.084
-0.084
-0.084
-0.084
-0.084
-0.084
-0.084
-0.084
-0.084
-0.084
-0.084
-0.084
-0.084
-0.084
-0.084
-0.084
-0.084
-0.084
-0.084
-0.084
-0.084
-0.084
-0.084
-0.084
-0.084
-0.084
-0.084
-0.084
-0.084
-0.084
-0.084
-0.084
-0.084
-0.084
-0.084
-0.084
-0.084
-0.084
-0.084
-0.084
-0.084
-0.084
-0.084
-0.084
-0.084
-0.084
-0.084
-0.084
-0.084
-0.084
-0.084
-0.084
-0.084
-0.084
-0.084
-0.084
-0.084
-0.084
-0.084
-0.084
-0.084
-0.084
-0.084
-0.084
-0.084
-0.084
-0.084
-0.084
-0.084
-0.084
-0.084
-0.084
-0.084
-0.084
-0.084
-0.084
-0.084
-0.084
-0.084
-0.084
-0.084
-0.084
-0.084
-0.084
-0.084
-0.084
-0.084
-0.084
-0.084
-0.084
-0.084
-0.084
-0.084
-0.084
-0.084
-0.084
-0.084
-0.084
-0.084
-0.084
-0.084
-0.084
-0.084
-0.084
-0.084
-0.084
-0.084
-0.084
-0.084
-0.084
-0.084
-0.084
-0.084
-0.084
-0.084
-0.084
-0.084
-0.084
-0.084
-0.084
-0.084
-0.084
-0.084
-0.084
-0.084
-0.084
-0.084
-0.084
-0.084
-0.084
-0.084
-0.084
-0.084
-0.084
-0.084
-0.084
-0.084
-0.084
-0.084
-0.084
-0.084
-0.084
-0.084
-0.084
-0.084
-0.084
-0.084
-0.084
-0.084
-0.084
-0.084
-0.084
-0.084
-0.084
-0.084
-0.084
-0.084
-0.084
-0.084
-0.084
-0.084
-0.084
-0.084
-0.084
-0.084
-0.084
-0.084
-0.084
-0.084
-0.084
-0.084
-0.084
-0.084
-0.084
-0.084
-0.084
-0.084
-0.084
-0.084
-0.084
-0.084
-0.084
-0.084
-0.084
-0.084
-0.084
-0.084
-0.084
-0.084
-0.084
-0.084
-0.084
-0.084
-0.084
-0.084
-0.084
-0.084
-0.084
-0.084
-0.084
-0.084
-0.084
-0.084
-0.084
-0.084
-0.084
-0.084
-0.084
-0.084
-0.084
-0.084
-0.084
-0.084
-0.084
-0.084
-0.084
-0.084
-0.084
-0.084
-0.084
-0.084
-0.084
-0.084
-0.084
-0.084
-0.084
-0.084
-0.084
-0.084
-0.084
-0.084
-0.084
-0.084
-0.084
-0.084
-0.084
-0.084
-0.084
-0.084
-0.0839997
-0.0839997
-0.0839997
-0.0839997
-0.0839997
-0.0839997
-0.0839997
-0.0839998
-0.0839998
-0.0839998
-0.0839998
-0.0839998
-0.0839998
-0.0839998
-0.0839999
-0.0839999
-0.0839999
-0.0839999
-0.0839999
-0.0839999
-0.0839999
-0.0839999
-0.084
-0.084
-0.084
-0.084
-0.084
-0.084
-0.084
-0.084
-0.084
-0.084
-0.084
-0.084
-0.0839997
-0.0839997
-0.0839997
-0.0839997
-0.0839997
-0.0839997
-0.0839997
-0.0839998
-0.0839998
-0.0839998
-0.0839998
-0.0839998
-0.0839998
-0.0839999
-0.0839999
-0.0839999
-0.0839999
-0.0839999
-0.0839999
-0.0839999
-0.0839999
-0.0839999
-0.084
-0.084
-0.084
-0.084
-0.084
-0.084
-0.084
-0.084
-0.084
-0.084
-0.084
-0.084
-0.0839997
-0.0839997
-0.0839997
-0.0839997
-0.0839997
-0.0839997
-0.0839998
-0.0839998
-0.0839998
-0.0839998
-0.0839998
-0.0839998
-0.0839998
-0.0839999
-0.0839999
-0.0839999
-0.0839999
-0.0839999
-0.0839999
-0.0839999
-0.0839999
-0.084
-0.084
-0.084
-0.084
-0.084
-0.084
-0.084
-0.084
-0.084
-0.084
-0.084
-0.084
-0.084
-0.0839997
-0.0839997
-0.0839997
-0.0839997
-0.0839998
-0.0839998
-0.0839998
-0.0839998
-0.0839998
-0.0839998
-0.0839998
-0.0839998
-0.0839999
-0.0839999
-0.0839999
-0.0839999
-0.0839999
-0.0839999
-0.0839999
-0.0839999
-0.0839999
-0.084
-0.084
-0.084
-0.084
-0.084
-0.084
-0.084
-0.084
-0.084
-0.084
-0.084
-0.084
-0.084
-0.0839998
-0.0839998
-0.0839998
-0.0839998
-0.0839998
-0.0839998
-0.0839998
-0.0839998
-0.0839998
-0.0839998
-0.0839998
-0.0839999
-0.0839999
-0.0839999
-0.0839999
-0.0839999
-0.0839999
-0.0839999
-0.0839999
-0.0839999
-0.084
-0.084
-0.084
-0.084
-0.084
-0.084
-0.084
-0.084
-0.084
-0.084
-0.084
-0.084
-0.084
-0.084
-0.0839998
-0.0839998
-0.0839998
-0.0839998
-0.0839998
-0.0839998
-0.0839998
-0.0839998
-0.0839998
-0.0839998
-0.0839999
-0.0839999
-0.0839999
-0.0839999
-0.0839999
-0.0839999
-0.0839999
-0.0839999
-0.0839999
-0.0839999
-0.084
-0.084
-0.084
-0.084
-0.084
-0.084
-0.084
-0.084
-0.084
-0.084
-0.084
-0.084
-0.084
-0.084
-0.0839998
-0.0839998
-0.0839998
-0.0839998
-0.0839998
-0.0839998
-0.0839998
-0.0839999
-0.0839999
-0.0839999
-0.0839999
-0.0839999
-0.0839999
-0.0839999
-0.0839999
-0.0839999
-0.0839999
-0.0839999
-0.084
-0.084
-0.084
-0.084
-0.084
-0.084
-0.084
-0.084
-0.084
-0.084
-0.084
-0.084
-0.084
-0.084
-0.084
-0.084
-0.0839999
-0.0839999
-0.0839999
-0.0839999
-0.0839999
-0.0839999
-0.0839999
-0.0839999
-0.0839999
-0.0839999
-0.0839999
-0.0839999
-0.0839999
-0.0839999
-0.0839999
-0.0839999
-0.0839999
-0.084
-0.084
-0.084
-0.084
-0.084
-0.084
-0.084
-0.084
-0.084
-0.084
-0.084
-0.084
-0.084
-0.084
-0.084
-0.084
-0.084
-0.0839999
-0.0839999
-0.0839999
-0.0839999
-0.0839999
-0.0839999
-0.0839999
-0.0839999
-0.0839999
-0.0839999
-0.0839999
-0.0839999
-0.0839999
-0.0839999
-0.0839999
-0.084
-0.084
-0.084
-0.084
-0.084
-0.084
-0.084
-0.084
-0.084
-0.084
-0.084
-0.084
-0.084
-0.084
-0.084
-0.084
-0.084
-0.084
-0.084
-0.0839999
-0.0839999
-0.0839999
-0.0839999
-0.0839999
-0.0839999
-0.0839999
-0.0839999
-0.0839999
-0.0839999
-0.0839999
-0.0839999
-0.084
-0.084
-0.084
-0.084
-0.084
-0.084
-0.084
-0.084
-0.084
-0.084
-0.084
-0.084
-0.084
-0.084
-0.084
-0.084
-0.084
-0.084
-0.084
-0.084
-0.084
-0.084
-0.0839999
-0.0839999
-0.0839999
-0.0839999
-0.0839999
-0.0839999
-0.0839999
-0.084
-0.084
-0.084
-0.084
-0.084
-0.084
-0.084
-0.084
-0.084
-0.084
-0.084
-0.084
-0.084
-0.084
-0.084
-0.084
-0.084
-0.084
-0.084
-0.084
-0.084
-0.084
-0.084
-0.084
-0.084
-0.084
-0.084
-0.084
-0.084
-0.084
-0.084
-0.084
-0.084
-0.084
-0.084
-0.084
-0.084
-0.084
-0.084
-0.084
-0.084
-0.084
-0.084
-0.084
-0.084
-0.084
-0.084
-0.084
-0.084
-0.084
-0.084
-0.084
-0.084
-0.084
-0.084
-0.084
-0.084
-0.084
-0.084
-0.084
-0.084
-0.084
-0.084
-0.084
-0.084
-0.084
-0.084
-0.084
-0.084
-0.084
-0.084
-0.084
-0.084
-0.084
-0.084
-0.084
-0.084
-0.084
-0.084
-0.084
-0.084
-0.084
-0.084
-0.084
-0.084
-0.084
-0.084
-0.084
-0.084
-0.084
-0.084
-0.084
-0.084
-0.084
-0.084
-0.084
-0.084
-0.084
-0.084
-0.084
-0.084
-0.084
-0.084
-0.084
-0.084
-0.084
-0.084
-0.084
-0.084
-0.084
-0.084
-0.084
-0.084
-0.084
-0.084
-0.084
-0.084
-0.084
-0.084
-0.084
-0.084
-0.084
-0.084
-0.084
-0.084
-0.084
-0.084
-0.084
-0.084
-0.084
-0.084
-0.084
-0.084
-0.084
-0.084
-0.084
-0.084
-0.084
-0.084
-0.084
-0.084
-0.084
-0.084
-0.084
-0.084
-0.084
-0.084
-0.084
-0.084
-0.084
-0.084
-0.084
-0.084
-0.084
-0.084
-0.084
-0.084
-0.084
-0.084
-0.084
-0.084
-0.084
-0.084
-0.0839979
-0.0839979
-0.083998
-0.083998
-0.0839981
-0.0839981
-0.0839982
-0.0839983
-0.0839984
-0.0839985
-0.0839986
-0.0839987
-0.0839988
-0.083999
-0.0839991
-0.0839992
-0.0839993
-0.0839993
-0.0839994
-0.0839995
-0.0839996
-0.0839996
-0.0839997
-0.0839997
-0.0839998
-0.0839998
-0.0839998
-0.0839999
-0.0839999
-0.0839999
-0.0839999
-0.0839999
-0.084
-0.084
-0.0839979
-0.083998
-0.083998
-0.083998
-0.0839981
-0.0839982
-0.0839983
-0.0839983
-0.0839984
-0.0839985
-0.0839987
-0.0839988
-0.0839989
-0.083999
-0.0839991
-0.0839992
-0.0839993
-0.0839994
-0.0839994
-0.0839995
-0.0839996
-0.0839996
-0.0839997
-0.0839997
-0.0839998
-0.0839998
-0.0839998
-0.0839999
-0.0839999
-0.0839999
-0.0839999
-0.0839999
-0.084
-0.084
-0.083998
-0.083998
-0.0839981
-0.0839981
-0.0839982
-0.0839982
-0.0839983
-0.0839984
-0.0839985
-0.0839986
-0.0839987
-0.0839988
-0.0839989
-0.083999
-0.0839991
-0.0839992
-0.0839993
-0.0839994
-0.0839995
-0.0839995
-0.0839996
-0.0839997
-0.0839997
-0.0839998
-0.0839998
-0.0839998
-0.0839999
-0.0839999
-0.0839999
-0.0839999
-0.0839999
-0.0839999
-0.084
-0.084
-0.0839982
-0.0839982
-0.0839982
-0.0839982
-0.0839983
-0.0839984
-0.0839984
-0.0839985
-0.0839986
-0.0839987
-0.0839988
-0.0839989
-0.083999
-0.0839991
-0.0839992
-0.0839993
-0.0839993
-0.0839994
-0.0839995
-0.0839996
-0.0839996
-0.0839997
-0.0839997
-0.0839998
-0.0839998
-0.0839998
-0.0839999
-0.0839999
-0.0839999
-0.0839999
-0.0839999
-0.084
-0.084
-0.084
-0.0839983
-0.0839983
-0.0839984
-0.0839984
-0.0839985
-0.0839985
-0.0839986
-0.0839986
-0.0839987
-0.0839988
-0.0839989
-0.083999
-0.0839991
-0.0839992
-0.0839992
-0.0839993
-0.0839994
-0.0839995
-0.0839995
-0.0839996
-0.0839997
-0.0839997
-0.0839997
-0.0839998
-0.0839998
-0.0839999
-0.0839999
-0.0839999
-0.0839999
-0.0839999
-0.0839999
-0.084
-0.084
-0.084
-0.0839985
-0.0839985
-0.0839986
-0.0839986
-0.0839986
-0.0839987
-0.0839987
-0.0839988
-0.0839989
-0.083999
-0.083999
-0.0839991
-0.0839992
-0.0839993
-0.0839993
-0.0839994
-0.0839995
-0.0839995
-0.0839996
-0.0839996
-0.0839997
-0.0839997
-0.0839998
-0.0839998
-0.0839998
-0.0839999
-0.0839999
-0.0839999
-0.0839999
-0.0839999
-0.084
-0.084
-0.084
-0.084
-0.0839987
-0.0839988
-0.0839988
-0.0839988
-0.0839988
-0.0839989
-0.0839989
-0.083999
-0.083999
-0.0839991
-0.0839992
-0.0839992
-0.0839993
-0.0839994
-0.0839994
-0.0839995
-0.0839996
-0.0839996
-0.0839997
-0.0839997
-0.0839997
-0.0839998
-0.0839998
-0.0839998
-0.0839999
-0.0839999
-0.0839999
-0.0839999
-0.0839999
-0.084
-0.084
-0.084
-0.084
-0.084
-0.083999
-0.083999
-0.083999
-0.083999
-0.0839991
-0.0839991
-0.0839991
-0.0839992
-0.0839992
-0.0839993
-0.0839993
-0.0839994
-0.0839994
-0.0839995
-0.0839995
-0.0839996
-0.0839996
-0.0839997
-0.0839997
-0.0839998
-0.0839998
-0.0839998
-0.0839998
-0.0839999
-0.0839999
-0.0839999
-0.0839999
-0.0839999
-0.0839999
-0.084
-0.084
-0.084
-0.084
-0.084
-0.0839992
-0.0839992
-0.0839992
-0.0839992
-0.0839993
-0.0839993
-0.0839993
-0.0839994
-0.0839994
-0.0839994
-0.0839995
-0.0839995
-0.0839996
-0.0839996
-0.0839996
-0.0839997
-0.0839997
-0.0839997
-0.0839998
-0.0839998
-0.0839998
-0.0839999
-0.0839999
-0.0839999
-0.0839999
-0.0839999
-0.0839999
-0.084
-0.084
-0.084
-0.084
-0.084
-0.084
-0.084
-0.0839994
-0.0839994
-0.0839994
-0.0839994
-0.0839994
-0.0839995
-0.0839995
-0.0839995
-0.0839995
-0.0839996
-0.0839996
-0.0839996
-0.0839997
-0.0839997
-0.0839997
-0.0839998
-0.0839998
-0.0839998
-0.0839998
-0.0839999
-0.0839999
-0.0839999
-0.0839999
-0.0839999
-0.0839999
-0.0839999
-0.084
-0.084
-0.084
-0.084
-0.084
-0.084
-0.084
-0.084
-0.0839996
-0.0839996
-0.0839996
-0.0839996
-0.0839996
-0.0839996
-0.0839996
-0.0839997
-0.0839997
-0.0839997
-0.0839997
-0.0839997
-0.0839998
-0.0839998
-0.0839998
-0.0839998
-0.0839998
-0.0839999
-0.0839999
-0.0839999
-0.0839999
-0.0839999
-0.0839999
-0.0839999
-0.084
-0.084
-0.084
-0.084
-0.084
-0.084
-0.084
-0.084
-0.084
-0.084
-0.0839997
-0.0839997
-0.0839997
-0.0839997
-0.0839997
-0.0839997
-0.0839998
-0.0839998
-0.0839998
-0.0839998
-0.0839998
-0.0839998
-0.0839998
-0.0839999
-0.0839999
-0.0839999
-0.0839999
-0.0839999
-0.0839999
-0.0839999
-0.0839999
-0.0839999
-0.084
-0.084
-0.084
-0.084
-0.084
-0.084
-0.084
-0.084
-0.084
-0.084
-0.084
-0.084
-0.0839998
-0.0839998
-0.0839998
-0.0839998
-0.0839998
-0.0839998
-0.0839998
-0.0839998
-0.0839999
-0.0839999
-0.0839999
-0.0839999
-0.0839999
-0.0839999
-0.0839999
-0.0839999
-0.0839999
-0.0839999
-0.0839999
-0.084
-0.084
-0.084
-0.084
-0.084
-0.084
-0.084
-0.084
-0.084
-0.084
-0.084
-0.084
-0.084
-0.084
-0.084
-0.0839999
-0.0839999
-0.0839999
-0.0839999
-0.0839999
-0.0839999
-0.0839999
-0.0839999
-0.0839999
-0.0839999
-0.0839999
-0.0839999
-0.0839999
-0.0839999
-0.0839999
-0.084
-0.084
-0.084
-0.084
-0.084
-0.084
-0.084
-0.084
-0.084
-0.084
-0.084
-0.084
-0.084
-0.084
-0.084
-0.084
-0.084
-0.084
-0.084
-0.0839999
-0.0839999
-0.0839999
-0.0839999
-0.0839999
-0.0839999
-0.0839999
-0.0839999
-0.0839999
-0.0839999
-0.0839999
-0.0839999
-0.0839999
-0.084
-0.084
-0.084
-0.084
-0.084
-0.084
-0.084
-0.084
-0.084
-0.084
-0.084
-0.084
-0.084
-0.084
-0.084
-0.084
-0.084
-0.084
-0.084
-0.084
-0.084
-0.0839855
-0.0839856
-0.0839858
-0.0839861
-0.0839866
-0.0839871
-0.0839877
-0.0839883
-0.083989
-0.0839897
-0.0839905
-0.0839912
-0.083992
-0.0839927
-0.0839935
-0.0839942
-0.0839948
-0.0839954
-0.083996
-0.0839965
-0.083997
-0.0839974
-0.0839978
-0.0839982
-0.0839984
-0.0839987
-0.0839989
-0.0839991
-0.0839993
-0.0839994
-0.0839995
-0.0839996
-0.0839997
-0.0839998
-0.0839858
-0.0839859
-0.0839861
-0.0839864
-0.0839868
-0.0839873
-0.0839879
-0.0839885
-0.0839892
-0.0839899
-0.0839907
-0.0839914
-0.0839922
-0.0839929
-0.0839936
-0.0839943
-0.0839949
-0.0839955
-0.0839961
-0.0839966
-0.0839971
-0.0839975
-0.0839979
-0.0839982
-0.0839985
-0.0839987
-0.083999
-0.0839991
-0.0839993
-0.0839994
-0.0839995
-0.0839996
-0.0839997
-0.0839998
-0.0839864
-0.0839865
-0.0839867
-0.083987
-0.0839874
-0.0839879
-0.0839884
-0.083989
-0.0839897
-0.0839904
-0.0839911
-0.0839918
-0.0839925
-0.0839932
-0.0839939
-0.0839945
-0.0839951
-0.0839957
-0.0839962
-0.0839967
-0.0839972
-0.0839976
-0.0839979
-0.0839983
-0.0839985
-0.0839988
-0.083999
-0.0839992
-0.0839993
-0.0839995
-0.0839996
-0.0839996
-0.0839997
-0.0839998
-0.0839873
-0.0839874
-0.0839876
-0.0839878
-0.0839882
-0.0839887
-0.0839892
-0.0839897
-0.0839903
-0.083991
-0.0839916
-0.0839923
-0.083993
-0.0839936
-0.0839943
-0.0839949
-0.0839954
-0.083996
-0.0839965
-0.0839969
-0.0839974
-0.0839977
-0.0839981
-0.0839984
-0.0839986
-0.0839989
-0.0839991
-0.0839992
-0.0839994
-0.0839995
-0.0839996
-0.0839997
-0.0839997
-0.0839998
-0.0839884
-0.0839885
-0.0839887
-0.0839889
-0.0839893
-0.0839897
-0.0839901
-0.0839907
-0.0839912
-0.0839918
-0.0839924
-0.083993
-0.0839936
-0.0839942
-0.0839948
-0.0839953
-0.0839959
-0.0839963
-0.0839968
-0.0839972
-0.0839976
-0.0839979
-0.0839983
-0.0839985
-0.0839988
-0.083999
-0.0839991
-0.0839993
-0.0839994
-0.0839995
-0.0839996
-0.0839997
-0.0839998
-0.0839998
-0.0839898
-0.0839899
-0.08399
-0.0839903
-0.0839906
-0.0839909
-0.0839913
-0.0839918
-0.0839923
-0.0839928
-0.0839933
-0.0839938
-0.0839944
-0.0839949
-0.0839954
-0.0839959
-0.0839963
-0.0839968
-0.0839972
-0.0839976
-0.0839979
-0.0839982
-0.0839985
-0.0839987
-0.0839989
-0.0839991
-0.0839992
-0.0839994
-0.0839995
-0.0839996
-0.0839997
-0.0839997
-0.0839998
-0.0839998
-0.0839913
-0.0839914
-0.0839915
-0.0839917
-0.083992
-0.0839923
-0.0839926
-0.083993
-0.0839934
-0.0839938
-0.0839943
-0.0839947
-0.0839952
-0.0839956
-0.0839961
-0.0839965
-0.0839969
-0.0839973
-0.0839976
-0.0839979
-0.0839982
-0.0839985
-0.0839987
-0.0839989
-0.0839991
-0.0839992
-0.0839994
-0.0839995
-0.0839996
-0.0839996
-0.0839997
-0.0839998
-0.0839998
-0.0839999
-0.0839929
-0.083993
-0.0839931
-0.0839932
-0.0839934
-0.0839937
-0.083994
-0.0839943
-0.0839946
-0.083995
-0.0839953
-0.0839957
-0.0839961
-0.0839964
-0.0839968
-0.0839971
-0.0839975
-0.0839978
-0.083998
-0.0839983
-0.0839985
-0.0839987
-0.0839989
-0.0839991
-0.0839992
-0.0839994
-0.0839995
-0.0839996
-0.0839996
-0.0839997
-0.0839998
-0.0839998
-0.0839999
-0.0839999
-0.0839945
-0.0839945
-0.0839946
-0.0839947
-0.0839949
-0.0839951
-0.0839953
-0.0839955
-0.0839958
-0.0839961
-0.0839963
-0.0839966
-0.0839969
-0.0839972
-0.0839975
-0.0839978
-0.083998
-0.0839982
-0.0839985
-0.0839987
-0.0839988
-0.083999
-0.0839992
-0.0839993
-0.0839994
-0.0839995
-0.0839996
-0.0839997
-0.0839997
-0.0839998
-0.0839998
-0.0839999
-0.0839999
-0.0839999
-0.0839958
-0.0839959
-0.0839959
-0.083996
-0.0839961
-0.0839963
-0.0839965
-0.0839966
-0.0839968
-0.083997
-0.0839973
-0.0839975
-0.0839977
-0.0839979
-0.0839981
-0.0839983
-0.0839985
-0.0839987
-0.0839988
-0.083999
-0.0839991
-0.0839993
-0.0839994
-0.0839995
-0.0839996
-0.0839996
-0.0839997
-0.0839997
-0.0839998
-0.0839998
-0.0839999
-0.0839999
-0.0839999
-0.0839999
-0.083997
-0.0839971
-0.0839971
-0.0839972
-0.0839973
-0.0839974
-0.0839975
-0.0839976
-0.0839977
-0.0839979
-0.083998
-0.0839982
-0.0839984
-0.0839985
-0.0839987
-0.0839988
-0.0839989
-0.0839991
-0.0839992
-0.0839993
-0.0839994
-0.0839995
-0.0839995
-0.0839996
-0.0839997
-0.0839997
-0.0839998
-0.0839998
-0.0839999
-0.0839999
-0.0839999
-0.0839999
-0.0839999
-0.084
-0.083998
-0.083998
-0.083998
-0.0839981
-0.0839981
-0.0839982
-0.0839983
-0.0839984
-0.0839985
-0.0839986
-0.0839987
-0.0839988
-0.0839989
-0.083999
-0.0839991
-0.0839992
-0.0839993
-0.0839994
-0.0839994
-0.0839995
-0.0839996
-0.0839996
-0.0839997
-0.0839997
-0.0839998
-0.0839998
-0.0839999
-0.0839999
-0.0839999
-0.0839999
-0.0839999
-0.0839999
-0.084
-0.084
-0.0839987
-0.0839987
-0.0839987
-0.0839987
-0.0839988
-0.0839988
-0.0839989
-0.0839989
-0.083999
-0.0839991
-0.0839991
-0.0839992
-0.0839993
-0.0839993
-0.0839994
-0.0839995
-0.0839995
-0.0839996
-0.0839996
-0.0839997
-0.0839997
-0.0839998
-0.0839998
-0.0839998
-0.0839999
-0.0839999
-0.0839999
-0.0839999
-0.0839999
-0.0839999
-0.084
-0.084
-0.084
-0.084
-0.0839991
-0.0839991
-0.0839991
-0.0839992
-0.0839992
-0.0839992
-0.0839992
-0.0839993
-0.0839993
-0.0839994
-0.0839994
-0.0839995
-0.0839995
-0.0839996
-0.0839996
-0.0839996
-0.0839997
-0.0839997
-0.0839998
-0.0839998
-0.0839998
-0.0839998
-0.0839999
-0.0839999
-0.0839999
-0.0839999
-0.0839999
-0.0839999
-0.084
-0.084
-0.084
-0.084
-0.084
-0.084
-0.0839993
-0.0839993
-0.0839994
-0.0839994
-0.0839994
-0.0839994
-0.0839994
-0.0839995
-0.0839995
-0.0839995
-0.0839996
-0.0839996
-0.0839996
-0.0839997
-0.0839997
-0.0839997
-0.0839998
-0.0839998
-0.0839998
-0.0839998
-0.0839999
-0.0839999
-0.0839999
-0.0839999
-0.0839999
-0.0839999
-0.084
-0.084
-0.084
-0.084
-0.084
-0.084
-0.084
-0.084
-0.0838988
-0.0838996
-0.0839011
-0.0839033
-0.0839063
-0.0839098
-0.0839139
-0.0839185
-0.0839234
-0.0839286
-0.0839339
-0.0839393
-0.0839446
-0.0839498
-0.0839548
-0.0839596
-0.0839641
-0.0839683
-0.0839722
-0.0839758
-0.0839791
-0.0839821
-0.0839847
-0.0839871
-0.0839892
-0.083991
-0.0839925
-0.0839938
-0.083995
-0.0839959
-0.0839967
-0.0839973
-0.0839979
-0.0839983
-0.0839008
-0.0839015
-0.0839031
-0.0839054
-0.0839082
-0.0839118
-0.0839158
-0.0839203
-0.0839251
-0.0839301
-0.0839353
-0.0839406
-0.0839458
-0.0839509
-0.0839558
-0.0839605
-0.0839649
-0.083969
-0.0839728
-0.0839763
-0.0839795
-0.0839824
-0.0839851
-0.0839874
-0.0839894
-0.0839912
-0.0839927
-0.083994
-0.0839951
-0.083996
-0.0839968
-0.0839974
-0.0839979
-0.0839984
-0.083905
-0.0839057
-0.0839071
-0.0839093
-0.0839121
-0.0839155
-0.0839193
-0.0839236
-0.0839283
-0.0839331
-0.0839381
-0.0839431
-0.0839481
-0.083953
-0.0839576
-0.0839621
-0.0839663
-0.0839702
-0.0839739
-0.0839773
-0.0839804
-0.0839832
-0.0839857
-0.0839879
-0.0839899
-0.0839916
-0.083993
-0.0839942
-0.0839953
-0.0839962
-0.0839969
-0.0839975
-0.083998
-0.0839984
-0.0839112
-0.0839119
-0.0839132
-0.0839152
-0.0839178
-0.083921
-0.0839247
-0.0839287
-0.083933
-0.0839375
-0.0839422
-0.0839469
-0.0839515
-0.083956
-0.0839604
-0.0839645
-0.0839685
-0.0839721
-0.0839756
-0.0839788
-0.0839817
-0.0839843
-0.0839866
-0.0839887
-0.0839905
-0.0839921
-0.0839934
-0.0839946
-0.0839956
-0.0839964
-0.0839971
-0.0839977
-0.0839981
-0.0839985
-0.0839194
-0.08392
-0.0839213
-0.0839231
-0.0839255
-0.0839283
-0.0839316
-0.0839352
-0.0839391
-0.0839432
-0.0839474
-0.0839517
-0.0839559
-0.08396
-0.0839639
-0.0839677
-0.0839713
-0.0839746
-0.0839778
-0.0839807
-0.0839833
-0.0839857
-0.0839878
-0.0839897
-0.0839914
-0.0839928
-0.083994
-0.0839951
-0.083996
-0.0839967
-0.0839974
-0.0839979
-0.0839983
-0.0839987
-0.0839293
-0.0839298
-0.0839309
-0.0839325
-0.0839346
-0.0839371
-0.0839399
-0.0839431
-0.0839465
-0.0839501
-0.0839537
-0.0839574
-0.0839611
-0.0839646
-0.0839681
-0.0839714
-0.0839746
-0.0839776
-0.0839804
-0.0839829
-0.0839853
-0.0839874
-0.0839893
-0.0839909
-0.0839924
-0.0839936
-0.0839947
-0.0839956
-0.0839964
-0.0839971
-0.0839977
-0.0839981
-0.0839985
-0.0839988
-0.0839402
-0.0839406
-0.0839415
-0.0839429
-0.0839446
-0.0839467
-0.0839491
-0.0839517
-0.0839546
-0.0839576
-0.0839606
-0.0839637
-0.0839668
-0.0839699
-0.0839728
-0.0839757
-0.0839784
-0.0839809
-0.0839833
-0.0839855
-0.0839875
-0.0839893
-0.0839909
-0.0839923
-0.0839935
-0.0839946
-0.0839955
-0.0839963
-0.083997
-0.0839975
-0.083998
-0.0839984
-0.0839987
-0.083999
-0.0839512
-0.0839516
-0.0839523
-0.0839534
-0.0839548
-0.0839565
-0.0839584
-0.0839605
-0.0839628
-0.0839653
-0.0839677
-0.0839703
-0.0839728
-0.0839753
-0.0839777
-0.0839801
-0.0839823
-0.0839844
-0.0839863
-0.0839881
-0.0839898
-0.0839912
-0.0839925
-0.0839937
-0.0839947
-0.0839955
-0.0839963
-0.083997
-0.0839975
-0.083998
-0.0839984
-0.0839987
-0.083999
-0.0839992
-0.0839618
-0.0839621
-0.0839626
-0.0839634
-0.0839645
-0.0839658
-0.0839673
-0.083969
-0.0839708
-0.0839727
-0.0839746
-0.0839766
-0.0839786
-0.0839806
-0.0839825
-0.0839844
-0.0839861
-0.0839878
-0.0839893
-0.0839907
-0.083992
-0.0839931
-0.0839941
-0.083995
-0.0839958
-0.0839965
-0.0839971
-0.0839976
-0.083998
-0.0839984
-0.0839987
-0.083999
-0.0839992
-0.0839994
-0.0839712
-0.0839714
-0.0839719
-0.0839725
-0.0839733
-0.0839743
-0.0839754
-0.0839767
-0.083978
-0.0839795
-0.0839809
-0.0839825
-0.083984
-0.0839855
-0.0839869
-0.0839883
-0.0839896
-0.0839909
-0.083992
-0.083993
-0.083994
-0.0839948
-0.0839956
-0.0839963
-0.0839969
-0.0839974
-0.0839978
-0.0839982
-0.0839985
-0.0839988
-0.083999
-0.0839992
-0.0839994
-0.0839995
-0.0839793
-0.0839795
-0.0839798
-0.0839803
-0.0839808
-0.0839816
-0.0839824
-0.0839833
-0.0839843
-0.0839853
-0.0839864
-0.0839875
-0.0839886
-0.0839896
-0.0839907
-0.0839916
-0.0839926
-0.0839934
-0.0839943
-0.083995
-0.0839957
-0.0839963
-0.0839968
-0.0839973
-0.0839978
-0.0839981
-0.0839984
-0.0839987
-0.083999
-0.0839992
-0.0839993
-0.0839995
-0.0839996
-0.0839997
-0.0839859
-0.083986
-0.0839862
-0.0839865
-0.0839869
-0.0839874
-0.083988
-0.0839886
-0.0839893
-0.08399
-0.0839907
-0.0839915
-0.0839922
-0.0839929
-0.0839936
-0.0839943
-0.0839949
-0.0839955
-0.0839961
-0.0839966
-0.0839971
-0.0839975
-0.0839978
-0.0839982
-0.0839985
-0.0839987
-0.0839989
-0.0839991
-0.0839993
-0.0839994
-0.0839995
-0.0839996
-0.0839997
-0.0839998
-0.0839907
-0.0839908
-0.0839909
-0.0839911
-0.0839914
-0.0839917
-0.0839921
-0.0839925
-0.0839929
-0.0839934
-0.0839939
-0.0839944
-0.0839948
-0.0839953
-0.0839958
-0.0839962
-0.0839967
-0.0839971
-0.0839974
-0.0839978
-0.0839981
-0.0839983
-0.0839986
-0.0839988
-0.083999
-0.0839992
-0.0839993
-0.0839994
-0.0839995
-0.0839996
-0.0839997
-0.0839998
-0.0839998
-0.0839999
-0.0839938
-0.0839938
-0.0839939
-0.0839941
-0.0839943
-0.0839945
-0.0839947
-0.083995
-0.0839953
-0.0839956
-0.0839959
-0.0839963
-0.0839966
-0.0839969
-0.0839972
-0.0839975
-0.0839978
-0.0839981
-0.0839983
-0.0839985
-0.0839987
-0.0839989
-0.0839991
-0.0839992
-0.0839994
-0.0839995
-0.0839996
-0.0839996
-0.0839997
-0.0839998
-0.0839998
-0.0839998
-0.0839999
-0.0839999
-0.0839953
-0.0839954
-0.0839954
-0.0839955
-0.0839957
-0.0839958
-0.083996
-0.0839962
-0.0839965
-0.0839967
-0.0839969
-0.0839972
-0.0839974
-0.0839977
-0.0839979
-0.0839981
-0.0839984
-0.0839986
-0.0839987
-0.0839989
-0.0839991
-0.0839992
-0.0839993
-0.0839994
-0.0839995
-0.0839996
-0.0839997
-0.0839997
-0.0839998
-0.0839998
-0.0839999
-0.0839999
-0.0839999
-0.0839999
-0.083301
-0.0833055
-0.0833143
-0.0833291
-0.0833486
-0.0833709
-0.0833962
-0.083425
-0.0834575
-0.0834947
-0.0835333
-0.0835726
-0.0836117
-0.0836499
-0.0836865
-0.0837211
-0.0837532
-0.0837826
-0.0838092
-0.0838334
-0.0838553
-0.0838752
-0.0838932
-0.0839096
-0.0839242
-0.083937
-0.0839479
-0.0839571
-0.0839648
-0.0839713
-0.0839767
-0.0839813
-0.083985
-0.0839882
-0.0833116
-0.0833169
-0.0833272
-0.0833421
-0.0833603
-0.0833837
-0.0834093
-0.0834378
-0.0834695
-0.0835058
-0.0835435
-0.0835819
-0.0836202
-0.0836576
-0.0836935
-0.0837272
-0.0837585
-0.0837871
-0.0838132
-0.0838367
-0.0838582
-0.0838777
-0.0838954
-0.0839115
-0.0839258
-0.0839383
-0.083949
-0.083958
-0.0839656
-0.0839719
-0.0839772
-0.0839817
-0.0839854
-0.0839884
-0.0833401
-0.0833445
-0.0833525
-0.0833668
-0.0833858
-0.0834069
-0.0834312
-0.0834592
-0.0834924
-0.0835274
-0.0835637
-0.0836005
-0.0836372
-0.0836729
-0.083707
-0.083739
-0.0837687
-0.083796
-0.0838208
-0.0838434
-0.0838639
-0.0838827
-0.0838998
-0.0839153
-0.0839291
-0.083941
-0.0839512
-0.0839598
-0.083967
-0.0839731
-0.0839782
-0.0839824
-0.083986
-0.0839889
-0.0833801
-0.0833844
-0.0833913
-0.0834048
-0.0834205
-0.0834428
-0.0834665
-0.0834955
-0.0835268
-0.0835598
-0.0835938
-0.0836281
-0.0836622
-0.0836953
-0.0837268
-0.0837564
-0.0837838
-0.083809
-0.0838321
-0.0838532
-0.0838725
-0.0838902
-0.0839063
-0.0839209
-0.0839338
-0.0839449
-0.0839544
-0.0839624
-0.0839691
-0.0839748
-0.0839796
-0.0839836
-0.0839869
-0.0839896
-0.0834313
-0.0834358
-0.0834445
-0.0834551
-0.083472
-0.0834924
-0.083516
-0.0835424
-0.0835711
-0.0836013
-0.0836324
-0.0836635
-0.0836942
-0.0837238
-0.083752
-0.0837784
-0.0838029
-0.0838256
-0.0838465
-0.0838659
-0.0838837
-0.0839
-0.0839148
-0.0839282
-0.0839399
-0.0839499
-0.0839585
-0.0839657
-0.0839718
-0.083977
-0.0839814
-0.083985
-0.0839881
-0.0839906
-0.0834999
-0.0835039
-0.0835117
-0.0835234
-0.0835384
-0.0835565
-0.0835773
-0.0836004
-0.0836254
-0.0836518
-0.0836787
-0.0837056
-0.0837319
-0.0837574
-0.0837816
-0.0838043
-0.0838256
-0.0838455
-0.083864
-0.0838812
-0.0838972
-0.0839117
-0.083925
-0.0839368
-0.083947
-0.0839558
-0.0839633
-0.0839697
-0.0839751
-0.0839797
-0.0839835
-0.0839868
-0.0839895
-0.0839917
-0.0835792
-0.0835827
-0.0835895
-0.0835993
-0.0836121
-0.0836274
-0.083645
-0.0836645
-0.0836853
-0.083707
-0.083729
-0.0837511
-0.0837727
-0.0837937
-0.0838137
-0.0838327
-0.0838508
-0.0838678
-0.0838837
-0.0838986
-0.0839124
-0.083925
-0.0839364
-0.0839463
-0.0839549
-0.0839623
-0.0839687
-0.0839741
-0.0839787
-0.0839826
-0.083986
-0.0839887
-0.083991
-0.0839929
-0.0836612
-0.0836638
-0.0836691
-0.0836769
-0.083687
-0.0836992
-0.0837132
-0.0837285
-0.0837448
-0.0837618
-0.0837792
-0.0837965
-0.0838136
-0.0838303
-0.0838464
-0.083862
-0.0838769
-0.0838911
-0.0839045
-0.083917
-0.0839285
-0.0839388
-0.083948
-0.083956
-0.083963
-0.083969
-0.0839742
-0.0839787
-0.0839825
-0.0839858
-0.0839885
-0.0839908
-0.0839926
-0.0839942
-0.0837376
-0.0837395
-0.0837434
-0.0837492
-0.0837567
-0.0837658
-0.0837762
-0.0837877
-0.0837999
-0.0838128
-0.0838259
-0.0838392
-0.0838525
-0.0838656
-0.0838785
-0.083891
-0.083903
-0.0839144
-0.0839252
-0.0839351
-0.0839441
-0.0839521
-0.0839592
-0.0839654
-0.0839708
-0.0839755
-0.0839796
-0.0839832
-0.0839862
-0.0839888
-0.083991
-0.0839928
-0.0839942
-0.0839954
-0.083803
-0.0838044
-0.0838072
-0.0838113
-0.0838168
-0.0838233
-0.0838309
-0.0838393
-0.0838483
-0.0838579
-0.0838678
-0.083878
-0.0838882
-0.0838984
-0.0839085
-0.0839182
-0.0839275
-0.0839362
-0.0839442
-0.0839515
-0.0839581
-0.083964
-0.0839692
-0.0839739
-0.083978
-0.0839815
-0.0839847
-0.0839874
-0.0839897
-0.0839916
-0.0839932
-0.0839946
-0.0839957
-0.0839966
-0.0838568
-0.0838579
-0.08386
-0.083863
-0.0838669
-0.0838717
-0.0838773
-0.0838835
-0.0838901
-0.0838972
-0.0839047
-0.0839122
-0.0839198
-0.0839274
-0.0839348
-0.0839418
-0.0839484
-0.0839545
-0.0839601
-0.0839652
-0.0839699
-0.0839741
-0.0839778
-0.0839812
-0.0839842
-0.0839868
-0.0839891
-0.083991
-0.0839926
-0.083994
-0.0839952
-0.0839961
-0.0839969
-0.0839976
-0.0839008
-0.0839016
-0.0839031
-0.0839053
-0.0839081
-0.0839116
-0.0839156
-0.08392
-0.0839248
-0.0839299
-0.0839351
-0.0839403
-0.0839455
-0.0839506
-0.0839555
-0.0839602
-0.0839646
-0.0839687
-0.0839725
-0.0839761
-0.0839793
-0.0839822
-0.0839848
-0.0839872
-0.0839892
-0.083991
-0.0839926
-0.0839939
-0.083995
-0.0839959
-0.0839967
-0.0839974
-0.0839979
-0.0839984
-0.0839347
-0.0839352
-0.0839362
-0.0839377
-0.0839396
-0.0839419
-0.0839446
-0.0839475
-0.0839506
-0.0839539
-0.0839572
-0.0839606
-0.083964
-0.0839673
-0.0839705
-0.0839736
-0.0839765
-0.0839792
-0.0839818
-0.0839842
-0.0839863
-0.0839883
-0.0839901
-0.0839916
-0.083993
-0.0839941
-0.0839951
-0.083996
-0.0839967
-0.0839973
-0.0839979
-0.0839983
-0.0839987
-0.0839989
-0.0839565
-0.0839569
-0.0839575
-0.0839585
-0.0839598
-0.0839613
-0.083963
-0.0839649
-0.083967
-0.0839691
-0.0839714
-0.0839736
-0.0839759
-0.0839781
-0.0839803
-0.0839824
-0.0839844
-0.0839863
-0.083988
-0.0839896
-0.083991
-0.0839923
-0.0839935
-0.0839945
-0.0839954
-0.0839962
-0.0839968
-0.0839974
-0.0839979
-0.0839983
-0.0839986
-0.0839989
-0.0839991
-0.0839993
-0.0839671
-0.0839674
-0.0839679
-0.0839686
-0.0839696
-0.0839707
-0.083972
-0.0839734
-0.083975
-0.0839767
-0.0839784
-0.0839801
-0.0839818
-0.0839836
-0.0839852
-0.0839868
-0.0839884
-0.0839898
-0.0839911
-0.0839923
-0.0839933
-0.0839943
-0.0839952
-0.0839959
-0.0839966
-0.0839972
-0.0839977
-0.0839981
-0.0839985
-0.0839988
-0.083999
-0.0839992
-0.0839994
-0.0839995
-0.0791299
-0.0791606
-0.0792233
-0.0793172
-0.0794373
-0.0795837
-0.0797519
-0.0799425
-0.0801549
-0.0803875
-0.0806373
-0.080901
-0.0811743
-0.0814514
-0.081727
-0.0819959
-0.0822514
-0.0824865
-0.0826953
-0.0828746
-0.0830259
-0.0831545
-0.0832674
-0.0833697
-0.0834611
-0.0835515
-0.0836311
-0.083699
-0.0837554
-0.0838013
-0.0838384
-0.0838689
-0.0838943
-0.0839158
-0.0792087
-0.0792414
-0.0793061
-0.0793989
-0.0795183
-0.0796627
-0.0798307
-0.0800197
-0.0802288
-0.0804567
-0.0807025
-0.0809632
-0.081234
-0.0815095
-0.0817824
-0.0820466
-0.0822961
-0.0825243
-0.0827261
-0.082899
-0.0830452
-0.0831707
-0.0832816
-0.0833825
-0.0834725
-0.0835613
-0.0836393
-0.0837056
-0.0837607
-0.0838054
-0.0838417
-0.0838715
-0.0838965
-0.0839176
-0.0793819
-0.0794107
-0.0794696
-0.0795583
-0.0796733
-0.0798144
-0.0799786
-0.0801651
-0.0803718
-0.0805967
-0.080838
-0.0810938
-0.0813585
-0.0816252
-0.0818874
-0.0821403
-0.0823776
-0.0825936
-0.0827832
-0.0829453
-0.0830832
-0.0832023
-0.0833084
-0.0834056
-0.0834953
-0.0835811
-0.0836558
-0.083719
-0.0837712
-0.0838137
-0.0838483
-0.0838768
-0.0839008
-0.0839211
-0.0796361
-0.079663
-0.0797181
-0.0798018
-0.0799121
-0.0800485
-0.0802088
-0.0803911
-0.0805933
-0.0808125
-0.0810458
-0.0812907
-0.0815428
-0.0817966
-0.0820445
-0.0822805
-0.0824989
-0.0826953
-0.0828662
-0.0830125
-0.0831384
-0.0832491
-0.0833488
-0.0834409
-0.083529
-0.0836098
-0.0836795
-0.0837381
-0.0837863
-0.0838256
-0.0838577
-0.0838845
-0.0839071
-0.0839263
-0.0799779
-0.0800045
-0.0800574
-0.0801362
-0.0802401
-0.0803677
-0.0805182
-0.0806911
-0.080885
-0.0810964
-0.0813204
-0.0815521
-0.0817874
-0.0820211
-0.0822472
-0.0824586
-0.0826506
-0.0828206
-0.0829684
-0.0830962
-0.0832087
-0.0833097
-0.0834027
-0.0834893
-0.0835731
-0.0836467
-0.0837096
-0.0837622
-0.0838053
-0.0838406
-0.0838697
-0.0838943
-0.0839153
-0.083933
-0.0804175
-0.0804425
-0.0804928
-0.0805685
-0.0806677
-0.0807882
-0.080929
-0.0810901
-0.0812697
-0.0814644
-0.081669
-0.081878
-0.082087
-0.0822909
-0.082485
-0.0826628
-0.0828216
-0.0829615
-0.0830843
-0.0831936
-0.0832928
-0.0833828
-0.0834675
-0.0835511
-0.0836256
-0.0836902
-0.0837449
-0.0837902
-0.0838275
-0.0838584
-0.0838843
-0.0839064
-0.0839252
-0.0839409
-0.0809446
-0.0809687
-0.0810159
-0.0810851
-0.0811757
-0.0812862
-0.0814161
-0.0815635
-0.0817231
-0.0818908
-0.0820654
-0.0822422
-0.0824153
-0.082581
-0.0827344
-0.0828733
-0.0829977
-0.0831089
-0.0832096
-0.0833023
-0.0833873
-0.0834678
-0.0835483
-0.0836206
-0.0836839
-0.0837379
-0.0837833
-0.0838208
-0.083852
-0.0838782
-0.0839007
-0.08392
-0.0839364
-0.0839497
-0.081542
-0.0815609
-0.081599
-0.0816573
-0.0817349
-0.0818302
-0.0819396
-0.0820608
-0.0821916
-0.0823284
-0.0824672
-0.0826031
-0.0827338
-0.0828558
-0.0829686
-0.0830717
-0.0831667
-0.0832553
-0.0833388
-0.0834174
-0.0834917
-0.0835659
-0.083633
-0.0836921
-0.083743
-0.0837859
-0.0838219
-0.083852
-0.0838775
-0.0838994
-0.0839184
-0.0839346
-0.083948
-0.0839588
-0.0821399
-0.0821542
-0.0821829
-0.0822279
-0.0822878
-0.0823612
-0.0824439
-0.0825339
-0.0826292
-0.0827269
-0.0828243
-0.0829185
-0.083009
-0.0830949
-0.0831766
-0.0832545
-0.083329
-0.0834003
-0.0834688
-0.0835393
-0.0836046
-0.0836634
-0.0837154
-0.0837603
-0.0837985
-0.0838309
-0.0838585
-0.0838822
-0.0839028
-0.0839207
-0.083936
-0.0839488
-0.0839592
-0.0839676
-0.0826535
-0.0826645
-0.0826858
-0.0827166
-0.0827572
-0.0828052
-0.0828595
-0.0829188
-0.0829806
-0.083044
-0.0831084
-0.0831727
-0.0832369
-0.0833007
-0.0833631
-0.0834233
-0.0834854
-0.0835475
-0.0836058
-0.0836593
-0.0837076
-0.0837503
-0.0837875
-0.0838196
-0.0838471
-0.0838711
-0.0838922
-0.0839107
-0.0839268
-0.0839406
-0.0839522
-0.0839616
-0.0839693
-0.0839756
-0.0830352
-0.0830424
-0.0830561
-0.0830759
-0.0831013
-0.0831319
-0.0831672
-0.0832062
-0.0832482
-0.0832925
-0.0833386
-0.0833846
-0.0834334
-0.083484
-0.0835364
-0.0835873
-0.0836357
-0.0836807
-0.0837218
-0.0837589
-0.0837918
-0.0838208
-0.0838462
-0.0838687
-0.0838887
-0.0839064
-0.0839223
-0.0839361
-0.0839479
-0.0839577
-0.0839658
-0.0839725
-0.083978
-0.0839825
-0.0833118
-0.083317
-0.083327
-0.0833413
-0.0833586
-0.0833813
-0.0834063
-0.0834341
-0.0834652
-0.0835009
-0.083538
-0.0835759
-0.083614
-0.0836516
-0.0836878
-0.0837222
-0.0837542
-0.0837834
-0.08381
-0.083834
-0.0838556
-0.0838752
-0.0838929
-0.083909
-0.0839234
-0.0839362
-0.0839473
-0.0839567
-0.0839645
-0.0839711
-0.0839766
-0.0839812
-0.083985
-0.0839881
-0.0835334
-0.0835372
-0.0835448
-0.0835558
-0.0835699
-0.083587
-0.0836065
-0.083628
-0.0836511
-0.0836752
-0.0836998
-0.0837245
-0.0837489
-0.0837726
-0.0837952
-0.0838165
-0.0838364
-0.083855
-0.0838722
-0.0838883
-0.0839032
-0.0839169
-0.0839293
-0.0839404
-0.08395
-0.0839584
-0.0839655
-0.0839716
-0.0839767
-0.083981
-0.0839847
-0.0839877
-0.0839903
-0.0839924
-0.0836937
-0.0836963
-0.0837013
-0.0837085
-0.0837179
-0.083729
-0.0837416
-0.0837554
-0.08377
-0.0837852
-0.0838008
-0.0838163
-0.0838318
-0.0838469
-0.0838616
-0.0838758
-0.0838894
-0.0839023
-0.0839145
-0.0839258
-0.0839362
-0.0839455
-0.0839538
-0.083961
-0.0839672
-0.0839727
-0.0839773
-0.0839813
-0.0839848
-0.0839877
-0.0839901
-0.0839921
-0.0839938
-0.0839951
-0.0837709
-0.0837727
-0.0837763
-0.0837814
-0.083788
-0.0837959
-0.0838049
-0.0838149
-0.0838255
-0.0838367
-0.0838482
-0.0838599
-0.0838718
-0.0838835
-0.083895
-0.0839062
-0.083917
-0.0839272
-0.0839366
-0.0839451
-0.0839528
-0.0839597
-0.0839657
-0.083971
-0.0839757
-0.0839797
-0.0839833
-0.0839863
-0.0839889
-0.0839911
-0.0839928
-0.0839943
-0.0839955
-0.0839965
-0.0509279
-0.0512256
-0.0518701
-0.0528225
-0.0538254
-0.0549965
-0.0560951
-0.0570996
-0.0580065
-0.0589475
-0.0600177
-0.061222
-0.062573
-0.0640621
-0.0656981
-0.0674899
-0.0694226
-0.0714466
-0.0734738
-0.0753553
-0.0769179
-0.078087
-0.078945
-0.0796076
-0.0801968
-0.0807631
-0.0813013
-0.081798
-0.0822378
-0.0826062
-0.082894
-0.0831081
-0.0832715
-0.0834054
-0.051702
-0.0520465
-0.0527143
-0.0535155
-0.0544969
-0.0555105
-0.0565483
-0.0574818
-0.0582931
-0.0592203
-0.06029
-0.0615096
-0.0628786
-0.0644046
-0.0660711
-0.0678791
-0.069818
-0.071826
-0.0738128
-0.0756262
-0.0770974
-0.0782147
-0.0790353
-0.0796822
-0.0802664
-0.0808283
-0.0813607
-0.0818503
-0.0822816
-0.0826402
-0.0829185
-0.0831257
-0.0832854
-0.0834176
-0.0533581
-0.0535823
-0.0540719
-0.0548048
-0.0555685
-0.0564587
-0.0572753
-0.0580385
-0.0588694
-0.0598209
-0.0609053
-0.0621498
-0.0635479
-0.0650821
-0.0667528
-0.0685634
-0.0704878
-0.0724622
-0.0743904
-0.0761006
-0.0774659
-0.0784705
-0.0792217
-0.0798355
-0.0804082
-0.0809595
-0.0814791
-0.081953
-0.0823663
-0.0827058
-0.0829665
-0.0831606
-0.0833122
-0.0834385
-0.0553261
-0.055487
-0.0558426
-0.0563871
-0.056929
-0.0575795
-0.0582071
-0.0589467
-0.0598055
-0.060787
-0.0618965
-0.0631589
-0.0645761
-0.0661515
-0.0678593
-0.0696851
-0.0715828
-0.0734879
-0.0752743
-0.0767887
-0.0779579
-0.0788152
-0.0794812
-0.0800623
-0.0806207
-0.0811557
-0.0816548
-0.082104
-0.0824889
-0.0827987
-0.0830334
-0.0832102
-0.0833515
-0.0834714
-0.0572489
-0.0573822
-0.0576034
-0.0579061
-0.0583161
-0.0588293
-0.0594551
-0.0602091
-0.0611028
-0.0621389
-0.0633129
-0.0646229
-0.0660863
-0.067697
-0.0694459
-0.0712581
-0.0730818
-0.074831
-0.0763693
-0.077592
-0.0785225
-0.0792309
-0.0798188
-0.080372
-0.0809087
-0.0814176
-0.0818852
-0.0822977
-0.0826423
-0.0829122
-0.0831152
-0.0832723
-0.0834027
-0.0835178
-0.059039
-0.0591417
-0.0593501
-0.059677
-0.0601154
-0.0606564
-0.0613123
-0.0621017
-0.0630351
-0.0641149
-0.0653362
-0.0666885
-0.0681812
-0.0697968
-0.0715071
-0.0732182
-0.0748514
-0.0763047
-0.0774979
-0.078412
-0.0791174
-0.0796998
-0.0802385
-0.0807635
-0.0812676
-0.0817377
-0.0821605
-0.0825227
-0.0828154
-0.0830392
-0.0832098
-0.0833472
-0.0834642
-0.0835745
-0.0613899
-0.0615069
-0.0617361
-0.0620755
-0.0625379
-0.0631203
-0.0638394
-0.0647042
-0.0656846
-0.0667785
-0.0680218
-0.0693992
-0.0708695
-0.0724073
-0.073941
-0.075383
-0.0766565
-0.0777049
-0.0785268
-0.0791758
-0.0797254
-0.0802416
-0.0807473
-0.0812343
-0.0816916
-0.0821069
-0.0824685
-0.0827664
-0.0829963
-0.0831715
-0.0833124
-0.0834319
-0.0835421
-0.083639
-0.0645857
-0.0646892
-0.0648998
-0.0652473
-0.0657297
-0.0663562
-0.0671011
-0.0679711
-0.0689733
-0.0701022
-0.0713305
-0.0726051
-0.0739294
-0.075201
-0.076377
-0.0773722
-0.0781891
-0.0788522
-0.0794049
-0.0799014
-0.0803843
-0.0808597
-0.0813196
-0.0817533
-0.082148
-0.0824914
-0.082775
-0.0829972
-0.0831676
-0.0833047
-0.083421
-0.0835296
-0.0836263
-0.0837065
-0.0686229
-0.068722
-0.0689196
-0.0692681
-0.0697555
-0.0703843
-0.0711104
-0.0719352
-0.0728601
-0.0738573
-0.0748786
-0.0758542
-0.076777
-0.0775827
-0.0782717
-0.0788468
-0.0793441
-0.0797984
-0.0802426
-0.0806858
-0.0811214
-0.0815401
-0.0819323
-0.0822865
-0.0825926
-0.0828445
-0.083042
-0.0831975
-0.0833262
-0.0834367
-0.0835401
-0.0836324
-0.0837093
-0.0837714
-0.0731363
-0.073252
-0.0734682
-0.0737691
-0.0741927
-0.0746856
-0.0752502
-0.0758862
-0.0765157
-0.0771166
-0.0777001
-0.0782381
-0.0787232
-0.0791598
-0.0795641
-0.0799549
-0.0803474
-0.0807409
-0.0811303
-0.0815093
-0.0818713
-0.0822066
-0.0825044
-0.0827576
-0.0829625
-0.0831261
-0.0832604
-0.0833758
-0.0834763
-0.0835734
-0.0836574
-0.0837273
-0.0837838
-0.0838285
-0.077037
-0.0771045
-0.0772214
-0.0774043
-0.0776306
-0.0778986
-0.078187
-0.0784909
-0.0787965
-0.0790981
-0.0793975
-0.0796993
-0.0800092
-0.0803312
-0.0806631
-0.0810013
-0.0813396
-0.0816693
-0.0819826
-0.0822745
-0.0825382
-0.0827663
-0.0829549
-0.0831091
-0.0832371
-0.0833476
-0.0834473
-0.0835411
-0.0836261
-0.0836985
-0.0837583
-0.0838065
-0.0838449
-0.0838758
-0.079218
-0.0792505
-0.0793122
-0.0794014
-0.0795181
-0.0796584
-0.0798223
-0.0800074
-0.0802111
-0.0804313
-0.0806674
-0.0809176
-0.0811788
-0.0814471
-0.0817171
-0.0819835
-0.0822376
-0.0824726
-0.0826831
-0.0828656
-0.0830199
-0.0831503
-0.0832628
-0.083363
-0.083452
-0.0835411
-0.083621
-0.0836902
-0.0837486
-0.0837965
-0.0838353
-0.0838667
-0.0838926
-0.0839143
-0.0806229
-0.0806491
-0.0807002
-0.0807744
-0.0808704
-0.0809873
-0.0811229
-0.081275
-0.0814414
-0.0816195
-0.0818059
-0.081997
-0.0821905
-0.0823812
-0.082562
-0.0827291
-0.0828798
-0.0830126
-0.0831289
-0.0832322
-0.0833257
-0.0834118
-0.0834917
-0.0835704
-0.083641
-0.0837029
-0.0837556
-0.0837996
-0.0838358
-0.0838656
-0.0838905
-0.0839116
-0.0839296
-0.0839446
-0.0817523
-0.0817731
-0.0818129
-0.0818697
-0.0819437
-0.0820326
-0.0821347
-0.0822455
-0.0823628
-0.0824846
-0.0826073
-0.0827271
-0.0828431
-0.0829528
-0.0830543
-0.0831484
-0.0832358
-0.0833173
-0.0833937
-0.0834663
-0.0835399
-0.0836076
-0.0836686
-0.0837222
-0.0837683
-0.0838072
-0.0838399
-0.0838674
-0.0838909
-0.0839111
-0.0839284
-0.083943
-0.083955
-0.0839647
-0.0823765
-0.0823919
-0.0824208
-0.0824613
-0.082514
-0.0825762
-0.082647
-0.0827225
-0.0828014
-0.0828822
-0.082963
-0.0830421
-0.0831198
-0.0831953
-0.0832681
-0.0833385
-0.0834087
-0.083475
-0.0835428
-0.0836058
-0.0836628
-0.0837136
-0.083758
-0.0837961
-0.0838286
-0.0838564
-0.0838804
-0.0839013
-0.0839195
-0.0839352
-0.0839482
-0.0839589
-0.0839676
-0.0839745
0.0330818
0.0332496
0.0332851
0.0333168
0.0334869
0.0335527
0.0337558
0.033985
0.0342038
0.0344029
0.0345869
0.0348462
0.0348804
0.034861
0.0344983
0.0333968
0.0308305
0.0254888
0.0155288
-9.01402e-05
-0.0191035
-0.0360894
-0.0484714
-0.055263
-0.0584081
-0.0608051
-0.0634118
-0.0662552
-0.0693
-0.0724111
-0.0753109
-0.0775261
-0.0789266
0.0332876
0.0332926
0.0332878
0.0333161
0.0335158
0.0337117
0.0337802
0.0339837
0.0342343
0.0346015
0.0347826
0.0348746
0.0349688
0.0347109
0.0341699
0.0328074
0.0298009
0.0237541
0.0129032
-0.00321632
-0.0212993
-0.038053
-0.0494979
-0.0558254
-0.0587042
-0.0611134
-0.0637425
-0.0666076
-0.0696644
-0.072759
-0.0755929
-0.0776992
-0.0790287
0.0333209
0.0334899
0.0335261
0.0335582
0.0337274
0.0337894
0.0339867
0.0342073
0.0344192
0.0346303
0.0349209
0.0349637
0.0348447
0.0346121
0.0338942
0.0321566
0.0284515
0.0212438
0.00891087
-0.00836943
-0.0269779
-0.0418706
-0.05175
-0.0567703
-0.0592802
-0.0617137
-0.0643753
-0.0672637
-0.0703208
-0.0733772
-0.0760835
-0.0780206
-0.079221
0.0335558
0.0337271
0.0337675
0.0338019
0.033966
0.0340197
0.0342098
0.0344146
0.0345997
0.0347703
0.0350152
0.0350039
0.0348694
0.0341791
0.0328855
0.0302041
0.0249302
0.0154515
0.000831584
-0.0172371
-0.0344279
-0.0467624
-0.054279
-0.0578633
-0.060182
-0.0626739
-0.0653907
-0.0683166
-0.0713628
-0.0743241
-0.0767878
-0.0784514
-0.0794873
0.0339902
0.0339961
0.0340278
0.0341932
0.0342502
0.0344429
0.0346515
0.034831
0.0349573
0.0350092
0.0349701
0.0348713
0.0342422
0.0330171
0.0302878
0.0255608
0.017362
0.00455752
-0.0120643
-0.028652
-0.0426964
-0.0518883
-0.0566872
-0.0591344
-0.0614927
-0.0640641
-0.0668485
-0.0698087
-0.0727951
-0.075542
-0.0776211
-0.0789454
-0.0798179
0.0344218
0.0344481
0.0346053
0.0346212
0.0346182
0.0347718
0.034925
0.035018
0.0350218
0.0348871
0.0345372
0.033944
0.0324586
0.0297969
0.0246224
0.0164655
0.00434116
-0.0112622
-0.0276648
-0.041113
-0.0505932
-0.055981
-0.0585846
-0.0608134
-0.0632574
-0.0659122
-0.0687556
-0.0716916
-0.0745199
-0.0768643
-0.0784581
-0.0794635
-0.0802188
0.0348989
0.0348852
0.034886
0.035
0.0349637
0.0350123
0.0349724
0.0346509
0.0343259
0.0338751
0.0326839
0.030555
0.0271062
0.0209372
0.0119151
-0.000484042
-0.015423
-0.0304432
-0.0428195
-0.0512857
-0.0561773
-0.0586036
-0.060748
-0.0630827
-0.065621
-0.0683489
-0.0712051
-0.0740444
-0.0764589
-0.0781523
-0.079237
-0.0800121
-0.0807024
0.0346577
0.0346579
0.034773
0.0346609
0.0345522
0.0341304
0.0336621
0.0328724
0.0315083
0.0292236
0.0256175
0.020469
0.0122286
0.00152988
-0.0121193
-0.025676
-0.0378376
-0.0472969
-0.0535754
-0.0571233
-0.0591642
-0.0612395
-0.0635161
-0.0660023
-0.0686607
-0.0714117
-0.0741116
-0.0764611
-0.0781218
-0.0791865
-0.0799467
-0.0806227
-0.0812554
0.0317956
0.0316915
0.0316236
0.0310578
0.0302322
0.0286044
0.026554
0.0235554
0.0191287
0.012782
0.00434126
-0.00536109
-0.01716
-0.0285794
-0.0391935
-0.0472631
-0.0529792
-0.0565402
-0.058576
-0.0604544
-0.062503
-0.0647359
-0.0671569
-0.0697205
-0.0723305
-0.0748555
-0.0769236
-0.0783721
-0.0793264
-0.0800413
-0.0806897
-0.0812975
-0.081852
0.0173559
0.016558
0.0151207
0.0134003
0.0100818
0.00619597
0.000968968
-0.00648849
-0.0142313
-0.0218838
-0.030482
-0.0386848
-0.0455985
-0.0510955
-0.0549422
-0.0573943
-0.0590113
-0.0607053
-0.0625397
-0.0645425
-0.0667376
-0.0690947
-0.071534
-0.0739583
-0.0760993
-0.0777419
-0.0788666
-0.0796456
-0.0802959
-0.0809054
-0.0814744
-0.0819896
-0.0824349
-0.0213146
-0.0222871
-0.023561
-0.0263043
-0.0294648
-0.0336898
-0.037936
-0.0423838
-0.0466165
-0.050333
-0.05342
-0.055834
-0.0575559
-0.0588943
-0.0603267
-0.0618964
-0.0636232
-0.0654837
-0.06747
-0.0696029
-0.0718367
-0.0740487
-0.0760139
-0.0775763
-0.0786828
-0.0794687
-0.0801045
-0.0806966
-0.0812569
-0.0817744
-0.0822334
-0.0826188
-0.0829213
-0.0515535
-0.0519271
-0.0525054
-0.0533426
-0.0544063
-0.0554377
-0.0565047
-0.0574921
-0.058343
-0.05927
-0.0603003
-0.0614471
-0.0627233
-0.0641527
-0.065734
-0.0674782
-0.0693424
-0.0712843
-0.0732464
-0.0751113
-0.0767023
-0.0779556
-0.0788728
-0.0795578
-0.0801404
-0.0806912
-0.0812166
-0.0817078
-0.0821523
-0.0825357
-0.0828458
-0.0830798
-0.0832538
-0.0599922
-0.0601174
-0.0603589
-0.0607071
-0.0611601
-0.0617252
-0.0623954
-0.0631743
-0.0640708
-0.0650907
-0.0662325
-0.0674956
-0.0689106
-0.0704569
-0.0720481
-0.0736659
-0.0752249
-0.0766142
-0.0777502
-0.0786247
-0.0792976
-0.0798571
-0.0803753
-0.0808746
-0.081353
-0.0818022
-0.0822088
-0.0825607
-0.0828483
-0.0830706
-0.08324
-0.0833751
-0.0834882
-0.0657678
-0.0659066
-0.066168
-0.06654
-0.067049
-0.0676845
-0.0684589
-0.0693278
-0.0702951
-0.0713635
-0.0725048
-0.0736726
-0.0748749
-0.0760293
-0.0770429
-0.0779087
-0.0786284
-0.0792205
-0.0797285
-0.0802025
-0.0806643
-0.0811136
-0.0815451
-0.0819486
-0.0823115
-0.0826243
-0.082881
-0.0830822
-0.0832403
-0.0833698
-0.0834792
-0.0835822
-0.0836703
-0.0703745
-0.0705201
-0.0707786
-0.0711392
-0.071639
-0.0722335
-0.0729565
-0.0737274
-0.0745421
-0.0753882
-0.0762238
-0.0769931
-0.077704
-0.0783291
-0.0788723
-0.0793533
-0.0797995
-0.0802348
-0.0806675
-0.0810919
-0.0815008
-0.0818871
-0.0822403
-0.0825485
-0.0828052
-0.0830096
-0.0831719
-0.0833054
-0.0834192
-0.0835257
-0.0836212
-0.0837012
-0.083766
0.0314316
0.0314518
0.0314944
0.0316212
0.0317112
0.0318834
0.0320872
0.0322955
0.0325011
0.032719
0.0330005
0.0331919
0.0334042
0.0334963
0.0336017
0.0336239
0.0335292
0.0333317
0.0331525
0.032877
0.0327607
0.0330202
0.0333795
0.0339707
0.034542
0.0349002
0.0347887
0.0336283
0.0300241
0.0207847
0.00112012
-0.0260034
-0.0468992
0.0315039
0.0316053
0.0316492
0.031701
0.031832
0.0319204
0.0320906
0.032294
0.0325241
0.0328267
0.0330275
0.0331903
0.0334138
0.0335905
0.0336711
0.0335532
0.0334293
0.0333177
0.0330421
0.0328003
0.0328669
0.0330577
0.0335351
0.0339858
0.0345019
0.034805
0.0345902
0.0332029
0.0290952
0.0188347
-0.00197909
-0.0283666
-0.0483112
0.0316552
0.0316761
0.03172
0.0318434
0.0319284
0.0320904
0.0322839
0.0324816
0.0326761
0.032882
0.0331494
0.0333071
0.0334794
0.0335222
0.0335741
0.0335388
0.0333893
0.0331582
0.0329974
0.0327995
0.0327982
0.0331615
0.0335804
0.0341664
0.0346768
0.0349124
0.034544
0.0328066
0.0278893
0.0158925
-0.00694587
-0.0334345
-0.0508139
0.0318865
0.0319266
0.0320484
0.032123
0.0322541
0.0323315
0.032492
0.0326684
0.0328399
0.033018
0.0332614
0.0333939
0.0335297
0.0335133
0.0335032
0.0334105
0.0332121
0.032963
0.0328492
0.0327558
0.0328819
0.0333678
0.0339562
0.0343837
0.0347742
0.0348346
0.0341112
0.031584
0.0249082
0.00963382
-0.0156034
-0.0400561
-0.0538037
0.0322828
0.0322924
0.0323293
0.0324546
0.0325299
0.032692
0.0328728
0.033039
0.0331764
0.0332839
0.0333804
0.0335234
0.0335296
0.0335414
0.0334695
0.0333073
0.0330695
0.0328191
0.0326665
0.0327343
0.0331319
0.0335667
0.0341653
0.034645
0.0347164
0.0343954
0.0329194
0.0287512
0.0186467
-0.00147992
-0.0276663
-0.0473111
-0.0565261
0.0326535
0.032655
0.0326803
0.0327877
0.0328453
0.0329926
0.0331492
0.0332799
0.0333767
0.0334284
0.0334515
0.0335156
0.0334311
0.0333565
0.0332017
0.0329959
0.0327959
0.0326786
0.0327223
0.0329773
0.0335049
0.0339751
0.0345085
0.0348364
0.0345958
0.0336302
0.0307436
0.0235132
0.00787277
-0.0167957
-0.0402953
-0.0536481
-0.0585804
0.0331057
0.0330957
0.0330833
0.0330937
0.0332035
0.0333298
0.0334116
0.0333895
0.0335093
0.0335128
0.0334209
0.0332797
0.0331942
0.0330628
0.0328826
0.0326061
0.0325418
0.0326849
0.0331183
0.0335281
0.033969
0.0344686
0.0346786
0.0346702
0.0339447
0.0315649
0.0253836
0.0110574
-0.0120037
-0.0355765
-0.0511894
-0.0576693
-0.0606948
0.0332947
0.0333155
0.0334157
0.0333984
0.0333577
0.0333942
0.0334316
0.0334254
0.0333592
0.0332221
0.0330472
0.0329411
0.0327137
0.0326343
0.0326375
0.0327622
0.0330087
0.0333573
0.0337666
0.0341904
0.0346591
0.0348125
0.0346791
0.0336043
0.0309951
0.0247537
0.0112612
-0.011921
-0.0354759
-0.0507474
-0.0573748
-0.0603345
-0.0633111
0.0331862
0.0332059
0.0333159
0.0332882
0.033285
0.0331452
0.0330809
0.0329999
0.0328759
0.0327367
0.0327018
0.0325887
0.0325085
0.0326779
0.0329663
0.0333452
0.0337651
0.0341778
0.0345153
0.0347094
0.0346572
0.0342352
0.0326427
0.0291025
0.0211773
0.00492319
-0.0177839
-0.0391157
-0.0522877
-0.057816
-0.0606292
-0.0635169
-0.066669
0.0327281
0.0327187
0.0327847
0.032708
0.0325791
0.0325724
0.0325728
0.0325458
0.0325399
0.0325755
0.032671
0.0329341
0.0331411
0.033487
0.0337373
0.0341027
0.034425
0.0346382
0.034662
0.0343996
0.0331224
0.0301927
0.0242511
0.0118963
-0.00729111
-0.0293109
-0.0465317
-0.0554076
-0.0589468
-0.0616171
-0.064462
-0.0675521
-0.0708294
0.0325948
0.0325662
0.0325345
0.0325099
0.0326342
0.032757
0.0327575
0.0328895
0.0330763
0.0333198
0.0337073
0.0339778
0.0343264
0.0345023
0.0347168
0.0347642
0.0344025
0.0337876
0.0325722
0.0295289
0.0231849
0.0112846
-0.00626205
-0.0270865
-0.0437351
-0.053752
-0.0580844
-0.0606727
-0.0633377
-0.0662188
-0.0692836
-0.0724007
-0.0753797
0.0335513
0.0335445
0.0335621
0.0337201
0.0337761
0.0339582
0.0341253
0.0341486
0.0343224
0.0346369
0.0347621
0.0347915
0.0348094
0.0344437
0.0338148
0.0323216
0.0297536
0.0249324
0.0162182
0.00237732
-0.014829
-0.0328137
-0.0465496
-0.0544892
-0.0581746
-0.060608
-0.063094
-0.0657725
-0.0686501
-0.071649
-0.0745875
-0.077046
-0.0786992
0.0349598
0.0349291
0.0348788
0.0348424
0.034914
0.0348352
0.0348422
0.0348073
0.0346673
0.0343601
0.0338151
0.0330004
0.0311313
0.0278358
0.0227354
0.0144792
0.00215289
-0.0135033
-0.029617
-0.0428959
-0.051756
-0.0566294
-0.0591397
-0.0613952
-0.0637664
-0.066334
-0.0690631
-0.0718755
-0.0746241
-0.0769453
-0.0785635
-0.079589
-0.0803439
0.034934
0.0348314
0.0346627
0.0345604
0.0341292
0.0335833
0.0324908
0.031125
0.0290543
0.0258323
0.0210695
0.0147402
0.0050774
-0.00722457
-0.0199529
-0.0323483
-0.0430329
-0.0509108
-0.0556789
-0.0582464
-0.0602892
-0.0624092
-0.0647061
-0.0671863
-0.0697918
-0.0724486
-0.0750082
-0.0771015
-0.0785718
-0.0795432
-0.0802759
-0.0809293
-0.0815295
0.0301848
0.0297241
0.028911
0.0279797
0.0260443
0.0235017
0.0193351
0.01437
0.00797871
-0.000199589
-0.00985972
-0.0196362
-0.0301409
-0.0394122
-0.0471033
-0.0525796
-0.0561976
-0.0582982
-0.0601426
-0.0621235
-0.0642792
-0.066642
-0.0691845
-0.0717932
-0.074323
-0.0764693
-0.0780496
-0.0791143
-0.0798827
-0.0805539
-0.0811811
-0.0817555
-0.0822582
0.0240358
0.0240583
0.0241147
0.0242397
0.0243563
0.0245429
0.0247648
0.0250054
0.0252645
0.025559
0.0259268
0.0262767
0.0266999
0.0271546
0.0276272
0.0281082
0.0285981
0.029107
0.0296553
0.0302837
0.030876
0.0315398
0.0321849
0.0327239
0.0332835
0.0337789
0.034155
0.0343722
0.0344405
0.0341314
0.0337016
0.0336507
0.0339178
0.0240839
0.0241251
0.0242303
0.024324
0.0244649
0.0245935
0.0247937
0.0250343
0.0253158
0.0256716
0.0260072
0.0263898
0.0267552
0.0271904
0.0276547
0.0281316
0.0286283
0.0291638
0.0297811
0.0303677
0.0310123
0.0316025
0.0322516
0.0328791
0.0334598
0.0339517
0.0343063
0.0344666
0.0343744
0.0340309
0.0337264
0.0336182
0.0339247
0.0242745
0.0242966
0.0243525
0.0244772
0.0245926
0.0247785
0.0249997
0.0252394
0.0254975
0.0257912
0.026159
0.0265076
0.0269302
0.0273848
0.027858
0.0283405
0.0288327
0.0293446
0.0298955
0.0305254
0.0311144
0.0317707
0.0324021
0.0329189
0.0334489
0.0339036
0.0342233
0.0343663
0.034351
0.0339811
0.0335996
0.0337002
0.0340743
0.0245244
0.0245475
0.0246037
0.0247271
0.024845
0.0250319
0.0252529
0.0254903
0.0257431
0.026029
0.0263935
0.0267423
0.0271673
0.0276198
0.028092
0.0285762
0.029072
0.0295882
0.0301381
0.0307664
0.0313509
0.032
0.0326194
0.0331062
0.0335986
0.0340045
0.0342595
0.0343206
0.0342229
0.0338213
0.033534
0.0337861
0.0342342
0.024862
0.0249419
0.0250017
0.0250883
0.0252584
0.0254706
0.0257023
0.0259438
0.026191
0.026451
0.0267507
0.0271451
0.0275585
0.0279336
0.0283816
0.028868
0.0293932
0.0299976
0.0305487
0.0311021
0.0317236
0.0322757
0.0328733
0.0334312
0.0339001
0.0342407
0.034394
0.0342986
0.0339567
0.0335663
0.033586
0.033904
0.0343989
0.0254403
0.0254574
0.0254917
0.0255669
0.0257371
0.0259508
0.0261807
0.0264225
0.026672
0.0269315
0.0272281
0.0276221
0.0280333
0.0284065
0.0288572
0.0293484
0.0298794
0.0304894
0.0310393
0.0315778
0.0321772
0.032695
0.033248
0.0337459
0.0341324
0.0343625
0.0343755
0.034131
0.0337185
0.033446
0.033603
0.0342061
0.0346866
0.0260298
0.0261114
0.0261663
0.0262426
0.0264055
0.0265905
0.0267435
0.0269798
0.0273089
0.0276001
0.0279027
0.02828
0.0286411
0.0290795
0.0295533
0.0300446
0.0305554
0.0310958
0.0316986
0.0322116
0.0326981
0.0332275
0.0336917
0.0339757
0.0341957
0.0342425
0.0340501
0.0336546
0.033384
0.0336189
0.0340479
0.0345144
0.0347178
0.0268682
0.026892
0.0269506
0.0270763
0.027184
0.0273689
0.0275887
0.0278287
0.0280873
0.0283758
0.0287456
0.0290894
0.0294923
0.0298685
0.0303258
0.0308196
0.0313428
0.0319331
0.032434
0.0328954
0.0333898
0.0337524
0.0340911
0.0342728
0.0341811
0.0339681
0.0336163
0.0333322
0.0334453
0.0340265
0.0345465
0.0347987
0.0344549
0.0278379
0.0278854
0.0280138
0.0281077
0.0282556
0.0283685
0.0285664
0.0288019
0.0290617
0.0293607
0.0297492
0.0301006
0.0305258
0.0309591
0.0313297
0.0317758
0.032257
0.0327997
0.0332283
0.033592
0.0339583
0.0341515
0.0342554
0.0341054
0.0338619
0.0335288
0.0333711
0.0335529
0.0340061
0.0344994
0.0347623
0.0345506
0.0327652
0.0291149
0.0292155
0.0292809
0.0293482
0.029491
0.0296074
0.0298117
0.0300503
0.0303094
0.0306024
0.0309836
0.0313251
0.0317325
0.0321331
0.0324458
0.0328201
0.0331961
0.0335609
0.033942
0.0341494
0.0342212
0.0342146
0.0339669
0.0336768
0.0334455
0.0333315
0.0336354
0.0341339
0.0345575
0.0346744
0.0342181
0.0319255
0.0257003
0.0305727
0.0306122
0.0307352
0.0308235
0.0309768
0.0310892
0.0312796
0.0315004
0.031742
0.0320143
0.0323612
0.0326251
0.0328824
0.0332142
0.0335455
0.0338349
0.0340537
0.0341945
0.0342372
0.0341508
0.0340049
0.0336747
0.03349
0.0334078
0.033714
0.034167
0.0344606
0.0346485
0.0343355
0.0329146
0.0291621
0.0205708
0.00122187
0.0322156
0.0322234
0.0322619
0.0323914
0.032473
0.0326323
0.0327871
0.032872
0.0330642
0.0333576
0.0335617
0.0337319
0.0339473
0.0340474
0.0341759
0.034228
0.0341685
0.0339871
0.0337033
0.0334076
0.0332598
0.0334243
0.0336937
0.0341929
0.0346453
0.0347311
0.0345209
0.0334517
0.0305063
0.0234827
0.00789862
-0.0177487
-0.0421842
0.0336341
0.033627
0.0336366
0.0337329
0.0337637
0.0338449
0.0338556
0.0339382
0.0340294
0.0341208
0.0342655
0.0342885
0.0342877
0.0341103
0.033964
0.0337595
0.0334256
0.0332864
0.033355
0.0337211
0.0340692
0.0344323
0.034809
0.0348187
0.0344688
0.0330148
0.029834
0.0227085
0.00764948
-0.0164136
-0.0400719
-0.0538731
-0.0589937
0.0344487
0.0344146
0.0343621
0.0343179
0.034332
0.0342473
0.0342154
0.0341763
0.0340932
0.0339551
0.0337977
0.0337392
0.0335565
0.0334825
0.0334082
0.0335586
0.0338253
0.0341816
0.0345724
0.0349198
0.0351525
0.0352457
0.034645
0.0329616
0.0293223
0.0211629
0.00437036
-0.0189254
-0.0404958
-0.0534296
-0.0585684
-0.0616364
-0.0647045
0.0340489
0.0339951
0.0339288
0.0339537
0.0338464
0.0338143
0.0337555
0.033686
0.0335924
0.0334795
0.0333847
0.0333762
0.0335495
0.0336987
0.034041
0.0344235
0.0346793
0.0350369
0.0353414
0.0355018
0.035425
0.0343427
0.0313931
0.0246988
0.0103373
-0.0110468
-0.0334579
-0.049201
-0.0566112
-0.0598136
-0.0627358
-0.0658843
-0.0692497
0.0171714
0.017225
0.0172818
0.0173643
0.0175009
0.0176724
0.0178652
0.0180741
0.0183028
0.0185647
0.0188828
0.0192098
0.0195947
0.0200143
0.0204628
0.0209377
0.0214457
0.0220158
0.022584
0.0232022
0.0238102
0.0244837
0.0251895
0.0259075
0.0266344
0.0273668
0.0281094
0.0288812
0.0297259
0.0305275
0.0313872
0.0321903
0.0330171
0.0172633
0.0172897
0.0173435
0.0174415
0.017551
0.0177078
0.0178959
0.0181093
0.0183548
0.018655
0.0189633
0.0193207
0.0197011
0.0200832
0.0205316
0.0210482
0.0215632
0.0221041
0.0227001
0.0232863
0.0239168
0.0245358
0.0252218
0.0259376
0.0266669
0.0274064
0.028168
0.0289916
0.029765
0.0305415
0.031397
0.032204
0.0330529
0.0173767
0.0174291
0.0174839
0.017565
0.0177015
0.0178736
0.0180675
0.0182777
0.0185077
0.0187709
0.019091
0.0194196
0.0198072
0.0202315
0.0206845
0.021163
0.0216741
0.022247
0.0228163
0.0234345
0.0240396
0.0247095
0.0254136
0.0261325
0.0268621
0.0275946
0.0283337
0.0290985
0.0299345
0.0307103
0.0315002
0.0323733
0.0332082
0.017641
0.017661
0.0177026
0.0177775
0.0179128
0.0180839
0.0182782
0.0184904
0.018723
0.0189869
0.0193098
0.0196436
0.0200389
0.0204697
0.0209241
0.0214008
0.0219109
0.0224844
0.0230542
0.023674
0.0242811
0.0249535
0.0256557
0.0263722
0.0271003
0.0278326
0.028572
0.0293329
0.030167
0.0309406
0.0317209
0.0325624
0.033302
0.0179131
0.0179484
0.0180301
0.0181166
0.0182452
0.0183797
0.0185657
0.0187938
0.0190717
0.0193458
0.0196487
0.0200202
0.020433
0.0208693
0.021326
0.0218019
0.022302
0.0228382
0.0234351
0.0240246
0.0246762
0.0253408
0.0259725
0.0266666
0.0273925
0.0281493
0.0289708
0.0297301
0.0304755
0.0312433
0.0320894
0.0328562
0.0336175
0.0183356
0.0183703
0.0184568
0.0185491
0.0186919
0.0188576
0.0190326
0.0192868
0.0195486
0.0198286
0.0201607
0.0205056
0.0209096
0.0213435
0.0218004
0.0222801
0.0227823
0.0233184
0.0239177
0.0245097
0.0251654
0.0258289
0.0264564
0.0271469
0.0278685
0.0286207
0.0294398
0.030199
0.0309446
0.0317128
0.0325446
0.0332839
0.0339957
0.0189458
0.0189829
0.0190699
0.0191594
0.0192896
0.0194227
0.0196108
0.0198493
0.0201465
0.0204366
0.020751
0.0211326
0.0215501
0.0219838
0.0224133
0.0229346
0.0234491
0.0239744
0.0245361
0.0251706
0.0258264
0.0264493
0.0271251
0.0278234
0.0285342
0.0292508
0.0299741
0.0307093
0.0314789
0.0323197
0.0330707
0.0338064
0.0343676
0.0197599
0.0197832
0.0198399
0.0199495
0.0200612
0.020228
0.0204306
0.0206592
0.0209134
0.0212017
0.0215498
0.0219012
0.0223136
0.022758
0.0232251
0.0237136
0.0242228
0.0247666
0.0253726
0.0259648
0.0266203
0.0272786
0.0278915
0.0285649
0.0292594
0.0299699
0.0306985
0.0314588
0.0322886
0.0330258
0.0336876
0.0343225
0.0347461
0.020703
0.0207416
0.0208397
0.0209337
0.0210713
0.0212044
0.0213971
0.021629
0.0218984
0.0222302
0.0225619
0.022939
0.0233101
0.0237405
0.024203
0.0246948
0.0252237
0.0258197
0.0263765
0.026941
0.0275831
0.0282326
0.0288355
0.029505
0.0302066
0.0309225
0.0316442
0.0323606
0.0330674
0.0337857
0.0343311
0.034732
0.034993
0.0220101
0.022031
0.0220724
0.0221506
0.0223054
0.022498
0.0227165
0.0229535
0.0232073
0.0234829
0.0237954
0.0241835
0.0245902
0.0249744
0.0254194
0.025904
0.0264273
0.0270163
0.027564
0.0281145
0.0287274
0.0293151
0.0299764
0.0306773
0.0313923
0.0320978
0.0327825
0.0334221
0.0339904
0.0344628
0.0348063
0.0350184
0.0348389
0.0234581
0.0234787
0.0235339
0.0236534
0.0237743
0.0239581
0.0241727
0.0244094
0.0246642
0.0249341
0.0252363
0.0256069
0.025963
0.0263912
0.0268557
0.0273368
0.0278266
0.0283256
0.0288477
0.0294456
0.0300158
0.0306424
0.0312352
0.0318988
0.0325785
0.0332282
0.0338136
0.0343128
0.0346855
0.034882
0.0348747
0.0347204
0.0342687
0.0251397
0.0251487
0.025178
0.0252517
0.0254051
0.0255869
0.0257443
0.025979
0.0262988
0.0265929
0.0268984
0.0272728
0.0276255
0.0280516
0.0285136
0.0289887
0.0294682
0.0299526
0.0304466
0.0309723
0.0315814
0.0321462
0.03275
0.0332775
0.0338363
0.0343349
0.0347363
0.0349879
0.035029
0.0348074
0.0343748
0.0340588
0.0342531
0.026853
0.0268673
0.0269151
0.0270382
0.0271486
0.0273308
0.027542
0.0277741
0.0280236
0.0282868
0.0285839
0.028959
0.0293074
0.0297362
0.0302018
0.0306771
0.0311495
0.0316305
0.032117
0.0326021
0.0330852
0.0336159
0.0340502
0.0344864
0.0348245
0.0349242
0.0349257
0.0347285
0.0343581
0.0340704
0.0341259
0.0344839
0.0349244
0.0285285
0.0285606
0.0286682
0.0287514
0.0288958
0.0290083
0.029202
0.0294313
0.0296778
0.0299414
0.0302397
0.0306248
0.0309761
0.0314146
0.0318692
0.0323079
0.0326741
0.0331246
0.0336531
0.0340712
0.0344122
0.0346933
0.0349469
0.0349914
0.0349643
0.0347629
0.0344319
0.0342305
0.0342236
0.0346258
0.0351729
0.0352258
0.0343833
0.0298215
0.0298279
0.0298513
0.0299092
0.0300495
0.0301635
0.0303688
0.0306112
0.0308754
0.03117
0.0315457
0.0318616
0.0321879
0.0326036
0.0330227
0.033352
0.0337318
0.0341173
0.0344937
0.0348891
0.0350979
0.0351462
0.035098
0.034777
0.0344406
0.03422
0.0341633
0.0345322
0.0350418
0.0354134
0.0353561
0.0342924
0.0308257
0.012225
0.0122511
0.0123066
0.0123729
0.0124707
0.0125889
0.0127219
0.0128682
0.0130312
0.0132216
0.0134567
0.0137206
0.0140043
0.0143017
0.0146545
0.0150229
0.015419
0.0158636
0.0163239
0.0168363
0.0173868
0.0179698
0.0185816
0.0192194
0.0198821
0.0205739
0.0213088
0.0221137
0.022924
0.0237844
0.0246304
0.0255218
0.0263903
0.0122669
0.0123008
0.0123431
0.012403
0.0124964
0.0126131
0.0127464
0.0128956
0.013067
0.0132744
0.0134974
0.0137588
0.0140464
0.0143568
0.0146946
0.0150597
0.0154577
0.0159094
0.0163897
0.0168788
0.0174173
0.0179913
0.0186003
0.0192399
0.0199107
0.0206188
0.0213892
0.0221585
0.0229516
0.0238062
0.024658
0.0255688
0.0264902
0.0123608
0.0123862
0.0124409
0.0125061
0.0126036
0.0127231
0.0128577
0.0130057
0.0131702
0.0133616
0.0135965
0.0138567
0.0141293
0.014447
0.0148113
0.0151864
0.0155879
0.0160357
0.0164969
0.017004
0.0175361
0.0180756
0.0186755
0.0193289
0.0200461
0.0207585
0.0214865
0.02225
0.0230839
0.0239203
0.0248202
0.0257396
0.026618
0.0125079
0.01253
0.0125825
0.0126467
0.0127432
0.0128625
0.0129983
0.0131486
0.0133168
0.0135134
0.0137572
0.0140329
0.0143338
0.0146584
0.0150057
0.0153755
0.0157763
0.0162247
0.0166877
0.0171982
0.0177349
0.0182788
0.0188836
0.0195423
0.0202657
0.0209837
0.0217166
0.0224839
0.0233213
0.0241591
0.025061
0.0259797
0.0268545
0.0127303
0.0127478
0.0127872
0.0128556
0.0129347
0.0130452
0.0131801
0.0133373
0.0135208
0.0137393
0.0139732
0.014248
0.0145536
0.0148837
0.0152379
0.0156216
0.0160512
0.0164939
0.0169786
0.0174747
0.0180259
0.0186155
0.0192366
0.0198896
0.0205758
0.0213011
0.0220897
0.0228683
0.0236671
0.0245276
0.025383
0.0262969
0.0272158
0.0130209
0.0130381
0.0130772
0.0131474
0.013229
0.0133455
0.013489
0.013662
0.0138706
0.0140907
0.0143402
0.0146021
0.0149047
0.0152367
0.0155953
0.0159862
0.0164254
0.0168765
0.0173721
0.0178808
0.0184475
0.0190518
0.0196829
0.0203411
0.021026
0.0217421
0.0225015
0.0233235
0.0241414
0.025009
0.0258583
0.0267499
0.0276119
0.013454
0.0134718
0.0135116
0.0135834
0.0136654
0.0137824
0.0139271
0.0140973
0.0142964
0.014532
0.0147801
0.0150709
0.0153933
0.01574
0.0161103
0.0165126
0.0169589
0.0174114
0.0178954
0.0184438
0.019035
0.0196574
0.020307
0.0209818
0.0216778
0.0223945
0.023138
0.0239218
0.0247712
0.025611
0.0264951
0.0273483
0.0282541
0.0140427
0.014062
0.0141042
0.0141809
0.0142688
0.0143939
0.0145448
0.0147198
0.0149217
0.015165
0.015424
0.0157257
0.0160595
0.0164185
0.0167987
0.0172013
0.0176295
0.0180952
0.0186238
0.0191843
0.0197495
0.0203699
0.0210239
0.0217059
0.0224115
0.0231425
0.0239102
0.0247432
0.0255558
0.0263723
0.0272451
0.0280853
0.0289817
0.0147442
0.0147739
0.0148432
0.0149214
0.0150342
0.0151662
0.01531
0.0155098
0.0157226
0.0159598
0.0162347
0.0165226
0.0168541
0.0172189
0.0176112
0.0180317
0.018489
0.0190001
0.0195167
0.0200786
0.0206473
0.021279
0.0219477
0.0226443
0.0233617
0.0240968
0.0248525
0.0256396
0.0264926
0.027325
0.0281964
0.0290187
0.0298811
0.0157259
0.0157465
0.0157946
0.0158832
0.0159852
0.0161288
0.016298
0.0164922
0.0167141
0.0169775
0.0172495
0.0175602
0.0178777
0.0182432
0.0186504
0.0191005
0.0196071
0.0201117
0.0206332
0.0212085
0.0217877
0.0224336
0.0231206
0.0238314
0.0245595
0.025299
0.0260481
0.0268084
0.027595
0.0284427
0.0292516
0.0301044
0.0308954
0.0168863
0.0169155
0.0169902
0.0170763
0.0172044
0.0173532
0.017502
0.0177025
0.0179561
0.0182093
0.0184856
0.0188203
0.0191771
0.0195328
0.019948
0.020413
0.0209391
0.0214585
0.0219945
0.0225888
0.0231794
0.0238312
0.0245017
0.0251474
0.0258513
0.0265805
0.0273245
0.0280914
0.0289144
0.0296817
0.0304482
0.0312833
0.0320638
0.0183835
0.0183963
0.01843
0.0185003
0.0186364
0.0188084
0.0189992
0.0192104
0.0194452
0.0196982
0.0199848
0.020337
0.0207112
0.0210799
0.0215083
0.0219771
0.0224851
0.0230504
0.0235952
0.0241591
0.0247821
0.0253964
0.0260768
0.0267855
0.0275103
0.0282374
0.0289605
0.0296828
0.0303995
0.0311139
0.0318492
0.0326653
0.033419
0.0200397
0.0200525
0.0200867
0.0201599
0.0203027
0.0204813
0.0206734
0.020865
0.0211414
0.0214184
0.0217178
0.0220761
0.022435
0.0228561
0.0233126
0.023793
0.0242919
0.0248117
0.0253597
0.0259674
0.0265573
0.027199
0.0278111
0.0284921
0.029191
0.029872
0.0305058
0.0312729
0.0319973
0.032707
0.0333959
0.0340629
0.0347393
0.0217414
0.0217574
0.0217978
0.0218717
0.0220175
0.022184
0.02234
0.0225576
0.0228249
0.0231555
0.0234725
0.0238103
0.024216
0.0246421
0.0250436
0.0255061
0.026002
0.0265348
0.0271347
0.0276929
0.0282547
0.0288774
0.029471
0.0301345
0.0308233
0.0314972
0.0320986
0.0327755
0.0334753
0.0342227
0.0348236
0.0352888
0.0356029
0.0228889
0.0229246
0.0230231
0.0231152
0.0232601
0.0233945
0.0235943
0.0238317
0.0240976
0.0244008
0.0247712
0.0251231
0.0255238
0.0259084
0.0263581
0.0268345
0.027328
0.0278336
0.0283552
0.0289035
0.0295174
0.0300919
0.0307207
0.0313121
0.0319942
0.0327035
0.033403
0.0340796
0.0347025
0.0352378
0.0356365
0.0358432
0.0358012
0.00929231
0.00930312
0.00932699
0.00936868
0.00942152
0.00947913
0.00955559
0.00965155
0.00975298
0.00986845
0.0100097
0.0101717
0.0103511
0.0105481
0.0107678
0.0110166
0.0112803
0.0115731
0.0118815
0.0122267
0.0126041
0.0130115
0.0134496
0.0139224
0.0144418
0.01498
0.0155572
0.0161958
0.0168732
0.0175667
0.0183165
0.019109
0.0199257
0.00931076
0.00932418
0.00935371
0.0093906
0.00944428
0.00951027
0.00958722
0.00967503
0.00977589
0.00989766
0.0100315
0.0101898
0.0103677
0.010564
0.0107826
0.0110318
0.0112987
0.0115983
0.0119195
0.012255
0.0126306
0.0130452
0.0135046
0.0139831
0.0144877
0.0150273
0.0156207
0.0162411
0.0169174
0.0176312
0.0183602
0.0191518
0.0199873
0.00936378
0.00937365
0.00939579
0.00943385
0.00947998
0.00954493
0.00962574
0.0097237
0.00982781
0.00994552
0.0100895
0.010254
0.0104356
0.0106353
0.0108558
0.0111005
0.0113786
0.0116804
0.0119954
0.0123449
0.0127256
0.0131355
0.0135789
0.0140602
0.0145901
0.0151343
0.0157106
0.0163415
0.0170013
0.0177226
0.0184893
0.019283
0.0200776
0.00943941
0.00944912
0.00947133
0.00950983
0.00955663
0.00962279
0.00970532
0.00980575
0.00991303
0.0100349
0.0101841
0.0103544
0.0105429
0.0107498
0.0109783
0.0112348
0.0115078
0.0118082
0.0121249
0.0124789
0.0128644
0.0132796
0.0137289
0.0142163
0.0147522
0.0153032
0.0158855
0.0165223
0.0171883
0.0179166
0.0186926
0.0194951
0.020297
0.00954384
0.00955735
0.00958813
0.00962677
0.00968291
0.00975317
0.00983532
0.00993013
0.0100416
0.0101779
0.0103303
0.0104938
0.0106829
0.0108968
0.0111411
0.011401
0.0116886
0.0119919
0.012328
0.0126882
0.0130678
0.0134942
0.0139702
0.0144659
0.0149878
0.0155461
0.0161589
0.0167932
0.0174782
0.0181876
0.0189623
0.0197873
0.0206485
0.00971465
0.00973425
0.00976011
0.00979691
0.00985495
0.00992966
0.0100187
0.0101241
0.0102518
0.0103907
0.010552
0.0107302
0.0109275
0.011144
0.011382
0.0116436
0.0119386
0.0122525
0.0126037
0.0129842
0.0133948
0.0138349
0.014304
0.0148022
0.0153311
0.0158986
0.0165232
0.0171724
0.0178722
0.0185925
0.019376
0.0202018
0.0210511
0.00996645
0.00998758
0.0100146
0.0100532
0.0101144
0.0101929
0.010286
0.0103954
0.0105269
0.0106691
0.0108305
0.0110052
0.0112088
0.0114391
0.0117007
0.0119767
0.0122752
0.0126098
0.0129701
0.0133483
0.0137675
0.0142206
0.0147057
0.0152272
0.0157978
0.0163836
0.0170045
0.0176821
0.0183851
0.0191471
0.0199454
0.0207469
0.021614
0.0103197
0.0103431
0.010373
0.0104155
0.010482
0.0105661
0.0106637
0.010775
0.0109042
0.0110588
0.0112255
0.0114213
0.0116411
0.0118831
0.01215
0.0124494
0.0127654
0.0131136
0.0134814
0.0138892
0.0143311
0.0148052
0.0153077
0.0158387
0.0164021
0.0170057
0.0176689
0.0183533
0.0190868
0.0198343
0.0206359
0.0214451
0.022325
0.0107882
0.0108151
0.0108508
0.0108994
0.0109743
0.0110668
0.0111728
0.0112939
0.0114329
0.0115982
0.011778
0.0119867
0.0122187
0.0124727
0.0127496
0.0130543
0.0133958
0.0137548
0.0141473
0.0145579
0.0150119
0.0155035
0.0160271
0.0165804
0.0171653
0.0177894
0.0184721
0.0191646
0.019894
0.0206907
0.0215227
0.0223503
0.0232414
0.011416
0.0114356
0.0114805
0.0115376
0.0116191
0.0117181
0.0118328
0.0119628
0.0121107
0.0122796
0.0124802
0.0127009
0.0129309
0.0131967
0.0134966
0.0138369
0.014192
0.0145708
0.0149927
0.0154412
0.0159011
0.0164115
0.0169607
0.0175419
0.0181536
0.0188034
0.0195112
0.0202232
0.0209633
0.0217676
0.0225755
0.0234349
0.0242935
0.0122272
0.0122433
0.0122813
0.0123505
0.0124361
0.0125267
0.0126454
0.0127914
0.0129694
0.0131537
0.013358
0.0136012
0.0138705
0.0141635
0.0144824
0.0148296
0.0152088
0.0156306
0.016064
0.0165372
0.0170216
0.0175604
0.0181371
0.0187417
0.019375
0.0200391
0.0207435
0.021509
0.0222714
0.0230589
0.0239049
0.0247534
0.0256653
0.0132698
0.0132844
0.0133199
0.0133881
0.0134687
0.0135812
0.0137175
0.0138739
0.0140499
0.0142493
0.0144884
0.0147522
0.0150213
0.0153286
0.0156684
0.0160392
0.0164466
0.0169024
0.0173656
0.0178691
0.0183856
0.018958
0.0195698
0.0202126
0.0208799
0.0215682
0.0222783
0.0230151
0.0237862
0.02462
0.025433
0.0262666
0.0271759
0.0144757
0.0144991
0.0145571
0.0146254
0.0147238
0.0148331
0.0149803
0.0151585
0.0153761
0.0155961
0.0158361
0.0161136
0.0164017
0.0167367
0.0171046
0.0175039
0.0179389
0.0184215
0.0189031
0.0194123
0.0199804
0.0205776
0.0211728
0.021828
0.022518
0.0232293
0.023958
0.0247133
0.0255006
0.0263495
0.0271627
0.0279887
0.0288917
0.0158143
0.0158314
0.0158736
0.0159577
0.0160551
0.0161944
0.01636
0.0165484
0.01676
0.0170001
0.0172844
0.0175776
0.0179153
0.0182761
0.0186372
0.0190609
0.0195489
0.0200356
0.0205346
0.021062
0.0216477
0.0222414
0.0228961
0.0235963
0.0243243
0.025067
0.0258172
0.0265785
0.027348
0.0281296
0.0289274
0.0297865
0.0306013
0.0168348
0.0168522
0.0168916
0.0169626
0.0170919
0.0172531
0.0174377
0.0176409
0.017862
0.0181043
0.018378
0.0187014
0.0190336
0.0194179
0.0198376
0.0202851
0.0207567
0.0212512
0.021779
0.0223708
0.0229623
0.0236016
0.0242358
0.0249402
0.0256841
0.0264463
0.0272144
0.027983
0.0287497
0.0295145
0.0302949
0.0311441
0.031938
0.00801809
0.00802324
0.00803622
0.00805184
0.00807534
0.00810463
0.00813888
0.00817961
0.00823023
0.00828646
0.00835686
0.00843937
0.00853334
0.00864024
0.00876467
0.00890008
0.00905406
0.00922311
0.00940542
0.00961508
0.0098551
0.0101131
0.010392
0.0106988
0.0110416
0.011407
0.0118093
0.0122396
0.0127164
0.0132389
0.0138049
0.0144107
0.0150541
0.00807182
0.00807625
0.00808724
0.00810773
0.00813461
0.00816691
0.00820396
0.00824585
0.00829646
0.00836153
0.00843787
0.0085232
0.00861968
0.00872736
0.00884951
0.00899042
0.00914371
0.00931871
0.00951449
0.00973087
0.00996856
0.0102301
0.0105201
0.0108454
0.0111933
0.0115764
0.0119851
0.0124365
0.0129233
0.0134353
0.0140002
0.014612
0.0152692
0.00814412
0.00815108
0.00816611
0.00818513
0.0082132
0.00824811
0.00828896
0.00833711
0.00839636
0.00846242
0.00854175
0.00863198
0.00873267
0.00884521
0.00897329
0.00912352
0.00928962
0.00946873
0.00967242
0.00989863
0.0101465
0.0104175
0.0107166
0.0110525
0.0114122
0.0118085
0.0122314
0.0126981
0.0132004
0.0137267
0.0143065
0.0149326
0.0156005
0.00825423
0.00826199
0.00827895
0.00830033
0.00833179
0.00837038
0.00841501
0.00846741
0.00853153
0.00860216
0.00868661
0.00878278
0.00889095
0.00901242
0.00915009
0.00930886
0.00948077
0.00967699
0.00989507
0.0101338
0.010395
0.0106795
0.0109891
0.0113297
0.0117099
0.012115
0.0125597
0.0130335
0.0135582
0.0141291
0.0147427
0.0153956
0.0160892
0.00841247
0.00842158
0.00844121
0.008466
0.008502
0.00854592
0.00859636
0.00865497
0.00872623
0.00880521
0.008899
0.00900567
0.00912568
0.00925979
0.00940951
0.00958092
0.00976661
0.00997614
0.0102048
0.0104506
0.0107301
0.0110453
0.011379
0.0117358
0.0121245
0.0125554
0.0130144
0.013518
0.0140516
0.0146376
0.015271
0.0159454
0.01666
0.00864388
0.00865441
0.00867697
0.00870418
0.00874448
0.00879455
0.00885281
0.00892082
0.00900273
0.00909286
0.00919858
0.00931752
0.00944981
0.0095961
0.0097575
0.00993691
0.0101414
0.0103623
0.010612
0.010886
0.0111857
0.0115118
0.0118651
0.0122499
0.0126742
0.0131197
0.0136003
0.0141342
0.014707
0.0153057
0.0159588
0.0166517
0.0173778
0.00899689
0.00900465
0.0090228
0.00905355
0.00909146
0.00914382
0.009208
0.00928463
0.00937774
0.00947975
0.0095988
0.00972927
0.00987029
0.0100391
0.0102221
0.0104218
0.0106422
0.0108933
0.0111671
0.0114551
0.0117759
0.0121286
0.0125148
0.0129407
0.0133845
0.013853
0.0143589
0.0149151
0.0154997
0.0161395
0.0168166
0.0175134
0.0182691
0.009453
0.00946023
0.00947818
0.00951273
0.00955358
0.00961122
0.00968475
0.00977468
0.00988325
0.00999763
0.0101279
0.0102671
0.01043
0.0106151
0.0108236
0.0110617
0.0113156
0.0115971
0.0118933
0.0122224
0.0125814
0.0129699
0.013386
0.0138281
0.0142963
0.0147951
0.0153343
0.0159291
0.0165469
0.0172155
0.0179082
0.0186629
0.0194673
0.0100549
0.0100649
0.0100893
0.010134
0.0101909
0.0102553
0.0103419
0.0104507
0.0105661
0.0106934
0.0108427
0.0110018
0.0111852
0.0113928
0.0116241
0.0118819
0.0121723
0.0124799
0.012816
0.0131686
0.013559
0.0139846
0.0144405
0.014924
0.0154349
0.0159761
0.0165555
0.0171928
0.0178535
0.0185657
0.0192911
0.0200677
0.0208615
0.0108162
0.0108336
0.0108735
0.0109232
0.0109937
0.0110803
0.0111816
0.0112966
0.0114259
0.0115724
0.0117443
0.011929
0.0121422
0.0123805
0.0126414
0.0129262
0.0132397
0.0135902
0.0139539
0.01435
0.0147663
0.0152278
0.0157223
0.0162489
0.0168051
0.0173905
0.0180083
0.0186699
0.0193918
0.0201305
0.0209215
0.021721
0.0225842
0.0116906
0.0117054
0.0117397
0.0117986
0.0118677
0.0119626
0.0120769
0.0122086
0.012358
0.01253
0.0127366
0.0129629
0.0131972
0.0134618
0.0137529
0.0140727
0.0144255
0.0148161
0.0152131
0.0156371
0.0161101
0.0166115
0.0171233
0.0176876
0.0182908
0.0189285
0.0196062
0.0203449
0.0210867
0.0218528
0.0226819
0.0235146
0.0244021
0.0123394
0.0123605
0.012411
0.0124722
0.0125628
0.0126697
0.0127818
0.0129282
0.0131107
0.013301
0.0135126
0.0137621
0.0140311
0.0143061
0.014619
0.0149653
0.0153477
0.0157772
0.0162199
0.0167032
0.017194
0.0177265
0.0182674
0.0188681
0.0195108
0.0201862
0.0208936
0.0216419
0.0224525
0.0232507
0.0240731
0.0249658
0.0258516
0.00778563
0.00778823
0.00779005
0.00779195
0.00779352
0.00779866
0.00780767
0.00781713
0.0078283
0.00784062
0.00785882
0.00788262
0.0079127
0.00795169
0.00799717
0.00805285
0.00811582
0.0081865
0.00827392
0.00838036
0.00849996
0.00863327
0.00878593
0.00896561
0.00916721
0.00938779
0.00963936
0.00992138
0.0102339
0.0105772
0.0109542
0.0113666
0.0118173
0.00780417
0.00780455
0.00780672
0.00781187
0.00781911
0.00782707
0.00783572
0.00784644
0.00786048
0.00787608
0.00789838
0.0079272
0.00796326
0.00800922
0.00806223
0.00812597
0.00819731
0.00827673
0.00837229
0.00848541
0.00861844
0.00876532
0.0089294
0.0091184
0.00932779
0.00956635
0.00983185
0.0101204
0.0104461
0.0108077
0.0112049
0.0116396
0.0121161
0.00782802
0.00782922
0.00783269
0.00784123
0.00785206
0.00786439
0.00787802
0.00789325
0.00791304
0.00793528
0.00796476
0.00800144
0.00804634
0.00810174
0.00816373
0.00823577
0.00831577
0.00841034
0.0085194
0.00864386
0.00878706
0.0089525
0.00913319
0.00933406
0.00956299
0.00981515
0.010102
0.010423
0.0107779
0.0111673
0.0115909
0.0120492
0.0125442
0.00788216
0.00788705
0.00789237
0.00789923
0.00791244
0.00792983
0.00795082
0.00797661
0.00800413
0.00803582
0.00807142
0.00811647
0.00817149
0.00823832
0.00831257
0.00839825
0.00849353
0.00860507
0.00873213
0.00887429
0.00903275
0.00920976
0.00940857
0.00963601
0.0098849
0.0101639
0.0104685
0.0108122
0.0111934
0.0116098
0.0120613
0.0125477
0.0130699
0.007998
0.00799983
0.00800507
0.00801778
0.00803477
0.00805513
0.00808013
0.00810919
0.00814414
0.00818935
0.00824196
0.00830071
0.00836743
0.00844438
0.00853209
0.00863482
0.00874881
0.00888167
0.00903088
0.00919536
0.00937736
0.00957893
0.00980231
0.0100512
0.0103314
0.0106338
0.01097
0.0113345
0.0117413
0.0121893
0.0126748
0.0131963
0.0137561
0.00818212
0.00818355
0.00818884
0.00820192
0.00821739
0.00824232
0.00827624
0.0083205
0.00836844
0.00842401
0.00848473
0.00855616
0.00863807
0.00873199
0.00884055
0.00896748
0.00910533
0.00926257
0.00943441
0.00961855
0.00982823
0.010064
0.0103292
0.0106128
0.0109219
0.0112652
0.0116332
0.0120409
0.0124762
0.0129585
0.0134791
0.0140341
0.0146139
0.00844805
0.00845198
0.00846162
0.00848074
0.00850382
0.0085363
0.00857872
0.00863152
0.00869475
0.00876339
0.00884431
0.00893418
0.00903137
0.00914721
0.00928371
0.00943167
0.00959604
0.00978188
0.00998529
0.0102007
0.0104436
0.0107128
0.0110084
0.0113321
0.0116907
0.0120701
0.0124785
0.0129313
0.0134123
0.0139444
0.0145173
0.0151217
0.0157451
0.00880115
0.00881436
0.00883197
0.00885579
0.00889316
0.00894029
0.00899575
0.00905965
0.00913375
0.00922295
0.0093204
0.00943482
0.00956472
0.00970966
0.00986993
0.0100482
0.0102508
0.0104667
0.0107055
0.01096
0.0112461
0.0115611
0.0119029
0.0122725
0.0126743
0.0131151
0.0135755
0.0140705
0.0146154
0.0151895
0.0158184
0.0164827
0.0171671
0.00924214
0.00925351
0.00927898
0.0093102
0.0093528
0.00940341
0.00947283
0.00956106
0.00965641
0.00976311
0.00988799
0.0100241
0.0101811
0.0103562
0.0105486
0.0107615
0.0110016
0.0112547
0.0115291
0.01184
0.0121834
0.0125553
0.0129528
0.0133774
0.0138289
0.0143092
0.0148222
0.0153765
0.0159848
0.0166167
0.0173029
0.0180139
0.0187906
0.00959523
0.00960475
0.00962676
0.00966569
0.00971124
0.00977554
0.00985473
0.00994931
0.0100613
0.0101958
0.0103407
0.0105106
0.0106985
0.010902
0.0111218
0.01136
0.0116188
0.0119033
0.0122237
0.0125644
0.0129465
0.0133625
0.0138067
0.0142793
0.01478
0.0153102
0.0158742
0.0164804
0.0171456
0.0178216
0.0185362
0.019323
0.0201485
)
;

boundaryField
{
    walls
    {
        type            zeroGradient;
    }
    procBoundary1to0
    {
        type            processor;
        value           nonuniform List<scalar> 
277
(
-0.084
-0.084
-0.084
-0.084
-0.084
-0.084
-0.084
-0.084
-0.084
-0.084
-0.084
-0.084
-0.084
-0.084
-0.084
-0.084
-0.084
-0.084
-0.084
-0.084
-0.084
-0.084
-0.084
-0.084
-0.084
-0.084
-0.084
-0.084
-0.084
-0.084
-0.084
-0.084
-0.084
-0.084
-0.084
-0.084
-0.084
-0.084
-0.084
-0.084
-0.084
-0.084
-0.084
-0.084
-0.084
-0.084
-0.084
-0.084
-0.084
-0.084
-0.084
-0.084
-0.084
-0.084
-0.084
-0.084
-0.084
-0.084
-0.084
-0.084
-0.084
-0.084
-0.084
-0.084
-0.084
-0.084
-0.084
-0.084
-0.084
-0.084
-0.084
-0.084
-0.084
-0.084
-0.084
-0.0839998
-0.0839998
-0.0839998
-0.0839998
-0.0839999
-0.0839999
-0.0839999
-0.0839999
-0.0839999
-0.0839999
-0.084
-0.084
-0.084
-0.084
-0.084
-0.0839987
-0.0839987
-0.0839988
-0.0839988
-0.083999
-0.0839991
-0.0839992
-0.0839994
-0.0839995
-0.0839996
-0.0839997
-0.0839998
-0.0839999
-0.0839999
-0.0839999
-0.0839907
-0.0839909
-0.0839913
-0.0839919
-0.0839926
-0.0839935
-0.0839944
-0.0839954
-0.0839964
-0.0839973
-0.0839981
-0.0839987
-0.0839992
-0.0839995
-0.0839996
-0.0839338
-0.0839353
-0.0839381
-0.0839422
-0.0839474
-0.0839536
-0.0839605
-0.0839675
-0.0839744
-0.0839807
-0.0839862
-0.0839907
-0.083994
-0.0839962
-0.0839973
-0.0835232
-0.0798305
-0.0835336
-0.0799038
-0.0835536
-0.0800475
-0.0835833
-0.0802617
-0.0836217
-0.0805475
-0.0836675
-0.0809072
-0.0837185
-0.0813437
-0.0837707
-0.0818303
-0.0838201
-0.0823343
-0.0838637
-0.082794
-0.0839011
-0.0831439
-0.0839326
-0.0833908
-0.0839567
-0.0835936
-0.0839724
-0.0837429
-0.0839801
-0.083817
-0.0798305
-0.0799038
-0.0800475
-0.0802617
-0.0805475
-0.0809072
-0.0813437
-0.0818303
-0.0823343
-0.082794
-0.0831439
-0.0833908
-0.0835936
-0.0837429
-0.083817
-0.0565609
-0.0570326
-0.057784
-0.0587619
-0.0600035
-0.0616029
-0.0637738
-0.0665377
-0.0700251
-0.0740848
-0.0777009
-0.0797174
-0.0810127
-0.0820675
-0.0826721
0.0343977
0.0345382
0.0345469
0.0346646
0.0348384
0.0349007
0.0343776
0.0328871
0.0277093
0.0109731
-0.0269967
-0.0552297
-0.0621494
-0.0679922
-0.0727148
0.0337219
0.0338298
0.0338897
0.034028
0.0342195
0.0345222
0.0348295
0.0350199
0.0348949
0.0343712
0.0340062
0.0345915
0.0347562
0.0314885
0.0204864
0.0273158
0.0273718
0.0275492
0.0277874
0.0280878
0.0285261
0.0291594
0.0298731
0.0306895
0.0317341
0.0328932
0.0341709
0.0352316
0.0357748
0.0355259
0.0207479
0.0208599
0.0209362
0.0211625
0.0215413
0.0218993
0.0225229
0.023249
0.0241662
0.0252206
0.0265949
0.0280969
0.0297951
0.0314582
0.0327857
0.0157392
0.0159711
0.0163098
0.0168225
0.0174129
0.0181222
0.0190735
0.0203146
0.0217243
0.0234765
0.0252866
0.0268031
0.0123096
0.0126437
0.0130791
0.0136306
0.0143581
0.0152529
0.016429
0.0179129
0.0196161
0.0209843
)
;
    }
    procBoundary1to2
    {
        type            processor;
        value           nonuniform List<scalar> 
561
(
0.007966
0.00797396
0.00798212
0.00799427
0.00801566
0.00804386
0.00807973
0.00812468
0.008173
0.0082291
0.00829013
0.0083647
0.00845261
0.0085558
0.00866811
0.00879383
0.00894097
0.00910722
0.00929024
0.00949043
0.0097105
0.00995062
0.0102141
0.0105069
0.0108373
0.0111937
0.0115914
0.0120236
0.0124796
0.0129799
0.0135249
0.0141118
0.0147395
0.00797945
0.00798318
0.00799201
0.00800876
0.00803025
0.00805546
0.00809158
0.00813221
0.00817872
0.00823739
0.0083056
0.00838285
0.00847073
0.0085689
0.00868015
0.00880967
0.00895178
0.009116
0.0092991
0.00950032
0.00972253
0.00996734
0.0102391
0.0105444
0.0108729
0.0112358
0.0116255
0.0120567
0.0125215
0.0130126
0.0135533
0.0141416
0.0147771
0.0079879
0.00799286
0.00800534
0.00802017
0.00804251
0.00807046
0.00810363
0.00814313
0.00819211
0.00824622
0.008314
0.00839357
0.00848429
0.00858767
0.00870842
0.00884065
0.00899317
0.00916255
0.00934599
0.00954579
0.00977766
0.0100287
0.0103013
0.010602
0.0109394
0.0113008
0.0117018
0.0121362
0.0125956
0.0131053
0.0136607
0.0142567
0.0148917
0.0079879
0.00799286
0.00800534
0.00802017
0.00804251
0.00807046
0.00810363
0.00814313
0.00819211
0.00824622
0.008314
0.00839357
0.00848429
0.00858767
0.00870842
0.00884065
0.00899317
0.00916255
0.00934599
0.00954579
0.00977766
0.0100287
0.0103013
0.010602
0.0109394
0.0113008
0.0117018
0.0121362
0.0125956
0.0131053
0.0136607
0.0142567
0.0148917
0.00778424
0.00778266
0.00778134
0.00778287
0.0077853
0.00778718
0.00778843
0.00779047
0.00779587
0.00780178
0.00781424
0.00783347
0.00786056
0.0078922
0.00793033
0.0079741
0.00802887
0.00809444
0.00817112
0.00826097
0.00836684
0.00849201
0.00863118
0.00879201
0.00897029
0.00917458
0.00940292
0.00965239
0.00993666
0.0102575
0.0106178
0.0110217
0.0114551
0.00778103
0.00778092
0.00778235
0.00778229
0.0077844
0.00778755
0.00779194
0.00779924
0.00780651
0.00781869
0.00783536
0.00785647
0.00788319
0.00791741
0.00795666
0.00800372
0.00805762
0.00812449
0.00820526
0.00830167
0.00841663
0.00854392
0.008689
0.0088595
0.00905068
0.00926
0.00949927
0.00976833
0.0100675
0.0103977
0.0107616
0.0111616
0.0116007
0.00778103
0.00778092
0.00778235
0.00778229
0.0077844
0.00778755
0.00779194
0.00779924
0.00780651
0.00781869
0.00783536
0.00785647
0.00788319
0.00791741
0.00795666
0.00800372
0.00805762
0.00812449
0.00820526
0.00830167
0.00841663
0.00854392
0.008689
0.0088595
0.00905068
0.00926
0.00949927
0.00976833
0.0100675
0.0103977
0.0107616
0.0111616
0.0116007
0.00821661
0.00821186
0.00820359
0.00819426
0.00818241
0.00816737
0.00814946
0.00812996
0.00810783
0.00808589
0.00806504
0.00804579
0.00802571
0.00800592
0.00799102
0.00798019
0.00797273
0.00796913
0.0079713
0.0079819
0.00800405
0.00803456
0.00807878
0.0081353
0.00820263
0.00828878
0.00839514
0.00852312
0.00867343
0.00884945
0.00905599
0.0092885
0.00955188
0.00816521
0.00816207
0.0081566
0.00814775
0.00813701
0.00812363
0.00810833
0.00809313
0.00807541
0.00805513
0.00803635
0.00802004
0.00800361
0.00798824
0.00797835
0.00797317
0.00797191
0.00797478
0.00798359
0.00800114
0.00803116
0.00806977
0.00812136
0.0081843
0.00826569
0.00836609
0.00848594
0.00862646
0.00879029
0.00898038
0.00919838
0.00945008
0.00973067
0.00809896
0.0080988
0.00809594
0.00809094
0.00808395
0.00807398
0.00806117
0.00804746
0.0080345
0.00802065
0.0080073
0.00799502
0.00798497
0.0079781
0.00797371
0.00797506
0.00798155
0.00799311
0.00801065
0.00803623
0.00807309
0.00812474
0.00818747
0.00826796
0.00836592
0.00848072
0.0086123
0.00876983
0.00895514
0.0091711
0.00941058
0.00967846
0.00997923
0.00803261
0.00803176
0.0080304
0.00802519
0.00802007
0.00801488
0.00800979
0.00800255
0.00799406
0.00798427
0.0079766
0.00797182
0.00797126
0.00797242
0.00797671
0.00798876
0.00800721
0.00803204
0.00806384
0.00810419
0.00815588
0.00822311
0.00830185
0.00839868
0.00851107
0.00864537
0.00880234
0.00898355
0.0091901
0.00942328
0.00968479
0.00997616
0.0103028
0.00798618
0.00798677
0.00798499
0.00798152
0.00797582
0.00797096
0.00796721
0.00796572
0.00796316
0.00796396
0.00796707
0.00797204
0.00797967
0.00799189
0.00801234
0.00803825
0.0080687
0.00810825
0.00815676
0.00821558
0.00828727
0.00837523
0.00847421
0.0085898
0.00872772
0.00888653
0.00906432
0.00926996
0.00950364
0.00976577
0.0100579
0.0103834
0.0107465
0.007962
0.00796037
0.00795864
0.00795947
0.00796074
0.00796191
0.00796305
0.00796509
0.00796968
0.00797917
0.00799303
0.00801026
0.00803134
0.00805845
0.00809483
0.00813647
0.00818773
0.00824701
0.00831329
0.00839439
0.00849312
0.008604
0.00872926
0.00887301
0.00904012
0.00922693
0.00944323
0.00968784
0.0099593
0.0102585
0.0105849
0.0109578
0.0113622
0.00796196
0.00796277
0.00796617
0.00796991
0.00797647
0.00798459
0.00799393
0.00800579
0.00802299
0.00804365
0.00807113
0.00810382
0.00814213
0.00818841
0.00824529
0.00830853
0.00838143
0.00846275
0.0085585
0.00866829
0.0087934
0.00893484
0.00909519
0.00927944
0.00948072
0.00970515
0.00996063
0.0102452
0.0105534
0.0109005
0.0112843
0.0117044
0.0121612
0.0080119
0.00801609
0.00802421
0.00803298
0.00804605
0.00806302
0.00808277
0.00810604
0.0081354
0.00817352
0.00821787
0.0082665
0.00832673
0.00839935
0.00847835
0.00856715
0.00866958
0.00878224
0.00891264
0.00905873
0.00922221
0.00940427
0.00960677
0.00983076
0.0100794
0.0103604
0.0106638
0.0110011
0.0113659
0.0117743
0.0122245
0.0127139
0.0132415
0.00810431
0.00810946
0.00812166
0.00813606
0.00815666
0.00818304
0.00821467
0.00825215
0.00829738
0.00835304
0.00841501
0.00848816
0.00857241
0.00866672
0.00877187
0.00888977
0.00902627
0.00917487
0.00934381
0.00953025
0.00973119
0.00996082
0.0102193
0.0105084
0.010816
0.0111509
0.0115232
0.0119211
0.0123604
0.0128289
0.0133503
0.0139177
0.0145289
0.00819544
0.008199
0.00820846
0.00822599
0.00824713
0.00827884
0.008319
0.0083674
0.0084263
0.00849989
0.00858045
0.00867689
0.00878544
0.00890423
0.00903408
0.00917866
0.00934445
0.00952378
0.00972565
0.00994237
0.0101891
0.010463
0.010762
0.0110865
0.0114385
0.0118247
0.0122544
0.0127118
0.0132134
0.0137425
0.0143249
0.0149495
0.0155982
)
;
    }
}


// ************************************************************************* //
