/*--------------------------------*- C++ -*----------------------------------*\
| =========                 |                                                 |
| \\      /  F ield         | OpenFOAM: The Open Source CFD Toolbox           |
|  \\    /   O peration     | Version:  2312                                  |
|   \\  /    A nd           | Website:  www.openfoam.com                      |
|    \\/     M anipulation  |                                                 |
\*---------------------------------------------------------------------------*/
FoamFile
{
    version     2.0;
    format      ascii;
    arch        "LSB;label=32;scalar=64";
    class       volScalarField;
    location    "0.7";
    object      sigmaEq;
}
// * * * * * * * * * * * * * * * * * * * * * * * * * * * * * * * * * * * * * //

dimensions      [1 -1 -2 0 0 0 0];

internalField   nonuniform List<scalar> 
1620
(
39353.6
39353.6
39353.6
39353.6
39353.6
39353.6
39353.6
39353.6
39353.6
39353.6
39353.6
39353.6
39353.6
39353.6
39353.6
39353.6
39353.6
39353.6
39353.6
39353.6
39353.6
39353.6
39353.6
39353.6
39353.6
39353.6
39353.6
39353.6
39353.6
39353.6
39353.6
39353.6
39353.6
39353.6
39353.6
39353.6
42283
42283
42283
42283
42283
42283
42283
42283
42283
42283
42283
42283
42283
42283
42283
42283
42283
42283
42283
42283
42283
42283
42283
42283
42283
42283
42283
42283
42283
42283
42283
42283
42283
42283
42283
42283
45045.6
45045.6
45045.6
45045.6
45045.6
45045.6
45045.6
45045.6
45045.6
45045.6
45045.6
45045.6
45045.6
45045.6
45045.6
45045.6
45045.6
45045.6
45045.6
45045.6
45045.6
45045.6
45045.6
45045.6
45045.6
45045.6
45045.6
45045.6
45045.6
45045.6
45045.6
45045.6
45045.6
45045.6
45045.6
45045.6
38835.8
38835.8
38835.8
38835.8
38835.8
38835.8
38835.8
38835.8
38835.8
38835.8
38835.8
38835.8
38835.8
38835.8
38835.8
38835.8
38835.8
38835.8
38835.8
38835.8
38835.8
38835.8
38835.8
38835.8
38835.8
38835.8
38835.8
38835.8
38835.8
38835.8
38835.8
38835.8
38835.8
38835.8
38835.8
38835.8
42407.5
42407.5
42407.5
42407.4
42407.5
42407.5
42407.5
42407.5
42407.5
42407.5
42407.5
42407.5
42407.4
42407.5
42407.5
42407.5
42407.5
42407.5
42407.5
42407.5
42407.5
42407.4
42407.5
42407.5
42407.5
42407.5
42407.5
42407.5
42407.5
42407.5
42407.4
42407.5
42407.5
42407.5
42407.5
42407.5
44704.2
44704.2
44704.2
44704.2
44704.2
44704.2
44704.2
44704.2
44704.2
44704.2
44704.2
44704.2
44704.2
44704.2
44704.2
44704.2
44704.2
44704.2
44704.2
44704.2
44704.2
44704.2
44704.2
44704.2
44704.2
44704.2
44704.2
44704.2
44704.2
44704.2
44704.2
44704.2
44704.2
44704.2
44704.2
44704.2
37803.5
37803.5
37803.5
37803.5
37803.5
37803.5
37803.5
37803.5
37803.5
37803.5
37803.5
37803.5
37803.5
37803.5
37803.5
37803.5
37803.5
37803.5
37803.5
37803.5
37803.5
37803.5
37803.5
37803.5
37803.5
37803.5
37803.5
37803.5
37803.5
37803.5
37803.5
37803.5
37803.5
37803.5
37803.5
37803.5
42887.3
42887.3
42887.3
42887.3
42887.3
42887.3
42887.3
42887.3
42887.3
42887.3
42887.3
42887.3
42887.3
42887.3
42887.3
42887.3
42887.3
42887.3
42887.3
42887.3
42887.3
42887.3
42887.3
42887.3
42887.3
42887.3
42887.3
42887.3
42887.3
42887.3
42887.3
42887.3
42887.3
42887.3
42887.3
42887.3
44093.3
44093.3
44093.3
44093.3
44093.3
44093.3
44093.3
44093.3
44093.3
44093.3
44093.3
44093.3
44093.3
44093.3
44093.3
44093.3
44093.3
44093.3
44093.3
44093.3
44093.3
44093.3
44093.3
44093.3
44093.3
44093.3
44093.3
44093.3
44093.3
44093.3
44093.3
44093.3
44093.3
44093.3
44093.3
44093.3
36943.4
36943.4
36943.4
36943.5
36943.5
36943.5
36943.5
36943.4
36943.4
36943.4
36943.4
36943.4
36943.5
36943.5
36943.5
36943.5
36943.4
36943.4
36943.4
36943.4
36943.4
36943.5
36943.5
36943.5
36943.5
36943.4
36943.4
36943.4
36943.4
36943.4
36943.5
36943.5
36943.5
36943.5
36943.4
36943.4
43343.2
43343.2
43343.2
43343.2
43343.2
43343.2
43343.2
43343.2
43343.2
43343.2
43343.2
43343.2
43343.2
43343.2
43343.2
43343.2
43343.2
43343.2
43343.2
43343.2
43343.2
43343.2
43343.2
43343.2
43343.2
43343.2
43343.2
43343.2
43343.2
43343.2
43343.2
43343.2
43343.2
43343.2
43343.2
43343.2
43898.6
43898.6
43898.6
43898.6
43898.6
43898.6
43898.6
43898.6
43898.6
43898.6
43898.6
43898.6
43898.6
43898.6
43898.6
43898.6
43898.6
43898.6
43898.6
43898.6
43898.6
43898.6
43898.6
43898.6
43898.6
43898.6
43898.6
43898.6
43898.6
43898.6
43898.6
43898.6
43898.6
43898.6
43898.6
43898.6
36389.9
36389.9
36389.9
36389.9
36389.9
36389.9
36389.9
36389.9
36389.9
36389.9
36389.9
36389.9
36389.9
36389.9
36389.9
36389.9
36389.9
36389.9
36389.9
36389.9
36389.9
36389.9
36389.9
36389.9
36389.9
36389.9
36389.9
36389.9
36389.9
36389.9
36389.9
36389.9
36389.9
36389.9
36389.9
36389.9
43452.9
43452.9
43452.9
43452.9
43452.9
43452.9
43452.9
43452.9
43452.9
43452.9
43452.9
43452.9
43452.9
43452.9
43452.9
43452.9
43452.9
43452.9
43452.9
43452.9
43452.9
43452.9
43452.9
43452.9
43452.9
43452.9
43452.9
43452.9
43452.9
43452.9
43452.9
43452.9
43452.9
43452.9
43452.9
43452.9
43969.2
43969.2
43969.2
43969.1
43969.1
43969.1
43969.1
43969.1
43969.2
43969.2
43969.2
43969.2
43969.1
43969.1
43969.1
43969.1
43969.1
43969.2
43969.2
43969.2
43969.2
43969.1
43969.1
43969.1
43969.1
43969.1
43969.2
43969.2
43969.2
43969.2
43969.1
43969.1
43969.1
43969.1
43969.1
43969.2
36082.9
36083
36083
36083
36083
36083
36082.9
36082.9
36082.9
36082.9
36083
36083
36083
36083
36083
36082.9
36082.9
36082.9
36082.9
36083
36083
36083
36083
36083
36082.9
36082.9
36082.9
36082.9
36083
36083
36083
36083
36083
36082.9
36082.9
36082.9
43091
43091
43090.9
43091
43091
43090.9
43090.9
43090.9
43091
43091
43091
43090.9
43091
43091
43090.9
43090.9
43090.9
43091
43091
43091
43090.9
43091
43091
43090.9
43090.9
43090.9
43091
43091
43091
43090.9
43091
43091
43090.9
43090.9
43090.9
43091
44055.9
44055.9
44055.9
44055.9
44055.8
44055.8
44055.8
44055.8
44055.9
44055.9
44055.9
44055.9
44055.9
44055.8
44055.8
44055.8
44055.8
44055.9
44055.9
44055.9
44055.9
44055.9
44055.8
44055.8
44055.8
44055.8
44055.9
44055.9
44055.9
44055.9
44055.9
44055.8
44055.8
44055.8
44055.8
44055.9
35908.2
35908.3
35908.2
35908.2
35908.2
35908.2
35908.2
35908.2
35908.2
35908.2
35908.3
35908.2
35908.2
35908.2
35908.2
35908.2
35908.2
35908.2
35908.2
35908.3
35908.2
35908.2
35908.2
35908.2
35908.2
35908.2
35908.2
35908.2
35908.3
35908.2
35908.2
35908.2
35908.2
35908.2
35908.2
35908.2
42325.7
42325.7
42325.7
42325.7
42325.7
42325.7
42325.7
42325.7
42325.7
42325.7
42325.7
42325.7
42325.7
42325.7
42325.7
42325.7
42325.7
42325.7
42325.7
42325.7
42325.7
42325.7
42325.7
42325.7
42325.7
42325.7
42325.7
42325.7
42325.7
42325.7
42325.7
42325.7
42325.7
42325.7
42325.7
42325.7
43864.2
43864.2
43864.2
43864.1
43864.1
43864.1
43864.2
43864.2
43864.2
43864.2
43864.2
43864.2
43864.1
43864.1
43864.1
43864.2
43864.2
43864.2
43864.2
43864.2
43864.2
43864.1
43864.1
43864.1
43864.2
43864.2
43864.2
43864.2
43864.2
43864.2
43864.1
43864.1
43864.1
43864.2
43864.2
43864.2
35806
35806
35806
35806
35806
35806
35806
35806
35806
35806
35806
35806
35806
35806
35806
35806
35806
35806
35806
35806
35806
35806
35806
35806
35806
35806
35806
35806
35806
35806
35806
35806
35806
35806
35806
35806
41341.2
41341.1
41341.2
41341.1
41341.1
41341.1
41341.2
41341.1
41341.2
41341.2
41341.1
41341.2
41341.1
41341.1
41341.1
41341.2
41341.1
41341.2
41341.2
41341.1
41341.2
41341.1
41341.1
41341.1
41341.2
41341.1
41341.2
41341.2
41341.1
41341.2
41341.1
41341.1
41341.1
41341.2
41341.1
41341.2
43244.7
43244.8
43244.7
43244.7
43244.7
43244.7
43244.7
43244.7
43244.8
43244.7
43244.8
43244.7
43244.7
43244.7
43244.7
43244.7
43244.7
43244.8
43244.7
43244.8
43244.7
43244.7
43244.7
43244.7
43244.7
43244.7
43244.8
43244.7
43244.8
43244.7
43244.7
43244.7
43244.7
43244.7
43244.7
43244.8
35800.5
35800.5
35800.5
35800.5
35800.5
35800.5
35800.5
35800.5
35800.5
35800.5
35800.5
35800.5
35800.5
35800.5
35800.5
35800.5
35800.5
35800.5
35800.5
35800.5
35800.5
35800.5
35800.5
35800.5
35800.5
35800.5
35800.5
35800.5
35800.5
35800.5
35800.5
35800.5
35800.5
35800.5
35800.5
35800.5
40422.7
40422.7
40422.7
40422.6
40422.6
40422.6
40422.7
40422.7
40422.7
40422.7
40422.7
40422.7
40422.6
40422.6
40422.6
40422.7
40422.7
40422.7
40422.7
40422.7
40422.7
40422.6
40422.6
40422.6
40422.7
40422.7
40422.7
40422.7
40422.7
40422.7
40422.6
40422.6
40422.6
40422.7
40422.7
40422.7
42319.8
42319.8
42319.8
42319.8
42319.8
42319.8
42319.8
42319.8
42319.8
42319.8
42319.8
42319.8
42319.8
42319.8
42319.8
42319.8
42319.8
42319.8
42319.8
42319.8
42319.8
42319.8
42319.8
42319.8
42319.8
42319.8
42319.8
42319.8
42319.8
42319.8
42319.8
42319.8
42319.8
42319.8
42319.8
42319.8
35989.7
35989.7
35989.7
35989.7
35989.7
35989.7
35989.7
35989.7
35989.7
35989.7
35989.7
35989.7
35989.7
35989.7
35989.7
35989.7
35989.7
35989.7
35989.7
35989.7
35989.7
35989.7
35989.7
35989.7
35989.7
35989.7
35989.7
35989.7
35989.7
35989.7
35989.7
35989.7
35989.7
35989.7
35989.7
35989.7
39906.9
39906.9
39907
39906.9
39906.9
39906.9
39907
39906.9
39906.9
39906.9
39906.9
39907
39906.9
39906.9
39906.9
39907
39906.9
39906.9
39906.9
39906.9
39907
39906.9
39906.9
39906.9
39907
39906.9
39906.9
39906.9
39906.9
39907
39906.9
39906.9
39906.9
39907
39906.9
39906.9
41436.8
41436.8
41436.8
41436.8
41436.8
41436.8
41436.8
41436.8
41436.8
41436.8
41436.8
41436.8
41436.8
41436.8
41436.8
41436.8
41436.8
41436.8
41436.8
41436.8
41436.8
41436.8
41436.8
41436.8
41436.8
41436.8
41436.8
41436.8
41436.8
41436.8
41436.8
41436.8
41436.8
41436.8
41436.8
41436.8
36495.7
36495.7
36495.7
36495.7
36495.7
36495.7
36495.7
36495.7
36495.7
36495.7
36495.7
36495.7
36495.7
36495.7
36495.7
36495.7
36495.7
36495.7
36495.7
36495.7
36495.7
36495.7
36495.7
36495.7
36495.7
36495.7
36495.7
36495.7
36495.7
36495.7
36495.7
36495.7
36495.7
36495.7
36495.7
36495.7
40048.3
40048.3
40048.3
40048.3
40048.3
40048.3
40048.3
40048.3
40048.3
40048.3
40048.3
40048.3
40048.3
40048.3
40048.3
40048.3
40048.3
40048.3
40048.3
40048.3
40048.3
40048.3
40048.3
40048.3
40048.3
40048.3
40048.3
40048.3
40048.3
40048.3
40048.3
40048.3
40048.3
40048.3
40048.3
40048.3
40947.5
40947.4
40947.4
40947.5
40947.4
40947.4
40947.4
40947.5
40947.5
40947.5
40947.4
40947.4
40947.5
40947.4
40947.4
40947.4
40947.5
40947.5
40947.5
40947.4
40947.4
40947.5
40947.4
40947.4
40947.4
40947.5
40947.5
40947.5
40947.4
40947.4
40947.5
40947.4
40947.4
40947.4
40947.5
40947.5
37419.5
37419.5
37419.5
37419.5
37419.5
37419.5
37419.5
37419.5
37419.5
37419.5
37419.5
37419.5
37419.5
37419.5
37419.5
37419.5
37419.5
37419.5
37419.5
37419.5
37419.5
37419.5
37419.5
37419.5
37419.5
37419.5
37419.5
37419.5
37419.5
37419.5
37419.5
37419.5
37419.5
37419.5
37419.5
37419.5
40963.6
40963.6
40963.6
40963.6
40963.6
40963.6
40963.6
40963.6
40963.6
40963.6
40963.6
40963.6
40963.6
40963.6
40963.6
40963.6
40963.6
40963.6
40963.6
40963.6
40963.6
40963.6
40963.6
40963.6
40963.6
40963.6
40963.6
40963.6
40963.6
40963.6
40963.6
40963.6
40963.6
40963.6
40963.6
40963.6
41099.3
41099.3
41099.3
41099.4
41099.4
41099.4
41099.4
41099.4
41099.4
41099.3
41099.3
41099.3
41099.4
41099.4
41099.4
41099.4
41099.4
41099.4
41099.3
41099.3
41099.3
41099.4
41099.4
41099.4
41099.4
41099.4
41099.4
41099.3
41099.3
41099.3
41099.4
41099.4
41099.4
41099.4
41099.4
41099.4
39011.9
39011.9
39011.9
39011.9
39011.9
39011.9
39011.9
39011.9
39011.9
39011.9
39011.9
39011.9
39011.9
39011.9
39011.9
39011.9
39011.9
39011.9
39011.9
39011.9
39011.9
39011.9
39011.9
39011.9
39011.9
39011.9
39011.9
39011.9
39011.9
39011.9
39011.9
39011.9
39011.9
39011.9
39011.9
39011.9
42916.4
42916.4
42916.4
42916.4
42916.4
42916.4
42916.4
42916.4
42916.4
42916.4
42916.4
42916.4
42916.4
42916.4
42916.4
42916.4
42916.4
42916.4
42916.4
42916.4
42916.4
42916.4
42916.4
42916.4
42916.4
42916.4
42916.4
42916.4
42916.4
42916.4
42916.4
42916.4
42916.4
42916.4
42916.4
42916.4
42209.1
42209.1
42209.1
42209.2
42209.2
42209.2
42209.1
42209.1
42209.2
42209.1
42209.1
42209.1
42209.2
42209.2
42209.2
42209.1
42209.1
42209.2
42209.1
42209.1
42209.1
42209.2
42209.2
42209.2
42209.1
42209.1
42209.2
42209.1
42209.1
42209.1
42209.2
42209.2
42209.2
42209.1
42209.1
42209.2
42487.6
42487.6
42487.6
42487.6
42487.6
42487.6
42487.6
42487.6
42487.6
42487.6
42487.6
42487.6
42487.6
42487.6
42487.6
42487.6
42487.6
42487.6
42487.6
42487.6
42487.6
42487.6
42487.6
42487.6
42487.6
42487.6
42487.6
42487.6
42487.6
42487.6
42487.6
42487.6
42487.6
42487.6
42487.6
42487.6
47205.9
47205.9
47205.9
47205.9
47205.8
47205.9
47205.8
47205.8
47205.9
47205.9
47205.9
47205.9
47205.9
47205.8
47205.9
47205.8
47205.8
47205.9
47205.9
47205.9
47205.9
47205.9
47205.8
47205.9
47205.8
47205.8
47205.9
47205.9
47205.9
47205.9
47205.9
47205.8
47205.9
47205.8
47205.8
47205.9
44484.4
44484.4
44484.4
44484.4
44484.5
44484.4
44484.4
44484.4
44484.4
44484.4
44484.4
44484.4
44484.4
44484.5
44484.4
44484.4
44484.4
44484.4
44484.4
44484.4
44484.4
44484.4
44484.5
44484.4
44484.4
44484.4
44484.4
44484.4
44484.4
44484.4
44484.4
44484.5
44484.4
44484.4
44484.4
44484.4
75907.5
75908
75907.1
75907.5
75908.2
75907.1
75907.3
75908.3
75907.4
75907.5
75908
75907.1
75907.5
75908.2
75907.1
75907.3
75908.3
75907.4
75907.5
75908
75907.1
75907.5
75908.2
75907.1
75907.3
75908.3
75907.4
75907.5
75908
75907.1
75907.5
75908.2
75907.1
75907.3
75908.3
75907.4
60985.1
60985.2
60985
60985.2
60985.1
60985.2
60985.1
60985.2
60985.1
60985.1
60985.2
60985
60985.2
60985.1
60985.2
60985.1
60985.2
60985.1
60985.1
60985.2
60985
60985.2
60985.1
60985.2
60985.1
60985.2
60985.1
60985.1
60985.2
60985
60985.2
60985.1
60985.2
60985.1
60985.2
60985.1
43274.3
43274.3
43274.3
43274.2
43274.4
43274.2
43274.3
43274.3
43274.2
43274.3
43274.3
43274.3
43274.2
43274.4
43274.2
43274.3
43274.3
43274.2
43274.3
43274.3
43274.3
43274.2
43274.4
43274.2
43274.3
43274.3
43274.2
43274.3
43274.3
43274.3
43274.2
43274.4
43274.2
43274.3
43274.3
43274.2
)
;

boundaryField
{
    fixed
    {
        type            calculated;
        value           nonuniform List<scalar> 
108
(
39408.6
39408.6
39408.6
39408.6
39408.6
39408.6
39408.6
39408.6
39408.6
39408.6
39408.6
39408.6
39408.6
39408.6
39408.6
39408.6
39408.6
39408.6
39408.6
39408.6
39408.6
39408.6
39408.6
39408.6
39408.6
39408.6
39408.6
39408.6
39408.6
39408.6
39408.6
39408.6
39408.6
39408.6
39408.6
39408.6
42291.5
42291.5
42291.5
42291.5
42291.5
42291.5
42291.5
42291.5
42291.5
42291.5
42291.5
42291.5
42291.5
42291.5
42291.5
42291.5
42291.5
42291.5
42291.5
42291.5
42291.5
42291.5
42291.5
42291.5
42291.5
42291.5
42291.5
42291.5
42291.5
42291.5
42291.5
42291.5
42291.5
42291.5
42291.5
42291.5
45026.1
45026.1
45026.1
45026.1
45026.1
45026.1
45026.1
45026.1
45026.1
45026.1
45026.1
45026.1
45026.1
45026.1
45026.1
45026.1
45026.1
45026.1
45026.1
45026.1
45026.1
45026.1
45026.1
45026.1
45026.1
45026.1
45026.1
45026.1
45026.1
45026.1
45026.1
45026.1
45026.1
45026.1
45026.1
45026.1
)
;
    }
    inside
    {
        type            calculated;
        value           nonuniform List<scalar> 
540
(
40429.8
40429.8
40429.8
40429.8
40429.8
40429.8
40429.8
40429.8
40429.8
40429.8
40429.8
40429.8
40429.8
40429.8
40429.8
40429.8
40429.8
40429.8
40429.8
40429.8
40429.8
40429.8
40429.8
40429.8
40429.8
40429.8
40429.8
40429.8
40429.8
40429.8
40429.8
40429.8
40429.8
40429.8
40429.8
40429.8
39582
39582
39582
39582
39582
39582
39582
39582
39582
39582
39582
39582
39582
39582
39582
39582
39582
39582
39582
39582
39582
39582
39582
39582
39582
39582
39582
39582
39582
39582
39582
39582
39582
39582
39582
39582
38471.2
38471.2
38471.2
38471.2
38471.2
38471.2
38471.2
38471.2
38471.2
38471.2
38471.2
38471.2
38471.2
38471.2
38471.2
38471.2
38471.2
38471.2
38471.2
38471.2
38471.2
38471.2
38471.2
38471.2
38471.2
38471.2
38471.2
38471.2
38471.2
38471.2
38471.2
38471.2
38471.2
38471.2
38471.2
38471.2
37617.2
37617.2
37617.2
37617.2
37617.2
37617.2
37617.2
37617.2
37617.2
37617.2
37617.2
37617.2
37617.2
37617.2
37617.2
37617.2
37617.2
37617.2
37617.2
37617.2
37617.2
37617.2
37617.2
37617.2
37617.2
37617.2
37617.2
37617.2
37617.2
37617.2
37617.2
37617.2
37617.2
37617.2
37617.2
37617.2
37097.6
37097.6
37097.6
37097.6
37097.6
37097.6
37097.6
37097.6
37097.6
37097.6
37097.6
37097.6
37097.6
37097.6
37097.6
37097.6
37097.6
37097.6
37097.6
37097.6
37097.6
37097.6
37097.6
37097.6
37097.6
37097.6
37097.6
37097.6
37097.6
37097.6
37097.6
37097.6
37097.6
37097.6
37097.6
37097.6
36854.9
36854.9
36854.9
36854.9
36854.9
36854.9
36854.9
36854.9
36854.9
36854.9
36854.9
36854.9
36854.9
36854.9
36854.9
36854.9
36854.9
36854.9
36854.9
36854.9
36854.9
36854.9
36854.9
36854.9
36854.9
36854.9
36854.9
36854.9
36854.9
36854.9
36854.9
36854.9
36854.9
36854.9
36854.9
36854.9
36776.7
36776.7
36776.7
36776.7
36776.7
36776.7
36776.7
36776.7
36776.7
36776.7
36776.7
36776.7
36776.7
36776.7
36776.7
36776.7
36776.7
36776.7
36776.7
36776.7
36776.7
36776.7
36776.7
36776.7
36776.7
36776.7
36776.7
36776.7
36776.7
36776.7
36776.7
36776.7
36776.7
36776.7
36776.7
36776.7
36798.6
36798.6
36798.6
36798.6
36798.6
36798.6
36798.6
36798.6
36798.6
36798.6
36798.6
36798.6
36798.6
36798.6
36798.6
36798.6
36798.6
36798.6
36798.6
36798.6
36798.6
36798.6
36798.6
36798.6
36798.6
36798.6
36798.6
36798.6
36798.6
36798.6
36798.6
36798.6
36798.6
36798.6
36798.6
36798.6
36927.7
36927.7
36927.7
36927.7
36927.7
36927.7
36927.7
36927.7
36927.6
36927.7
36927.7
36927.7
36927.7
36927.7
36927.7
36927.7
36927.7
36927.6
36927.7
36927.7
36927.7
36927.7
36927.7
36927.7
36927.7
36927.7
36927.6
36927.7
36927.7
36927.7
36927.7
36927.7
36927.7
36927.7
36927.7
36927.6
37231.4
37231.5
37231.5
37231.5
37231.5
37231.5
37231.5
37231.5
37231.4
37231.4
37231.5
37231.5
37231.5
37231.5
37231.5
37231.5
37231.5
37231.4
37231.4
37231.5
37231.5
37231.5
37231.5
37231.5
37231.5
37231.5
37231.4
37231.4
37231.5
37231.5
37231.5
37231.5
37231.5
37231.5
37231.5
37231.4
37823.9
37823.9
37823.9
37823.9
37823.9
37823.9
37823.9
37823.9
37823.9
37823.9
37823.9
37823.9
37823.9
37823.9
37823.9
37823.9
37823.9
37823.9
37823.9
37823.9
37823.9
37823.9
37823.9
37823.9
37823.9
37823.9
37823.9
37823.9
37823.9
37823.9
37823.9
37823.9
37823.9
37823.9
37823.9
37823.9
38949.2
38949.2
38949.2
38949.2
38949.2
38949.2
38949.2
38949.2
38949.2
38949.2
38949.2
38949.2
38949.2
38949.2
38949.2
38949.2
38949.2
38949.2
38949.2
38949.2
38949.2
38949.2
38949.2
38949.2
38949.2
38949.2
38949.2
38949.2
38949.2
38949.2
38949.2
38949.2
38949.2
38949.2
38949.2
38949.2
41298.9
41298.9
41298.9
41298.9
41298.9
41298.9
41298.9
41298.9
41298.9
41298.9
41298.9
41298.9
41298.9
41298.9
41298.9
41298.9
41298.9
41298.9
41298.9
41298.9
41298.9
41298.9
41298.9
41298.9
41298.9
41298.9
41298.9
41298.9
41298.9
41298.9
41298.9
41298.9
41298.9
41298.9
41298.9
41298.9
46680.9
46680.9
46680.9
46680.9
46681
46680.9
46680.9
46680.9
46680.9
46680.9
46680.9
46680.9
46680.9
46681
46680.9
46680.9
46680.9
46680.9
46680.9
46680.9
46680.9
46680.9
46681
46680.9
46680.9
46680.9
46680.9
46680.9
46680.9
46680.9
46680.9
46681
46680.9
46680.9
46680.9
46680.9
53826.8
53827.1
53826.9
53826.5
53827.5
53826.4
53827.1
53827
53826.7
53826.8
53827.1
53826.9
53826.5
53827.5
53826.4
53827.1
53827
53826.7
53826.8
53827.1
53826.9
53826.5
53827.5
53826.4
53827.1
53827
53826.7
53826.8
53827.1
53826.9
53826.5
53827.5
53826.4
53827.1
53827
53826.7
)
;
    }
    outside
    {
        type            calculated;
        value           nonuniform List<scalar> 
540
(
41187
41187
41187
41187
41187
41187
41187.1
41187.1
41187.1
41187
41187
41187
41187
41187
41187
41187.1
41187.1
41187.1
41187
41187
41187
41187
41187
41187
41187.1
41187.1
41187.1
41187
41187
41187
41187
41187
41187
41187.1
41187.1
41187.1
40358.5
40358.5
40358.5
40358.5
40358.5
40358.5
40358.5
40358.5
40358.5
40358.5
40358.5
40358.5
40358.5
40358.5
40358.5
40358.5
40358.5
40358.5
40358.5
40358.5
40358.5
40358.5
40358.5
40358.5
40358.5
40358.5
40358.5
40358.5
40358.5
40358.5
40358.5
40358.5
40358.5
40358.5
40358.5
40358.5
39158
39157.9
39158
39158
39158
39158
39158
39158
39158
39158
39157.9
39158
39158
39158
39158
39158
39158
39158
39158
39157.9
39158
39158
39158
39158
39158
39158
39158
39158
39157.9
39158
39158
39158
39158
39158
39158
39158
38285.8
38285.8
38285.8
38285.8
38285.8
38285.8
38285.8
38285.8
38285.8
38285.8
38285.8
38285.8
38285.8
38285.8
38285.8
38285.8
38285.8
38285.8
38285.8
38285.8
38285.8
38285.8
38285.8
38285.8
38285.8
38285.8
38285.8
38285.8
38285.8
38285.8
38285.8
38285.8
38285.8
38285.8
38285.8
38285.8
37789.4
37789.5
37789.5
37789.5
37789.5
37789.5
37789.5
37789.5
37789.4
37789.4
37789.5
37789.5
37789.5
37789.5
37789.5
37789.5
37789.5
37789.4
37789.4
37789.5
37789.5
37789.5
37789.5
37789.5
37789.5
37789.5
37789.4
37789.4
37789.5
37789.5
37789.5
37789.5
37789.5
37789.5
37789.5
37789.4
37551.8
37551.8
37551.8
37551.8
37551.8
37551.8
37551.8
37551.8
37551.8
37551.8
37551.8
37551.8
37551.8
37551.8
37551.8
37551.8
37551.8
37551.8
37551.8
37551.8
37551.8
37551.8
37551.8
37551.8
37551.8
37551.8
37551.8
37551.8
37551.8
37551.8
37551.8
37551.8
37551.8
37551.8
37551.8
37551.8
37406.2
37406.2
37406.2
37406.2
37406.2
37406.2
37406.2
37406.2
37406.2
37406.2
37406.2
37406.2
37406.2
37406.2
37406.2
37406.2
37406.2
37406.2
37406.2
37406.2
37406.2
37406.2
37406.2
37406.2
37406.2
37406.2
37406.2
37406.2
37406.2
37406.2
37406.2
37406.2
37406.2
37406.2
37406.2
37406.2
37255.1
37255.1
37255.1
37255.1
37255.1
37255.1
37255.1
37255.1
37255.1
37255.1
37255.1
37255.1
37255.1
37255.1
37255.1
37255.1
37255.1
37255.1
37255.1
37255.1
37255.1
37255.1
37255.1
37255.1
37255.1
37255.1
37255.1
37255.1
37255.1
37255.1
37255.1
37255.1
37255.1
37255.1
37255.1
37255.1
37097.3
37097.3
37097.3
37097.3
37097.3
37097.3
37097.3
37097.3
37097.3
37097.3
37097.3
37097.3
37097.3
37097.3
37097.3
37097.3
37097.3
37097.3
37097.3
37097.3
37097.3
37097.3
37097.3
37097.3
37097.3
37097.3
37097.3
37097.3
37097.3
37097.3
37097.3
37097.3
37097.3
37097.3
37097.3
37097.3
37031.8
37031.8
37031.8
37031.8
37031.8
37031.8
37031.8
37031.8
37031.8
37031.8
37031.8
37031.8
37031.8
37031.8
37031.8
37031.8
37031.8
37031.8
37031.8
37031.8
37031.8
37031.8
37031.8
37031.8
37031.8
37031.8
37031.8
37031.8
37031.8
37031.8
37031.8
37031.8
37031.8
37031.8
37031.8
37031.8
37266.6
37266.6
37266.6
37266.6
37266.6
37266.6
37266.6
37266.6
37266.6
37266.6
37266.6
37266.6
37266.6
37266.6
37266.6
37266.6
37266.6
37266.6
37266.6
37266.6
37266.6
37266.6
37266.6
37266.6
37266.6
37266.6
37266.6
37266.6
37266.6
37266.6
37266.6
37266.6
37266.6
37266.6
37266.6
37266.6
38147.8
38147.8
38147.8
38147.8
38147.8
38147.8
38147.8
38147.8
38147.8
38147.8
38147.8
38147.8
38147.8
38147.8
38147.8
38147.8
38147.8
38147.8
38147.8
38147.8
38147.8
38147.8
38147.8
38147.8
38147.8
38147.8
38147.8
38147.8
38147.8
38147.8
38147.8
38147.8
38147.8
38147.8
38147.8
38147.8
40363.2
40363.2
40363.2
40363.2
40363.2
40363.2
40363.2
40363.2
40363.2
40363.2
40363.2
40363.2
40363.2
40363.2
40363.2
40363.2
40363.2
40363.2
40363.2
40363.2
40363.2
40363.2
40363.2
40363.2
40363.2
40363.2
40363.2
40363.2
40363.2
40363.2
40363.2
40363.2
40363.2
40363.2
40363.2
40363.2
46286.5
46286.5
46286.5
46286.5
46286.5
46286.4
46286.4
46286.5
46286.5
46286.5
46286.5
46286.5
46286.5
46286.5
46286.4
46286.4
46286.5
46286.5
46286.5
46286.5
46286.5
46286.5
46286.5
46286.4
46286.4
46286.5
46286.5
46286.5
46286.5
46286.5
46286.5
46286.5
46286.4
46286.4
46286.5
46286.5
98065.2
98066.2
98064.5
98065.1
98066.6
98064.5
98064.7
98066.6
98065
98065.2
98066.2
98064.5
98065.1
98066.6
98064.5
98064.7
98066.6
98065
98065.2
98066.2
98064.5
98065.1
98066.6
98064.5
98064.7
98066.6
98065
98065.2
98066.2
98064.5
98065.1
98066.6
98064.5
98064.7
98066.6
98065
)
;
    }
}


// ************************************************************************* //
