/*--------------------------------*- C++ -*----------------------------------*\
| =========                 |                                                 |
| \\      /  F ield         | OpenFOAM: The Open Source CFD Toolbox           |
|  \\    /   O peration     | Version:  2412                                  |
|   \\  /    A nd           | Website:  www.openfoam.com                      |
|    \\/     M anipulation  |                                                 |
\*---------------------------------------------------------------------------*/
FoamFile
{
    version     2.0;
    format      ascii;
    arch        "LSB;label=32;scalar=64";
    class       volScalarField;
    location    "0.0350058";
    object      Jsi;
}
// * * * * * * * * * * * * * * * * * * * * * * * * * * * * * * * * * * * * * //

dimensions      [0 0 0 0 0 0 0];

internalField   nonuniform List<scalar> 
8670
(
-0.180533
-0.177968
-0.17534
-0.172702
-0.169961
-0.167103
-0.164118
-0.160983
-0.157692
-0.154235
-0.150658
-0.146812
-0.142762
-0.138501
-0.134138
-0.129511
-0.124535
-0.119385
-0.113942
-0.108104
-0.102159
-0.0957506
-0.0891316
-0.0822124
-0.0749873
-0.0674794
-0.0597652
-0.0516112
-0.0433804
-0.0348718
-0.0270598
-0.0218522
-0.180426
-0.177947
-0.175278
-0.172535
-0.169771
-0.1669
-0.163902
-0.16076
-0.157519
-0.154057
-0.150405
-0.146549
-0.1425
-0.138363
-0.133978
-0.129231
-0.124217
-0.11914
-0.113625
-0.107897
-0.101859
-0.0954137
-0.0888588
-0.0818379
-0.0746975
-0.0670871
-0.0593688
-0.0511967
-0.0429779
-0.0346646
-0.0267111
-0.0215026
-0.180165
-0.177685
-0.175133
-0.172475
-0.169675
-0.166643
-0.163564
-0.160385
-0.157084
-0.153746
-0.150144
-0.146389
-0.142338
-0.138058
-0.133538
-0.128903
-0.123984
-0.118701
-0.113317
-0.10748
-0.101309
-0.0950396
-0.088302
-0.0814396
-0.0741085
-0.0666614
-0.0587467
-0.0507521
-0.0424458
-0.0340363
-0.0261163
-0.0209773
-0.179898
-0.177406
-0.174822
-0.172021
-0.169198
-0.166281
-0.163237
-0.160057
-0.156728
-0.153231
-0.149573
-0.145854
-0.141908
-0.137638
-0.133102
-0.128321
-0.123481
-0.118195
-0.112594
-0.106907
-0.100757
-0.0944784
-0.087726
-0.0807573
-0.0734973
-0.0659319
-0.0580902
-0.0500574
-0.041616
-0.033238
-0.0252352
-0.0200047
-0.17948
-0.176978
-0.174402
-0.171698
-0.168773
-0.16581
-0.16274
-0.159535
-0.156187
-0.152686
-0.149128
-0.1453
-0.141296
-0.136984
-0.132414
-0.127594
-0.122721
-0.117401
-0.111762
-0.106044
-0.0998641
-0.0935541
-0.0867689
-0.0798501
-0.0724778
-0.064964
-0.0570082
-0.048946
-0.040477
-0.0320778
-0.0240601
-0.0188193
-0.178998
-0.17637
-0.173691
-0.171003
-0.168206
-0.165292
-0.162248
-0.159049
-0.155689
-0.152158
-0.148506
-0.144577
-0.140431
-0.136066
-0.131593
-0.126848
-0.121724
-0.116319
-0.110843
-0.104916
-0.0987773
-0.0923183
-0.0854394
-0.0784618
-0.0710136
-0.0634652
-0.0554443
-0.0473637
-0.0390722
-0.0305232
-0.0226612
-0.0174085
-0.178278
-0.175663
-0.172985
-0.170288
-0.167482
-0.164552
-0.161486
-0.158267
-0.154881
-0.151312
-0.147556
-0.143661
-0.139475
-0.135056
-0.130404
-0.125626
-0.120561
-0.115127
-0.109509
-0.103591
-0.0972705
-0.0908448
-0.0839637
-0.0769477
-0.069482
-0.0617957
-0.053841
-0.045703
-0.037177
-0.0287405
-0.0207481
-0.0155552
-0.177316
-0.174806
-0.172176
-0.16934
-0.166483
-0.163459
-0.160361
-0.157107
-0.153682
-0.150089
-0.14636
-0.142347
-0.13811
-0.133625
-0.128898
-0.124138
-0.118938
-0.113436
-0.107838
-0.101784
-0.0953986
-0.0889166
-0.0819789
-0.0749114
-0.0673968
-0.0597448
-0.0516615
-0.0434833
-0.0349275
-0.0264878
-0.0185989
-0.0137724
-0.176264
-0.173714
-0.17096
-0.168123
-0.165256
-0.162273
-0.159139
-0.155826
-0.152239
-0.148679
-0.144869
-0.140829
-0.136622
-0.132106
-0.127325
-0.122296
-0.117113
-0.111629
-0.10577
-0.0997187
-0.0933666
-0.086619
-0.0797616
-0.0724597
-0.0649343
-0.0571373
-0.0489378
-0.0407098
-0.0322234
-0.023759
-0.0161284
-0.0126824
-0.174904
-0.172272
-0.169595
-0.166692
-0.163765
-0.160735
-0.1575
-0.154166
-0.150654
-0.146962
-0.143063
-0.139013
-0.134668
-0.13007
-0.125209
-0.120091
-0.114829
-0.10927
-0.103307
-0.0970289
-0.090678
-0.0838778
-0.0769491
-0.0695674
-0.0618559
-0.0540689
-0.0458398
-0.0375646
-0.0289716
-0.0207178
-0.0139151
-0.0121938
-0.173338
-0.170592
-0.167891
-0.165063
-0.162013
-0.158917
-0.155628
-0.152236
-0.148666
-0.144908
-0.140943
-0.136753
-0.132325
-0.127721
-0.122779
-0.11756
-0.112062
-0.10628
-0.100424
-0.0941043
-0.087464
-0.0807279
-0.0735434
-0.0660352
-0.0584499
-0.0504338
-0.0423344
-0.0338683
-0.0254719
-0.0174237
-0.0125789
-0.0120083
-0.171336
-0.16856
-0.165803
-0.162842
-0.159847
-0.156664
-0.15336
-0.149772
-0.146087
-0.142236
-0.138182
-0.133913
-0.129404
-0.124636
-0.119595
-0.114278
-0.108681
-0.103009
-0.0969015
-0.0904651
-0.0837293
-0.0769013
-0.0696222
-0.0620364
-0.0543746
-0.0462882
-0.0379332
-0.0296182
-0.0212253
-0.0142324
-0.0121606
0
-0.168832
-0.1661
-0.163226
-0.160268
-0.157224
-0.153923
-0.150547
-0.146919
-0.143042
-0.139083
-0.134944
-0.130588
-0.125995
-0.121143
-0.116016
-0.110615
-0.104926
-0.0989586
-0.092822
-0.0864076
-0.0795995
-0.072494
-0.0650926
-0.0576157
-0.0497262
-0.0415562
-0.0333734
-0.0249599
-0.0170155
-0.0125406
-0.0119987
0
-0.166197
-0.163423
-0.160547
-0.157534
-0.154375
-0.151041
-0.147533
-0.143811
-0.14
-0.136008
-0.131776
-0.127106
-0.122366
-0.117407
-0.1122
-0.106726
-0.100969
-0.0949219
-0.0885857
-0.0819773
-0.07529
-0.0681703
-0.0607456
-0.0530461
-0.0450792
-0.0370694
-0.0287689
-0.0205475
-0.0137343
-0.0121316
0
0
-0.164041
-0.161238
-0.158244
-0.155307
-0.152078
-0.148822
-0.145239
-0.141609
-0.137619
-0.13358
-0.129313
-0.124609
-0.119837
-0.114843
-0.109597
-0.104089
-0.0983029
-0.0922359
-0.0858844
-0.0792486
-0.0723329
-0.0651359
-0.0576723
-0.0499375
-0.0419379
-0.0338136
-0.025617
-0.0177269
-0.0126149
-0.012045
0
0
-0.185561
-0.183041
-0.180497
-0.177798
-0.174992
-0.172095
-0.169195
-0.166157
-0.162896
-0.159591
-0.156106
-0.152358
-0.148601
-0.144492
-0.140254
-0.135767
-0.131033
-0.126026
-0.120822
-0.115163
-0.109371
-0.103107
-0.0967279
-0.0900513
-0.0828873
-0.0755974
-0.0680249
-0.0599739
-0.0518425
-0.0435998
-0.0356631
-0.0305076
-0.18545
-0.182931
-0.180317
-0.177608
-0.174813
-0.17203
-0.169118
-0.165981
-0.162704
-0.159455
-0.155889
-0.152113
-0.148347
-0.14423
-0.140053
-0.135481
-0.13082
-0.125724
-0.120517
-0.114848
-0.109072
-0.103008
-0.0964617
-0.0897776
-0.0827098
-0.0753262
-0.0677335
-0.059777
-0.0515531
-0.0432713
-0.0353027
-0.0302225
-0.185363
-0.182841
-0.180229
-0.177528
-0.174775
-0.171856
-0.168826
-0.165789
-0.162603
-0.15919
-0.155704
-0.152019
-0.148048
-0.144059
-0.139702
-0.135268
-0.130424
-0.125478
-0.120084
-0.114589
-0.108736
-0.102558
-0.0961366
-0.0892399
-0.0822234
-0.0749149
-0.0671153
-0.0592117
-0.0510679
-0.0426034
-0.0348108
-0.029589
-0.184896
-0.182382
-0.179885
-0.17722
-0.174428
-0.171569
-0.168526
-0.165359
-0.162244
-0.15883
-0.155231
-0.151643
-0.147708
-0.143721
-0.139354
-0.134832
-0.130049
-0.125
-0.119659
-0.11412
-0.108117
-0.101968
-0.0953298
-0.0885842
-0.0815536
-0.0740148
-0.0663651
-0.0584538
-0.0500828
-0.0417798
-0.0340004
-0.0287691
-0.184503
-0.182072
-0.179491
-0.176792
-0.174035
-0.171103
-0.16804
-0.164857
-0.161724
-0.15829
-0.154665
-0.151052
-0.147096
-0.143091
-0.138708
-0.134232
-0.129349
-0.124343
-0.1189
-0.113325
-0.107286
-0.1011
-0.094423
-0.0876408
-0.0805756
-0.0730005
-0.0653165
-0.057373
-0.048969
-0.0406387
-0.0328361
-0.0275915
-0.184075
-0.181533
-0.178898
-0.17616
-0.173318
-0.170369
-0.167428
-0.164337
-0.16102
-0.157654
-0.154101
-0.150281
-0.146438
-0.142239
-0.137893
-0.13328
-0.128299
-0.123269
-0.117904
-0.112219
-0.106307
-0.0999263
-0.0933859
-0.0863607
-0.0792305
-0.0718164
-0.0639037
-0.0559011
-0.0476783
-0.0392457
-0.0313301
-0.0260477
-0.183355
-0.180856
-0.178215
-0.17547
-0.172617
-0.169661
-0.166695
-0.163581
-0.160219
-0.156704
-0.153193
-0.14934
-0.145268
-0.141169
-0.13669
-0.132131
-0.127149
-0.122063
-0.116523
-0.110855
-0.104717
-0.0984592
-0.0919103
-0.0848771
-0.0776944
-0.0700207
-0.0622438
-0.0542118
-0.0457297
-0.0373136
-0.0294362
-0.0241506
-0.182412
-0.179841
-0.177177
-0.174427
-0.171691
-0.168766
-0.165746
-0.162505
-0.15912
-0.155685
-0.152059
-0.14815
-0.144211
-0.13989
-0.135305
-0.130679
-0.125617
-0.120462
-0.114846
-0.109137
-0.103062
-0.0966673
-0.0900325
-0.0829274
-0.0756789
-0.0679368
-0.0601032
-0.0520192
-0.043486
-0.0350213
-0.0271035
-0.0217995
-0.18141
-0.178823
-0.176139
-0.173355
-0.170484
-0.167603
-0.164573
-0.16131
-0.15787
-0.154284
-0.150694
-0.146756
-0.142586
-0.138379
-0.133789
-0.1291
-0.123975
-0.118533
-0.113021
-0.107164
-0.100985
-0.0945766
-0.0877083
-0.0806839
-0.0731945
-0.065592
-0.0576313
-0.0493926
-0.0409822
-0.0322765
-0.0243009
-0.0189841
-0.180202
-0.177615
-0.174932
-0.172135
-0.169282
-0.166249
-0.163068
-0.159736
-0.15626
-0.152734
-0.14901
-0.144999
-0.140873
-0.136505
-0.131805
-0.127027
-0.121841
-0.116443
-0.110739
-0.104623
-0.0984269
-0.0918743
-0.0850096
-0.0779075
-0.0703466
-0.0626591
-0.0545051
-0.0462759
-0.0378438
-0.0291468
-0.0211834
-0.015899
-0.178525
-0.175936
-0.173247
-0.17044
-0.167504
-0.164439
-0.161229
-0.15786
-0.154342
-0.150764
-0.146981
-0.142893
-0.138574
-0.134208
-0.129442
-0.124391
-0.119259
-0.113691
-0.107991
-0.101815
-0.0953012
-0.0887167
-0.0817653
-0.0745161
-0.067035
-0.0591126
-0.0510734
-0.0426118
-0.0341232
-0.0255237
-0.0177162
-0.0131922
-0.176545
-0.173925
-0.17121
-0.168375
-0.165412
-0.162317
-0.159067
-0.15565
-0.152056
-0.148289
-0.144331
-0.140279
-0.135983
-0.131345
-0.126449
-0.121477
-0.116076
-0.110355
-0.104551
-0.0982952
-0.0918943
-0.0850346
-0.0778272
-0.0705556
-0.0629317
-0.0550326
-0.0469341
-0.0384372
-0.0299343
-0.0213908
-0.0143877
-0.0122804
-0.174193
-0.171535
-0.168783
-0.165827
-0.162673
-0.159464
-0.15614
-0.152668
-0.14904
-0.145357
-0.141457
-0.137239
-0.132769
-0.128042
-0.123054
-0.117988
-0.112487
-0.106656
-0.100528
-0.0943238
-0.0876689
-0.0808818
-0.0736357
-0.0660641
-0.0584172
-0.0503267
-0.0421717
-0.0336368
-0.0251971
-0.0171132
-0.0125661
-0.0120462
-0.171486
-0.168784
-0.165927
-0.163038
-0.160023
-0.156829
-0.153297
-0.149748
-0.146047
-0.142159
-0.138062
-0.133741
-0.129183
-0.124389
-0.119535
-0.114262
-0.10867
-0.102769
-0.0965744
-0.0902847
-0.0835456
-0.0764853
-0.0691962
-0.0616854
-0.0538242
-0.0458765
-0.0375312
-0.0290674
-0.0207338
-0.0137741
-0.0121402
0
-0.16926
-0.166603
-0.163738
-0.160799
-0.15779
-0.154462
-0.151121
-0.147625
-0.143914
-0.139865
-0.135697
-0.131326
-0.126726
-0.121879
-0.116788
-0.111549
-0.105956
-0.100049
-0.0938368
-0.0873295
-0.0805163
-0.0734854
-0.0662255
-0.0586188
-0.0507101
-0.0427399
-0.0344026
-0.0259128
-0.0179462
-0.0126427
-0.0120547
0
-0.18961
-0.187032
-0.184524
-0.181796
-0.178962
-0.176198
-0.173204
-0.170246
-0.167018
-0.163833
-0.160453
-0.156865
-0.153184
-0.149157
-0.145098
-0.140819
-0.136127
-0.131348
-0.126316
-0.120811
-0.115194
-0.109306
-0.103102
-0.0963912
-0.0895421
-0.0824163
-0.0749762
-0.0670242
-0.0589848
-0.0508447
-0.0431698
-0.0379728
-0.189497
-0.187004
-0.184421
-0.181685
-0.179017
-0.17613
-0.173276
-0.170179
-0.167085
-0.163729
-0.160364
-0.156692
-0.153013
-0.14916
-0.14494
-0.140653
-0.136057
-0.131175
-0.126121
-0.120792
-0.114992
-0.109069
-0.102856
-0.0962471
-0.0892905
-0.0821234
-0.0746802
-0.066932
-0.0587103
-0.0505222
-0.0428292
-0.0376294
-0.189374
-0.186797
-0.18413
-0.181548
-0.178749
-0.175997
-0.173013
-0.170047
-0.166824
-0.163598
-0.160078
-0.156538
-0.152669
-0.148793
-0.144714
-0.140242
-0.135702
-0.130916
-0.125674
-0.120327
-0.114715
-0.108713
-0.102365
-0.0958043
-0.0889552
-0.081776
-0.074093
-0.0662954
-0.0582693
-0.0501055
-0.0422119
-0.0371447
-0.189105
-0.186596
-0.183937
-0.18128
-0.178511
-0.17557
-0.172685
-0.169563
-0.166489
-0.163224
-0.15978
-0.156247
-0.152378
-0.14846
-0.144171
-0.139838
-0.135282
-0.130271
-0.125173
-0.119834
-0.114191
-0.108049
-0.101771
-0.0952042
-0.0882335
-0.0809109
-0.073382
-0.0655976
-0.0575615
-0.0492925
-0.0414695
-0.0362967
-0.188684
-0.186165
-0.183501
-0.18091
-0.1781
-0.175263
-0.172309
-0.169255
-0.166074
-0.162766
-0.159289
-0.155726
-0.15184
-0.147917
-0.143725
-0.13928
-0.134663
-0.129613
-0.124477
-0.119096
-0.113412
-0.10723
-0.100913
-0.0943156
-0.0873095
-0.0799506
-0.0723853
-0.0645651
-0.0564942
-0.048192
-0.0403434
-0.0351539
-0.188151
-0.185646
-0.183048
-0.180292
-0.177591
-0.174651
-0.17158
-0.168564
-0.165276
-0.162034
-0.158651
-0.154936
-0.151176
-0.147068
-0.142915
-0.138463
-0.133735
-0.128847
-0.12362
-0.118073
-0.112321
-0.106267
-0.099716
-0.093037
-0.0860814
-0.0788012
-0.0710055
-0.063101
-0.0549795
-0.0467366
-0.0388633
-0.0336873
-0.187486
-0.184872
-0.182331
-0.179566
-0.176693
-0.173883
-0.170835
-0.167808
-0.164508
-0.161216
-0.157619
-0.154022
-0.150192
-0.146124
-0.141909
-0.137303
-0.132622
-0.127693
-0.122296
-0.116785
-0.11099
-0.104698
-0.0982764
-0.0915782
-0.0845565
-0.0770234
-0.0693665
-0.0614549
-0.0532818
-0.0447702
-0.0369184
-0.0316301
-0.186578
-0.184103
-0.181415
-0.178618
-0.175899
-0.172944
-0.170019
-0.16684
-0.163657
-0.160197
-0.156709
-0.152903
-0.149055
-0.144854
-0.140607
-0.136057
-0.131224
-0.126203
-0.120725
-0.115149
-0.109307
-0.103071
-0.0964976
-0.0897031
-0.0826015
-0.074991
-0.0672683
-0.059297
-0.0510704
-0.0425043
-0.0346073
-0.029294
-0.185565
-0.183084
-0.180389
-0.177582
-0.174838
-0.171843
-0.168704
-0.165614
-0.162245
-0.158882
-0.155201
-0.151496
-0.147443
-0.143367
-0.139077
-0.134374
-0.129556
-0.12429
-0.118928
-0.113295
-0.107168
-0.100919
-0.0943655
-0.0873027
-0.0801232
-0.0726746
-0.0649196
-0.0566774
-0.0483605
-0.0399457
-0.0319312
-0.0266807
-0.18442
-0.18177
-0.179128
-0.17638
-0.17346
-0.17052
-0.167433
-0.164144
-0.160883
-0.157334
-0.153758
-0.149848
-0.145886
-0.141569
-0.137175
-0.132373
-0.127495
-0.122274
-0.11674
-0.110984
-0.104757
-0.0984119
-0.0917658
-0.084619
-0.0773509
-0.0698036
-0.061748
-0.053601
-0.0452492
-0.0367829
-0.0286409
-0.0234107
-0.182814
-0.18025
-0.177516
-0.174664
-0.17171
-0.168812
-0.165648
-0.16232
-0.159024
-0.155432
-0.151802
-0.147815
-0.143587
-0.139358
-0.134909
-0.130044
-0.125062
-0.11964
-0.114087
-0.108072
-0.101926
-0.095416
-0.088582
-0.0815139
-0.0739522
-0.0662985
-0.058392
-0.0501197
-0.0415959
-0.0330414
-0.0249159
-0.0196176
-0.180972
-0.178303
-0.17553
-0.172645
-0.169661
-0.166734
-0.163538
-0.160154
-0.156604
-0.153093
-0.149265
-0.145383
-0.141118
-0.136585
-0.132012
-0.12701
-0.121926
-0.116385
-0.110756
-0.104837
-0.0984505
-0.0918984
-0.0848793
-0.0777201
-0.0700751
-0.0623349
-0.0543383
-0.0458817
-0.0373788
-0.0288163
-0.0206565
-0.0153441
-0.178515
-0.175853
-0.173082
-0.17019
-0.167174
-0.16405
-0.16097
-0.157598
-0.154028
-0.150286
-0.14653
-0.142417
-0.138056
-0.133628
-0.128799
-0.123672
-0.118473
-0.112829
-0.107071
-0.100856
-0.094502
-0.0876878
-0.0807287
-0.0733096
-0.0657663
-0.0577575
-0.0496755
-0.0413592
-0.0326715
-0.024144
-0.0163632
-0.0127058
-0.175804
-0.173161
-0.170414
-0.167552
-0.16456
-0.161427
-0.158151
-0.154713
-0.151092
-0.147282
-0.143293
-0.139271
-0.134876
-0.130209
-0.125282
-0.120272
-0.114831
-0.10908
-0.103222
-0.0969092
-0.0903419
-0.0835242
-0.0763273
-0.0690172
-0.0612546
-0.0533837
-0.0450809
-0.0367189
-0.0280467
-0.0197602
-0.0133127
-0.0121741
-0.173674
-0.171045
-0.168161
-0.165311
-0.162354
-0.159257
-0.156006
-0.152585
-0.148978
-0.14517
-0.141152
-0.136915
-0.132447
-0.127726
-0.122736
-0.117561
-0.112167
-0.106401
-0.100328
-0.0941346
-0.0875013
-0.0805509
-0.0734777
-0.0659753
-0.0582347
-0.0502533
-0.0419402
-0.0335841
-0.024985
-0.0170225
-0.0124582
-0.0119831
-0.195434
-0.192884
-0.190395
-0.187721
-0.185109
-0.182379
-0.17954
-0.176693
-0.173688
-0.170538
-0.16736
-0.164058
-0.16044
-0.156824
-0.153063
-0.149094
-0.14472
-0.140289
-0.135666
-0.130802
-0.125665
-0.120143
-0.114277
-0.108198
-0.101833
-0.0951641
-0.088181
-0.0807842
-0.0730357
-0.0651082
-0.0570665
-0.0494756
-0.0443046
-0.195273
-0.192717
-0.190247
-0.187724
-0.184988
-0.182286
-0.179366
-0.176513
-0.173568
-0.170352
-0.16717
-0.163888
-0.160448
-0.156675
-0.152889
-0.148932
-0.144752
-0.140142
-0.135463
-0.13057
-0.125419
-0.119982
-0.114148
-0.107957
-0.101553
-0.0948672
-0.0878773
-0.0805721
-0.0729576
-0.0649683
-0.0567936
-0.0491575
-0.0441347
-0.195047
-0.192611
-0.189989
-0.187448
-0.184855
-0.182041
-0.179281
-0.17643
-0.173331
-0.170263
-0.16708
-0.163604
-0.160141
-0.156535
-0.152743
-0.148579
-0.144373
-0.139976
-0.135339
-0.13035
-0.125035
-0.119524
-0.113747
-0.107668
-0.101275
-0.0944684
-0.0872933
-0.0799029
-0.0722542
-0.0643587
-0.0563221
-0.0487112
-0.0435327
-0.194858
-0.192428
-0.189802
-0.187238
-0.184477
-0.181781
-0.179011
-0.176001
-0.173037
-0.169976
-0.166626
-0.163287
-0.159837
-0.156213
-0.152229
-0.148214
-0.144024
-0.13959
-0.134705
-0.129723
-0.124507
-0.119018
-0.113228
-0.107108
-0.100456
-0.0936587
-0.0865825
-0.0792204
-0.0715737
-0.0636645
-0.0555944
-0.0477495
-0.0426996
-0.194447
-0.192011
-0.189386
-0.186836
-0.184173
-0.181399
-0.178594
-0.175556
-0.172583
-0.169529
-0.166279
-0.162853
-0.159355
-0.155696
-0.151685
-0.147647
-0.143431
-0.138992
-0.134206
-0.129104
-0.123822
-0.118281
-0.112449
-0.106308
-0.0997497
-0.0928341
-0.0856938
-0.0782792
-0.070586
-0.0626341
-0.0545248
-0.046646
-0.0415758
-0.194003
-0.191434
-0.188928
-0.186225
-0.183598
-0.180907
-0.177979
-0.175095
-0.172051
-0.168862
-0.165638
-0.162277
-0.1586
-0.154917
-0.151067
-0.147007
-0.14255
-0.138032
-0.133303
-0.128308
-0.122942
-0.117239
-0.11133
-0.105135
-0.0986337
-0.0918094
-0.0845701
-0.0769811
-0.0691888
-0.0611708
-0.0530285
-0.0453282
-0.0400963
-0.193393
-0.19082
-0.188305
-0.185599
-0.182958
-0.180192
-0.177307
-0.17439
-0.171219
-0.168083
-0.164838
-0.161279
-0.157728
-0.154038
-0.15015
-0.14587
-0.141535
-0.137004
-0.132208
-0.126937
-0.121553
-0.115916
-0.109993
-0.10376
-0.0971149
-0.0900993
-0.0828638
-0.0753558
-0.0675701
-0.0595271
-0.0513306
-0.0433874
-0.0382728
-0.192542
-0.190087
-0.187446
-0.184851
-0.182052
-0.179294
-0.176305
-0.173385
-0.170366
-0.16706
-0.163778
-0.160359
-0.156611
-0.152863
-0.148952
-0.144811
-0.140263
-0.135645
-0.130799
-0.125667
-0.120053
-0.114314
-0.108307
-0.101993
-0.0953508
-0.0881759
-0.0808667
-0.0732952
-0.06545
-0.0573528
-0.0491051
-0.0411139
-0.035975
-0.191524
-0.189063
-0.186416
-0.183816
-0.181011
-0.178241
-0.175243
-0.1723
-0.169259
-0.16593
-0.162593
-0.15895
-0.155318
-0.151543
-0.147569
-0.143201
-0.138759
-0.134085
-0.128952
-0.123721
-0.118244
-0.112477
-0.106314
-0.0997905
-0.0930527
-0.0860319
-0.0787011
-0.0710487
-0.0628999
-0.0546711
-0.0463504
-0.0385092
-0.0332026
-0.19035
-0.187722
-0.185175
-0.182435
-0.179738
-0.176823
-0.173945
-0.170816
-0.167736
-0.16454
-0.161035
-0.157506
-0.153649
-0.149797
-0.145778
-0.141452
-0.136857
-0.132106
-0.127086
-0.121598
-0.115997
-0.110125
-0.10394
-0.0972485
-0.0904223
-0.0833169
-0.0758916
-0.0679527
-0.0599017
-0.0516364
-0.0432624
-0.035364
-0.0300277
-0.188678
-0.186206
-0.183539
-0.180925
-0.178104
-0.175313
-0.172298
-0.169293
-0.166029
-0.162766
-0.159213
-0.155637
-0.151721
-0.147798
-0.143677
-0.139163
-0.134572
-0.12974
-0.124452
-0.119047
-0.113361
-0.107187
-0.100886
-0.0942982
-0.0873936
-0.0799905
-0.0724628
-0.064662
-0.0565591
-0.0480044
-0.0395064
-0.0315386
-0.0261694
-0.186894
-0.184282
-0.181734
-0.178972
-0.176097
-0.173288
-0.170247
-0.167213
-0.163899
-0.160411
-0.15697
-0.153309
-0.149436
-0.145427
-0.141052
-0.136593
-0.131721
-0.12678
-0.12157
-0.115895
-0.110097
-0.103999
-0.0974251
-0.0907048
-0.083691
-0.0761892
-0.0685652
-0.060666
-0.0522788
-0.0438259
-0.0352956
-0.0272703
-0.0218712
-0.18463
-0.182058
-0.179373
-0.17658
-0.173684
-0.170853
-0.167773
-0.164548
-0.161356
-0.157871
-0.154366
-0.15054
-0.146477
-0.142395
-0.137924
-0.133385
-0.128419
-0.123386
-0.118084
-0.112316
-0.106397
-0.100014
-0.0934776
-0.0864588
-0.0793369
-0.0719271
-0.0640333
-0.0560459
-0.0478034
-0.0391221
-0.0305279
-0.0224831
-0.0170804
-0.181868
-0.179296
-0.176627
-0.173862
-0.170982
-0.167983
-0.164933
-0.161809
-0.158454
-0.154906
-0.151244
-0.147463
-0.143405
-0.139279
-0.134761
-0.12997
-0.125103
-0.119811
-0.114395
-0.108534
-0.102528
-0.0960718
-0.0894622
-0.0823964
-0.0751877
-0.0675284
-0.0597438
-0.0515077
-0.0432087
-0.0347096
-0.0259864
-0.0180961
-0.0133308
-0.179589
-0.177077
-0.174474
-0.171773
-0.168959
-0.166021
-0.162948
-0.159731
-0.156353
-0.152799
-0.149059
-0.145117
-0.14104
-0.136819
-0.132272
-0.127515
-0.122543
-0.11721
-0.11164
-0.105814
-0.0996234
-0.0932763
-0.086479
-0.0794218
-0.0721052
-0.0644928
-0.0566127
-0.0484504
-0.040064
-0.0315874
-0.0229636
-0.0153926
-0.0124012
-0.197981
-0.195512
-0.193017
-0.1904
-0.187683
-0.18498
-0.182227
-0.179384
-0.176273
-0.173204
-0.170067
-0.166831
-0.163466
-0.159952
-0.156178
-0.15216
-0.148037
-0.143739
-0.139234
-0.134493
-0.129491
-0.12421
-0.118624
-0.112634
-0.106266
-0.0996742
-0.0927963
-0.0856151
-0.0781374
-0.070393
-0.062495
-0.0550001
-0.0498731
-0.197967
-0.195427
-0.192907
-0.190348
-0.187661
-0.184872
-0.182092
-0.179262
-0.176344
-0.17325
-0.170001
-0.166718
-0.163327
-0.159795
-0.156107
-0.152226
-0.148056
-0.143615
-0.139041
-0.134258
-0.129229
-0.123926
-0.118334
-0.112435
-0.106221
-0.0996824
-0.0927222
-0.0853843
-0.0778256
-0.0700242
-0.0620864
-0.0545923
-0.0496322
-0.197781
-0.195337
-0.192776
-0.19013
-0.187495
-0.184804
-0.181964
-0.178999
-0.176032
-0.173002
-0.169872
-0.166618
-0.163145
-0.159472
-0.155728
-0.151838
-0.147767
-0.143483
-0.138965
-0.13418
-0.129027
-0.123529
-0.117831
-0.111862
-0.105592
-0.0990203
-0.0921359
-0.0849335
-0.0774283
-0.0696539
-0.0617171
-0.0541786
-0.04903
-0.197565
-0.195066
-0.192472
-0.189896
-0.18727
-0.184508
-0.181628
-0.178747
-0.175812
-0.172785
-0.169625
-0.166164
-0.162716
-0.159153
-0.155441
-0.15155
-0.147462
-0.143141
-0.13848
-0.133507
-0.128358
-0.122957
-0.117276
-0.111297
-0.105008
-0.0984088
-0.0914968
-0.0842715
-0.0767428
-0.0689374
-0.0609581
-0.0531898
-0.0481736
-0.197206
-0.19474
-0.192075
-0.189487
-0.186851
-0.184135
-0.181178
-0.178286
-0.175342
-0.172315
-0.169175
-0.165815
-0.162271
-0.158664
-0.154918
-0.151004
-0.146885
-0.142538
-0.137848
-0.132833
-0.127644
-0.122207
-0.11649
-0.110473
-0.104149
-0.0975108
-0.0905597
-0.0832988
-0.0757343
-0.0678949
-0.0598832
-0.0520838
-0.0470506
-0.196623
-0.194141
-0.191631
-0.189054
-0.18626
-0.183535
-0.180752
-0.177874
-0.174725
-0.171618
-0.168439
-0.165147
-0.161707
-0.158089
-0.154108
-0.150103
-0.145934
-0.141566
-0.136966
-0.132106
-0.126966
-0.121524
-0.115684
-0.109479
-0.103048
-0.0963331
-0.0893167
-0.0819969
-0.0743851
-0.066507
-0.05847
-0.050841
-0.0456365
-0.196012
-0.193527
-0.191011
-0.188373
-0.185631
-0.182898
-0.180108
-0.177157
-0.174054
-0.170933
-0.16773
-0.164404
-0.160916
-0.157082
-0.153227
-0.149216
-0.145023
-0.140615
-0.135961
-0.131014
-0.125581
-0.120016
-0.114188
-0.108063
-0.101632
-0.0948851
-0.0878271
-0.0804621
-0.0727973
-0.0648616
-0.0567604
-0.0488921
-0.0438122
-0.195314
-0.192781
-0.190159
-0.187549
-0.184867
-0.181965
-0.17913
-0.176237
-0.173229
-0.169936
-0.166674
-0.163319
-0.159825
-0.156165
-0.152236
-0.148063
-0.143773
-0.139294
-0.13458
-0.129595
-0.124302
-0.118505
-0.112574
-0.106362
-0.0998512
-0.0930351
-0.0859045
-0.0784684
-0.0707363
-0.0627347
-0.0545724
-0.0466489
-0.0415423
-0.194299
-0.191811
-0.189131
-0.186516
-0.183829
-0.180921
-0.178075
-0.175164
-0.17208
-0.168827
-0.165539
-0.162142
-0.158586
-0.15468
-0.150751
-0.146654
-0.142358
-0.137826
-0.132934
-0.12772
-0.122325
-0.11667
-0.110726
-0.104475
-0.0979082
-0.0909244
-0.0835693
-0.075999
-0.0681682
-0.0600957
-0.0518933
-0.0441293
-0.0388514
-0.193102
-0.190464
-0.187897
-0.185278
-0.182452
-0.179675
-0.17682
-0.173713
-0.170643
-0.167461
-0.163979
-0.160517
-0.156932
-0.153179
-0.149152
-0.144874
-0.14047
-0.135854
-0.130956
-0.125571
-0.120078
-0.114334
-0.108304
-0.101968
-0.0953217
-0.088261
-0.0808387
-0.0731985
-0.0652988
-0.0571563
-0.0488789
-0.0410512
-0.0357415
-0.191456
-0.188942
-0.186236
-0.183618
-0.180926
-0.178011
-0.175145
-0.172119
-0.168946
-0.165733
-0.162318
-0.158728
-0.155055
-0.151209
-0.146994
-0.142732
-0.138275
-0.13356
-0.128383
-0.123098
-0.117564
-0.111739
-0.105517
-0.0989331
-0.0921304
-0.0850475
-0.0776632
-0.0699634
-0.0617554
-0.0534698
-0.0450996
-0.0372225
-0.0318877
-0.189631
-0.186997
-0.184427
-0.18165
-0.178931
-0.175978
-0.1731
-0.170119
-0.166861
-0.163598
-0.16005
-0.156498
-0.152782
-0.148714
-0.144594
-0.140258
-0.135509
-0.130683
-0.125595
-0.120025
-0.11435
-0.108413
-0.102156
-0.0953831
-0.0884822
-0.0813032
-0.0738323
-0.0660505
-0.0577778
-0.0494237
-0.0409784
-0.0330171
-0.0276413
-0.187408
-0.184797
-0.182091
-0.179446
-0.176578
-0.173577
-0.170653
-0.167471
-0.164319
-0.160881
-0.157461
-0.153817
-0.149967
-0.145976
-0.141622
-0.137183
-0.132326
-0.127401
-0.122218
-0.116551
-0.110773
-0.104706
-0.0981451
-0.0914445
-0.0844539
-0.0769606
-0.0693593
-0.0614979
-0.0533511
-0.0447559
-0.0362186
-0.0282033
-0.0227947
-0.184588
-0.181975
-0.179349
-0.176702
-0.173875
-0.170924
-0.168015
-0.164844
-0.161517
-0.158194
-0.154565
-0.15074
-0.146906
-0.142717
-0.138462
-0.133809
-0.129063
-0.123884
-0.118596
-0.112836
-0.106977
-0.100826
-0.0941931
-0.0874085
-0.0801521
-0.0727706
-0.0651172
-0.0570026
-0.0487954
-0.0403548
-0.0316219
-0.0235402
-0.0180655
-0.182425
-0.179775
-0.177132
-0.174541
-0.171779
-0.168876
-0.165839
-0.162655
-0.159318
-0.155897
-0.152363
-0.148567
-0.144617
-0.140489
-0.136051
-0.131406
-0.126556
-0.121353
-0.116026
-0.110257
-0.10434
-0.0979752
-0.0914526
-0.0844819
-0.0773598
-0.0697907
-0.0620864
-0.0539367
-0.0457043
-0.037255
-0.0285449
-0.0204771
-0.0150196
-0.200169
-0.19759
-0.195035
-0.19246
-0.189843
-0.187176
-0.184446
-0.181628
-0.178638
-0.175496
-0.172336
-0.169093
-0.165734
-0.162248
-0.15862
-0.154825
-0.150851
-0.146676
-0.142278
-0.137647
-0.132761
-0.127598
-0.122144
-0.116387
-0.110313
-0.103922
-0.0971295
-0.0900913
-0.0827408
-0.0751048
-0.0672847
-0.0597483
-0.0547919
-0.200112
-0.19762
-0.194932
-0.192321
-0.189686
-0.187004
-0.184264
-0.181455
-0.178566
-0.175574
-0.172468
-0.169162
-0.165673
-0.162128
-0.158462
-0.154641
-0.150642
-0.146444
-0.142031
-0.137382
-0.132478
-0.127299
-0.121831
-0.11606
-0.109974
-0.103571
-0.0968451
-0.0897949
-0.0824337
-0.0747922
-0.0669761
-0.0595343
-0.0544275
-0.199875
-0.197404
-0.194885
-0.192315
-0.189677
-0.186898
-0.184
-0.181105
-0.178164
-0.175153
-0.172051
-0.16884
-0.165502
-0.162024
-0.15839
-0.154584
-0.150587
-0.146382
-0.14195
-0.137274
-0.132263
-0.127039
-0.121521
-0.115683
-0.109423
-0.103063
-0.0963072
-0.0890906
-0.0816542
-0.0740813
-0.0661522
-0.0586889
-0.0537599
-0.199706
-0.197245
-0.194722
-0.192068
-0.18931
-0.186563
-0.183772
-0.180927
-0.178011
-0.175009
-0.171909
-0.168689
-0.16534
-0.16184
-0.15809
-0.154096
-0.149992
-0.145711
-0.141215
-0.136481
-0.131492
-0.126231
-0.120681
-0.114828
-0.108661
-0.102181
-0.0953801
-0.0882584
-0.0808286
-0.0731229
-0.0652546
-0.0578032
-0.0528649
-0.199341
-0.19686
-0.19433
-0.191722
-0.188893
-0.186132
-0.183336
-0.180485
-0.177563
-0.174552
-0.171441
-0.168217
-0.164857
-0.16135
-0.157671
-0.153716
-0.149501
-0.145159
-0.140616
-0.135837
-0.130805
-0.125501
-0.119909
-0.114017
-0.107813
-0.101294
-0.0944559
-0.0873011
-0.0798388
-0.0720981
-0.0641961
-0.056715
-0.0517598
-0.198904
-0.196308
-0.193739
-0.191146
-0.188502
-0.185802
-0.183035
-0.180175
-0.177136
-0.173953
-0.170747
-0.167452
-0.164043
-0.160502
-0.156803
-0.152927
-0.148861
-0.144584
-0.140067
-0.135303
-0.130269
-0.124942
-0.119323
-0.113394
-0.107076
-0.100512
-0.0936268
-0.0864233
-0.0789094
-0.0711014
-0.0630054
-0.0554105
-0.0504155
-0.198283
-0.195687
-0.193117
-0.190521
-0.187873
-0.18517
-0.182384
-0.179428
-0.176323
-0.173196
-0.169991
-0.166684
-0.163254
-0.159679
-0.155948
-0.152043
-0.14794
-0.143621
-0.139062
-0.134169
-0.129045
-0.123502
-0.11775
-0.111719
-0.105389
-0.0987503
-0.0917951
-0.0845297
-0.0769631
-0.0691248
-0.0611314
-0.05357
-0.048563
-0.197447
-0.19496
-0.19242
-0.189747
-0.186971
-0.184209
-0.181406
-0.178531
-0.175557
-0.172446
-0.169044
-0.165669
-0.162193
-0.158583
-0.154813
-0.150858
-0.14671
-0.142341
-0.137725
-0.132849
-0.127698
-0.122166
-0.11638
-0.110153
-0.103717
-0.0971061
-0.0899758
-0.082593
-0.0749299
-0.0670129
-0.0589539
-0.0513422
-0.046311
-0.196439
-0.193944
-0.191394
-0.188718
-0.185935
-0.183163
-0.180348
-0.177451
-0.17444
-0.17114
-0.167867
-0.164498
-0.161001
-0.157357
-0.153548
-0.149552
-0.145337
-0.140799
-0.135948
-0.130925
-0.125668
-0.120143
-0.114327
-0.108203
-0.101766
-0.0950153
-0.0879408
-0.0805553
-0.0728654
-0.0649018
-0.0567711
-0.0488777
-0.043777
-0.19526
-0.192732
-0.190011
-0.187368
-0.184688
-0.181944
-0.17904
-0.175996
-0.172941
-0.169807
-0.166559
-0.163161
-0.159426
-0.15569
-0.151814
-0.147756
-0.143485
-0.138974
-0.134174
-0.128896
-0.123512
-0.117878
-0.111964
-0.105752
-0.0992321
-0.0924003
-0.0852525
-0.0777958
-0.0700343
-0.0619037
-0.0535885
-0.0457993
-0.0406759
-0.193795
-0.19115
-0.188566
-0.185926
-0.183074
-0.180286
-0.177445
-0.17449
-0.171261
-0.16807
-0.164782
-0.161335
-0.157551
-0.153762
-0.149826
-0.145698
-0.141352
-0.136675
-0.131683
-0.126514
-0.121095
-0.115395
-0.109389
-0.103047
-0.0961677
-0.0891449
-0.0818517
-0.074275
-0.0664179
-0.0583094
-0.050059
-0.0422462
-0.0369392
-0.191866
-0.189332
-0.186613
-0.183977
-0.181272
-0.178337
-0.175461
-0.17249
-0.169238
-0.166016
-0.162668
-0.159004
-0.155337
-0.151518
-0.147499
-0.143083
-0.138606
-0.133926
-0.128978
-0.123658
-0.118012
-0.112169
-0.106052
-0.0996218
-0.092778
-0.0855724
-0.0781497
-0.0704582
-0.0624954
-0.054287
-0.0459394
-0.0378739
-0.0326644
-0.189548
-0.186918
-0.184356
-0.181585
-0.178872
-0.17592
-0.173048
-0.170074
-0.166824
-0.163568
-0.160021
-0.156481
-0.152777
-0.14872
-0.144611
-0.140285
-0.135552
-0.130736
-0.125658
-0.120106
-0.114446
-0.108522
-0.102278
-0.0955301
-0.0886488
-0.0814815
-0.0740038
-0.0660246
-0.0579341
-0.0496285
-0.0412116
-0.0331658
-0.0278653
-0.186864
-0.184293
-0.181632
-0.179034
-0.176219
-0.173276
-0.170395
-0.167267
-0.164143
-0.160731
-0.157194
-0.153564
-0.149834
-0.145748
-0.14158
-0.137031
-0.132378
-0.127303
-0.122117
-0.116528
-0.110705
-0.104674
-0.0981365
-0.0914804
-0.0845349
-0.0770882
-0.0695305
-0.0617124
-0.0536121
-0.0450793
-0.0365819
-0.0285603
-0.023105
-0.184485
-0.182009
-0.179412
-0.176831
-0.174083
-0.171197
-0.168183
-0.165108
-0.161945
-0.158557
-0.154991
-0.151407
-0.14749
-0.1434
-0.139138
-0.134559
-0.129885
-0.124793
-0.119581
-0.113915
-0.108115
-0.101848
-0.095459
-0.0887778
-0.0816296
-0.0743231
-0.0665537
-0.0586757
-0.0505417
-0.0419912
-0.0334624
-0.0252063
-0.0197942
-0.204294
-0.201865
-0.199388
-0.19687
-0.194306
-0.191693
-0.189028
-0.186297
-0.18349
-0.180547
-0.177567
-0.174485
-0.171272
-0.167827
-0.164354
-0.160895
-0.157206
-0.153308
-0.149184
-0.144732
-0.140267
-0.135495
-0.130435
-0.125082
-0.119425
-0.113454
-0.107162
-0.100545
-0.0936047
-0.0864289
-0.0788938
-0.0711812
-0.0637363
-0.0587446
-0.204164
-0.201728
-0.199253
-0.196733
-0.194168
-0.191551
-0.18888
-0.186142
-0.183333
-0.180446
-0.17747
-0.174396
-0.17121
-0.167898
-0.164459
-0.160877
-0.157131
-0.153204
-0.149078
-0.144734
-0.14016
-0.135335
-0.130239
-0.124858
-0.119178
-0.113192
-0.106892
-0.10027
-0.0933313
-0.08608
-0.0785421
-0.0708243
-0.0634643
-0.0583795
-0.204176
-0.201603
-0.19905
-0.196478
-0.193869
-0.191214
-0.188507
-0.185737
-0.182903
-0.179996
-0.177004
-0.173916
-0.170721
-0.167405
-0.163956
-0.160359
-0.156597
-0.152658
-0.14852
-0.144165
-0.139573
-0.134727
-0.12961
-0.12421
-0.11853
-0.11267
-0.106394
-0.0996506
-0.0927859
-0.085551
-0.0780072
-0.0702603
-0.0627753
-0.057853
-0.203836
-0.201375
-0.198876
-0.196334
-0.193744
-0.191098
-0.188398
-0.185636
-0.182805
-0.179896
-0.176903
-0.173809
-0.170607
-0.167283
-0.163823
-0.16021
-0.156426
-0.152459
-0.148292
-0.143904
-0.139278
-0.134401
-0.129248
-0.123812
-0.118077
-0.112035
-0.105674
-0.0989887
-0.0919844
-0.0846654
-0.0770593
-0.0692819
-0.0619008
-0.0570012
-0.203457
-0.200983
-0.198477
-0.19593
-0.193337
-0.19069
-0.187988
-0.185223
-0.182387
-0.179471
-0.176467
-0.173362
-0.170145
-0.166808
-0.163336
-0.159708
-0.155907
-0.151919
-0.147727
-0.14331
-0.138656
-0.133747
-0.128562
-0.123093
-0.117323
-0.111242
-0.104842
-0.09812
-0.0910758
-0.083717
-0.0760715
-0.0682561
-0.0608428
-0.0559254
-0.203085
-0.200635
-0.198136
-0.195595
-0.193005
-0.190362
-0.187658
-0.18489
-0.181986
-0.179042
-0.176004
-0.172845
-0.169466
-0.166063
-0.162672
-0.159043
-0.155117
-0.151202
-0.147006
-0.142459
-0.137874
-0.132952
-0.127622
-0.122217
-0.116452
-0.110353
-0.103927
-0.097173
-0.0900948
-0.0827007
-0.0750169
-0.0671434
-0.0595471
-0.0545713
-0.202455
-0.200004
-0.197506
-0.194964
-0.192371
-0.189721
-0.186949
-0.184152
-0.181253
-0.178154
-0.175039
-0.171853
-0.168564
-0.165154
-0.161613
-0.157922
-0.154057
-0.150013
-0.145759
-0.141274
-0.136552
-0.131568
-0.126297
-0.120741
-0.114882
-0.108711
-0.102216
-0.0953993
-0.0882612
-0.0808113
-0.0730811
-0.0651848
-0.0577028
-0.0527453
-0.20165
-0.199136
-0.196605
-0.194042
-0.191437
-0.18878
-0.186065
-0.183283
-0.180425
-0.177471
-0.174416
-0.171249
-0.16796
-0.164478
-0.160905
-0.157153
-0.153119
-0.149099
-0.144791
-0.140108
-0.135277
-0.13032
-0.124874
-0.1192
-0.113257
-0.107126
-0.100464
-0.0935326
-0.0863025
-0.0787851
-0.0711113
-0.063082
-0.0555294
-0.0505388
-0.200817
-0.198274
-0.195648
-0.193047
-0.190421
-0.187751
-0.185025
-0.182231
-0.179361
-0.176393
-0.173253
-0.17003
-0.166575
-0.163065
-0.15943
-0.155644
-0.151683
-0.147528
-0.143154
-0.138543
-0.13369
-0.128575
-0.123168
-0.117466
-0.111461
-0.105142
-0.0985057
-0.0915438
-0.0842693
-0.0766856
-0.0688348
-0.0608208
-0.0531995
-0.0479906
-0.199543
-0.196971
-0.194424
-0.191853
-0.189237
-0.186557
-0.183791
-0.180776
-0.177815
-0.174799
-0.171706
-0.16851
-0.165188
-0.161725
-0.1581
-0.154226
-0.150195
-0.145836
-0.141342
-0.136641
-0.131694
-0.126486
-0.120992
-0.115204
-0.109104
-0.10269
-0.0959564
-0.0889038
-0.0815424
-0.0738746
-0.0659322
-0.0578207
-0.0499389
-0.0448449
-0.198001
-0.195518
-0.193
-0.190423
-0.187637
-0.18492
-0.182163
-0.179328
-0.176382
-0.173156
-0.169979
-0.166729
-0.163366
-0.159859
-0.156187
-0.152243
-0.148043
-0.143717
-0.139187
-0.134419
-0.1294
-0.124108
-0.118527
-0.112633
-0.106325
-0.0996401
-0.0927276
-0.0855367
-0.0780561
-0.0702924
-0.0622742
-0.0541166
-0.0463868
-0.0411148
-0.196158
-0.193699
-0.19105
-0.188478
-0.18586
-0.183108
-0.180244
-0.177377
-0.174415
-0.171172
-0.167975
-0.164693
-0.161278
-0.157694
-0.153757
-0.149785
-0.14564
-0.141285
-0.136674
-0.131604
-0.126437
-0.121024
-0.115329
-0.109333
-0.103017
-0.0962776
-0.0891714
-0.0818464
-0.0742529
-0.0663859
-0.0582738
-0.0500289
-0.0422202
-0.0369127
-0.193893
-0.191416
-0.188862
-0.186293
-0.183534
-0.180819
-0.177882
-0.175013
-0.172051
-0.168815
-0.165605
-0.162268
-0.158616
-0.154959
-0.151123
-0.146909
-0.142655
-0.138206
-0.133506
-0.12834
-0.123072
-0.117557
-0.111755
-0.105627
-0.0989912
-0.0922181
-0.08516
-0.0777926
-0.0701074
-0.0619342
-0.0536796
-0.0453316
-0.0374576
-0.0321087
-0.191141
-0.188613
-0.186157
-0.183506
-0.18075
-0.178078
-0.175176
-0.172324
-0.169222
-0.166136
-0.162769
-0.159408
-0.155734
-0.15206
-0.148199
-0.143959
-0.139637
-0.134916
-0.13012
-0.125065
-0.119544
-0.113914
-0.107993
-0.101573
-0.0950268
-0.0881977
-0.0810535
-0.0734258
-0.0656732
-0.0576561
-0.0493739
-0.0407846
-0.0328128
-0.0273833
-0.188859
-0.186398
-0.183862
-0.181243
-0.178603
-0.175934
-0.173091
-0.170125
-0.167187
-0.163994
-0.160632
-0.15728
-0.15363
-0.149925
-0.145872
-0.141635
-0.137216
-0.132532
-0.127641
-0.122566
-0.117029
-0.111346
-0.105197
-0.09892
-0.0923453
-0.0852937
-0.0780829
-0.0704685
-0.0625942
-0.0545592
-0.0462638
-0.0376646
-0.0296464
-0.0241338
-0.205632
-0.203173
-0.200672
-0.198129
-0.195548
-0.19294
-0.190379
-0.187676
-0.184795
-0.182009
-0.179089
-0.176055
-0.172907
-0.169638
-0.166243
-0.162715
-0.159092
-0.155231
-0.151176
-0.146911
-0.142422
-0.137684
-0.132678
-0.127389
-0.121798
-0.115898
-0.109677
-0.103132
-0.096263
-0.0890947
-0.0817855
-0.0742219
-0.0669645
-0.0620273
-0.205597
-0.203243
-0.200795
-0.198284
-0.195716
-0.193094
-0.190415
-0.187671
-0.184856
-0.181968
-0.178998
-0.175994
-0.172832
-0.169555
-0.166151
-0.162606
-0.158902
-0.155027
-0.150957
-0.146676
-0.142163
-0.137403
-0.132377
-0.127067
-0.121467
-0.115579
-0.109515
-0.10305
-0.0962353
-0.0891701
-0.081733
-0.0741059
-0.0668159
-0.0617753
-0.205676
-0.20321
-0.200704
-0.198155
-0.195558
-0.19291
-0.19021
-0.187448
-0.184618
-0.181709
-0.178718
-0.175633
-0.172442
-0.169134
-0.165699
-0.162126
-0.15842
-0.154671
-0.150653
-0.146403
-0.14198
-0.137238
-0.132224
-0.126925
-0.121327
-0.115421
-0.109197
-0.102647
-0.0957752
-0.0885814
-0.0810946
-0.0734293
-0.0661342
-0.0612656
-0.205483
-0.20302
-0.200515
-0.197965
-0.195367
-0.192717
-0.19001
-0.187296
-0.18446
-0.18155
-0.178557
-0.17547
-0.17228
-0.168972
-0.165533
-0.161949
-0.158202
-0.154281
-0.150165
-0.145841
-0.141308
-0.136661
-0.131675
-0.126381
-0.12078
-0.114939
-0.108704
-0.102143
-0.0952559
-0.0880489
-0.0805474
-0.072859
-0.0655206
-0.0604471
-0.205099
-0.202628
-0.200115
-0.19761
-0.195006
-0.19235
-0.189638
-0.186867
-0.184028
-0.181111
-0.178112
-0.175019
-0.171818
-0.1685
-0.165047
-0.161448
-0.157684
-0.153739
-0.149595
-0.14524
-0.140677
-0.13601
-0.130996
-0.12567
-0.120108
-0.11416
-0.107888
-0.101291
-0.0943677
-0.0871251
-0.079589
-0.071868
-0.0645015
-0.0594123
-0.204417
-0.201938
-0.199417
-0.196852
-0.194242
-0.191587
-0.188895
-0.186241
-0.183433
-0.180435
-0.177521
-0.174462
-0.17127
-0.167951
-0.1645
-0.1609
-0.157136
-0.153258
-0.149114
-0.144749
-0.140153
-0.135303
-0.13018
-0.124775
-0.11907
-0.113054
-0.106718
-0.100056
-0.0930691
-0.0857639
-0.0781715
-0.0704034
-0.0630195
-0.0581003
-0.20376
-0.201281
-0.198759
-0.196194
-0.19358
-0.190913
-0.188188
-0.185401
-0.182541
-0.179603
-0.176605
-0.17362
-0.170427
-0.166972
-0.163467
-0.15996
-0.156215
-0.152261
-0.148099
-0.143711
-0.139082
-0.134195
-0.129032
-0.123581
-0.1179
-0.111834
-0.105446
-0.0987348
-0.0917003
-0.0843502
-0.0767118
-0.0688961
-0.0614499
-0.0563207
-0.203231
-0.200755
-0.198236
-0.195671
-0.193057
-0.190388
-0.18766
-0.184866
-0.181997
-0.179047
-0.176007
-0.172867
-0.169619
-0.166244
-0.162728
-0.159064
-0.15523
-0.151208
-0.146975
-0.142516
-0.137821
-0.132866
-0.127627
-0.122101
-0.116276
-0.110135
-0.103674
-0.0968882
-0.0897852
-0.0823679
-0.0746715
-0.0668002
-0.0593081
-0.0541531
-0.202164
-0.199705
-0.197196
-0.19464
-0.192032
-0.189363
-0.186633
-0.183777
-0.180897
-0.177927
-0.174842
-0.171556
-0.168341
-0.164927
-0.161237
-0.157486
-0.153712
-0.14965
-0.145228
-0.140677
-0.13604
-0.131037
-0.125601
-0.119968
-0.114163
-0.107859
-0.10141
-0.0944611
-0.0873732
-0.0797989
-0.0721325
-0.0642333
-0.0566139
-0.0515948
-0.200933
-0.198479
-0.195975
-0.193416
-0.190726
-0.187929
-0.18514
-0.182306
-0.179408
-0.176431
-0.173364
-0.170191
-0.166903
-0.163483
-0.159904
-0.156158
-0.152229
-0.148092
-0.143662
-0.139061
-0.134204
-0.129061
-0.123514
-0.117875
-0.11176
-0.105506
-0.098752
-0.0917557
-0.084588
-0.0769131
-0.069024
-0.0610005
-0.0534114
-0.0483941
-0.199521
-0.196992
-0.194377
-0.191783
-0.189152
-0.186471
-0.183728
-0.180908
-0.177915
-0.174782
-0.171636
-0.168417
-0.165091
-0.161631
-0.158015
-0.15422
-0.150216
-0.145912
-0.141323
-0.136584
-0.131619
-0.126394
-0.120885
-0.115088
-0.108982
-0.102566
-0.0958299
-0.0887782
-0.081421
-0.0737587
-0.0658261
-0.057738
-0.0499699
-0.0448132
-0.197545
-0.195073
-0.19257
-0.190003
-0.187227
-0.184523
-0.181775
-0.178952
-0.17602
-0.172809
-0.169645
-0.166398
-0.163028
-0.159505
-0.155725
-0.151716
-0.147604
-0.143317
-0.138808
-0.134049
-0.12902
-0.123606
-0.117835
-0.111858
-0.105608
-0.0990627
-0.0922117
-0.0850551
-0.0775977
-0.0698484
-0.0618318
-0.0535714
-0.0457304
-0.0405946
-0.195277
-0.192842
-0.190362
-0.18769
-0.18507
-0.18233
-0.179487
-0.176634
-0.173687
-0.170479
-0.167297
-0.163991
-0.160372
-0.156761
-0.153009
-0.149045
-0.144684
-0.140278
-0.135674
-0.130825
-0.125684
-0.120047
-0.114277
-0.108244
-0.101914
-0.0952729
-0.0883043
-0.0808153
-0.0731962
-0.0653194
-0.0572029
-0.048957
-0.0411453
-0.0358276
-0.19249
-0.190099
-0.18753
-0.185024
-0.182325
-0.179672
-0.176802
-0.173961
-0.170883
-0.167818
-0.164486
-0.161185
-0.157723
-0.153947
-0.150116
-0.145921
-0.141685
-0.13723
-0.132342
-0.127381
-0.122173
-0.116654
-0.110655
-0.104513
-0.0980701
-0.0911196
-0.0840383
-0.0766847
-0.0690457
-0.0611089
-0.0527317
-0.0443796
-0.0364914
-0.0310992
-0.190329
-0.187916
-0.185406
-0.182816
-0.180204
-0.177537
-0.174709
-0.171766
-0.168848
-0.165678
-0.162407
-0.159035
-0.155428
-0.151789
-0.147811
-0.143768
-0.139352
-0.134851
-0.129999
-0.124928
-0.119662
-0.113927
-0.108056
-0.101889
-0.0952406
-0.0884233
-0.0811954
-0.0736929
-0.0660167
-0.0580539
-0.0496535
-0.0412769
-0.0333352
-0.0278551
-0.209249
-0.206829
-0.204467
-0.202012
-0.199494
-0.196973
-0.194346
-0.191663
-0.188914
-0.186094
-0.183203
-0.180229
-0.177163
-0.174002
-0.170733
-0.167366
-0.163997
-0.160404
-0.15668
-0.152694
-0.148494
-0.144066
-0.139396
-0.134463
-0.129249
-0.123745
-0.117934
-0.111823
-0.105524
-0.0988266
-0.0918626
-0.0845225
-0.0769864
-0.0697735
-0.0647668
-0.209297
-0.206894
-0.204499
-0.202007
-0.199465
-0.196873
-0.194229
-0.191531
-0.188769
-0.185937
-0.183039
-0.180064
-0.177022
-0.173997
-0.170795
-0.167505
-0.16401
-0.160354
-0.156525
-0.152511
-0.148291
-0.143846
-0.139154
-0.134207
-0.129001
-0.123633
-0.117883
-0.111792
-0.105445
-0.098696
-0.0916251
-0.0842583
-0.0767043
-0.0694916
-0.0645568
-0.209188
-0.206747
-0.204265
-0.201738
-0.19917
-0.196564
-0.193928
-0.191342
-0.188636
-0.185843
-0.183024
-0.180061
-0.177003
-0.173845
-0.170572
-0.167175
-0.163637
-0.159947
-0.156094
-0.152073
-0.147985
-0.143594
-0.139001
-0.134069
-0.12885
-0.12334
-0.117519
-0.111379
-0.10491
-0.0981126
-0.0909917
-0.0835874
-0.0761341
-0.0689368
-0.0640315
-0.209027
-0.206595
-0.20412
-0.2016
-0.199034
-0.196419
-0.193749
-0.191031
-0.188261
-0.185448
-0.182672
-0.179753
-0.176777
-0.173631
-0.170365
-0.166968
-0.163427
-0.15973
-0.155857
-0.15179
-0.147522
-0.143032
-0.138326
-0.133498
-0.128312
-0.122874
-0.117046
-0.110897
-0.104422
-0.0976181
-0.0904921
-0.0830666
-0.0754565
-0.0682042
-0.063355
-0.208666
-0.206225
-0.203746
-0.201221
-0.198649
-0.196025
-0.193353
-0.190634
-0.187874
-0.185158
-0.182309
-0.179411
-0.176354
-0.173186
-0.1699
-0.166484
-0.162924
-0.159211
-0.155319
-0.151233
-0.146944
-0.14245
-0.137847
-0.132905
-0.127725
-0.122168
-0.116296
-0.110106
-0.103591
-0.0967498
-0.0895882
-0.0821319
-0.0744896
-0.0672087
-0.0623411
-0.207995
-0.205556
-0.203186
-0.200719
-0.198238
-0.195648
-0.192999
-0.190291
-0.18752
-0.184679
-0.181758
-0.178755
-0.175656
-0.172454
-0.169135
-0.165692
-0.162128
-0.158537
-0.154696
-0.150701
-0.146416
-0.141894
-0.137122
-0.132083
-0.126759
-0.121137
-0.115201
-0.108946
-0.102364
-0.0954554
-0.0882423
-0.0808692
-0.0732409
-0.0659259
-0.0609613
-0.207385
-0.204943
-0.202572
-0.200103
-0.197621
-0.195029
-0.192377
-0.189664
-0.186884
-0.184033
-0.181102
-0.178085
-0.174973
-0.171752
-0.168413
-0.164941
-0.161331
-0.157567
-0.15365
-0.149669
-0.145396
-0.140862
-0.136062
-0.130985
-0.125689
-0.120019
-0.114039
-0.107739
-0.101114
-0.0941651
-0.0868988
-0.0793435
-0.0716107
-0.0642503
-0.0593235
-0.206811
-0.204359
-0.201871
-0.19934
-0.196762
-0.194136
-0.191455
-0.188712
-0.185908
-0.183032
-0.180081
-0.177044
-0.173915
-0.170702
-0.167489
-0.164069
-0.160471
-0.156695
-0.152731
-0.148569
-0.144254
-0.139637
-0.13476
-0.129613
-0.124175
-0.118436
-0.112388
-0.106019
-0.0993282
-0.0923149
-0.0849852
-0.0773688
-0.0695763
-0.0621643
-0.0572112
-0.205675
-0.203235
-0.200754
-0.19823
-0.195659
-0.193038
-0.190361
-0.187626
-0.184824
-0.181949
-0.178995
-0.175948
-0.172799
-0.169542
-0.166161
-0.162639
-0.158965
-0.155125
-0.151097
-0.146865
-0.142433
-0.137876
-0.132868
-0.127763
-0.122283
-0.116363
-0.110333
-0.10393
-0.0971793
-0.0901019
-0.0827045
-0.0750217
-0.06716
-0.0596599
-0.0545983
-0.204409
-0.201981
-0.199516
-0.197011
-0.194458
-0.19185
-0.189188
-0.186465
-0.183674
-0.180808
-0.177857
-0.174812
-0.171662
-0.168393
-0.164931
-0.161382
-0.157672
-0.153781
-0.149696
-0.145395
-0.140848
-0.135949
-0.131004
-0.125726
-0.120135
-0.114206
-0.107852
-0.101393
-0.0945626
-0.0873975
-0.0799128
-0.0721426
-0.0641907
-0.0565345
-0.0515031
-0.203037
-0.200619
-0.198165
-0.195652
-0.193069
-0.190272
-0.187542
-0.184779
-0.18196
-0.179073
-0.176104
-0.173046
-0.169884
-0.166595
-0.163164
-0.159573
-0.155721
-0.151621
-0.147407
-0.143006
-0.138386
-0.13352
-0.128394
-0.122986
-0.117288
-0.111285
-0.104965
-0.0983303
-0.0913785
-0.0841128
-0.0765432
-0.0686989
-0.0606936
-0.053077
-0.047862
-0.201246
-0.19885
-0.196341
-0.193745
-0.191169
-0.188552
-0.185878
-0.18306
-0.180117
-0.17717
-0.174163
-0.171068
-0.167859
-0.164496
-0.160805
-0.157109
-0.153271
-0.149253
-0.145036
-0.1406
-0.135921
-0.13097
-0.125638
-0.119948
-0.114057
-0.107897
-0.101444
-0.0946894
-0.0876294
-0.0802652
-0.0726038
-0.0646755
-0.0565895
-0.0489083
-0.0436646
-0.198982
-0.196581
-0.194009
-0.191514
-0.188968
-0.186222
-0.183536
-0.18078
-0.17778
-0.174836
-0.171821
-0.168689
-0.165259
-0.161842
-0.158304
-0.15461
-0.150712
-0.146425
-0.14209
-0.137551
-0.132772
-0.127701
-0.122137
-0.116444
-0.110494
-0.104254
-0.0977045
-0.0908406
-0.0836613
-0.076077
-0.0681675
-0.0600824
-0.0518879
-0.0441417
-0.0388544
-0.196098
-0.193762
-0.191256
-0.188817
-0.186196
-0.183618
-0.18084
-0.178104
-0.175139
-0.172209
-0.169025
-0.165886
-0.162626
-0.159054
-0.155478
-0.151732
-0.147619
-0.143452
-0.13907
-0.13426
-0.129376
-0.124244
-0.118803
-0.11288
-0.106826
-0.100485
-0.0938225
-0.0866577
-0.0793589
-0.0717946
-0.0639404
-0.0558125
-0.0473562
-0.0395017
-0.034125
-0.193933
-0.19154
-0.189077
-0.186557
-0.184103
-0.181458
-0.178698
-0.175897
-0.173056
-0.170046
-0.167049
-0.163796
-0.160538
-0.156988
-0.1534
-0.149488
-0.145506
-0.141161
-0.136727
-0.131952
-0.126958
-0.121771
-0.116114
-0.110327
-0.104244
-0.0976725
-0.0909604
-0.0839416
-0.0764319
-0.0688029
-0.0609188
-0.0527666
-0.0442909
-0.0363878
-0.0309266
-0.210154
-0.207732
-0.205364
-0.202902
-0.200426
-0.197846
-0.195209
-0.192514
-0.189758
-0.186934
-0.184048
-0.181103
-0.178188
-0.175115
-0.17197
-0.168635
-0.165163
-0.161534
-0.157737
-0.153753
-0.149571
-0.145194
-0.140727
-0.135997
-0.130899
-0.125499
-0.119787
-0.113752
-0.107385
-0.10069
-0.0936844
-0.0865154
-0.0790882
-0.0719494
-0.067072
-0.210147
-0.207754
-0.205355
-0.202859
-0.200313
-0.197718
-0.195069
-0.192359
-0.189596
-0.186788
-0.184023
-0.181123
-0.178174
-0.175062
-0.171833
-0.16848
-0.164988
-0.161346
-0.157561
-0.153715
-0.149603
-0.145313
-0.14071
-0.135844
-0.1307
-0.125267
-0.119522
-0.113461
-0.107096
-0.100543
-0.0935984
-0.0864132
-0.0789442
-0.0717849
-0.0668089
-0.210032
-0.20759
-0.205106
-0.20258
-0.20003
-0.197533
-0.194934
-0.192321
-0.189587
-0.186781
-0.183901
-0.180935
-0.177876
-0.174724
-0.171485
-0.168253
-0.164818
-0.161273
-0.157488
-0.153514
-0.149334
-0.144926
-0.140273
-0.135364
-0.130203
-0.124899
-0.119284
-0.113256
-0.106892
-0.100196
-0.0931722
-0.0858443
-0.0783236
-0.0711473
-0.0663471
-0.209845
-0.207414
-0.204937
-0.202414
-0.199845
-0.197227
-0.194566
-0.191871
-0.189232
-0.186525
-0.183669
-0.180719
-0.177672
-0.174521
-0.171255
-0.167875
-0.164378
-0.160855
-0.157099
-0.153197
-0.149017
-0.144608
-0.139953
-0.135035
-0.129832
-0.124339
-0.118561
-0.11261
-0.106265
-0.0996488
-0.0926282
-0.0853042
-0.0777813
-0.0705883
-0.0656605
-0.209504
-0.207064
-0.204581
-0.202052
-0.199473
-0.196852
-0.1942
-0.191604
-0.188952
-0.186159
-0.18328
-0.180314
-0.177255
-0.17409
-0.170808
-0.167406
-0.163888
-0.160356
-0.156644
-0.152655
-0.14845
-0.144015
-0.139336
-0.13439
-0.129156
-0.123627
-0.117811
-0.111825
-0.105443
-0.0987908
-0.0917348
-0.0843766
-0.0768214
-0.0696
-0.0646532
-0.20891
-0.206468
-0.204091
-0.201669
-0.199132
-0.196536
-0.193883
-0.191173
-0.188398
-0.185551
-0.182637
-0.179661
-0.176706
-0.173591
-0.170401
-0.167014
-0.163482
-0.159795
-0.15593
-0.151871
-0.147601
-0.14311
-0.138394
-0.133551
-0.128352
-0.122904
-0.117067
-0.110907
-0.104419
-0.0976035
-0.0904662
-0.0830314
-0.0754069
-0.0681411
-0.0632865
-0.208339
-0.205894
-0.203511
-0.201033
-0.198541
-0.195943
-0.193287
-0.190572
-0.187793
-0.184944
-0.182021
-0.17901
-0.175915
-0.172736
-0.169562
-0.166194
-0.162722
-0.159019
-0.155136
-0.151058
-0.146765
-0.142237
-0.137458
-0.132412
-0.127087
-0.121485
-0.115709
-0.109543
-0.103031
-0.0962648
-0.0890993
-0.0816359
-0.0739801
-0.0666611
-0.0615916
-0.207735
-0.205282
-0.20279
-0.200254
-0.197671
-0.195034
-0.192346
-0.189602
-0.186801
-0.183957
-0.181157
-0.178206
-0.175198
-0.172016
-0.168715
-0.165275
-0.161686
-0.157933
-0.154
-0.149868
-0.145516
-0.140931
-0.136091
-0.130984
-0.125609
-0.120075
-0.114158
-0.107898
-0.101383
-0.0944653
-0.0872279
-0.0796965
-0.0719784
-0.064608
-0.059512
-0.206662
-0.204213
-0.201722
-0.199188
-0.196607
-0.193975
-0.19129
-0.188547
-0.185748
-0.182902
-0.180097
-0.177136
-0.174052
-0.170848
-0.167519
-0.164051
-0.160431
-0.156708
-0.152738
-0.148567
-0.144176
-0.139549
-0.134661
-0.1295
-0.124047
-0.118292
-0.112226
-0.105839
-0.0991259
-0.0920901
-0.0847365
-0.0770925
-0.0692776
-0.0618556
-0.0569237
-0.205392
-0.202965
-0.200498
-0.197988
-0.195431
-0.192821
-0.190154
-0.187428
-0.184641
-0.181779
-0.17884
-0.17581
-0.172679
-0.169434
-0.166063
-0.162551
-0.158883
-0.155044
-0.151017
-0.146783
-0.142324
-0.13762
-0.132659
-0.127416
-0.121881
-0.116039
-0.10988
-0.103403
-0.0965997
-0.0894732
-0.0820318
-0.0743039
-0.0664059
-0.0589083
-0.0539242
-0.203969
-0.201558
-0.199105
-0.196599
-0.194036
-0.191339
-0.188532
-0.185736
-0.182901
-0.180005
-0.177038
-0.173988
-0.170839
-0.167576
-0.164183
-0.160645
-0.156941
-0.153053
-0.14897
-0.144673
-0.140145
-0.135368
-0.130322
-0.124994
-0.119368
-0.113361
-0.107111
-0.10054
-0.0936472
-0.0864352
-0.0789134
-0.0711087
-0.0631239
-0.0554382
-0.0503907
-0.20218
-0.199783
-0.197273
-0.194674
-0.192101
-0.189499
-0.186834
-0.184095
-0.181194
-0.178163
-0.175132
-0.17204
-0.168855
-0.165555
-0.162114
-0.158525
-0.154755
-0.150698
-0.146379
-0.141928
-0.137276
-0.132389
-0.127239
-0.121807
-0.116082
-0.110048
-0.103698
-0.0970281
-0.0900381
-0.082731
-0.0750336
-0.0671267
-0.0589474
-0.0512694
-0.0462045
-0.199868
-0.197487
-0.19492
-0.192436
-0.18992
-0.187275
-0.184531
-0.181787
-0.178954
-0.175872
-0.172844
-0.169745
-0.166533
-0.163169
-0.159479
-0.155789
-0.151955
-0.147924
-0.143656
-0.138953
-0.134171
-0.129167
-0.123906
-0.118368
-0.112527
-0.106353
-0.0996473
-0.0927944
-0.0856662
-0.0782479
-0.0705406
-0.0625757
-0.0544582
-0.0467525
-0.0414891
-0.197031
-0.194693
-0.19218
-0.189743
-0.18712
-0.184557
-0.181782
-0.17909
-0.17631
-0.173285
-0.170269
-0.16699
-0.163753
-0.160379
-0.156669
-0.152954
-0.149055
-0.144769
-0.140439
-0.135896
-0.131086
-0.125813
-0.120432
-0.114788
-0.10883
-0.10236
-0.095748
-0.0888561
-0.0816686
-0.0741638
-0.0661613
-0.0580657
-0.0498634
-0.0420949
-0.036763
-0.194851
-0.192451
-0.189981
-0.187509
-0.185012
-0.18238
-0.179701
-0.17698
-0.174104
-0.171239
-0.168127
-0.164913
-0.161637
-0.158285
-0.154616
-0.150893
-0.146827
-0.142681
-0.138159
-0.133564
-0.128722
-0.123428
-0.11801
-0.112305
-0.106121
-0.0997879
-0.0931513
-0.0860223
-0.0787587
-0.0712243
-0.0633866
-0.0551103
-0.0468492
-0.0390078
-0.0335789
-0.210884
-0.208449
-0.205974
-0.203454
-0.20091
-0.198428
-0.195892
-0.193229
-0.190496
-0.187694
-0.184824
-0.181877
-0.178867
-0.175882
-0.172784
-0.169483
-0.166039
-0.162441
-0.158681
-0.15474
-0.150627
-0.146426
-0.141923
-0.137209
-0.132145
-0.126787
-0.121125
-0.115144
-0.108838
-0.102219
-0.0954146
-0.0882453
-0.0809324
-0.0738365
-0.0688969
-0.210767
-0.208321
-0.205854
-0.203446
-0.200992
-0.198423
-0.195792
-0.193105
-0.190359
-0.187548
-0.184692
-0.181871
-0.178959
-0.175872
-0.172667
-0.169338
-0.165873
-0.162255
-0.158479
-0.154547
-0.150558
-0.146346
-0.141803
-0.136995
-0.131913
-0.126537
-0.120854
-0.114873
-0.108706
-0.102143
-0.0953103
-0.088091
-0.0806697
-0.0735623
-0.068686
-0.210721
-0.208303
-0.205834
-0.203322
-0.200766
-0.198164
-0.195533
-0.192954
-0.190312
-0.187532
-0.18467
-0.181726
-0.178695
-0.175566
-0.172354
-0.169139
-0.165726
-0.162203
-0.158446
-0.154502
-0.15036
-0.145996
-0.141395
-0.136561
-0.131592
-0.126264
-0.120678
-0.114695
-0.108387
-0.101746
-0.0947755
-0.0875001
-0.0800235
-0.0728915
-0.0681341
-0.210357
-0.208015
-0.205631
-0.203136
-0.200587
-0.197987
-0.195336
-0.192634
-0.189898
-0.187205
-0.184435
-0.181508
-0.178482
-0.175352
-0.172113
-0.16875
-0.165258
-0.161642
-0.157997
-0.15416
-0.150032
-0.145673
-0.141072
-0.136209
-0.131072
-0.125663
-0.120083
-0.114118
-0.107879
-0.101229
-0.0942498
-0.0869691
-0.0794888
-0.0723413
-0.0675422
-0.210115
-0.207763
-0.205303
-0.202792
-0.200234
-0.197625
-0.194968
-0.19228
-0.189634
-0.186868
-0.184063
-0.181114
-0.178071
-0.174928
-0.171675
-0.168298
-0.164809
-0.161297
-0.157552
-0.153662
-0.149495
-0.145102
-0.140469
-0.135575
-0.130401
-0.124954
-0.11934
-0.113339
-0.107063
-0.100377
-0.0933619
-0.0860461
-0.0785327
-0.0713566
-0.0665397
-0.209685
-0.207232
-0.204744
-0.202232
-0.199773
-0.197214
-0.194636
-0.191941
-0.189182
-0.186353
-0.183453
-0.180475
-0.177432
-0.1744
-0.171193
-0.167901
-0.164399
-0.16074
-0.156907
-0.152888
-0.14866
-0.144214
-0.139547
-0.134758
-0.129615
-0.124223
-0.118448
-0.112347
-0.10592
-0.099163
-0.0920785
-0.0846922
-0.0771104
-0.0698883
-0.0650786
-0.209129
-0.206672
-0.204176
-0.201642
-0.199085
-0.196582
-0.193973
-0.19134
-0.188583
-0.185752
-0.182843
-0.179851
-0.176769
-0.173594
-0.170328
-0.167055
-0.163575
-0.159977
-0.156133
-0.152093
-0.147841
-0.14336
-0.13863
-0.133635
-0.128364
-0.12282
-0.117112
-0.111009
-0.104633
-0.0978457
-0.0907314
-0.0833189
-0.0757133
-0.0684529
-0.0635757
-0.208417
-0.206044
-0.203571
-0.201049
-0.198478
-0.195858
-0.193186
-0.190457
-0.187669
-0.184812
-0.18189
-0.178905
-0.175942
-0.17281
-0.169601
-0.166194
-0.162635
-0.158914
-0.155015
-0.150922
-0.146618
-0.142079
-0.137291
-0.132236
-0.126919
-0.121449
-0.115594
-0.10947
-0.102937
-0.0960739
-0.0888868
-0.0814062
-0.0737409
-0.0664285
-0.0614374
-0.207527
-0.205086
-0.202604
-0.200078
-0.197506
-0.194884
-0.192208
-0.189474
-0.186678
-0.183813
-0.180876
-0.177853
-0.174744
-0.171552
-0.168362
-0.16497
-0.161404
-0.157664
-0.153738
-0.149677
-0.145331
-0.140748
-0.135908
-0.130796
-0.125398
-0.119702
-0.113693
-0.107362
-0.100708
-0.0937267
-0.086427
-0.078848
-0.0712127
-0.0637631
-0.0588483
-0.20632
-0.203891
-0.201419
-0.198905
-0.196346
-0.193737
-0.191074
-0.188297
-0.18551
-0.182708
-0.17977
-0.176742
-0.173615
-0.170378
-0.167022
-0.163531
-0.159889
-0.156079
-0.152085
-0.147889
-0.143472
-0.138815
-0.133905
-0.128719
-0.123239
-0.117457
-0.111361
-0.104943
-0.0981994
-0.0911302
-0.0837432
-0.0760667
-0.0682227
-0.0607789
-0.0558394
-0.204823
-0.202331
-0.199751
-0.197193
-0.194613
-0.191989
-0.189313
-0.186579
-0.183784
-0.180919
-0.177974
-0.17494
-0.171806
-0.168555
-0.165175
-0.161651
-0.157968
-0.154108
-0.150058
-0.145801
-0.141316
-0.136586
-0.131593
-0.126319
-0.120751
-0.114878
-0.108689
-0.10218
-0.0953475
-0.0881939
-0.0807285
-0.0729794
-0.0650583
-0.0574297
-0.0523426
-0.202977
-0.200422
-0.197939
-0.195438
-0.1929
-0.190307
-0.187629
-0.184721
-0.181872
-0.178975
-0.176009
-0.172956
-0.1698
-0.166523
-0.163109
-0.159536
-0.155704
-0.151626
-0.147433
-0.143058
-0.13847
-0.133643
-0.128554
-0.123184
-0.117516
-0.111539
-0.105244
-0.0986278
-0.0916894
-0.0844337
-0.0768708
-0.0690288
-0.0610105
-0.0532066
-0.0481514
-0.200661
-0.198149
-0.195714
-0.193258
-0.190685
-0.188015
-0.185344
-0.182601
-0.179623
-0.176706
-0.173733
-0.170664
-0.167462
-0.163946
-0.160436
-0.156806
-0.153016
-0.149024
-0.144802
-0.140151
-0.135425
-0.130479
-0.125277
-0.119798
-0.114022
-0.107931
-0.101417
-0.0945332
-0.0874257
-0.0800429
-0.072379
-0.0644568
-0.056389
-0.0487261
-0.0434821
-0.197867
-0.195541
-0.193051
-0.190616
-0.188006
-0.185441
-0.182682
-0.179968
-0.177033
-0.17415
-0.171182
-0.16795
-0.164737
-0.161382
-0.157718
-0.154036
-0.150175
-0.145938
-0.141653
-0.137157
-0.132396
-0.127179
-0.121857
-0.116277
-0.110399
-0.104115
-0.0974884
-0.090629
-0.0834844
-0.0760391
-0.0682836
-0.0600721
-0.0518829
-0.044139
-0.0388192
-0.195556
-0.193206
-0.190769
-0.188254
-0.185729
-0.183183
-0.1805
-0.17785
-0.17497
-0.172022
-0.169001
-0.165844
-0.16258
-0.159153
-0.155598
-0.151941
-0.147929
-0.143838
-0.139369
-0.134828
-0.13004
-0.124804
-0.119447
-0.113802
-0.107677
-0.101408
-0.0948333
-0.0877569
-0.0805511
-0.0730734
-0.0652956
-0.0570567
-0.0488404
-0.0410473
-0.0356422
-0.211325
-0.2089
-0.206531
-0.20407
-0.2016
-0.199025
-0.196392
-0.193704
-0.19096
-0.188176
-0.185435
-0.182614
-0.179632
-0.176545
-0.173345
-0.170025
-0.166578
-0.163009
-0.159415
-0.15564
-0.15158
-0.147297
-0.142773
-0.137994
-0.132945
-0.12763
-0.122156
-0.116372
-0.110167
-0.103627
-0.0967587
-0.0895814
-0.082199
-0.0751389
-0.0704066
-0.211202
-0.208865
-0.206492
-0.204012
-0.201478
-0.198891
-0.196251
-0.193576
-0.190947
-0.1882
-0.185424
-0.18251
-0.179505
-0.176399
-0.173185
-0.169875
-0.166557
-0.163028
-0.159385
-0.155492
-0.151402
-0.147093
-0.142547
-0.137772
-0.132864
-0.1276
-0.122082
-0.11617
-0.109934
-0.103365
-0.0964656
-0.0892727
-0.0819865
-0.0748345
-0.0700876
-0.211189
-0.208756
-0.206283
-0.20378
-0.201327
-0.198781
-0.196224
-0.193555
-0.190824
-0.188023
-0.185151
-0.182222
-0.179318
-0.17626
-0.173141
-0.169837
-0.166396
-0.162805
-0.159051
-0.15514
-0.151158
-0.146893
-0.142443
-0.137664
-0.132614
-0.12727
-0.121622
-0.115676
-0.109538
-0.103001
-0.0961982
-0.089011
-0.0816198
-0.074539
-0.069679
-0.210988
-0.20857
-0.206102
-0.203588
-0.201034
-0.198447
-0.195914
-0.193274
-0.19061
-0.187821
-0.184952
-0.182004
-0.178972
-0.175867
-0.172773
-0.169496
-0.166126
-0.162538
-0.158785
-0.154848
-0.150715
-0.146389
-0.141956
-0.137198
-0.132216
-0.126866
-0.121209
-0.115231
-0.108924
-0.102287
-0.0953363
-0.0882306
-0.0809384
-0.0738487
-0.0689092
-0.210671
-0.208238
-0.205761
-0.203236
-0.200666
-0.19807
-0.195536
-0.192947
-0.190225
-0.187426
-0.184551
-0.181593
-0.178547
-0.175427
-0.172326
-0.169101
-0.165656
-0.162054
-0.15828
-0.154323
-0.150165
-0.145809
-0.141351
-0.136563
-0.131549
-0.126165
-0.120473
-0.114459
-0.108116
-0.10144
-0.0944506
-0.0873086
-0.0799826
-0.0728638
-0.0679068
-0.210126
-0.207685
-0.205303
-0.202879
-0.200345
-0.197752
-0.195104
-0.192397
-0.18963
-0.186819
-0.184046
-0.181136
-0.17818
-0.17506
-0.171825
-0.16846
-0.164956
-0.161301
-0.157502
-0.153651
-0.149529
-0.145234
-0.140624
-0.135751
-0.130595
-0.125141
-0.119382
-0.113321
-0.107076
-0.100432
-0.0935179
-0.0862242
-0.0787297
-0.0715618
-0.0666461
-0.209572
-0.20713
-0.204743
-0.202266
-0.199778
-0.197186
-0.194535
-0.191826
-0.189056
-0.186216
-0.183311
-0.180345
-0.177411
-0.174369
-0.171135
-0.167767
-0.164252
-0.160579
-0.156734
-0.152712
-0.148509
-0.144211
-0.139596
-0.134766
-0.129579
-0.124091
-0.118294
-0.112174
-0.105726
-0.0989497
-0.0918642
-0.0846173
-0.0771087
-0.0698993
-0.0649805
-0.208969
-0.206524
-0.20404
-0.201512
-0.198937
-0.19631
-0.19364
-0.190935
-0.188275
-0.185493
-0.182671
-0.179706
-0.176648
-0.173481
-0.170195
-0.166778
-0.163214
-0.159495
-0.155606
-0.15155
-0.147426
-0.143003
-0.138378
-0.13341
-0.128158
-0.122607
-0.116741
-0.110551
-0.104032
-0.0971838
-0.0900268
-0.0827164
-0.075151
-0.067888
-0.0629411
-0.208011
-0.205564
-0.203076
-0.20054
-0.197963
-0.195337
-0.19266
-0.189933
-0.187169
-0.184448
-0.181588
-0.17862
-0.175609
-0.172429
-0.16913
-0.165696
-0.162116
-0.158373
-0.154452
-0.150336
-0.146007
-0.141449
-0.136648
-0.131596
-0.126391
-0.120811
-0.114894
-0.108726
-0.102155
-0.0952564
-0.0880376
-0.0805297
-0.0728416
-0.0655078
-0.060494
-0.206812
-0.204385
-0.201917
-0.199405
-0.196845
-0.194233
-0.191569
-0.188847
-0.186062
-0.18321
-0.180279
-0.177261
-0.174141
-0.170915
-0.167566
-0.164082
-0.160448
-0.156647
-0.152665
-0.148483
-0.144088
-0.139481
-0.13476
-0.129684
-0.124294
-0.118591
-0.112573
-0.106309
-0.0996466
-0.0926606
-0.085359
-0.0777684
-0.069998
-0.0625878
-0.0574797
-0.205322
-0.202912
-0.200451
-0.197939
-0.195303
-0.192564
-0.189838
-0.187078
-0.184265
-0.181386
-0.178429
-0.17539
-0.172255
-0.16901
-0.165641
-0.162134
-0.158472
-0.15464
-0.15062
-0.146393
-0.141942
-0.137248
-0.132297
-0.127068
-0.121544
-0.115717
-0.109576
-0.103114
-0.0963278
-0.089221
-0.0818027
-0.0741026
-0.0662394
-0.058787
-0.0538391
-0.20349
-0.201079
-0.198475
-0.195954
-0.193415
-0.190828
-0.188181
-0.185466
-0.182668
-0.179709
-0.176611
-0.173503
-0.170324
-0.167044
-0.163643
-0.1601
-0.156399
-0.152519
-0.148445
-0.144148
-0.139616
-0.134828
-0.129689
-0.124312
-0.118507
-0.112482
-0.106172
-0.0995581
-0.0926343
-0.0854021
-0.077871
-0.0700708
-0.0621206
-0.0545969
-0.049608
-0.201204
-0.198829
-0.196268
-0.19379
-0.191276
-0.188641
-0.185911
-0.183191
-0.180409
-0.177466
-0.174384
-0.171286
-0.168102
-0.164794
-0.161325
-0.157513
-0.153697
-0.149737
-0.145589
-0.141217
-0.136597
-0.131694
-0.126308
-0.120798
-0.115023
-0.108958
-0.102587
-0.0958999
-0.0888981
-0.0815878
-0.073974
-0.0660827
-0.0579383
-0.0501975
-0.0451069
-0.198382
-0.196056
-0.193558
-0.191127
-0.188514
-0.185961
-0.183197
-0.180518
-0.177761
-0.174772
-0.171816
-0.168749
-0.165411
-0.162081
-0.158595
-0.154781
-0.150944
-0.146939
-0.142705
-0.138071
-0.133352
-0.128387
-0.123116
-0.117373
-0.111498
-0.105346
-0.0988868
-0.0920956
-0.0847976
-0.0773606
-0.069665
-0.0617152
-0.0536047
-0.045704
-0.0405513
-0.196076
-0.193715
-0.191274
-0.188825
-0.186358
-0.183774
-0.181219
-0.178455
-0.175575
-0.172737
-0.169676
-0.166621
-0.163305
-0.159974
-0.156343
-0.152675
-0.148727
-0.144623
-0.140373
-0.135709
-0.130961
-0.125949
-0.120475
-0.114872
-0.108975
-0.102575
-0.0960447
-0.0892339
-0.0820959
-0.0744618
-0.0667081
-0.0587234
-0.0505837
-0.0426495
-0.0374009
-0.211742
-0.209312
-0.206845
-0.204357
-0.201922
-0.199438
-0.196833
-0.194166
-0.191436
-0.188641
-0.18578
-0.182867
-0.17999
-0.177014
-0.173853
-0.170567
-0.167148
-0.163586
-0.159897
-0.156154
-0.152149
-0.147975
-0.143498
-0.138766
-0.133763
-0.128474
-0.122908
-0.117163
-0.111028
-0.104623
-0.0978121
-0.0906921
-0.0833619
-0.076341
-0.0716161
-0.211622
-0.209202
-0.206834
-0.204377
-0.201909
-0.199336
-0.196709
-0.194026
-0.191287
-0.188509
-0.185774
-0.182959
-0.179982
-0.1769
-0.173709
-0.170399
-0.16696
-0.163405
-0.159829
-0.156071
-0.15203
-0.147764
-0.143265
-0.138515
-0.133522
-0.128375
-0.122857
-0.117076
-0.11089
-0.10437
-0.0975226
-0.090363
-0.0829991
-0.0759601
-0.0712486
-0.211567
-0.209156
-0.206697
-0.204192
-0.201644
-0.199072
-0.196548
-0.193918
-0.191264
-0.188483
-0.185628
-0.182694
-0.179677
-0.176591
-0.173521
-0.17033
-0.166927
-0.163366
-0.159642
-0.155737
-0.151639
-0.147354
-0.142983
-0.138353
-0.133364
-0.128076
-0.122479
-0.116562
-0.110326
-0.103775
-0.0970518
-0.0900306
-0.082704
-0.0756625
-0.0707485
-0.211208
-0.208871
-0.206493
-0.204005
-0.201465
-0.198875
-0.196237
-0.193569
-0.190947
-0.188257
-0.185421
-0.182498
-0.179484
-0.176372
-0.17316
-0.169856
-0.166546
-0.163084
-0.159376
-0.155478
-0.151378
-0.147058
-0.142507
-0.137727
-0.132823
-0.127629
-0.122038
-0.116122
-0.109872
-0.103285
-0.0963656
-0.08916
-0.081896
-0.074863
-0.0700359
-0.210972
-0.208624
-0.20617
-0.203666
-0.201117
-0.198522
-0.195895
-0.193313
-0.190621
-0.187898
-0.185043
-0.182105
-0.179082
-0.175963
-0.172763
-0.169555
-0.166154
-0.162646
-0.158904
-0.154977
-0.150849
-0.146501
-0.14192
-0.137104
-0.132168
-0.12694
-0.121314
-0.115362
-0.109078
-0.102455
-0.0955001
-0.0882562
-0.0809543
-0.073889
-0.0690436
-0.210553
-0.208102
-0.205614
-0.203108
-0.200661
-0.198164
-0.195544
-0.19286
-0.19011
-0.187295
-0.18441
-0.181473
-0.178562
-0.175491
-0.172349
-0.169018
-0.165544
-0.161916
-0.158119
-0.154149
-0.150003
-0.14578
-0.141311
-0.136493
-0.131389
-0.125986
-0.120275
-0.114246
-0.107916
-0.101391
-0.0944738
-0.0873097
-0.079861
-0.0727197
-0.0677473
-0.210002
-0.207554
-0.205068
-0.202562
-0.200107
-0.197554
-0.194983
-0.192296
-0.189543
-0.186722
-0.183825
-0.180848
-0.177795
-0.17466
-0.171542
-0.168295
-0.164826
-0.161194
-0.157387
-0.15339
-0.149185
-0.144768
-0.140135
-0.13538
-0.130276
-0.124926
-0.11919
-0.113128
-0.106735
-0.100008
-0.0929493
-0.0855931
-0.0780539
-0.0709667
-0.0661002
-0.209314
-0.206896
-0.20448
-0.201967
-0.199408
-0.196798
-0.194135
-0.191418
-0.188642
-0.185809
-0.182923
-0.180071
-0.177067
-0.173993
-0.170741
-0.167356
-0.163829
-0.160144
-0.156283
-0.152236
-0.147988
-0.143537
-0.138981
-0.134091
-0.128966
-0.123467
-0.117655
-0.111522
-0.105057
-0.0982573
-0.0911323
-0.0837224
-0.0762317
-0.0689132
-0.0640614
-0.208465
-0.20603
-0.203555
-0.201036
-0.198472
-0.195858
-0.193192
-0.190469
-0.187683
-0.184836
-0.181919
-0.178948
-0.175995
-0.172875
-0.169615
-0.166217
-0.162733
-0.159026
-0.15514
-0.151059
-0.146763
-0.142234
-0.137457
-0.132408
-0.127081
-0.121462
-0.115558
-0.109484
-0.103012
-0.0962693
-0.0891212
-0.0816723
-0.0740328
-0.0667246
-0.0616624
-0.207249
-0.204817
-0.202347
-0.199836
-0.197282
-0.194679
-0.192025
-0.189369
-0.186595
-0.183751
-0.180829
-0.17782
-0.174719
-0.171512
-0.168187
-0.16473
-0.161126
-0.157359
-0.153409
-0.149263
-0.144899
-0.140299
-0.135447
-0.130324
-0.124915
-0.119227
-0.113375
-0.107132
-0.100543
-0.0937021
-0.0864655
-0.0789368
-0.0712223
-0.0637685
-0.058766
-0.205727
-0.203194
-0.200683
-0.198151
-0.195585
-0.192974
-0.190313
-0.187594
-0.184814
-0.181965
-0.179038
-0.176024
-0.172911
-0.169687
-0.16634
-0.162856
-0.159219
-0.155412
-0.151417
-0.147216
-0.142789
-0.138126
-0.1332
-0.127996
-0.122498
-0.116699
-0.110592
-0.104168
-0.0974241
-0.0903629
-0.0829922
-0.0753404
-0.0675224
-0.0601002
-0.0551521
-0.20378
-0.201339
-0.198887
-0.196407
-0.193883
-0.191307
-0.188645
-0.185752
-0.182915
-0.180031
-0.177081
-0.174051
-0.170925
-0.167685
-0.164316
-0.160803
-0.157127
-0.153265
-0.14911
-0.144674
-0.140089
-0.135287
-0.130237
-0.124914
-0.119299
-0.113384
-0.107156
-0.100612
-0.0937494
-0.0865727
-0.0790916
-0.0713352
-0.0634244
-0.055927
-0.0508461
-0.201636
-0.19913
-0.1967
-0.19423
-0.191562
-0.188974
-0.186353
-0.183667
-0.180827
-0.17786
-0.174885
-0.17184
-0.168688
-0.16533
-0.161775
-0.158156
-0.154408
-0.150489
-0.14636
-0.141982
-0.137157
-0.132234
-0.127074
-0.121653
-0.115948
-0.109943
-0.103625
-0.09699
-0.0900357
-0.0827637
-0.0750885
-0.0670959
-0.0590269
-0.0514152
-0.046367
-0.198869
-0.196505
-0.194079
-0.191598
-0.18905
-0.186496
-0.183753
-0.181057
-0.178144
-0.175285
-0.172344
-0.16914
-0.165964
-0.162661
-0.159037
-0.155407
-0.15163
-0.147646
-0.143274
-0.138831
-0.134163
-0.129212
-0.123797
-0.118262
-0.112463
-0.106363
-0.0999337
-0.0929937
-0.0859027
-0.0785426
-0.0709007
-0.0629889
-0.054908
-0.0470493
-0.0418996
-0.196452
-0.194176
-0.191777
-0.189288
-0.186784
-0.184257
-0.181593
-0.178961
-0.176103
-0.173179
-0.170189
-0.167067
-0.163865
-0.160593
-0.157003
-0.15337
-0.149398
-0.145366
-0.141021
-0.136479
-0.131775
-0.126686
-0.121345
-0.11582
-0.109976
-0.103641
-0.0971596
-0.0903662
-0.0830664
-0.0756356
-0.0679533
-0.0600169
-0.0519135
-0.044024
-0.0387749
-0.211967
-0.209535
-0.207084
-0.204689
-0.202251
-0.199696
-0.19708
-0.194407
-0.191677
-0.188887
-0.18605
-0.183258
-0.18038
-0.177328
-0.174163
-0.170881
-0.167472
-0.163948
-0.160391
-0.156595
-0.152646
-0.148414
-0.143948
-0.139235
-0.134258
-0.129016
-0.123612
-0.117829
-0.111773
-0.105309
-0.0985149
-0.0914126
-0.0840992
-0.0771038
-0.0724068
-0.211843
-0.209512
-0.207096
-0.204672
-0.202145
-0.199569
-0.196943
-0.194261
-0.191544
-0.188875
-0.186138
-0.18325
-0.180267
-0.17719
-0.174004
-0.170702
-0.167295
-0.163883
-0.160312
-0.156477
-0.15244
-0.148193
-0.143713
-0.139007
-0.134166
-0.128973
-0.123529
-0.117692
-0.11153
-0.105038
-0.0982136
-0.091082
-0.0837537
-0.0768532
-0.0720944
-0.211797
-0.209379
-0.206918
-0.204412
-0.201883
-0.199405
-0.196829
-0.194232
-0.191516
-0.188734
-0.185881
-0.182951
-0.179959
-0.176995
-0.173926
-0.170661
-0.167256
-0.163707
-0.159994
-0.156103
-0.152044
-0.147917
-0.143556
-0.138856
-0.133878
-0.128612
-0.123042
-0.117177
-0.111119
-0.104665
-0.0979418
-0.0908321
-0.083512
-0.0764983
-0.0716774
-0.211572
-0.209211
-0.206753
-0.204249
-0.201703
-0.199112
-0.196495
-0.193929
-0.191303
-0.188539
-0.185695
-0.182771
-0.17976
-0.176657
-0.173475
-0.170301
-0.166993
-0.163453
-0.159742
-0.155849
-0.151761
-0.147461
-0.142952
-0.138341
-0.133457
-0.12819
-0.122612
-0.116715
-0.11049
-0.103934
-0.0970662
-0.0900441
-0.0828292
-0.0758062
-0.0709056
-0.211276
-0.208863
-0.206402
-0.2039
-0.20135
-0.198774
-0.196245
-0.193613
-0.190956
-0.188172
-0.185315
-0.182384
-0.179365
-0.176274
-0.17319
-0.169931
-0.166577
-0.163007
-0.15927
-0.155355
-0.151241
-0.146914
-0.142372
-0.137729
-0.132812
-0.127511
-0.121896
-0.115963
-0.109699
-0.103104
-0.0961959
-0.0891357
-0.0818858
-0.0748326
-0.0699141
-0.210763
-0.208313
-0.205846
-0.203442
-0.200993
-0.198425
-0.195799
-0.193115
-0.190367
-0.187555
-0.184696
-0.181873
-0.178908
-0.175878
-0.172675
-0.169345
-0.165879
-0.16226
-0.158482
-0.154546
-0.150552
-0.146338
-0.141796
-0.136989
-0.131901
-0.126522
-0.120837
-0.114856
-0.10869
-0.102126
-0.0952894
-0.0880727
-0.0806518
-0.0735485
-0.0686724
-0.210217
-0.207769
-0.205303
-0.202892
-0.200388
-0.197868
-0.195237
-0.192545
-0.189793
-0.186982
-0.184098
-0.18116
-0.178241
-0.175163
-0.172015
-0.168676
-0.165195
-0.16156
-0.157759
-0.153771
-0.149592
-0.145218
-0.140743
-0.136008
-0.130901
-0.125492
-0.119771
-0.113731
-0.107363
-0.100668
-0.0936624
-0.0864929
-0.0790588
-0.0719137
-0.0670326
-0.209604
-0.207177
-0.204705
-0.202191
-0.199631
-0.197024
-0.194363
-0.191656
-0.188911
-0.186204
-0.183369
-0.180437
-0.177464
-0.174326
-0.171071
-0.16769
-0.164171
-0.160494
-0.156648
-0.152619
-0.148407
-0.144116
-0.139581
-0.13469
-0.12951
-0.124033
-0.118243
-0.112133
-0.105693
-0.0989248
-0.0918485
-0.0846159
-0.0771245
-0.0699256
-0.0650154
-0.208679
-0.206241
-0.203765
-0.201248
-0.198686
-0.196075
-0.193408
-0.19069
-0.187912
-0.185077
-0.182191
-0.179341
-0.176336
-0.173261
-0.170002
-0.166608
-0.163068
-0.159368
-0.155493
-0.151425
-0.14715
-0.142648
-0.137902
-0.132897
-0.127631
-0.122208
-0.116399
-0.110324
-0.10384
-0.0970263
-0.0898899
-0.082461
-0.074843
-0.0675621
-0.0625092
-0.207495
-0.205069
-0.202601
-0.200088
-0.197533
-0.194931
-0.192278
-0.189569
-0.186799
-0.183962
-0.181052
-0.178061
-0.174974
-0.171784
-0.168474
-0.165036
-0.161451
-0.157704
-0.153777
-0.149653
-0.145314
-0.140746
-0.135949
-0.131015
-0.125717
-0.120098
-0.114162
-0.107903
-0.101396
-0.0944915
-0.0872702
-0.0797586
-0.0720633
-0.0647157
-0.0596398
-0.206033
-0.203558
-0.201072
-0.198451
-0.195849
-0.193223
-0.190557
-0.187839
-0.18506
-0.182216
-0.179298
-0.176294
-0.173194
-0.169986
-0.166656
-0.16319
-0.159572
-0.155785
-0.151816
-0.147641
-0.14324
-0.138601
-0.133705
-0.128537
-0.123085
-0.11733
-0.111263
-0.104878
-0.0981709
-0.0911441
-0.0838059
-0.0761844
-0.068395
-0.0609994
-0.056078
-0.204147
-0.201649
-0.199181
-0.196692
-0.194164
-0.191584
-0.188945
-0.186158
-0.183246
-0.180338
-0.177382
-0.174353
-0.171229
-0.167998
-0.164642
-0.161143
-0.157492
-0.153662
-0.149634
-0.145381
-0.140799
-0.135901
-0.130829
-0.125511
-0.119915
-0.114024
-0.107828
-0.101319
-0.094495
-0.0873574
-0.0799158
-0.0721986
-0.0643192
-0.0568542
-0.051891
-0.201896
-0.199394
-0.196974
-0.194529
-0.19202
-0.18931
-0.186665
-0.183976
-0.181192
-0.178164
-0.175193
-0.172155
-0.169023
-0.165768
-0.16228
-0.158595
-0.154836
-0.150923
-0.14682
-0.142495
-0.137905
-0.13285
-0.127686
-0.122277
-0.116587
-0.110603
-0.104312
-0.0977068
-0.0907855
-0.0835545
-0.0760162
-0.0681027
-0.0599875
-0.0523798
-0.0473505
-0.199148
-0.196835
-0.194362
-0.191944
-0.189355
-0.186804
-0.184063
-0.181369
-0.178453
-0.175603
-0.172667
-0.169464
-0.166308
-0.163048
-0.159554
-0.155866
-0.152079
-0.148106
-0.143745
-0.139327
-0.134691
-0.129773
-0.124377
-0.118872
-0.113104
-0.107041
-0.100666
-0.0938759
-0.086741
-0.0793835
-0.0717599
-0.0638788
-0.0558266
-0.047985
-0.0428614
-0.196858
-0.194528
-0.192117
-0.189645
-0.187231
-0.184639
-0.181953
-0.179321
-0.176483
-0.173664
-0.170603
-0.167455
-0.16425
-0.160989
-0.157415
-0.1538
-0.14985
-0.145865
-0.141668
-0.137077
-0.13239
-0.127441
-0.122041
-0.116509
-0.110682
-0.104365
-0.0979087
-0.0911677
-0.0840971
-0.0765412
-0.068857
-0.0609351
-0.0528525
-0.0449743
-0.0397506
-0.212176
-0.209827
-0.207385
-0.204897
-0.202359
-0.19977
-0.19714
-0.194477
-0.191875
-0.189208
-0.1864
-0.183508
-0.180527
-0.177455
-0.174302
-0.171156
-0.16782
-0.164384
-0.160725
-0.156885
-0.152852
-0.148612
-0.144168
-0.139614
-0.134725
-0.129599
-0.124102
-0.118285
-0.112142
-0.105671
-0.0988902
-0.0919402
-0.0847157
-0.0777512
-0.0729721
-0.212111
-0.209702
-0.207248
-0.204745
-0.202203
-0.199632
-0.197119
-0.194552
-0.191862
-0.189102
-0.186271
-0.183362
-0.18039
-0.177436
-0.17432
-0.171131
-0.167751
-0.164229
-0.160546
-0.156688
-0.152663
-0.148557
-0.144154
-0.139553
-0.134615
-0.12939
-0.123862
-0.118021
-0.111877
-0.105537
-0.0988045
-0.0918233
-0.0845496
-0.0775612
-0.0726765
-0.211864
-0.209444
-0.207081
-0.204676
-0.202164
-0.199602
-0.196986
-0.194312
-0.191578
-0.188805
-0.186082
-0.183282
-0.180323
-0.177266
-0.174099
-0.170814
-0.167423
-0.164005
-0.160365
-0.156592
-0.15256
-0.148322
-0.14385
-0.13913
-0.134164
-0.129046
-0.123558
-0.117811
-0.111666
-0.105191
-0.0983868
-0.0912737
-0.083955
-0.0769559
-0.0722648
-0.211718
-0.209282
-0.206808
-0.204316
-0.201882
-0.199402
-0.196804
-0.194144
-0.191419
-0.18863
-0.185797
-0.182996
-0.180053
-0.177054
-0.173888
-0.1706
-0.167179
-0.163612
-0.159891
-0.15602
-0.152096
-0.147953
-0.143489
-0.13877
-0.133775
-0.128495
-0.122935
-0.117193
-0.11106
-0.104652
-0.0978346
-0.0907138
-0.0833853
-0.0763677
-0.0716389
-0.211378
-0.208937
-0.206477
-0.204072
-0.201576
-0.199067
-0.196456
-0.193785
-0.19105
-0.188251
-0.185405
-0.182598
-0.179645
-0.176635
-0.173459
-0.170158
-0.166725
-0.163145
-0.159429
-0.155661
-0.151634
-0.147436
-0.142934
-0.138177
-0.133146
-0.127829
-0.12223
-0.116449
-0.110277
-0.10383
-0.0969746
-0.0898165
-0.0824528
-0.0754044
-0.0706564
-0.210982
-0.208617
-0.20616
-0.203662
-0.201115
-0.19852
-0.195895
-0.193313
-0.190621
-0.187903
-0.185054
-0.18213
-0.179114
-0.176
-0.172778
-0.16946
-0.166135
-0.162598
-0.158942
-0.155041
-0.150938
-0.146614
-0.142049
-0.137232
-0.132163
-0.12695
-0.121432
-0.115506
-0.109251
-0.102663
-0.0957465
-0.0885232
-0.081099
-0.0740097
-0.0692676
-0.210433
-0.208069
-0.205611
-0.203109
-0.200558
-0.197959
-0.195305
-0.192606
-0.189869
-0.187183
-0.184422
-0.181503
-0.17849
-0.17537
-0.172137
-0.168781
-0.165302
-0.161696
-0.158053
-0.154158
-0.150103
-0.145754
-0.141166
-0.136315
-0.131187
-0.125773
-0.120076
-0.114196
-0.107923
-0.101375
-0.0944202
-0.0871651
-0.0797088
-0.0725755
-0.0676825
-0.209673
-0.207223
-0.20474
-0.202221
-0.199676
-0.197188
-0.194594
-0.191979
-0.189245
-0.18645
-0.183577
-0.180618
-0.177564
-0.17441
-0.171148
-0.167785
-0.164411
-0.160817
-0.157098
-0.153124
-0.148947
-0.144545
-0.139897
-0.134983
-0.129792
-0.124309
-0.118538
-0.112596
-0.106256
-0.0996411
-0.0926198
-0.0853001
-0.0777837
-0.0705991
-0.0656743
-0.208662
-0.20622
-0.203759
-0.201352
-0.198847
-0.196279
-0.193653
-0.191023
-0.188278
-0.185466
-0.182585
-0.179619
-0.176558
-0.173396
-0.170119
-0.16671
-0.163167
-0.159468
-0.155604
-0.151574
-0.147476
-0.143073
-0.138465
-0.133513
-0.128273
-0.12274
-0.116893
-0.110732
-0.104248
-0.0974373
-0.0903075
-0.0828807
-0.0752668
-0.0680189
-0.0631843
-0.207404
-0.204978
-0.202513
-0.200011
-0.197465
-0.194873
-0.192232
-0.189537
-0.186788
-0.183993
-0.181226
-0.178287
-0.175137
-0.172058
-0.168808
-0.165407
-0.161851
-0.158127
-0.154229
-0.150134
-0.145829
-0.141365
-0.136585
-0.131538
-0.126215
-0.120592
-0.114658
-0.108406
-0.101832
-0.0949334
-0.0877192
-0.0802136
-0.072527
-0.0652098
-0.0603221
-0.205989
-0.20359
-0.201151
-0.198665
-0.196129
-0.193551
-0.190918
-0.188228
-0.185474
-0.182652
-0.179754
-0.176765
-0.173612
-0.170414
-0.167094
-0.163633
-0.160003
-0.156107
-0.152231
-0.148084
-0.143595
-0.139073
-0.134222
-0.12897
-0.123643
-0.117958
-0.111941
-0.105597
-0.0989267
-0.0919328
-0.0846237
-0.077025
-0.0692348
-0.0617143
-0.0567741
-0.204274
-0.201894
-0.199472
-0.196929
-0.194298
-0.19169
-0.189052
-0.186364
-0.183607
-0.180778
-0.177853
-0.174748
-0.171482
-0.168188
-0.164802
-0.161292
-0.157636
-0.153808
-0.149802
-0.145589
-0.141143
-0.136448
-0.131492
-0.126248
-0.120711
-0.11487
-0.108717
-0.102244
-0.0953738
-0.0882615
-0.0808392
-0.0731223
-0.0651148
-0.0575964
-0.0526366
-0.202015
-0.199667
-0.197217
-0.194687
-0.192167
-0.189585
-0.1868
-0.184089
-0.18134
-0.178508
-0.175573
-0.17237
-0.169194
-0.165929
-0.162535
-0.158989
-0.155186
-0.151151
-0.147016
-0.142702
-0.138167
-0.133379
-0.128319
-0.12295
-0.117065
-0.111043
-0.104747
-0.0981546
-0.0912596
-0.0840602
-0.0765614
-0.0687902
-0.0608449
-0.0532864
-0.0481074
-0.199359
-0.196979
-0.194474
-0.192071
-0.189618
-0.186977
-0.184362
-0.18155
-0.178775
-0.175778
-0.172845
-0.169808
-0.166489
-0.163211
-0.159812
-0.156236
-0.152317
-0.148354
-0.144205
-0.139817
-0.135015
-0.130116
-0.124962
-0.119504
-0.113549
-0.107457
-0.101086
-0.0944129
-0.087426
-0.0801153
-0.0723134
-0.0644138
-0.0563936
-0.0487736
-0.0435268
-0.197036
-0.194676
-0.192312
-0.189916
-0.187403
-0.184797
-0.182245
-0.179489
-0.176673
-0.173799
-0.170813
-0.167735
-0.164511
-0.161193
-0.157791
-0.154065
-0.150279
-0.146147
-0.141965
-0.137555
-0.132726
-0.127791
-0.122584
-0.116913
-0.1111
-0.104982
-0.0983637
-0.0916124
-0.0845841
-0.0772361
-0.0694714
-0.0614528
-0.0533981
-0.045724
-0.0403897
-0.212202
-0.209796
-0.20744
-0.204995
-0.202541
-0.199983
-0.197371
-0.194706
-0.191989
-0.189232
-0.186513
-0.183663
-0.180769
-0.177717
-0.174558
-0.171289
-0.167896
-0.164386
-0.160848
-0.157073
-0.153148
-0.148942
-0.144505
-0.139824
-0.134879
-0.129672
-0.124304
-0.118554
-0.112537
-0.106111
-0.099354
-0.0922894
-0.0850153
-0.078053
-0.073378
-0.212181
-0.209803
-0.207422
-0.204942
-0.202415
-0.199843
-0.197225
-0.194574
-0.191965
-0.189243
-0.186493
-0.183606
-0.180632
-0.177566
-0.174396
-0.171136
-0.167866
-0.164393
-0.16081
-0.156983
-0.152961
-0.148734
-0.144279
-0.1396
-0.134788
-0.129624
-0.124216
-0.118416
-0.112293
-0.105841
-0.0990595
-0.0919865
-0.0848293
-0.0778882
-0.0731265
-0.21205
-0.209627
-0.20716
-0.204657
-0.202129
-0.199664
-0.197151
-0.194512
-0.191808
-0.189036
-0.186198
-0.183305
-0.180436
-0.177417
-0.174339
-0.171078
-0.167686
-0.164151
-0.160451
-0.156583
-0.152546
-0.148445
-0.144112
-0.139442
-0.134498
-0.129267
-0.123733
-0.117907
-0.111889
-0.105475
-0.0987923
-0.0917233
-0.0844461
-0.0774682
-0.0726695
-0.211882
-0.209467
-0.207008
-0.204506
-0.201963
-0.199399
-0.196884
-0.194263
-0.191621
-0.188854
-0.186015
-0.183102
-0.180107
-0.177041
-0.173986
-0.170754
-0.167434
-0.1639
-0.160203
-0.156328
-0.15226
-0.147989
-0.143511
-0.138932
-0.134083
-0.128853
-0.123313
-0.117457
-0.111272
-0.104757
-0.0979301
-0.0909489
-0.0837728
-0.0767837
-0.0719032
-0.211532
-0.209113
-0.206653
-0.204146
-0.2016
-0.199026
-0.196511
-0.193941
-0.191239
-0.188464
-0.185615
-0.182694
-0.179686
-0.176606
-0.173546
-0.170366
-0.166972
-0.163424
-0.159712
-0.155828
-0.151747
-0.147475
-0.143098
-0.138405
-0.133492
-0.128214
-0.12263
-0.116732
-0.110506
-0.10395
-0.0970823
-0.0900598
-0.0828464
-0.0758252
-0.0709261
-0.210995
-0.208572
-0.206209
-0.203805
-0.201287
-0.198711
-0.196084
-0.1934
-0.190652
-0.187846
-0.184992
-0.182183
-0.179288
-0.176215
-0.173027
-0.169714
-0.16627
-0.162678
-0.15895
-0.155169
-0.151123
-0.146909
-0.142389
-0.137609
-0.132554
-0.127212
-0.121565
-0.115623
-0.109495
-0.102967
-0.0961703
-0.0889926
-0.0816098
-0.0745406
-0.0696855
-0.210458
-0.208034
-0.205663
-0.203202
-0.200733
-0.198157
-0.195524
-0.192835
-0.190086
-0.187276
-0.1844
-0.18147
-0.178567
-0.175505
-0.172373
-0.169051
-0.16559
-0.161976
-0.1582
-0.154242
-0.150093
-0.145747
-0.141309
-0.13661
-0.131542
-0.126172
-0.120493
-0.114496
-0.108171
-0.101519
-0.0945574
-0.0874287
-0.0800329
-0.0729188
-0.0680584
-0.209853
-0.207427
-0.20496
-0.202449
-0.199893
-0.197287
-0.194633
-0.19193
-0.189191
-0.1865
-0.183681
-0.180818
-0.1778
-0.174677
-0.171439
-0.168076
-0.164574
-0.160922
-0.157107
-0.15313
-0.14908
-0.144738
-0.140204
-0.135334
-0.130184
-0.124741
-0.118989
-0.11292
-0.106522
-0.0997972
-0.0927637
-0.0855697
-0.078113
-0.0709463
-0.066056
-0.208911
-0.206479
-0.204008
-0.201497
-0.198937
-0.196332
-0.193676
-0.190967
-0.188204
-0.185403
-0.182642
-0.179735
-0.176714
-0.173643
-0.170394
-0.167014
-0.163492
-0.159812
-0.155961
-0.151921
-0.147678
-0.14321
-0.138497
-0.133527
-0.128303
-0.12292
-0.117152
-0.11104
-0.104673
-0.0978997
-0.0908039
-0.0834153
-0.0758368
-0.0685908
-0.0635595
-0.20771
-0.205297
-0.202842
-0.200343
-0.197796
-0.195203
-0.192561
-0.189863
-0.187104
-0.184281
-0.18139
-0.178414
-0.175343
-0.172168
-0.168879
-0.16546
-0.161896
-0.158171
-0.15427
-0.150173
-0.145863
-0.141321
-0.136535
-0.131505
-0.126335
-0.120791
-0.11491
-0.108699
-0.102239
-0.0953776
-0.0881988
-0.0807293
-0.0730752
-0.0657637
-0.0607089
-0.206271
-0.203874
-0.201421
-0.198851
-0.196191
-0.193548
-0.190879
-0.188164
-0.185391
-0.182557
-0.179651
-0.176662
-0.173579
-0.17039
-0.167081
-0.163639
-0.160047
-0.156286
-0.152348
-0.148205
-0.143839
-0.139236
-0.134377
-0.129246
-0.123836
-0.118126
-0.112106
-0.105768
-0.0991087
-0.092129
-0.0848371
-0.0772613
-0.0695148
-0.0621514
-0.0572367
-0.204487
-0.202039
-0.199519
-0.197021
-0.194492
-0.191916
-0.189284
-0.186561
-0.183603
-0.180705
-0.177763
-0.174747
-0.171639
-0.168425
-0.165087
-0.161611
-0.157983
-0.154173
-0.15017
-0.14588
-0.1414
-0.136543
-0.131514
-0.126243
-0.120696
-0.114857
-0.108714
-0.10226
-0.095491
-0.0884084
-0.0810209
-0.0733558
-0.0655237
-0.0580899
-0.053041
-0.202185
-0.199692
-0.197279
-0.194843
-0.192345
-0.189645
-0.187011
-0.184331
-0.181555
-0.178542
-0.175584
-0.172557
-0.169429
-0.166159
-0.162568
-0.158989
-0.155286
-0.151416
-0.147351
-0.14306
-0.138508
-0.133494
-0.128373
-0.123009
-0.117365
-0.111429
-0.105186
-0.0986272
-0.091755
-0.0845643
-0.0770665
-0.0691957
-0.0611339
-0.0535683
-0.0485544
-0.19945
-0.19714
-0.194674
-0.192263
-0.189685
-0.187145
-0.184415
-0.181732
-0.17883
-0.175994
-0.173077
-0.169893
-0.166744
-0.163471
-0.159871
-0.156284
-0.15255
-0.148615
-0.144295
-0.139911
-0.135311
-0.130424
-0.125071
-0.119608
-0.11388
-0.107854
-0.101497
-0.0946172
-0.0875991
-0.0803118
-0.0727452
-0.0649157
-0.0569085
-0.0491096
-0.0440103
-0.197065
-0.1948
-0.192421
-0.189969
-0.187568
-0.184987
-0.182307
-0.179676
-0.17683
-0.173926
-0.170985
-0.168001
-0.16475
-0.161481
-0.157919
-0.154322
-0.150397
-0.146436
-0.142264
-0.137697
-0.133019
-0.12797
-0.122689
-0.117226
-0.111448
-0.10518
-0.0987681
-0.092065
-0.0850339
-0.0775174
-0.0698728
-0.0619902
-0.053943
-0.0460987
-0.0408947
-0.212286
-0.209855
-0.207396
-0.204913
-0.202492
-0.200023
-0.197434
-0.194784
-0.192072
-0.189293
-0.186456
-0.183563
-0.180713
-0.177765
-0.174635
-0.171383
-0.168003
-0.164484
-0.16084
-0.157145
-0.153191
-0.149073
-0.144657
-0.139991
-0.135057
-0.129836
-0.124323
-0.118511
-0.112534
-0.106235
-0.0995155
-0.0924834
-0.0852385
-0.0782934
-0.0736132
-0.212151
-0.209737
-0.207384
-0.204988
-0.202484
-0.199924
-0.197312
-0.194641
-0.191921
-0.189158
-0.186445
-0.183653
-0.180702
-0.177649
-0.17449
-0.171211
-0.167814
-0.164297
-0.160766
-0.157057
-0.153068
-0.148861
-0.144423
-0.139732
-0.134782
-0.129568
-0.124207
-0.118533
-0.112442
-0.106013
-0.0992548
-0.0921827
-0.0849043
-0.0779399
-0.0732708
-0.212122
-0.20971
-0.207254
-0.204754
-0.202211
-0.199647
-0.197141
-0.194581
-0.191892
-0.18913
-0.186296
-0.183384
-0.180391
-0.177329
-0.174292
-0.171136
-0.167771
-0.164252
-0.160573
-0.156715
-0.152671
-0.148444
-0.144132
-0.139569
-0.13465
-0.129434
-0.123917
-0.118082
-0.111925
-0.105457
-0.0988127
-0.0918714
-0.084623
-0.0776504
-0.072778
-0.211843
-0.209512
-0.207074
-0.204587
-0.202052
-0.199466
-0.196843
-0.194185
-0.19158
-0.188909
-0.186094
-0.183193
-0.180205
-0.177119
-0.173941
-0.170668
-0.167395
-0.163974
-0.16031
-0.156462
-0.152416
-0.148157
-0.14367
-0.138959
-0.134124
-0.129003
-0.123489
-0.117654
-0.111491
-0.104993
-0.0981656
-0.0910463
-0.0838545
-0.0768837
-0.0720971
-0.211584
-0.209182
-0.206732
-0.204237
-0.201696
-0.199108
-0.196495
-0.193931
-0.191258
-0.188554
-0.18572
-0.182807
-0.17981
-0.176719
-0.173548
-0.170375
-0.167012
-0.163544
-0.159847
-0.155971
-0.1519
-0.147615
-0.143104
-0.138359
-0.133492
-0.128338
-0.122789
-0.116919
-0.110721
-0.104188
-0.0973243
-0.0901672
-0.0829351
-0.0759304
-0.0711255
-0.211076
-0.208638
-0.206185
-0.203788
-0.201298
-0.198792
-0.196176
-0.193503
-0.190766
-0.187962
-0.185097
-0.182179
-0.179294
-0.176252
-0.173142
-0.169846
-0.166411
-0.162825
-0.159076
-0.155158
-0.151066
-0.146902
-0.142499
-0.137752
-0.132723
-0.1274
-0.12177
-0.115822
-0.109553
-0.102972
-0.0962143
-0.0891614
-0.0818055
-0.0747398
-0.0698141
-0.210544
-0.208098
-0.205624
-0.203128
-0.200691
-0.198155
-0.1956
-0.192931
-0.190197
-0.187397
-0.184524
-0.181571
-0.178541
-0.175433
-0.172346
-0.169133
-0.165702
-0.162112
-0.158353
-0.15441
-0.150263
-0.145908
-0.141343
-0.136654
-0.131621
-0.126347
-0.120693
-0.114718
-0.108414
-0.101776
-0.0948086
-0.0875359
-0.0800605
-0.0729292
-0.0681704
-0.209932
-0.207519
-0.205061
-0.202558
-0.200011
-0.197414
-0.194766
-0.192059
-0.1893
-0.186484
-0.183618
-0.180791
-0.177812
-0.174772
-0.171555
-0.168208
-0.164722
-0.161083
-0.157274
-0.153284
-0.149098
-0.144713
-0.140221
-0.135401
-0.13035
-0.12493
-0.1192
-0.113152
-0.106778
-0.100071
-0.0930335
-0.0856929
-0.0781532
-0.070966
-0.0661742
-0.209029
-0.206606
-0.204144
-0.20164
-0.199091
-0.196493
-0.193844
-0.191136
-0.18837
-0.185539
-0.182639
-0.179665
-0.176625
-0.173609
-0.170413
-0.167128
-0.163633
-0.159978
-0.156148
-0.152128
-0.147898
-0.143441
-0.13874
-0.133771
-0.128524
-0.122983
-0.117135
-0.110991
-0.104675
-0.0979605
-0.0909816
-0.0836219
-0.076064
-0.0688278
-0.06381
-0.207859
-0.20545
-0.202998
-0.200505
-0.197969
-0.195386
-0.192698
-0.190062
-0.187311
-0.184492
-0.181596
-0.178616
-0.175543
-0.17237
-0.169082
-0.165666
-0.162108
-0.158392
-0.154502
-0.150419
-0.146121
-0.141594
-0.136816
-0.13177
-0.126439
-0.120807
-0.114865
-0.108625
-0.102215
-0.0954118
-0.0882717
-0.0809149
-0.0732894
-0.0659101
-0.0609509
-0.206391
-0.203914
-0.201354
-0.198817
-0.196258
-0.193664
-0.191024
-0.188329
-0.185577
-0.18276
-0.179868
-0.17689
-0.173815
-0.170631
-0.167329
-0.163888
-0.160295
-0.156534
-0.152595
-0.148457
-0.144101
-0.13951
-0.134663
-0.129544
-0.124136
-0.118425
-0.112401
-0.106057
-0.0993967
-0.0924184
-0.0851319
-0.0775646
-0.0698256
-0.0624519
-0.057362
-0.204525
-0.202046
-0.199589
-0.197116
-0.194602
-0.192036
-0.189331
-0.186514
-0.183701
-0.180852
-0.177941
-0.174949
-0.171858
-0.168655
-0.165321
-0.161837
-0.158101
-0.154124
-0.150043
-0.145785
-0.141319
-0.13662
-0.131671
-0.126451
-0.120944
-0.115137
-0.109018
-0.102581
-0.0958236
-0.088747
-0.0813645
-0.0737039
-0.0658777
-0.0584295
-0.0533087
-0.202307
-0.199811
-0.197397
-0.19494
-0.192296
-0.189726
-0.187117
-0.184426
-0.181497
-0.178634
-0.175718
-0.172709
-0.169572
-0.166131
-0.162703
-0.159168
-0.155482
-0.151603
-0.1475
-0.142973
-0.138375
-0.133561
-0.128507
-0.123187
-0.11758
-0.111671
-0.105448
-0.0988999
-0.0919332
-0.0845965
-0.0770417
-0.069245
-0.0613058
-0.0537913
-0.0486927
-0.199519
-0.197067
-0.194705
-0.192174
-0.189723
-0.187221
-0.184518
-0.181849
-0.178969
-0.176145
-0.173234
-0.170069
-0.166926
-0.163647
-0.160069
-0.156483
-0.152728
-0.148603
-0.144438
-0.140076
-0.135456
-0.130375
-0.1252
-0.119781
-0.114075
-0.108045
-0.101493
-0.0947973
-0.0878267
-0.0805607
-0.0729996
-0.0651523
-0.0569359
-0.0493027
-0.0442173
-0.197116
-0.194798
-0.192471
-0.19002
-0.187545
-0.185026
-0.182359
-0.179645
-0.176884
-0.174022
-0.171076
-0.167938
-0.164812
-0.161471
-0.15801
-0.154454
-0.150553
-0.146582
-0.14224
-0.137835
-0.133192
-0.128099
-0.122899
-0.11742
-0.11145
-0.105349
-0.0989675
-0.0922607
-0.0850519
-0.0777079
-0.0701022
-0.0622218
-0.0539797
-0.0462947
-0.0410985
)
;

boundaryField
{
    walls
    {
        type            zeroGradient;
    }
    procBoundary4to3
    {
        type            processor;
        value           nonuniform List<scalar> 
300
(
-0.182906
-0.182815
-0.182714
-0.18239
-0.18205
-0.181445
-0.180694
-0.179752
-0.178721
-0.177482
-0.17585
-0.17387
-0.171496
-0.168895
-0.166774
-0.187991
-0.187891
-0.187803
-0.18736
-0.186988
-0.186541
-0.185819
-0.184909
-0.183923
-0.182701
-0.18103
-0.179101
-0.176839
-0.174037
-0.171977
-0.192099
-0.192099
-0.192012
-0.192012
-0.191746
-0.191746
-0.191529
-0.191529
-0.191115
-0.191115
-0.190666
-0.190666
-0.190031
-0.190031
-0.189147
-0.189147
-0.188141
-0.188141
-0.187003
-0.187003
-0.185273
-0.185273
-0.183552
-0.183552
-0.181083
-0.181083
-0.178375
-0.178375
-0.176205
-0.176205
-0.197804
-0.19765
-0.197554
-0.197354
-0.196946
-0.196394
-0.19579
-0.195053
-0.194047
-0.192892
-0.191255
-0.189414
-0.186993
-0.184355
-0.182096
-0.200523
-0.200429
-0.200196
-0.199954
-0.19963
-0.199182
-0.198573
-0.197751
-0.196742
-0.195566
-0.19403
-0.192073
-0.189817
-0.187118
-0.184894
-0.202663
-0.202663
-0.202531
-0.202531
-0.202315
-0.202315
-0.202127
-0.202127
-0.201784
-0.201784
-0.201415
-0.201415
-0.200795
-0.200795
-0.199897
-0.199897
-0.198909
-0.198909
-0.197738
-0.197738
-0.196257
-0.196257
-0.194447
-0.194447
-0.191982
-0.191982
-0.189246
-0.189246
-0.186942
-0.186942
-0.206686
-0.206565
-0.206619
-0.206264
-0.205905
-0.205499
-0.204871
-0.20419
-0.203242
-0.202029
-0.200557
-0.198579
-0.196275
-0.193594
-0.191244
-0.208058
-0.208058
-0.208025
-0.208025
-0.208103
-0.208103
-0.207907
-0.207907
-0.207532
-0.207532
-0.20686
-0.20686
-0.206203
-0.206203
-0.205667
-0.205667
-0.204585
-0.204585
-0.203347
-0.203347
-0.201933
-0.201933
-0.200102
-0.200102
-0.197801
-0.197801
-0.194985
-0.194985
-0.192619
-0.192619
-0.211651
-0.21165
-0.211589
-0.211417
-0.211069
-0.210418
-0.209811
-0.209225
-0.208078
-0.206809
-0.205428
-0.203604
-0.201389
-0.198528
-0.196267
-0.212561
-0.212455
-0.212431
-0.21223
-0.211902
-0.211336
-0.210767
-0.210151
-0.209074
-0.207784
-0.206347
-0.204536
-0.202217
-0.199463
-0.197189
-0.213278
-0.213175
-0.213037
-0.212757
-0.212431
-0.212099
-0.211546
-0.210781
-0.20993
-0.208708
-0.207199
-0.205341
-0.202994
-0.200247
-0.197783
-0.213728
-0.213601
-0.213581
-0.213305
-0.21301
-0.21255
-0.211997
-0.211371
-0.210419
-0.209199
-0.207681
-0.205844
-0.203538
-0.200787
-0.198356
-0.21413
-0.214021
-0.213876
-0.213603
-0.213284
-0.212963
-0.21241
-0.211676
-0.210812
-0.209688
-0.208178
-0.20629
-0.203961
-0.201239
-0.198708
-0.214362
-0.214225
-0.21417
-0.213927
-0.213585
-0.213173
-0.212626
-0.211936
-0.211077
-0.209882
-0.208404
-0.206561
-0.204218
-0.201509
-0.199074
-0.214519
-0.214475
-0.214266
-0.214113
-0.213777
-0.213341
-0.212793
-0.21208
-0.211073
-0.209792
-0.208354
-0.206621
-0.204342
-0.201674
-0.199334
-0.214591
-0.214477
-0.214428
-0.214203
-0.213903
-0.213403
-0.212865
-0.212236
-0.211305
-0.210085
-0.208619
-0.206815
-0.204502
-0.201813
-0.199372
-0.214675
-0.214544
-0.214487
-0.214135
-0.213882
-0.213476
-0.212947
-0.21225
-0.211414
-0.210227
-0.208749
-0.206926
-0.204621
-0.201848
-0.199438
)
;
    }
    procBoundary4to5
    {
        type            processor;
        value           nonuniform List<scalar> 
480
(
-0.17447
-0.171871
-0.169203
-0.166529
-0.163586
-0.160687
-0.157653
-0.154289
-0.150919
-0.147394
-0.143648
-0.139561
-0.135347
-0.130934
-0.126298
-0.121425
-0.116416
-0.11105
-0.105373
-0.0994643
-0.0931796
-0.0865944
-0.0798315
-0.0727837
-0.0653314
-0.0575752
-0.0497715
-0.0415539
-0.0333163
-0.0249034
-0.0172852
-0.0130952
-0.174322
-0.171798
-0.169175
-0.166426
-0.163564
-0.160556
-0.157503
-0.154295
-0.150755
-0.147195
-0.143466
-0.13953
-0.135376
-0.130993
-0.126362
-0.121468
-0.116301
-0.110935
-0.105205
-0.099188
-0.0928765
-0.0863861
-0.0796163
-0.0724397
-0.0649664
-0.0574177
-0.0494507
-0.0413013
-0.0329884
-0.0245521
-0.0171205
-0.0130392
-0.174102
-0.171587
-0.168954
-0.166219
-0.163342
-0.160391
-0.15714
-0.153911
-0.150539
-0.146975
-0.143095
-0.139109
-0.134931
-0.130526
-0.125874
-0.120965
-0.115779
-0.110307
-0.104563
-0.0986722
-0.0924774
-0.0858823
-0.0789772
-0.0719049
-0.0645484
-0.0568081
-0.04898
-0.0407524
-0.0323016
-0.024062
-0.0165709
-0.0128086
-0.173791
-0.171319
-0.168597
-0.165784
-0.162978
-0.159988
-0.15681
-0.153568
-0.150156
-0.146441
-0.142637
-0.13867
-0.134427
-0.130017
-0.125351
-0.120496
-0.115303
-0.109819
-0.104037
-0.0979772
-0.0917579
-0.0852491
-0.0783304
-0.0711162
-0.0638191
-0.0560833
-0.0480453
-0.039966
-0.0315421
-0.0232256
-0.0159284
-0.0126213
-0.173322
-0.17084
-0.168166
-0.16528
-0.162458
-0.159513
-0.156249
-0.152984
-0.149552
-0.145813
-0.141997
-0.138008
-0.133802
-0.129361
-0.124664
-0.119705
-0.114478
-0.108963
-0.103146
-0.0970489
-0.0908024
-0.0842633
-0.0773136
-0.0700676
-0.0627428
-0.0549786
-0.0469129
-0.0388122
-0.0303798
-0.0221024
-0.0150283
-0.0124254
-0.172836
-0.170186
-0.167459
-0.164728
-0.161722
-0.158758
-0.155655
-0.152215
-0.14877
-0.145164
-0.141351
-0.137301
-0.132898
-0.128351
-0.12359
-0.118573
-0.113298
-0.107878
-0.102096
-0.09607
-0.0896675
-0.0829486
-0.0759273
-0.0688376
-0.0613009
-0.0534623
-0.0455546
-0.0372581
-0.028777
-0.0206758
-0.0139801
-0.0122414
-0.172142
-0.16948
-0.166748
-0.163942
-0.16098
-0.157966
-0.154641
-0.151333
-0.147884
-0.144228
-0.140242
-0.136136
-0.131827
-0.127287
-0.122495
-0.117441
-0.112108
-0.106488
-0.100579
-0.0943848
-0.0880445
-0.0814121
-0.0743714
-0.0670389
-0.0596311
-0.0517907
-0.043661
-0.0355078
-0.0270668
-0.0189023
-0.0131564
-0.0121674
-0.17115
-0.168533
-0.165828
-0.162986
-0.160018
-0.156894
-0.153688
-0.150171
-0.146651
-0.142965
-0.139043
-0.13478
-0.130384
-0.125775
-0.120917
-0.1158
-0.110404
-0.104721
-0.0987649
-0.0926561
-0.0862554
-0.0794605
-0.0723548
-0.0649598
-0.0574997
-0.0496138
-0.0414455
-0.0332708
-0.0248626
-0.0169602
-0.012591
-0.012091
-0.169962
-0.167329
-0.164489
-0.161698
-0.158622
-0.155548
-0.152226
-0.148779
-0.145238
-0.141489
-0.137421
-0.133225
-0.128753
-0.124107
-0.119201
-0.114025
-0.108576
-0.102912
-0.0968814
-0.0905659
-0.0839498
-0.0770456
-0.0699802
-0.0626484
-0.0549347
-0.0469389
-0.0388992
-0.0305364
-0.0221728
-0.0149456
-0.0122552
0
-0.16855
-0.165848
-0.163086
-0.160179
-0.15721
-0.153946
-0.150661
-0.147052
-0.143425
-0.1396
-0.135449
-0.131183
-0.126712
-0.121925
-0.116944
-0.111693
-0.106168
-0.10043
-0.0943231
-0.08792
-0.0812277
-0.0742361
-0.0669693
-0.0596415
-0.0518829
-0.0438358
-0.0355438
-0.0273502
-0.0192373
-0.0131448
-0.0121122
0
-0.166877
-0.164082
-0.161294
-0.158359
-0.155287
-0.152044
-0.148706
-0.145039
-0.141326
-0.137309
-0.133186
-0.128797
-0.124218
-0.119245
-0.11411
-0.108731
-0.103082
-0.0971504
-0.0909421
-0.0844556
-0.0778248
-0.0709204
-0.0636234
-0.0560364
-0.0481704
-0.0400461
-0.0319601
-0.0236804
-0.0160375
-0.0124158
0
0
-0.164844
-0.162
-0.159035
-0.156124
-0.152926
-0.149713
-0.146181
-0.142588
-0.138709
-0.134626
-0.130288
-0.125848
-0.121204
-0.116225
-0.111041
-0.105556
-0.0996654
-0.0935887
-0.0872539
-0.080656
-0.0739317
-0.0669482
-0.0595838
-0.0519383
-0.0440304
-0.0358848
-0.0277045
-0.0197617
-0.0134198
-0.0120713
0
0
-0.162371
-0.159521
-0.156583
-0.153448
-0.150321
-0.146877
-0.143298
-0.139559
-0.135586
-0.131417
-0.126984
-0.122445
-0.117624
-0.112599
-0.107178
-0.101592
-0.0957535
-0.0896431
-0.0832623
-0.0765994
-0.0696642
-0.0624533
-0.0549726
-0.0472371
-0.0392526
-0.0310782
-0.0231143
-0.0157144
-0.012323
0
0
0
-0.159644
-0.156828
-0.153797
-0.150607
-0.147247
-0.143774
-0.140174
-0.136361
-0.132358
-0.12812
-0.123655
-0.11892
-0.114046
-0.108843
-0.103338
-0.0976729
-0.0917619
-0.0855801
-0.079101
-0.0721364
-0.0650767
-0.0577774
-0.0502414
-0.0425916
-0.034753
-0.0266915
-0.0188713
-0.0130696
-0.0120504
0
0
0
-0.157302
-0.154385
-0.151336
-0.14822
-0.144994
-0.1415
-0.137846
-0.133912
-0.129881
-0.125619
-0.121127
-0.11637
-0.111371
-0.106098
-0.100663
-0.0948866
-0.0888162
-0.0825798
-0.0760968
-0.069338
-0.0622936
-0.054863
-0.0471649
-0.0393429
-0.031439
-0.0235214
-0.0161206
-0.0123898
0
0
0
0
)
;
    }
}


// ************************************************************************* //
