/*--------------------------------*- C++ -*----------------------------------*\
| =========                 |                                                 |
| \\      /  F ield         | OpenFOAM: The Open Source CFD Toolbox           |
|  \\    /   O peration     | Version:  2312                                  |
|   \\  /    A nd           | Website:  www.openfoam.com                      |
|    \\/     M anipulation  |                                                 |
\*---------------------------------------------------------------------------*/
FoamFile
{
    version     2.0;
    format      ascii;
    arch        "LSB;label=32;scalar=64";
    class       surfaceScalarField;
    location    "0";
    object      alphaRadiansf;
}
// * * * * * * * * * * * * * * * * * * * * * * * * * * * * * * * * * * * * * //

dimensions      [0 0 0 0 0 0 0];

internalField   nonuniform List<scalar> 
8424
(
-0.724233
-0.724233
-0.402325
-0.750511
-0.724233
-0.402324
-0.750511
-0.724233
-0.402325
-0.750513
-0.724231
-0.402323
-0.750511
-0.724231
-0.402322
-0.750509
-0.724233
-0.402323
-0.75051
-0.724234
-0.402327
-0.750513
-0.724234
-0.402325
-0.750512
-0.724234
-0.402325
-0.750513
-0.724234
-0.402325
-0.750513
-0.724234
-0.402325
-0.750512
-0.724233
-0.402327
-0.750513
-0.724231
-0.402323
-0.75051
-0.724231
-0.402322
-0.750509
-0.724233
-0.402323
-0.750511
-0.724233
-0.402325
-0.750513
-0.724233
-0.402324
-0.750511
-0.724233
-0.402325
-0.750511
-0.724233
-0.402325
-0.750511
-0.724233
-0.402324
-0.750511
-0.724233
-0.402325
-0.750513
-0.724231
-0.402323
-0.750511
-0.724231
-0.402322
-0.750509
-0.724233
-0.402323
-0.75051
-0.724234
-0.402327
-0.750513
-0.724234
-0.402325
-0.750512
-0.724234
-0.402325
-0.750513
-0.724234
-0.402325
-0.750513
-0.724234
-0.402325
-0.750512
-0.724233
-0.402327
-0.750513
-0.724231
-0.402323
-0.75051
-0.724231
-0.402322
-0.750509
-0.724233
-0.402323
-0.750511
-0.724233
-0.402325
-0.750513
-0.724233
-0.402324
-0.750511
-0.724233
-0.402325
-0.750511
-0.724233
-0.402325
-0.750511
-0.724233
-0.402324
-0.750511
-0.724233
-0.402325
-0.750513
-0.724231
-0.402323
-0.750511
-0.724231
-0.402322
-0.750509
-0.724233
-0.402323
-0.75051
-0.724234
-0.402327
-0.750513
-0.724234
-0.402325
-0.750512
-0.724234
-0.402325
-0.750513
-0.724234
-0.402325
-0.750513
-0.724234
-0.402325
-0.750512
-0.724233
-0.402327
-0.750513
-0.724231
-0.402323
-0.75051
-0.724231
-0.402322
-0.750509
-0.724233
-0.402323
-0.750511
-0.724233
-0.402325
-0.750513
-0.724233
-0.402324
-0.750511
-0.724233
-0.402325
-0.750511
-0.724233
-0.402325
-0.750511
-0.724233
-0.402324
-0.750511
-0.724233
-0.402325
-0.750513
-0.724231
-0.402323
-0.750511
-0.724231
-0.402322
-0.750509
-0.724233
-0.402323
-0.75051
-0.724234
-0.402327
-0.750513
-0.724234
-0.402325
-0.750512
-0.724234
-0.402325
-0.750513
-0.724234
-0.402325
-0.750513
-0.724234
-0.402325
-0.750512
-0.724233
-0.402327
-0.750513
-0.724231
-0.402323
-0.75051
-0.724231
-0.402322
-0.750509
-0.724233
-0.402323
-0.750511
-0.724233
-0.402325
-0.750513
-0.724233
-0.402324
-0.750511
-0.402325
-0.750511
-0.0927225
-0.0927225
0.273874
-0.107794
-0.0927225
0.273874
-0.107794
-0.0927215
0.273874
-0.107795
-0.0927201
0.273876
-0.107793
-0.09272
0.273877
-0.107792
-0.0927213
0.273876
-0.107793
-0.0927224
0.273875
-0.107794
-0.0927231
0.273874
-0.107795
-0.0927237
0.273873
-0.107795
-0.0927231
0.273873
-0.107795
-0.0927224
0.273874
-0.107795
-0.0927213
0.273875
-0.107794
-0.09272
0.273876
-0.107793
-0.0927201
0.273877
-0.107792
-0.0927215
0.273876
-0.107793
-0.0927225
0.273874
-0.107795
-0.0927225
0.273874
-0.107794
-0.0927225
0.273874
-0.107794
-0.0927225
0.273874
-0.107794
-0.0927224
0.273874
-0.107794
-0.0927215
0.273874
-0.107795
-0.0927201
0.273876
-0.107793
-0.09272
0.273877
-0.107792
-0.0927213
0.273876
-0.107793
-0.0927224
0.273875
-0.107794
-0.0927231
0.273874
-0.107795
-0.0927237
0.273873
-0.107795
-0.0927231
0.273873
-0.107795
-0.0927224
0.273874
-0.107795
-0.0927213
0.273875
-0.107794
-0.09272
0.273876
-0.107793
-0.0927201
0.273877
-0.107792
-0.0927215
0.273876
-0.107793
-0.0927224
0.273874
-0.107795
-0.0927225
0.273874
-0.107794
-0.0927225
0.273874
-0.107794
-0.0927225
0.273874
-0.107794
-0.0927224
0.273874
-0.107794
-0.0927215
0.273874
-0.107795
-0.0927201
0.273876
-0.107793
-0.09272
0.273877
-0.107792
-0.0927213
0.273876
-0.107793
-0.0927224
0.273875
-0.107794
-0.0927231
0.273874
-0.107795
-0.0927237
0.273873
-0.107795
-0.0927231
0.273873
-0.107795
-0.0927224
0.273874
-0.107795
-0.0927213
0.273875
-0.107794
-0.09272
0.273876
-0.107793
-0.0927201
0.273877
-0.107792
-0.0927215
0.273876
-0.107793
-0.0927224
0.273874
-0.107795
-0.0927225
0.273874
-0.107794
-0.0927225
0.273874
-0.107794
-0.0927225
0.273874
-0.107794
-0.0927225
0.273874
-0.107794
-0.0927215
0.273874
-0.107795
-0.0927201
0.273876
-0.107793
-0.09272
0.273877
-0.107792
-0.0927213
0.273876
-0.107793
-0.0927224
0.273875
-0.107794
-0.0927231
0.273874
-0.107795
-0.0927237
0.273873
-0.107795
-0.0927231
0.273873
-0.107795
-0.0927224
0.273874
-0.107795
-0.0927213
0.273875
-0.107794
-0.09272
0.273876
-0.107793
-0.0927201
0.273877
-0.107792
-0.0927215
0.273876
-0.107793
-0.0927224
0.273874
-0.107795
-0.0927225
0.273874
-0.107794
0.273874
-0.107794
0.624575
0.624575
0.619078
0.624576
0.619078
0.624576
0.619079
0.624576
0.619078
0.624577
0.619079
0.624577
0.619079
0.624577
0.619079
0.624575
0.619079
0.624575
0.619078
0.624575
0.619078
0.624577
0.619079
0.624577
0.619079
0.624577
0.619079
0.624576
0.619079
0.624576
0.619078
0.624576
0.619079
0.624575
0.619078
0.624575
0.619078
0.624575
0.619078
0.624576
0.619078
0.624576
0.619079
0.624576
0.619078
0.624577
0.619079
0.624577
0.619079
0.624577
0.619079
0.624575
0.619079
0.624575
0.619078
0.624575
0.619078
0.624577
0.619079
0.624577
0.619079
0.624577
0.619079
0.624576
0.619079
0.624576
0.619078
0.624576
0.619079
0.624575
0.619078
0.624575
0.619078
0.624575
0.619078
0.624576
0.619078
0.624576
0.619079
0.624576
0.619078
0.624577
0.619079
0.624577
0.619079
0.624577
0.619079
0.624575
0.619079
0.624575
0.619078
0.624575
0.619078
0.624577
0.619079
0.624577
0.619079
0.624577
0.619079
0.624576
0.619079
0.624576
0.619078
0.624576
0.619079
0.624575
0.619078
0.624575
0.619078
0.624575
0.619078
0.624576
0.619078
0.624576
0.619079
0.624576
0.619078
0.624577
0.619079
0.624577
0.619079
0.624577
0.619079
0.624575
0.619079
0.624575
0.619078
0.624575
0.619078
0.624577
0.619079
0.624577
0.619079
0.624577
0.619079
0.624576
0.619079
0.624576
0.619078
0.624576
0.619079
0.624575
0.619078
0.619078
-0.77695
-0.776949
-0.442705
-0.777092
-0.776951
-0.442706
-0.777095
-0.776951
-0.442708
-0.777095
-0.776949
-0.442705
-0.777093
-0.776949
-0.442703
-0.777093
-0.77695
-0.442705
-0.777093
-0.776951
-0.442707
-0.777095
-0.776952
-0.442706
-0.777094
-0.776952
-0.442706
-0.777094
-0.776952
-0.442706
-0.777094
-0.776951
-0.442706
-0.777094
-0.77695
-0.442707
-0.777095
-0.776949
-0.442705
-0.777093
-0.776949
-0.442703
-0.777093
-0.776951
-0.442706
-0.777093
-0.776951
-0.442708
-0.777095
-0.77695
-0.442706
-0.777095
-0.776949
-0.442705
-0.777092
-0.77695
-0.442705
-0.777092
-0.776951
-0.442706
-0.777095
-0.776951
-0.442708
-0.777095
-0.776949
-0.442706
-0.777093
-0.776949
-0.442703
-0.777093
-0.77695
-0.442705
-0.777093
-0.776951
-0.442707
-0.777095
-0.776952
-0.442706
-0.777094
-0.776952
-0.442706
-0.777094
-0.776952
-0.442706
-0.777094
-0.776951
-0.442706
-0.777094
-0.77695
-0.442707
-0.777095
-0.776949
-0.442705
-0.777093
-0.776949
-0.442703
-0.777093
-0.776951
-0.442706
-0.777093
-0.776951
-0.442708
-0.777095
-0.77695
-0.442706
-0.777095
-0.776949
-0.442705
-0.777092
-0.77695
-0.442705
-0.777092
-0.776951
-0.442706
-0.777095
-0.776951
-0.442708
-0.777095
-0.776949
-0.442706
-0.777093
-0.776949
-0.442703
-0.777093
-0.77695
-0.442705
-0.777093
-0.776951
-0.442707
-0.777095
-0.776952
-0.442706
-0.777094
-0.776952
-0.442706
-0.777094
-0.776952
-0.442706
-0.777094
-0.776951
-0.442706
-0.777094
-0.77695
-0.442707
-0.777095
-0.776949
-0.442705
-0.777093
-0.776949
-0.442703
-0.777093
-0.776951
-0.442706
-0.777093
-0.776951
-0.442708
-0.777095
-0.77695
-0.442706
-0.777095
-0.776949
-0.442705
-0.777092
-0.77695
-0.442705
-0.777092
-0.776951
-0.442706
-0.777095
-0.776951
-0.442708
-0.777095
-0.776949
-0.442706
-0.777093
-0.776949
-0.442703
-0.777093
-0.77695
-0.442705
-0.777093
-0.776951
-0.442707
-0.777095
-0.776952
-0.442706
-0.777094
-0.776952
-0.442706
-0.777094
-0.776952
-0.442706
-0.777094
-0.776951
-0.442706
-0.777094
-0.77695
-0.442707
-0.777095
-0.776949
-0.442705
-0.777093
-0.776949
-0.442703
-0.777093
-0.776951
-0.442705
-0.777093
-0.776951
-0.442708
-0.777095
-0.77695
-0.442706
-0.777095
-0.442705
-0.777092
-0.122824
-0.122824
0.254423
-0.12555
-0.122825
0.254423
-0.12555
-0.122825
0.254423
-0.125551
-0.122823
0.254423
-0.12555
-0.122823
0.254424
-0.125549
-0.122824
0.254425
-0.12555
-0.122824
0.254426
-0.12555
-0.122825
0.254425
-0.12555
-0.122824
0.254423
-0.125549
-0.122825
0.254423
-0.125549
-0.122824
0.254425
-0.12555
-0.122824
0.254426
-0.12555
-0.122823
0.254425
-0.12555
-0.122823
0.254424
-0.125549
-0.122825
0.254423
-0.12555
-0.122825
0.254423
-0.125551
-0.122824
0.254423
-0.12555
-0.122824
0.254423
-0.12555
-0.122824
0.254423
-0.12555
-0.122825
0.254423
-0.12555
-0.122825
0.254423
-0.125551
-0.122823
0.254423
-0.12555
-0.122823
0.254424
-0.125549
-0.122824
0.254425
-0.12555
-0.122824
0.254426
-0.12555
-0.122825
0.254425
-0.12555
-0.122824
0.254423
-0.125549
-0.122825
0.254423
-0.125549
-0.122824
0.254425
-0.12555
-0.122824
0.254426
-0.12555
-0.122823
0.254425
-0.12555
-0.122823
0.254424
-0.125549
-0.122825
0.254423
-0.12555
-0.122825
0.254423
-0.125551
-0.122824
0.254423
-0.12555
-0.122824
0.254423
-0.12555
-0.122824
0.254423
-0.12555
-0.122825
0.254423
-0.12555
-0.122825
0.254423
-0.125551
-0.122823
0.254423
-0.12555
-0.122823
0.254424
-0.125549
-0.122824
0.254425
-0.12555
-0.122824
0.254426
-0.12555
-0.122825
0.254425
-0.12555
-0.122824
0.254423
-0.125549
-0.122825
0.254423
-0.125549
-0.122824
0.254425
-0.12555
-0.122824
0.254426
-0.12555
-0.122823
0.254425
-0.12555
-0.122823
0.254424
-0.125549
-0.122825
0.254423
-0.12555
-0.122825
0.254423
-0.125551
-0.122824
0.254423
-0.12555
-0.122824
0.254423
-0.12555
-0.122824
0.254423
-0.12555
-0.122825
0.254423
-0.12555
-0.122825
0.254423
-0.125551
-0.122823
0.254423
-0.12555
-0.122823
0.254424
-0.125549
-0.122824
0.254425
-0.12555
-0.122824
0.254426
-0.12555
-0.122825
0.254425
-0.12555
-0.122824
0.254423
-0.125549
-0.122825
0.254423
-0.125549
-0.122824
0.254425
-0.12555
-0.122824
0.254426
-0.12555
-0.122823
0.254425
-0.12555
-0.122823
0.254424
-0.125549
-0.122825
0.254423
-0.12555
-0.122825
0.254423
-0.125551
-0.122824
0.254423
-0.12555
0.254423
-0.12555
0.613642
0.613642
0.611353
0.613642
0.611353
0.613642
0.611354
0.613641
0.611352
0.613642
0.611352
0.613643
0.611353
0.613643
0.611353
0.613643
0.611354
0.613642
0.611352
0.613643
0.611352
0.613643
0.611354
0.613643
0.611353
0.613642
0.611353
0.613641
0.611352
0.613642
0.611352
0.613642
0.611354
0.613642
0.611353
0.613642
0.611353
0.613642
0.611353
0.613642
0.611353
0.613642
0.611354
0.613641
0.611352
0.613642
0.611352
0.613643
0.611353
0.613643
0.611353
0.613643
0.611354
0.613642
0.611352
0.613643
0.611352
0.613643
0.611354
0.613643
0.611353
0.613642
0.611353
0.613641
0.611352
0.613642
0.611352
0.613642
0.611354
0.613642
0.611353
0.613642
0.611353
0.613642
0.611353
0.613642
0.611353
0.613642
0.611354
0.613641
0.611352
0.613642
0.611352
0.613643
0.611353
0.613643
0.611353
0.613643
0.611354
0.613642
0.611352
0.613643
0.611352
0.613643
0.611354
0.613643
0.611353
0.613642
0.611353
0.613641
0.611352
0.613642
0.611352
0.613642
0.611354
0.613642
0.611353
0.613642
0.611353
0.613642
0.611353
0.613642
0.611353
0.613642
0.611354
0.613641
0.611352
0.613642
0.611352
0.613643
0.611353
0.613643
0.611353
0.613643
0.611354
0.613642
0.611352
0.613643
0.611352
0.613643
0.611354
0.613643
0.611353
0.613642
0.611353
0.613641
0.611352
0.613642
0.611352
0.613642
0.611354
0.613642
0.611353
0.611353
-0.777238
-0.777236
-0.444874
-0.774973
-0.777239
-0.444877
-0.774976
-0.777238
-0.444877
-0.774974
-0.777237
-0.444875
-0.774973
-0.777237
-0.444875
-0.774975
-0.777239
-0.444877
-0.774973
-0.777239
-0.444877
-0.774974
-0.777237
-0.444875
-0.774973
-0.777236
-0.444873
-0.774972
-0.777237
-0.444873
-0.774972
-0.777239
-0.444875
-0.774973
-0.777239
-0.444877
-0.774974
-0.777237
-0.444877
-0.774973
-0.777237
-0.444875
-0.774975
-0.777238
-0.444875
-0.774973
-0.777239
-0.444877
-0.774974
-0.777238
-0.444877
-0.774976
-0.777236
-0.444874
-0.774973
-0.777238
-0.444874
-0.774973
-0.777239
-0.444877
-0.774976
-0.777238
-0.444877
-0.774974
-0.777237
-0.444875
-0.774973
-0.777237
-0.444875
-0.774975
-0.777239
-0.444877
-0.774973
-0.777239
-0.444877
-0.774974
-0.777237
-0.444875
-0.774973
-0.777236
-0.444873
-0.774972
-0.777237
-0.444873
-0.774972
-0.777239
-0.444875
-0.774973
-0.777239
-0.444877
-0.774974
-0.777237
-0.444877
-0.774973
-0.777237
-0.444875
-0.774975
-0.777238
-0.444875
-0.774973
-0.777239
-0.444877
-0.774974
-0.777238
-0.444877
-0.774976
-0.777236
-0.444874
-0.774973
-0.777238
-0.444874
-0.774973
-0.777239
-0.444877
-0.774976
-0.777238
-0.444877
-0.774974
-0.777237
-0.444875
-0.774973
-0.777237
-0.444875
-0.774975
-0.777239
-0.444877
-0.774973
-0.777239
-0.444877
-0.774974
-0.777237
-0.444875
-0.774973
-0.777236
-0.444873
-0.774972
-0.777237
-0.444873
-0.774972
-0.777239
-0.444875
-0.774973
-0.777239
-0.444877
-0.774974
-0.777237
-0.444877
-0.774973
-0.777237
-0.444875
-0.774975
-0.777238
-0.444875
-0.774973
-0.777239
-0.444877
-0.774974
-0.777238
-0.444877
-0.774976
-0.777236
-0.444874
-0.774973
-0.777238
-0.444874
-0.774973
-0.777239
-0.444877
-0.774976
-0.777238
-0.444877
-0.774974
-0.777237
-0.444875
-0.774973
-0.777237
-0.444875
-0.774975
-0.777239
-0.444877
-0.774973
-0.777239
-0.444877
-0.774974
-0.777237
-0.444875
-0.774973
-0.777236
-0.444873
-0.774972
-0.777237
-0.444873
-0.774972
-0.777239
-0.444875
-0.774973
-0.777239
-0.444877
-0.774974
-0.777237
-0.444877
-0.774973
-0.777237
-0.444875
-0.774975
-0.777238
-0.444875
-0.774973
-0.777239
-0.444877
-0.774974
-0.777238
-0.444877
-0.774976
-0.444874
-0.774973
-0.128252
-0.128252
0.250275
-0.129207
-0.128253
0.250276
-0.129208
-0.128253
0.250276
-0.129208
-0.128252
0.250276
-0.129207
-0.128252
0.250275
-0.129207
-0.128252
0.250276
-0.129207
-0.128252
0.250276
-0.129207
-0.128251
0.250276
-0.129207
-0.12825
0.250276
-0.129206
-0.128251
0.250276
-0.129206
-0.128252
0.250276
-0.129207
-0.128252
0.250276
-0.129207
-0.128252
0.250276
-0.129207
-0.128252
0.250275
-0.129207
-0.128253
0.250276
-0.129207
-0.128253
0.250276
-0.129208
-0.128252
0.250276
-0.129208
-0.128252
0.250275
-0.129207
-0.128252
0.250275
-0.129207
-0.128253
0.250276
-0.129208
-0.128253
0.250276
-0.129208
-0.128252
0.250276
-0.129207
-0.128252
0.250275
-0.129207
-0.128252
0.250276
-0.129207
-0.128252
0.250276
-0.129207
-0.128251
0.250276
-0.129207
-0.12825
0.250276
-0.129206
-0.128251
0.250276
-0.129206
-0.128252
0.250276
-0.129207
-0.128252
0.250276
-0.129207
-0.128252
0.250276
-0.129207
-0.128252
0.250275
-0.129207
-0.128253
0.250276
-0.129207
-0.128253
0.250276
-0.129208
-0.128252
0.250276
-0.129208
-0.128252
0.250275
-0.129207
-0.128252
0.250275
-0.129207
-0.128253
0.250276
-0.129208
-0.128253
0.250276
-0.129208
-0.128252
0.250276
-0.129207
-0.128252
0.250275
-0.129207
-0.128252
0.250276
-0.129207
-0.128252
0.250276
-0.129207
-0.128251
0.250276
-0.129207
-0.12825
0.250276
-0.129206
-0.128251
0.250276
-0.129206
-0.128252
0.250276
-0.129207
-0.128252
0.250276
-0.129207
-0.128252
0.250276
-0.129207
-0.128252
0.250275
-0.129207
-0.128253
0.250276
-0.129207
-0.128253
0.250276
-0.129208
-0.128252
0.250276
-0.129208
-0.128252
0.250275
-0.129207
-0.128252
0.250275
-0.129207
-0.128253
0.250276
-0.129208
-0.128253
0.250276
-0.129208
-0.128252
0.250276
-0.129207
-0.128252
0.250275
-0.129207
-0.128252
0.250276
-0.129207
-0.128252
0.250276
-0.129207
-0.128251
0.250276
-0.129207
-0.12825
0.250276
-0.129206
-0.128251
0.250276
-0.129206
-0.128252
0.250276
-0.129207
-0.128252
0.250276
-0.129207
-0.128252
0.250276
-0.129207
-0.128252
0.250275
-0.129207
-0.128253
0.250276
-0.129207
-0.128253
0.250276
-0.129208
-0.128252
0.250276
-0.129208
0.250275
-0.129207
0.609104
0.609103
0.60738
0.609104
0.60738
0.609103
0.60738
0.609102
0.607379
0.609103
0.607379
0.609103
0.607379
0.609103
0.607379
0.609103
0.60738
0.609103
0.607379
0.609103
0.607379
0.609103
0.60738
0.609103
0.607379
0.609103
0.607379
0.609102
0.607379
0.609103
0.607379
0.609104
0.60738
0.609104
0.60738
0.609103
0.60738
0.609104
0.60738
0.609104
0.60738
0.609103
0.60738
0.609102
0.607379
0.609103
0.607379
0.609103
0.607379
0.609103
0.607379
0.609103
0.60738
0.609103
0.607379
0.609103
0.607379
0.609103
0.60738
0.609103
0.607379
0.609103
0.607379
0.609102
0.607379
0.609103
0.607379
0.609104
0.60738
0.609104
0.60738
0.609103
0.60738
0.609104
0.60738
0.609104
0.60738
0.609103
0.60738
0.609102
0.607379
0.609103
0.607379
0.609103
0.607379
0.609103
0.607379
0.609103
0.60738
0.609103
0.607379
0.609103
0.607379
0.609103
0.60738
0.609103
0.607379
0.609103
0.607379
0.609102
0.607379
0.609103
0.607379
0.609104
0.60738
0.609104
0.60738
0.609103
0.60738
0.609104
0.60738
0.609104
0.60738
0.609103
0.60738
0.609102
0.607379
0.609103
0.607379
0.609103
0.607379
0.609103
0.607379
0.609103
0.60738
0.609103
0.607379
0.609103
0.607379
0.609103
0.60738
0.609103
0.607379
0.609103
0.607379
0.609102
0.607379
0.609103
0.607379
0.609104
0.60738
0.609104
0.60738
0.60738
-0.772722
-0.772721
-0.442968
-0.770601
-0.772722
-0.44297
-0.770603
-0.77272
-0.442968
-0.7706
-0.772721
-0.442968
-0.770599
-0.772721
-0.44297
-0.770603
-0.772719
-0.442967
-0.770599
-0.77272
-0.442967
-0.770599
-0.77272
-0.442967
-0.770599
-0.772721
-0.442967
-0.770602
-0.77272
-0.442967
-0.770602
-0.77272
-0.442968
-0.770599
-0.772719
-0.442967
-0.770599
-0.772721
-0.442967
-0.770599
-0.772721
-0.44297
-0.770603
-0.77272
-0.442968
-0.770599
-0.772722
-0.442968
-0.7706
-0.772722
-0.44297
-0.770603
-0.772721
-0.442968
-0.770601
-0.772722
-0.442968
-0.770601
-0.772722
-0.44297
-0.770603
-0.77272
-0.442968
-0.7706
-0.772721
-0.442968
-0.770599
-0.772721
-0.44297
-0.770603
-0.772719
-0.442967
-0.770599
-0.77272
-0.442967
-0.770599
-0.77272
-0.442968
-0.770599
-0.772721
-0.442967
-0.770602
-0.77272
-0.442967
-0.770602
-0.77272
-0.442968
-0.770599
-0.772719
-0.442967
-0.770599
-0.772721
-0.442967
-0.770599
-0.772721
-0.44297
-0.770603
-0.77272
-0.442968
-0.770599
-0.772722
-0.442968
-0.7706
-0.772722
-0.44297
-0.770603
-0.772721
-0.442968
-0.770601
-0.772722
-0.442968
-0.770601
-0.772722
-0.44297
-0.770603
-0.77272
-0.442968
-0.7706
-0.772721
-0.442968
-0.770599
-0.772721
-0.44297
-0.770603
-0.772719
-0.442967
-0.770599
-0.77272
-0.442967
-0.770599
-0.77272
-0.442968
-0.770599
-0.772721
-0.442967
-0.770602
-0.77272
-0.442967
-0.770602
-0.77272
-0.442968
-0.770599
-0.772719
-0.442967
-0.770599
-0.772721
-0.442967
-0.770599
-0.772721
-0.44297
-0.770603
-0.77272
-0.442968
-0.770599
-0.772722
-0.442968
-0.7706
-0.772722
-0.44297
-0.770603
-0.772721
-0.442968
-0.770601
-0.772722
-0.442968
-0.770601
-0.772722
-0.44297
-0.770603
-0.77272
-0.442968
-0.7706
-0.772721
-0.442968
-0.770599
-0.772721
-0.44297
-0.770603
-0.772719
-0.442967
-0.770599
-0.77272
-0.442967
-0.770599
-0.77272
-0.442968
-0.770599
-0.772721
-0.442967
-0.770602
-0.77272
-0.442967
-0.770602
-0.77272
-0.442967
-0.770599
-0.772719
-0.442967
-0.770599
-0.772721
-0.442967
-0.770599
-0.772721
-0.44297
-0.770603
-0.77272
-0.442968
-0.770599
-0.772722
-0.442968
-0.7706
-0.772722
-0.44297
-0.770603
-0.442968
-0.770601
-0.13015
-0.130149
0.24838
-0.131459
-0.13015
0.248381
-0.131459
-0.13015
0.248381
-0.131459
-0.13015
0.248381
-0.131458
-0.130149
0.24838
-0.131459
-0.130148
0.248381
-0.131457
-0.130149
0.24838
-0.131457
-0.130149
0.24838
-0.131458
-0.130149
0.248379
-0.131459
-0.130149
0.248379
-0.131459
-0.130149
0.24838
-0.131458
-0.130148
0.24838
-0.131457
-0.130149
0.248381
-0.131457
-0.13015
0.24838
-0.131459
-0.13015
0.248381
-0.131458
-0.13015
0.248381
-0.131459
-0.13015
0.248381
-0.131459
-0.130149
0.24838
-0.131459
-0.13015
0.24838
-0.131459
-0.13015
0.248381
-0.131459
-0.13015
0.248381
-0.131459
-0.13015
0.248381
-0.131458
-0.130149
0.24838
-0.131459
-0.130148
0.248381
-0.131457
-0.130149
0.24838
-0.131457
-0.130149
0.24838
-0.131458
-0.130149
0.248379
-0.131459
-0.130149
0.248379
-0.131459
-0.130149
0.24838
-0.131458
-0.130148
0.24838
-0.131457
-0.130149
0.248381
-0.131457
-0.13015
0.24838
-0.131459
-0.13015
0.248381
-0.131458
-0.13015
0.248381
-0.131459
-0.13015
0.248381
-0.131459
-0.130149
0.24838
-0.131459
-0.13015
0.24838
-0.131459
-0.13015
0.248381
-0.131459
-0.13015
0.248381
-0.131459
-0.13015
0.248381
-0.131458
-0.130149
0.24838
-0.131459
-0.130148
0.248381
-0.131457
-0.130149
0.24838
-0.131457
-0.130149
0.24838
-0.131458
-0.130149
0.248379
-0.131459
-0.130149
0.248379
-0.131459
-0.130149
0.24838
-0.131458
-0.130148
0.24838
-0.131457
-0.130149
0.248381
-0.131457
-0.13015
0.24838
-0.131459
-0.13015
0.248381
-0.131458
-0.13015
0.248381
-0.131459
-0.13015
0.248381
-0.131459
-0.130149
0.24838
-0.131459
-0.13015
0.24838
-0.131459
-0.13015
0.248381
-0.131459
-0.13015
0.248381
-0.131459
-0.13015
0.248381
-0.131458
-0.130149
0.24838
-0.131459
-0.130148
0.248381
-0.131457
-0.130149
0.24838
-0.131457
-0.130149
0.24838
-0.131458
-0.130149
0.248379
-0.131459
-0.130149
0.248379
-0.131459
-0.130149
0.24838
-0.131458
-0.130148
0.24838
-0.131457
-0.130149
0.248381
-0.131457
-0.13015
0.24838
-0.131459
-0.13015
0.248381
-0.131458
-0.13015
0.248381
-0.131459
-0.13015
0.248381
-0.131459
0.24838
-0.131459
0.605695
0.605694
0.603716
0.605695
0.603716
0.605694
0.603717
0.605695
0.603717
0.605694
0.603717
0.605694
0.603715
0.605694
0.603716
0.605694
0.603717
0.605693
0.603716
0.605694
0.603716
0.605694
0.603717
0.605694
0.603716
0.605694
0.603715
0.605695
0.603717
0.605694
0.603717
0.605695
0.603717
0.605695
0.603716
0.605694
0.603716
0.605695
0.603716
0.605695
0.603716
0.605694
0.603717
0.605695
0.603717
0.605694
0.603717
0.605694
0.603715
0.605694
0.603716
0.605694
0.603717
0.605693
0.603716
0.605694
0.603716
0.605694
0.603717
0.605694
0.603716
0.605694
0.603715
0.605695
0.603717
0.605694
0.603717
0.605695
0.603717
0.605695
0.603716
0.605694
0.603716
0.605695
0.603716
0.605695
0.603716
0.605694
0.603717
0.605695
0.603717
0.605694
0.603717
0.605694
0.603715
0.605694
0.603716
0.605694
0.603717
0.605693
0.603716
0.605694
0.603716
0.605694
0.603717
0.605694
0.603716
0.605694
0.603715
0.605695
0.603717
0.605694
0.603717
0.605695
0.603717
0.605695
0.603716
0.605694
0.603716
0.605695
0.603716
0.605695
0.603716
0.605694
0.603717
0.605695
0.603717
0.605694
0.603717
0.605694
0.603715
0.605694
0.603716
0.605694
0.603717
0.605693
0.603716
0.605694
0.603716
0.605694
0.603717
0.605694
0.603716
0.605694
0.603715
0.605695
0.603717
0.605694
0.603717
0.605695
0.603717
0.605695
0.603716
0.603716
-0.768502
-0.768501
-0.441643
-0.766858
-0.768502
-0.441644
-0.76686
-0.7685
-0.441642
-0.766858
-0.768501
-0.441642
-0.766858
-0.768501
-0.441644
-0.76686
-0.768498
-0.441641
-0.766857
-0.768498
-0.44164
-0.766856
-0.768501
-0.441641
-0.766856
-0.768503
-0.441644
-0.76686
-0.768501
-0.441644
-0.76686
-0.768498
-0.441641
-0.766856
-0.768498
-0.44164
-0.766856
-0.768501
-0.441641
-0.766857
-0.768501
-0.441644
-0.76686
-0.7685
-0.441642
-0.766858
-0.768502
-0.441642
-0.766858
-0.768502
-0.441644
-0.76686
-0.768501
-0.441643
-0.766858
-0.768502
-0.441643
-0.766858
-0.768502
-0.441644
-0.76686
-0.7685
-0.441642
-0.766858
-0.768501
-0.441642
-0.766858
-0.768501
-0.441644
-0.76686
-0.768498
-0.441641
-0.766857
-0.768498
-0.44164
-0.766856
-0.768501
-0.441641
-0.766856
-0.768503
-0.441644
-0.76686
-0.768501
-0.441644
-0.76686
-0.768498
-0.441641
-0.766856
-0.768498
-0.44164
-0.766856
-0.768501
-0.441641
-0.766857
-0.768501
-0.441644
-0.76686
-0.7685
-0.441642
-0.766858
-0.768502
-0.441642
-0.766858
-0.768502
-0.441644
-0.76686
-0.768501
-0.441643
-0.766858
-0.768502
-0.441643
-0.766858
-0.768502
-0.441644
-0.76686
-0.7685
-0.441642
-0.766858
-0.768501
-0.441642
-0.766858
-0.768501
-0.441644
-0.76686
-0.768498
-0.441641
-0.766857
-0.768498
-0.44164
-0.766856
-0.768501
-0.441641
-0.766856
-0.768503
-0.441644
-0.76686
-0.768501
-0.441644
-0.76686
-0.768498
-0.441641
-0.766856
-0.768498
-0.44164
-0.766856
-0.768501
-0.441641
-0.766857
-0.768501
-0.441644
-0.76686
-0.7685
-0.441642
-0.766858
-0.768502
-0.441642
-0.766858
-0.768502
-0.441644
-0.76686
-0.768501
-0.441643
-0.766858
-0.768502
-0.441643
-0.766858
-0.768502
-0.441644
-0.76686
-0.7685
-0.441642
-0.766858
-0.768501
-0.441642
-0.766858
-0.768501
-0.441644
-0.76686
-0.768498
-0.441641
-0.766857
-0.768498
-0.44164
-0.766856
-0.768501
-0.441641
-0.766856
-0.768503
-0.441644
-0.76686
-0.768501
-0.441644
-0.76686
-0.768498
-0.441641
-0.766856
-0.768498
-0.44164
-0.766856
-0.768501
-0.441641
-0.766857
-0.768501
-0.441644
-0.76686
-0.7685
-0.441642
-0.766858
-0.768502
-0.441642
-0.766858
-0.768502
-0.441644
-0.76686
-0.441643
-0.766858
-0.132744
-0.132744
0.245834
-0.134941
-0.132744
0.245834
-0.134942
-0.132744
0.245834
-0.134941
-0.132744
0.245835
-0.134941
-0.132743
0.245835
-0.134941
-0.132743
0.245835
-0.134941
-0.132743
0.245835
-0.134941
-0.132744
0.245835
-0.13494
-0.132745
0.245835
-0.134942
-0.132744
0.245835
-0.134942
-0.132743
0.245835
-0.13494
-0.132743
0.245835
-0.134941
-0.132743
0.245835
-0.134941
-0.132744
0.245835
-0.134941
-0.132744
0.245835
-0.134941
-0.132745
0.245834
-0.134941
-0.132744
0.245834
-0.134942
-0.132744
0.245834
-0.134941
-0.132744
0.245834
-0.134941
-0.132745
0.245834
-0.134942
-0.132744
0.245834
-0.134941
-0.132744
0.245835
-0.134941
-0.132743
0.245835
-0.134941
-0.132743
0.245835
-0.134941
-0.132743
0.245835
-0.134941
-0.132744
0.245835
-0.13494
-0.132745
0.245835
-0.134942
-0.132744
0.245835
-0.134942
-0.132743
0.245835
-0.13494
-0.132743
0.245835
-0.134941
-0.132743
0.245835
-0.134941
-0.132744
0.245835
-0.134941
-0.132744
0.245835
-0.134941
-0.132745
0.245834
-0.134941
-0.132744
0.245834
-0.134942
-0.132744
0.245834
-0.134941
-0.132744
0.245834
-0.134941
-0.132745
0.245834
-0.134942
-0.132744
0.245834
-0.134941
-0.132744
0.245835
-0.134941
-0.132743
0.245835
-0.134941
-0.132743
0.245835
-0.134941
-0.132743
0.245835
-0.134941
-0.132744
0.245835
-0.13494
-0.132745
0.245835
-0.134942
-0.132744
0.245835
-0.134942
-0.132743
0.245835
-0.13494
-0.132743
0.245835
-0.134941
-0.132743
0.245835
-0.134941
-0.132744
0.245835
-0.134941
-0.132744
0.245835
-0.134941
-0.132745
0.245834
-0.134941
-0.132744
0.245834
-0.134942
-0.132744
0.245834
-0.134941
-0.132744
0.245834
-0.134941
-0.132745
0.245834
-0.134942
-0.132744
0.245834
-0.134941
-0.132744
0.245835
-0.134941
-0.132743
0.245835
-0.134941
-0.132743
0.245835
-0.134941
-0.132743
0.245835
-0.134941
-0.132744
0.245835
-0.13494
-0.132745
0.245835
-0.134942
-0.132744
0.245835
-0.134942
-0.132743
0.245835
-0.13494
-0.132743
0.245835
-0.134941
-0.132743
0.245835
-0.134941
-0.132744
0.245835
-0.134941
-0.132744
0.245835
-0.134941
-0.132744
0.245834
-0.134941
-0.132744
0.245834
-0.134942
0.245834
-0.134941
0.60179
0.60179
0.599328
0.601791
0.599328
0.601791
0.599329
0.601791
0.599329
0.601791
0.599328
0.60179
0.599328
0.601791
0.599328
0.601791
0.599329
0.601791
0.599328
0.601791
0.599328
0.601791
0.599329
0.60179
0.599328
0.601791
0.599328
0.601791
0.599328
0.601791
0.599329
0.601791
0.599329
0.60179
0.599328
0.60179
0.599328
0.60179
0.599328
0.601791
0.599328
0.601791
0.599329
0.601791
0.599329
0.601791
0.599328
0.60179
0.599328
0.601791
0.599328
0.601791
0.599329
0.601791
0.599328
0.601791
0.599328
0.601791
0.599329
0.60179
0.599328
0.601791
0.599328
0.601791
0.599328
0.601791
0.599329
0.601791
0.599329
0.60179
0.599328
0.60179
0.599328
0.60179
0.599328
0.601791
0.599328
0.601791
0.599329
0.601791
0.599329
0.601791
0.599328
0.60179
0.599328
0.601791
0.599328
0.601791
0.599329
0.601791
0.599328
0.601791
0.599328
0.601791
0.599329
0.60179
0.599328
0.601791
0.599328
0.601791
0.599328
0.601791
0.599329
0.601791
0.599329
0.60179
0.599328
0.60179
0.599328
0.60179
0.599328
0.601791
0.599328
0.601791
0.599329
0.601791
0.599329
0.601791
0.599328
0.60179
0.599328
0.601791
0.599328
0.601791
0.599329
0.601791
0.599328
0.601791
0.599328
0.601791
0.599329
0.60179
0.599328
0.601791
0.599328
0.601791
0.599328
0.601791
0.599329
0.601791
0.599329
0.60179
0.599328
0.599328
-0.765238
-0.765237
-0.441749
-0.764251
-0.765238
-0.441749
-0.764252
-0.765239
-0.441749
-0.764251
-0.76524
-0.441751
-0.764253
-0.765239
-0.441752
-0.764255
-0.765237
-0.44175
-0.764252
-0.765237
-0.441749
-0.76425
-0.765238
-0.441749
-0.76425
-0.765239
-0.441751
-0.764252
-0.765238
-0.441751
-0.764252
-0.765237
-0.441749
-0.76425
-0.765237
-0.441749
-0.76425
-0.765239
-0.44175
-0.764252
-0.76524
-0.441752
-0.764255
-0.765239
-0.441751
-0.764253
-0.765238
-0.441749
-0.764251
-0.765238
-0.441749
-0.764252
-0.765237
-0.441749
-0.764251
-0.765238
-0.441749
-0.764251
-0.765238
-0.441749
-0.764252
-0.765239
-0.441749
-0.764251
-0.76524
-0.441751
-0.764253
-0.765239
-0.441752
-0.764255
-0.765237
-0.44175
-0.764252
-0.765237
-0.441749
-0.76425
-0.765238
-0.441749
-0.76425
-0.765239
-0.441751
-0.764252
-0.765238
-0.441751
-0.764252
-0.765237
-0.441749
-0.76425
-0.765237
-0.441749
-0.76425
-0.765239
-0.44175
-0.764252
-0.76524
-0.441752
-0.764255
-0.765239
-0.441751
-0.764253
-0.765238
-0.441749
-0.764251
-0.765238
-0.441749
-0.764252
-0.765237
-0.441749
-0.764251
-0.765238
-0.441749
-0.764251
-0.765238
-0.441749
-0.764252
-0.765239
-0.441749
-0.764251
-0.76524
-0.441751
-0.764253
-0.765239
-0.441752
-0.764255
-0.765237
-0.44175
-0.764252
-0.765237
-0.441749
-0.76425
-0.765238
-0.441749
-0.76425
-0.765239
-0.441751
-0.764252
-0.765238
-0.441751
-0.764252
-0.765237
-0.441749
-0.76425
-0.765237
-0.441749
-0.76425
-0.765239
-0.44175
-0.764252
-0.76524
-0.441752
-0.764255
-0.765239
-0.441751
-0.764253
-0.765238
-0.441749
-0.764251
-0.765238
-0.441749
-0.764252
-0.765237
-0.441749
-0.764251
-0.765238
-0.441749
-0.764251
-0.765238
-0.441749
-0.764252
-0.765239
-0.441749
-0.764251
-0.76524
-0.441751
-0.764253
-0.765239
-0.441752
-0.764255
-0.765237
-0.44175
-0.764252
-0.765237
-0.441749
-0.76425
-0.765238
-0.441749
-0.76425
-0.765239
-0.441751
-0.764252
-0.765238
-0.441751
-0.764252
-0.765237
-0.441749
-0.76425
-0.765237
-0.441749
-0.76425
-0.765239
-0.44175
-0.764252
-0.76524
-0.441752
-0.764255
-0.765239
-0.441751
-0.764253
-0.765238
-0.441749
-0.764251
-0.765238
-0.441749
-0.764252
-0.441749
-0.764251
-0.137091
-0.137091
0.241903
-0.140721
-0.137091
0.241903
-0.140721
-0.137091
0.241904
-0.140721
-0.137091
0.241905
-0.140722
-0.137091
0.241905
-0.140722
-0.137091
0.241904
-0.140722
-0.137091
0.241904
-0.140722
-0.137091
0.241905
-0.140721
-0.137091
0.241904
-0.140722
-0.137091
0.241904
-0.140722
-0.137091
0.241905
-0.140721
-0.137091
0.241904
-0.140722
-0.137091
0.241904
-0.140722
-0.137091
0.241905
-0.140722
-0.137091
0.241905
-0.140722
-0.137091
0.241904
-0.140721
-0.137091
0.241903
-0.140721
-0.137091
0.241903
-0.140721
-0.137091
0.241903
-0.140721
-0.137091
0.241903
-0.140721
-0.137091
0.241904
-0.140721
-0.137091
0.241905
-0.140722
-0.137091
0.241905
-0.140722
-0.137091
0.241904
-0.140722
-0.137091
0.241904
-0.140722
-0.137091
0.241905
-0.140721
-0.137091
0.241904
-0.140722
-0.137091
0.241904
-0.140722
-0.137091
0.241905
-0.140721
-0.137091
0.241904
-0.140722
-0.137091
0.241904
-0.140722
-0.137091
0.241905
-0.140722
-0.137091
0.241905
-0.140722
-0.137091
0.241904
-0.140721
-0.137091
0.241903
-0.140721
-0.137091
0.241903
-0.140721
-0.137091
0.241903
-0.140721
-0.137091
0.241903
-0.140721
-0.137091
0.241904
-0.140721
-0.137091
0.241905
-0.140722
-0.137091
0.241905
-0.140722
-0.137091
0.241904
-0.140722
-0.137091
0.241904
-0.140722
-0.137091
0.241905
-0.140721
-0.137091
0.241904
-0.140722
-0.137091
0.241904
-0.140722
-0.137091
0.241905
-0.140721
-0.137091
0.241904
-0.140722
-0.137091
0.241904
-0.140722
-0.137091
0.241905
-0.140722
-0.137091
0.241905
-0.140722
-0.137091
0.241904
-0.140721
-0.137091
0.241903
-0.140721
-0.137091
0.241903
-0.140721
-0.137091
0.241903
-0.140721
-0.137091
0.241903
-0.140721
-0.137091
0.241904
-0.140721
-0.137091
0.241905
-0.140722
-0.137091
0.241905
-0.140722
-0.137091
0.241904
-0.140722
-0.137091
0.241904
-0.140722
-0.137091
0.241905
-0.140721
-0.137091
0.241904
-0.140722
-0.137091
0.241904
-0.140722
-0.137091
0.241905
-0.140721
-0.137091
0.241904
-0.140722
-0.137091
0.241904
-0.140722
-0.137091
0.241905
-0.140722
-0.137091
0.241905
-0.140722
-0.137091
0.241904
-0.140721
-0.137091
0.241903
-0.140721
0.241903
-0.140721
0.59694
0.59694
0.593839
0.59694
0.593839
0.596941
0.593839
0.596941
0.59384
0.596941
0.593839
0.59694
0.593839
0.596941
0.59384
0.596941
0.59384
0.59694
0.59384
0.596941
0.59384
0.596941
0.59384
0.59694
0.59384
0.596941
0.593839
0.596941
0.593839
0.596941
0.59384
0.59694
0.593839
0.59694
0.593839
0.59694
0.593839
0.59694
0.593839
0.59694
0.593839
0.596941
0.593839
0.596941
0.59384
0.596941
0.593839
0.59694
0.593839
0.596941
0.59384
0.596941
0.59384
0.59694
0.59384
0.596941
0.59384
0.596941
0.59384
0.59694
0.59384
0.596941
0.593839
0.596941
0.593839
0.596941
0.59384
0.59694
0.593839
0.59694
0.593839
0.59694
0.593839
0.59694
0.593839
0.59694
0.593839
0.596941
0.593839
0.596941
0.59384
0.596941
0.593839
0.59694
0.593839
0.596941
0.59384
0.596941
0.59384
0.59694
0.59384
0.596941
0.59384
0.596941
0.59384
0.59694
0.59384
0.596941
0.593839
0.596941
0.593839
0.596941
0.59384
0.59694
0.593839
0.59694
0.593839
0.59694
0.593839
0.59694
0.593839
0.59694
0.593839
0.596941
0.593839
0.596941
0.59384
0.596941
0.593839
0.59694
0.593839
0.596941
0.59384
0.596941
0.59384
0.59694
0.59384
0.596941
0.59384
0.596941
0.59384
0.59694
0.59384
0.596941
0.593839
0.596941
0.593839
0.596941
0.59384
0.59694
0.593839
0.59694
0.593839
0.593839
-0.763282
-0.763282
-0.444017
-0.763121
-0.763282
-0.444017
-0.763123
-0.763283
-0.444017
-0.763121
-0.763285
-0.44402
-0.763123
-0.763285
-0.444022
-0.763126
-0.763282
-0.444019
-0.763124
-0.763281
-0.444017
-0.763122
-0.763282
-0.444018
-0.763121
-0.763283
-0.44402
-0.763123
-0.763282
-0.44402
-0.763123
-0.763281
-0.444018
-0.763121
-0.763282
-0.444017
-0.763122
-0.763285
-0.444019
-0.763124
-0.763285
-0.444022
-0.763126
-0.763283
-0.44402
-0.763123
-0.763282
-0.444017
-0.763121
-0.763282
-0.444017
-0.763123
-0.763282
-0.444017
-0.763121
-0.763282
-0.444017
-0.763121
-0.763282
-0.444017
-0.763123
-0.763283
-0.444017
-0.763121
-0.763285
-0.44402
-0.763123
-0.763285
-0.444022
-0.763126
-0.763282
-0.444019
-0.763124
-0.763281
-0.444017
-0.763122
-0.763282
-0.444018
-0.763121
-0.763283
-0.44402
-0.763123
-0.763282
-0.44402
-0.763123
-0.763281
-0.444018
-0.763121
-0.763282
-0.444017
-0.763122
-0.763285
-0.444019
-0.763124
-0.763285
-0.444022
-0.763126
-0.763283
-0.44402
-0.763123
-0.763282
-0.444017
-0.763121
-0.763282
-0.444017
-0.763123
-0.763282
-0.444017
-0.763121
-0.763282
-0.444017
-0.763121
-0.763282
-0.444017
-0.763123
-0.763283
-0.444017
-0.763121
-0.763285
-0.44402
-0.763123
-0.763285
-0.444022
-0.763126
-0.763282
-0.444019
-0.763124
-0.763281
-0.444017
-0.763122
-0.763282
-0.444018
-0.763121
-0.763283
-0.44402
-0.763123
-0.763282
-0.44402
-0.763123
-0.763281
-0.444018
-0.763121
-0.763282
-0.444017
-0.763122
-0.763285
-0.444019
-0.763124
-0.763285
-0.444022
-0.763126
-0.763283
-0.44402
-0.763123
-0.763282
-0.444017
-0.763121
-0.763282
-0.444017
-0.763123
-0.763282
-0.444017
-0.763121
-0.763282
-0.444017
-0.763121
-0.763282
-0.444017
-0.763123
-0.763283
-0.444017
-0.763121
-0.763285
-0.44402
-0.763123
-0.763285
-0.444022
-0.763126
-0.763282
-0.444019
-0.763124
-0.763281
-0.444017
-0.763122
-0.763282
-0.444018
-0.763121
-0.763283
-0.44402
-0.763123
-0.763282
-0.44402
-0.763123
-0.763281
-0.444018
-0.763121
-0.763282
-0.444017
-0.763122
-0.763285
-0.444019
-0.763124
-0.763285
-0.444022
-0.763126
-0.763283
-0.44402
-0.763123
-0.763282
-0.444017
-0.763121
-0.763282
-0.444017
-0.763123
-0.444017
-0.763121
-0.144258
-0.144258
0.235909
-0.150121
-0.144259
0.235907
-0.150121
-0.14426
0.235907
-0.150121
-0.144261
0.235907
-0.150123
-0.144261
0.235907
-0.150123
-0.14426
0.235907
-0.150123
-0.14426
0.235908
-0.150122
-0.14426
0.235908
-0.150122
-0.14426
0.235908
-0.150122
-0.14426
0.235908
-0.150122
-0.14426
0.235908
-0.150122
-0.14426
0.235908
-0.150122
-0.144261
0.235907
-0.150123
-0.144261
0.235907
-0.150123
-0.14426
0.235907
-0.150123
-0.144259
0.235907
-0.150121
-0.144258
0.235907
-0.150121
-0.144258
0.235909
-0.150121
-0.144258
0.235909
-0.150121
-0.144259
0.235907
-0.150121
-0.14426
0.235907
-0.150121
-0.144261
0.235907
-0.150123
-0.144261
0.235907
-0.150123
-0.14426
0.235907
-0.150123
-0.14426
0.235908
-0.150122
-0.14426
0.235908
-0.150122
-0.14426
0.235908
-0.150122
-0.14426
0.235908
-0.150122
-0.14426
0.235908
-0.150122
-0.14426
0.235908
-0.150122
-0.144261
0.235907
-0.150123
-0.144261
0.235907
-0.150123
-0.14426
0.235907
-0.150123
-0.144259
0.235907
-0.150121
-0.144258
0.235907
-0.150121
-0.144258
0.235909
-0.150121
-0.144258
0.235909
-0.150121
-0.144259
0.235907
-0.150121
-0.14426
0.235907
-0.150121
-0.144261
0.235907
-0.150123
-0.144261
0.235907
-0.150123
-0.14426
0.235907
-0.150123
-0.14426
0.235908
-0.150122
-0.14426
0.235908
-0.150122
-0.14426
0.235908
-0.150122
-0.14426
0.235908
-0.150122
-0.14426
0.235908
-0.150122
-0.14426
0.235908
-0.150122
-0.144261
0.235907
-0.150123
-0.144261
0.235907
-0.150123
-0.14426
0.235907
-0.150123
-0.144259
0.235907
-0.150121
-0.144258
0.235907
-0.150121
-0.144258
0.235909
-0.150121
-0.144258
0.235909
-0.150121
-0.144259
0.235907
-0.150121
-0.14426
0.235907
-0.150121
-0.144261
0.235907
-0.150123
-0.144261
0.235907
-0.150123
-0.14426
0.235907
-0.150123
-0.14426
0.235908
-0.150122
-0.14426
0.235908
-0.150122
-0.14426
0.235908
-0.150122
-0.14426
0.235908
-0.150122
-0.14426
0.235908
-0.150122
-0.14426
0.235908
-0.150122
-0.144261
0.235907
-0.150123
-0.144261
0.235907
-0.150123
-0.14426
0.235907
-0.150123
-0.144259
0.235907
-0.150121
-0.144258
0.235907
-0.150121
0.235909
-0.150121
0.590844
0.590844
0.586823
0.590843
0.586823
0.590843
0.586822
0.590843
0.586823
0.590843
0.586822
0.590843
0.586822
0.590844
0.586823
0.590844
0.586823
0.590844
0.586824
0.590844
0.586824
0.590844
0.586823
0.590843
0.586823
0.590843
0.586822
0.590843
0.586822
0.590843
0.586823
0.590843
0.586822
0.590844
0.586823
0.590844
0.586823
0.590844
0.586823
0.590843
0.586823
0.590843
0.586822
0.590843
0.586823
0.590843
0.586822
0.590843
0.586822
0.590844
0.586823
0.590844
0.586823
0.590844
0.586824
0.590844
0.586824
0.590844
0.586823
0.590843
0.586823
0.590843
0.586822
0.590843
0.586822
0.590843
0.586823
0.590843
0.586822
0.590844
0.586823
0.590844
0.586823
0.590844
0.586823
0.590843
0.586823
0.590843
0.586822
0.590843
0.586823
0.590843
0.586822
0.590843
0.586822
0.590844
0.586823
0.590844
0.586823
0.590844
0.586824
0.590844
0.586824
0.590844
0.586823
0.590843
0.586823
0.590843
0.586822
0.590843
0.586822
0.590843
0.586823
0.590843
0.586822
0.590844
0.586823
0.590844
0.586823
0.590844
0.586823
0.590843
0.586823
0.590843
0.586822
0.590843
0.586823
0.590843
0.586822
0.590843
0.586822
0.590844
0.586823
0.590844
0.586823
0.590844
0.586824
0.590844
0.586824
0.590844
0.586823
0.590843
0.586823
0.590843
0.586822
0.590843
0.586822
0.590843
0.586823
0.590843
0.586822
0.590844
0.586823
0.586823
-0.762966
-0.762965
-0.449409
-0.764058
-0.762965
-0.44941
-0.764058
-0.762965
-0.449408
-0.764058
-0.762967
-0.44941
-0.76406
-0.762968
-0.449412
-0.764061
-0.762967
-0.449411
-0.76406
-0.762965
-0.449409
-0.764059
-0.762965
-0.449409
-0.764058
-0.762967
-0.44941
-0.76406
-0.762965
-0.44941
-0.76406
-0.762965
-0.449409
-0.764058
-0.762967
-0.449409
-0.764059
-0.762968
-0.449411
-0.76406
-0.762967
-0.449412
-0.764061
-0.762965
-0.44941
-0.76406
-0.762965
-0.449408
-0.764058
-0.762966
-0.44941
-0.764058
-0.762965
-0.449409
-0.764058
-0.762966
-0.449409
-0.764058
-0.762965
-0.44941
-0.764058
-0.762965
-0.449408
-0.764058
-0.762967
-0.44941
-0.76406
-0.762968
-0.449412
-0.764061
-0.762967
-0.449411
-0.76406
-0.762965
-0.449409
-0.764059
-0.762965
-0.449409
-0.764058
-0.762967
-0.44941
-0.76406
-0.762965
-0.44941
-0.76406
-0.762965
-0.449409
-0.764058
-0.762967
-0.449409
-0.764059
-0.762968
-0.449411
-0.76406
-0.762967
-0.449412
-0.764061
-0.762965
-0.44941
-0.76406
-0.762965
-0.449408
-0.764058
-0.762966
-0.44941
-0.764058
-0.762965
-0.449409
-0.764058
-0.762966
-0.449409
-0.764058
-0.762965
-0.44941
-0.764058
-0.762965
-0.449408
-0.764058
-0.762967
-0.44941
-0.76406
-0.762968
-0.449412
-0.764061
-0.762967
-0.449411
-0.76406
-0.762965
-0.449409
-0.764059
-0.762965
-0.449409
-0.764058
-0.762967
-0.44941
-0.76406
-0.762965
-0.44941
-0.76406
-0.762965
-0.449409
-0.764058
-0.762967
-0.449409
-0.764059
-0.762968
-0.449411
-0.76406
-0.762967
-0.449412
-0.764061
-0.762965
-0.44941
-0.76406
-0.762965
-0.449408
-0.764058
-0.762966
-0.44941
-0.764058
-0.762965
-0.449409
-0.764058
-0.762966
-0.449409
-0.764058
-0.762965
-0.44941
-0.764058
-0.762965
-0.449408
-0.764058
-0.762967
-0.44941
-0.76406
-0.762968
-0.449412
-0.764061
-0.762967
-0.449411
-0.76406
-0.762965
-0.449409
-0.764059
-0.762965
-0.449409
-0.764058
-0.762967
-0.44941
-0.76406
-0.762965
-0.44941
-0.76406
-0.762965
-0.449409
-0.764058
-0.762967
-0.449409
-0.764059
-0.762968
-0.449411
-0.76406
-0.762967
-0.449412
-0.764061
-0.762965
-0.44941
-0.76406
-0.762965
-0.449408
-0.764058
-0.762966
-0.44941
-0.764058
-0.449409
-0.764058
-0.155814
-0.155814
0.226823
-0.164755
-0.155814
0.226823
-0.164755
-0.155815
0.226821
-0.164756
-0.155816
0.226821
-0.164756
-0.155816
0.226821
-0.164756
-0.155815
0.226821
-0.164756
-0.155815
0.226821
-0.164756
-0.155815
0.226822
-0.164756
-0.155814
0.226824
-0.164755
-0.155815
0.226824
-0.164755
-0.155815
0.226822
-0.164756
-0.155815
0.226821
-0.164756
-0.155816
0.226821
-0.164756
-0.155816
0.226821
-0.164756
-0.155815
0.226821
-0.164756
-0.155814
0.226821
-0.164756
-0.155814
0.226823
-0.164755
-0.155814
0.226823
-0.164755
-0.155814
0.226823
-0.164755
-0.155814
0.226823
-0.164755
-0.155815
0.226821
-0.164756
-0.155816
0.226821
-0.164756
-0.155816
0.226821
-0.164756
-0.155815
0.226821
-0.164756
-0.155815
0.226821
-0.164756
-0.155815
0.226822
-0.164756
-0.155814
0.226824
-0.164755
-0.155815
0.226824
-0.164755
-0.155815
0.226822
-0.164756
-0.155815
0.226821
-0.164756
-0.155816
0.226821
-0.164756
-0.155816
0.226821
-0.164756
-0.155815
0.226821
-0.164756
-0.155814
0.226821
-0.164756
-0.155814
0.226823
-0.164755
-0.155814
0.226823
-0.164755
-0.155814
0.226823
-0.164755
-0.155814
0.226823
-0.164755
-0.155815
0.226821
-0.164756
-0.155816
0.226821
-0.164756
-0.155816
0.226821
-0.164756
-0.155815
0.226821
-0.164756
-0.155815
0.226821
-0.164756
-0.155815
0.226822
-0.164756
-0.155814
0.226824
-0.164755
-0.155815
0.226824
-0.164755
-0.155815
0.226822
-0.164756
-0.155815
0.226821
-0.164756
-0.155816
0.226821
-0.164756
-0.155816
0.226821
-0.164756
-0.155815
0.226821
-0.164756
-0.155814
0.226821
-0.164756
-0.155814
0.226823
-0.164755
-0.155814
0.226823
-0.164755
-0.155814
0.226823
-0.164755
-0.155814
0.226823
-0.164755
-0.155815
0.226821
-0.164756
-0.155816
0.226821
-0.164756
-0.155816
0.226821
-0.164756
-0.155815
0.226821
-0.164756
-0.155815
0.226821
-0.164756
-0.155815
0.226822
-0.164756
-0.155814
0.226824
-0.164755
-0.155815
0.226824
-0.164755
-0.155815
0.226822
-0.164756
-0.155815
0.226821
-0.164756
-0.155816
0.226821
-0.164756
-0.155816
0.226821
-0.164756
-0.155815
0.226821
-0.164756
-0.155814
0.226821
-0.164756
-0.155814
0.226823
-0.164755
0.226823
-0.164755
0.582952
0.582952
0.57771
0.582951
0.57771
0.582951
0.577709
0.582951
0.577709
0.582951
0.57771
0.582951
0.577709
0.582951
0.57771
0.582952
0.577709
0.582952
0.57771
0.582952
0.57771
0.582951
0.577709
0.582951
0.57771
0.582951
0.577709
0.582951
0.57771
0.582951
0.577709
0.582951
0.577709
0.582952
0.57771
0.582952
0.57771
0.582952
0.57771
0.582951
0.57771
0.582951
0.577709
0.582951
0.577709
0.582951
0.57771
0.582951
0.577709
0.582951
0.57771
0.582952
0.577709
0.582952
0.57771
0.582952
0.57771
0.582951
0.577709
0.582951
0.57771
0.582951
0.577709
0.582951
0.57771
0.582951
0.577709
0.582951
0.577709
0.582952
0.57771
0.582952
0.57771
0.582952
0.57771
0.582951
0.57771
0.582951
0.577709
0.582951
0.577709
0.582951
0.57771
0.582951
0.577709
0.582951
0.57771
0.582952
0.577709
0.582952
0.57771
0.582952
0.57771
0.582951
0.577709
0.582951
0.57771
0.582951
0.577709
0.582951
0.57771
0.582951
0.577709
0.582951
0.577709
0.582952
0.57771
0.582952
0.57771
0.582952
0.57771
0.582951
0.57771
0.582951
0.577709
0.582951
0.577709
0.582951
0.57771
0.582951
0.577709
0.582951
0.57771
0.582952
0.577709
0.582952
0.57771
0.582952
0.57771
0.582951
0.577709
0.582951
0.57771
0.582951
0.577709
0.582951
0.57771
0.582951
0.577709
0.582951
0.577709
0.582952
0.57771
0.57771
-0.765123
-0.765123
-0.459178
-0.768431
-0.765124
-0.459177
-0.76843
-0.765126
-0.459178
-0.768433
-0.765127
-0.459179
-0.768434
-0.765126
-0.459179
-0.768432
-0.765125
-0.459179
-0.76843
-0.765124
-0.459178
-0.768431
-0.765125
-0.459178
-0.768432
-0.765125
-0.459178
-0.768433
-0.765125
-0.459178
-0.768433
-0.765124
-0.459178
-0.768432
-0.765125
-0.459178
-0.768431
-0.765126
-0.459179
-0.76843
-0.765127
-0.459179
-0.768432
-0.765126
-0.459179
-0.768434
-0.765124
-0.459178
-0.768433
-0.765123
-0.459177
-0.76843
-0.765123
-0.459178
-0.768431
-0.765123
-0.459178
-0.768431
-0.765124
-0.459177
-0.76843
-0.765126
-0.459178
-0.768433
-0.765127
-0.459179
-0.768434
-0.765126
-0.459179
-0.768432
-0.765125
-0.459179
-0.76843
-0.765124
-0.459178
-0.768431
-0.765125
-0.459178
-0.768432
-0.765125
-0.459178
-0.768433
-0.765125
-0.459178
-0.768433
-0.765124
-0.459178
-0.768432
-0.765125
-0.459178
-0.768431
-0.765126
-0.459179
-0.76843
-0.765127
-0.459179
-0.768432
-0.765126
-0.459179
-0.768434
-0.765124
-0.459178
-0.768433
-0.765123
-0.459177
-0.76843
-0.765123
-0.459178
-0.768431
-0.765123
-0.459178
-0.768431
-0.765124
-0.459177
-0.76843
-0.765126
-0.459178
-0.768433
-0.765127
-0.459179
-0.768434
-0.765126
-0.459179
-0.768432
-0.765125
-0.459179
-0.76843
-0.765124
-0.459178
-0.768431
-0.765125
-0.459178
-0.768432
-0.765125
-0.459178
-0.768433
-0.765125
-0.459178
-0.768433
-0.765124
-0.459178
-0.768432
-0.765125
-0.459178
-0.768431
-0.765126
-0.459179
-0.76843
-0.765127
-0.459179
-0.768432
-0.765126
-0.459179
-0.768434
-0.765124
-0.459178
-0.768433
-0.765123
-0.459177
-0.76843
-0.765123
-0.459178
-0.768431
-0.765123
-0.459178
-0.768431
-0.765124
-0.459177
-0.76843
-0.765126
-0.459178
-0.768433
-0.765127
-0.459179
-0.768434
-0.765126
-0.459179
-0.768432
-0.765125
-0.459179
-0.76843
-0.765124
-0.459178
-0.768431
-0.765125
-0.459178
-0.768432
-0.765125
-0.459178
-0.768433
-0.765125
-0.459178
-0.768433
-0.765124
-0.459178
-0.768432
-0.765125
-0.459178
-0.768431
-0.765126
-0.459179
-0.76843
-0.765127
-0.459179
-0.768432
-0.765126
-0.459179
-0.768434
-0.765124
-0.459178
-0.768433
-0.765123
-0.459177
-0.76843
-0.459178
-0.768431
-0.173407
-0.173407
0.213554
-0.185989
-0.173407
0.213556
-0.185989
-0.173407
0.213555
-0.185988
-0.173407
0.213555
-0.185989
-0.173407
0.213556
-0.185988
-0.173407
0.213555
-0.185988
-0.173408
0.213554
-0.185988
-0.173407
0.213554
-0.185989
-0.173407
0.213555
-0.185989
-0.173407
0.213555
-0.185989
-0.173408
0.213554
-0.185989
-0.173407
0.213554
-0.185988
-0.173407
0.213555
-0.185988
-0.173407
0.213556
-0.185988
-0.173407
0.213555
-0.185989
-0.173407
0.213555
-0.185988
-0.173407
0.213556
-0.185989
-0.173407
0.213554
-0.185989
-0.173407
0.213554
-0.185989
-0.173407
0.213556
-0.185989
-0.173407
0.213555
-0.185988
-0.173407
0.213555
-0.185989
-0.173407
0.213556
-0.185988
-0.173407
0.213555
-0.185988
-0.173408
0.213554
-0.185988
-0.173407
0.213554
-0.185989
-0.173407
0.213555
-0.185989
-0.173407
0.213555
-0.185989
-0.173408
0.213554
-0.185989
-0.173407
0.213554
-0.185988
-0.173407
0.213555
-0.185988
-0.173407
0.213556
-0.185988
-0.173407
0.213555
-0.185989
-0.173407
0.213555
-0.185988
-0.173407
0.213556
-0.185989
-0.173407
0.213554
-0.185989
-0.173407
0.213554
-0.185989
-0.173407
0.213556
-0.185989
-0.173407
0.213555
-0.185988
-0.173407
0.213555
-0.185989
-0.173407
0.213556
-0.185988
-0.173407
0.213555
-0.185988
-0.173408
0.213554
-0.185988
-0.173407
0.213554
-0.185989
-0.173407
0.213555
-0.185989
-0.173407
0.213555
-0.185989
-0.173408
0.213554
-0.185989
-0.173407
0.213554
-0.185988
-0.173407
0.213555
-0.185988
-0.173407
0.213556
-0.185988
-0.173407
0.213555
-0.185989
-0.173407
0.213555
-0.185988
-0.173407
0.213556
-0.185989
-0.173407
0.213554
-0.185989
-0.173407
0.213554
-0.185989
-0.173407
0.213556
-0.185989
-0.173407
0.213555
-0.185988
-0.173407
0.213555
-0.185989
-0.173407
0.213556
-0.185988
-0.173407
0.213555
-0.185988
-0.173408
0.213554
-0.185988
-0.173407
0.213554
-0.185989
-0.173407
0.213555
-0.185989
-0.173407
0.213555
-0.185989
-0.173408
0.213554
-0.185989
-0.173407
0.213554
-0.185988
-0.173407
0.213555
-0.185988
-0.173407
0.213556
-0.185988
-0.173407
0.213555
-0.185989
-0.173407
0.213555
-0.185988
-0.173407
0.213556
-0.185989
0.213554
-0.185989
0.572681
0.572681
0.566115
0.572681
0.566116
0.57268
0.566115
0.572681
0.566115
0.572681
0.566116
0.572681
0.566115
0.57268
0.566115
0.57268
0.566114
0.57268
0.566115
0.57268
0.566115
0.57268
0.566114
0.572681
0.566115
0.572681
0.566115
0.572681
0.566116
0.57268
0.566115
0.572681
0.566115
0.572681
0.566116
0.572681
0.566115
0.572681
0.566115
0.572681
0.566116
0.57268
0.566115
0.572681
0.566115
0.572681
0.566116
0.572681
0.566115
0.57268
0.566115
0.57268
0.566114
0.57268
0.566115
0.57268
0.566115
0.57268
0.566114
0.572681
0.566115
0.572681
0.566115
0.572681
0.566116
0.57268
0.566115
0.572681
0.566115
0.572681
0.566116
0.572681
0.566115
0.572681
0.566115
0.572681
0.566116
0.57268
0.566115
0.572681
0.566115
0.572681
0.566116
0.572681
0.566115
0.57268
0.566115
0.57268
0.566114
0.57268
0.566115
0.57268
0.566115
0.57268
0.566114
0.572681
0.566115
0.572681
0.566115
0.572681
0.566116
0.57268
0.566115
0.572681
0.566115
0.572681
0.566116
0.572681
0.566115
0.572681
0.566115
0.572681
0.566116
0.57268
0.566115
0.572681
0.566115
0.572681
0.566116
0.572681
0.566115
0.57268
0.566115
0.57268
0.566114
0.57268
0.566115
0.57268
0.566115
0.57268
0.566114
0.572681
0.566115
0.572681
0.566115
0.572681
0.566116
0.57268
0.566115
0.572681
0.566115
0.572681
0.566116
0.566115
-0.771642
-0.771642
-0.474799
-0.778898
-0.771643
-0.474799
-0.778897
-0.771644
-0.4748
-0.778899
-0.771643
-0.4748
-0.778898
-0.771641
-0.474798
-0.778895
-0.771641
-0.474797
-0.778895
-0.771643
-0.474799
-0.778896
-0.771644
-0.4748
-0.778897
-0.771645
-0.474802
-0.778899
-0.771644
-0.474802
-0.778899
-0.771643
-0.4748
-0.778897
-0.771641
-0.474799
-0.778896
-0.771641
-0.474797
-0.778895
-0.771643
-0.474798
-0.778895
-0.771644
-0.4748
-0.778898
-0.771643
-0.4748
-0.778899
-0.771642
-0.474799
-0.778897
-0.771642
-0.474799
-0.778898
-0.771642
-0.474799
-0.778898
-0.771643
-0.474799
-0.778897
-0.771644
-0.4748
-0.778899
-0.771643
-0.4748
-0.778898
-0.771641
-0.474798
-0.778895
-0.771641
-0.474797
-0.778895
-0.771643
-0.474799
-0.778896
-0.771644
-0.4748
-0.778897
-0.771645
-0.474802
-0.778899
-0.771644
-0.474802
-0.778899
-0.771643
-0.4748
-0.778897
-0.771641
-0.474799
-0.778896
-0.771641
-0.474797
-0.778895
-0.771643
-0.474798
-0.778895
-0.771644
-0.4748
-0.778898
-0.771643
-0.4748
-0.778899
-0.771642
-0.474799
-0.778897
-0.771642
-0.474799
-0.778898
-0.771642
-0.474799
-0.778898
-0.771643
-0.474799
-0.778897
-0.771644
-0.4748
-0.778899
-0.771643
-0.4748
-0.778898
-0.771641
-0.474798
-0.778895
-0.771641
-0.474797
-0.778895
-0.771643
-0.474799
-0.778896
-0.771644
-0.4748
-0.778897
-0.771645
-0.474802
-0.778899
-0.771644
-0.474802
-0.778899
-0.771643
-0.4748
-0.778897
-0.771641
-0.474799
-0.778896
-0.771641
-0.474797
-0.778895
-0.771643
-0.474798
-0.778895
-0.771644
-0.4748
-0.778898
-0.771643
-0.4748
-0.778899
-0.771642
-0.474799
-0.778897
-0.771642
-0.474799
-0.778898
-0.771642
-0.474799
-0.778898
-0.771643
-0.474799
-0.778897
-0.771644
-0.4748
-0.778899
-0.771643
-0.4748
-0.778898
-0.771641
-0.474798
-0.778895
-0.771641
-0.474797
-0.778895
-0.771643
-0.474799
-0.778896
-0.771644
-0.4748
-0.778897
-0.771645
-0.474802
-0.778899
-0.771644
-0.474802
-0.778899
-0.771643
-0.4748
-0.778897
-0.771641
-0.474799
-0.778896
-0.771641
-0.474797
-0.778895
-0.771643
-0.474798
-0.778895
-0.771644
-0.4748
-0.778898
-0.771643
-0.4748
-0.778899
-0.771642
-0.474799
-0.778897
-0.474799
-0.778898
-0.198118
-0.198118
0.195498
-0.214024
-0.198118
0.195498
-0.214024
-0.198118
0.195499
-0.214023
-0.198117
0.195499
-0.214023
-0.198117
0.1955
-0.214022
-0.198117
0.1955
-0.214022
-0.198118
0.195499
-0.214022
-0.198119
0.195498
-0.214024
-0.198119
0.195498
-0.214024
-0.198119
0.195498
-0.214024
-0.198118
0.195498
-0.214024
-0.198117
0.195499
-0.214022
-0.198117
0.1955
-0.214022
-0.198117
0.1955
-0.214022
-0.198118
0.195499
-0.214023
-0.198118
0.195499
-0.214023
-0.198118
0.195498
-0.214024
-0.198118
0.195498
-0.214024
-0.198118
0.195498
-0.214024
-0.198118
0.195498
-0.214024
-0.198118
0.195499
-0.214023
-0.198117
0.195499
-0.214023
-0.198117
0.1955
-0.214022
-0.198117
0.1955
-0.214022
-0.198118
0.195499
-0.214022
-0.198119
0.195498
-0.214024
-0.198119
0.195498
-0.214024
-0.198119
0.195498
-0.214024
-0.198118
0.195498
-0.214024
-0.198117
0.195499
-0.214022
-0.198117
0.1955
-0.214022
-0.198117
0.1955
-0.214022
-0.198118
0.195499
-0.214023
-0.198118
0.195499
-0.214023
-0.198118
0.195498
-0.214024
-0.198118
0.195498
-0.214024
-0.198118
0.195498
-0.214024
-0.198118
0.195498
-0.214024
-0.198118
0.195499
-0.214023
-0.198117
0.195499
-0.214023
-0.198117
0.1955
-0.214022
-0.198117
0.1955
-0.214022
-0.198118
0.195499
-0.214022
-0.198119
0.195498
-0.214024
-0.198119
0.195498
-0.214024
-0.198119
0.195498
-0.214024
-0.198118
0.195498
-0.214024
-0.198117
0.195499
-0.214022
-0.198117
0.1955
-0.214022
-0.198117
0.1955
-0.214022
-0.198118
0.195499
-0.214023
-0.198118
0.195499
-0.214023
-0.198118
0.195498
-0.214024
-0.198118
0.195498
-0.214024
-0.198118
0.195498
-0.214024
-0.198118
0.195498
-0.214024
-0.198118
0.195499
-0.214023
-0.198117
0.195499
-0.214023
-0.198117
0.1955
-0.214022
-0.198117
0.1955
-0.214022
-0.198118
0.195499
-0.214022
-0.198119
0.195498
-0.214024
-0.198119
0.195498
-0.214024
-0.198119
0.195498
-0.214024
-0.198118
0.195498
-0.214024
-0.198117
0.195499
-0.214022
-0.198117
0.1955
-0.214022
-0.198117
0.1955
-0.214022
-0.198118
0.195499
-0.214023
-0.198118
0.195499
-0.214023
-0.198118
0.195498
-0.214024
0.195498
-0.214024
0.559838
0.559838
0.552079
0.559838
0.552079
0.559838
0.552079
0.559839
0.552079
0.559839
0.55208
0.559838
0.55208
0.559838
0.552079
0.559837
0.552078
0.559838
0.552078
0.559837
0.552078
0.559838
0.552078
0.559838
0.552079
0.559839
0.55208
0.559839
0.55208
0.559838
0.552079
0.559838
0.552079
0.559838
0.552079
0.559838
0.552079
0.559838
0.552079
0.559838
0.552079
0.559838
0.552079
0.559839
0.552079
0.559839
0.55208
0.559838
0.55208
0.559838
0.552079
0.559837
0.552078
0.559838
0.552078
0.559837
0.552078
0.559838
0.552078
0.559838
0.552079
0.559839
0.55208
0.559839
0.55208
0.559838
0.552079
0.559838
0.552079
0.559838
0.552079
0.559838
0.552079
0.559838
0.552079
0.559838
0.552079
0.559838
0.552079
0.559839
0.552079
0.559839
0.55208
0.559838
0.55208
0.559838
0.552079
0.559837
0.552078
0.559838
0.552078
0.559837
0.552078
0.559838
0.552078
0.559838
0.552079
0.559839
0.55208
0.559839
0.55208
0.559838
0.552079
0.559838
0.552079
0.559838
0.552079
0.559838
0.552079
0.559838
0.552079
0.559838
0.552079
0.559838
0.552079
0.559839
0.552079
0.559839
0.55208
0.559838
0.55208
0.559838
0.552079
0.559837
0.552078
0.559838
0.552078
0.559837
0.552078
0.559838
0.552078
0.559838
0.552079
0.559839
0.55208
0.559839
0.55208
0.559838
0.552079
0.559838
0.552079
0.559838
0.552079
0.552079
-0.785908
-0.785909
-0.497585
-0.80011
-0.785908
-0.497584
-0.800109
-0.785908
-0.497584
-0.80011
-0.785906
-0.497583
-0.80011
-0.785905
-0.497581
-0.800107
-0.785905
-0.497581
-0.800108
-0.785906
-0.497581
-0.800109
-0.785907
-0.497583
-0.800108
-0.785908
-0.497584
-0.80011
-0.785907
-0.497584
-0.80011
-0.785906
-0.497583
-0.800108
-0.785905
-0.497581
-0.800109
-0.785905
-0.497581
-0.800108
-0.785906
-0.497581
-0.800107
-0.785908
-0.497583
-0.80011
-0.785908
-0.497584
-0.80011
-0.785908
-0.497584
-0.800109
-0.785909
-0.497585
-0.80011
-0.785908
-0.497585
-0.80011
-0.785908
-0.497584
-0.800109
-0.785908
-0.497584
-0.80011
-0.785905
-0.497583
-0.80011
-0.785905
-0.497581
-0.800107
-0.785905
-0.497581
-0.800108
-0.785906
-0.497581
-0.800109
-0.785907
-0.497583
-0.800108
-0.785908
-0.497584
-0.80011
-0.785907
-0.497584
-0.80011
-0.785906
-0.497583
-0.800108
-0.785905
-0.497581
-0.800109
-0.785905
-0.497581
-0.800108
-0.785905
-0.497581
-0.800107
-0.785908
-0.497583
-0.80011
-0.785908
-0.497584
-0.80011
-0.785908
-0.497584
-0.800109
-0.785909
-0.497585
-0.80011
-0.785908
-0.497585
-0.80011
-0.785908
-0.497584
-0.800109
-0.785908
-0.497584
-0.80011
-0.785905
-0.497583
-0.80011
-0.785905
-0.497581
-0.800107
-0.785905
-0.497581
-0.800108
-0.785906
-0.497581
-0.800109
-0.785907
-0.497583
-0.800108
-0.785908
-0.497584
-0.80011
-0.785907
-0.497584
-0.80011
-0.785906
-0.497583
-0.800108
-0.785905
-0.497581
-0.800109
-0.785905
-0.497581
-0.800108
-0.785905
-0.497581
-0.800107
-0.785908
-0.497583
-0.80011
-0.785908
-0.497584
-0.80011
-0.785908
-0.497584
-0.800109
-0.785909
-0.497585
-0.80011
-0.785908
-0.497585
-0.80011
-0.785908
-0.497584
-0.800109
-0.785908
-0.497584
-0.80011
-0.785905
-0.497583
-0.80011
-0.785905
-0.497581
-0.800107
-0.785905
-0.497581
-0.800108
-0.785906
-0.497581
-0.800109
-0.785907
-0.497583
-0.800108
-0.785908
-0.497584
-0.80011
-0.785907
-0.497584
-0.80011
-0.785906
-0.497583
-0.800108
-0.785905
-0.497581
-0.800109
-0.785905
-0.497581
-0.800108
-0.785906
-0.497581
-0.800107
-0.785908
-0.497583
-0.80011
-0.785908
-0.497584
-0.80011
-0.785908
-0.497584
-0.800109
-0.497585
-0.80011
-0.229294
-0.229295
0.173095
-0.247412
-0.229294
0.173096
-0.247411
-0.229293
0.173097
-0.247411
-0.229292
0.173097
-0.247411
-0.229292
0.173097
-0.247411
-0.229292
0.173098
-0.247411
-0.229293
0.173097
-0.24741
-0.229293
0.173096
-0.247411
-0.229294
0.173096
-0.247411
-0.229293
0.173096
-0.247411
-0.229293
0.173096
-0.247411
-0.229292
0.173097
-0.24741
-0.229292
0.173098
-0.247411
-0.229292
0.173097
-0.247411
-0.229293
0.173097
-0.247411
-0.229294
0.173097
-0.247411
-0.229294
0.173096
-0.247411
-0.229295
0.173095
-0.247412
-0.229294
0.173095
-0.247412
-0.229294
0.173096
-0.247411
-0.229293
0.173097
-0.247411
-0.229292
0.173097
-0.247411
-0.229292
0.173097
-0.247411
-0.229292
0.173098
-0.247411
-0.229293
0.173097
-0.24741
-0.229293
0.173096
-0.247411
-0.229294
0.173096
-0.247411
-0.229293
0.173096
-0.247411
-0.229293
0.173096
-0.247411
-0.229292
0.173097
-0.24741
-0.229292
0.173098
-0.247411
-0.229292
0.173097
-0.247411
-0.229293
0.173097
-0.247411
-0.229294
0.173097
-0.247411
-0.229294
0.173096
-0.247411
-0.229295
0.173095
-0.247412
-0.229294
0.173095
-0.247412
-0.229294
0.173096
-0.247411
-0.229293
0.173097
-0.247411
-0.229292
0.173097
-0.247411
-0.229292
0.173097
-0.247411
-0.229292
0.173098
-0.247411
-0.229293
0.173097
-0.24741
-0.229293
0.173096
-0.247411
-0.229294
0.173096
-0.247411
-0.229293
0.173096
-0.247411
-0.229293
0.173096
-0.247411
-0.229292
0.173097
-0.24741
-0.229292
0.173098
-0.247411
-0.229292
0.173097
-0.247411
-0.229293
0.173097
-0.247411
-0.229294
0.173097
-0.247411
-0.229294
0.173096
-0.247411
-0.229295
0.173095
-0.247412
-0.229294
0.173095
-0.247412
-0.229294
0.173096
-0.247411
-0.229293
0.173097
-0.247411
-0.229292
0.173097
-0.247411
-0.229292
0.173097
-0.247411
-0.229292
0.173098
-0.247411
-0.229293
0.173097
-0.24741
-0.229293
0.173096
-0.247411
-0.229294
0.173096
-0.247411
-0.229293
0.173096
-0.247411
-0.229293
0.173096
-0.247411
-0.229292
0.173097
-0.24741
-0.229292
0.173098
-0.247411
-0.229292
0.173097
-0.247411
-0.229293
0.173097
-0.247411
-0.229294
0.173097
-0.247411
-0.229294
0.173096
-0.247411
0.173095
-0.247412
0.544687
0.544687
0.5362
0.544687
0.5362
0.544688
0.5362
0.544689
0.536201
0.544689
0.536201
0.544689
0.536201
0.544688
0.536201
0.544687
0.536199
0.544687
0.536199
0.544687
0.536199
0.544688
0.536199
0.544689
0.5362
0.544689
0.536201
0.544689
0.536201
0.544688
0.536201
0.544687
0.5362
0.544687
0.5362
0.544687
0.5362
0.544687
0.5362
0.544687
0.5362
0.544688
0.5362
0.544689
0.536201
0.544689
0.536201
0.544689
0.536201
0.544688
0.536201
0.544687
0.536199
0.544687
0.536199
0.544687
0.536199
0.544688
0.536199
0.544689
0.536201
0.544689
0.536201
0.544689
0.536201
0.544688
0.536201
0.544687
0.5362
0.544687
0.5362
0.544687
0.5362
0.544687
0.5362
0.544687
0.5362
0.544688
0.5362
0.544689
0.536201
0.544689
0.536201
0.544689
0.536201
0.544688
0.536201
0.544687
0.536199
0.544687
0.536199
0.544687
0.536199
0.544688
0.536199
0.544689
0.536201
0.544689
0.536201
0.544689
0.536201
0.544688
0.536201
0.544687
0.5362
0.544687
0.5362
0.544687
0.5362
0.544687
0.5362
0.544687
0.5362
0.544688
0.5362
0.544689
0.536201
0.544689
0.536201
0.544689
0.536201
0.544688
0.536201
0.544687
0.536199
0.544687
0.536199
0.544687
0.536199
0.544688
0.536199
0.544689
0.536201
0.544689
0.536201
0.544689
0.536201
0.544688
0.536201
0.544687
0.5362
0.544687
0.5362
0.5362
-0.81373
-0.813731
-0.529145
-0.838851
-0.813731
-0.529145
-0.83885
-0.813733
-0.529146
-0.838851
-0.813731
-0.529146
-0.838852
-0.81373
-0.529145
-0.83885
-0.813732
-0.529145
-0.838851
-0.813731
-0.529145
-0.838853
-0.81373
-0.529143
-0.838852
-0.813731
-0.529144
-0.838849
-0.81373
-0.529144
-0.838849
-0.813731
-0.529143
-0.838852
-0.813732
-0.529145
-0.838853
-0.81373
-0.529145
-0.838851
-0.813731
-0.529145
-0.83885
-0.813732
-0.529146
-0.838852
-0.813731
-0.529146
-0.838851
-0.81373
-0.529145
-0.83885
-0.813731
-0.529145
-0.838851
-0.81373
-0.529145
-0.838851
-0.813731
-0.529145
-0.83885
-0.813732
-0.529146
-0.838851
-0.813731
-0.529146
-0.838852
-0.81373
-0.529145
-0.83885
-0.813732
-0.529145
-0.838851
-0.813731
-0.529145
-0.838853
-0.81373
-0.529143
-0.838852
-0.813731
-0.529144
-0.838849
-0.81373
-0.529144
-0.838849
-0.813731
-0.529143
-0.838852
-0.813732
-0.529145
-0.838853
-0.81373
-0.529145
-0.838851
-0.813731
-0.529145
-0.83885
-0.813732
-0.529146
-0.838852
-0.813731
-0.529146
-0.838851
-0.81373
-0.529145
-0.83885
-0.813731
-0.529145
-0.838851
-0.81373
-0.529145
-0.838851
-0.813731
-0.529145
-0.83885
-0.813732
-0.529146
-0.838851
-0.813731
-0.529146
-0.838852
-0.81373
-0.529145
-0.83885
-0.813732
-0.529145
-0.838851
-0.813731
-0.529145
-0.838853
-0.81373
-0.529143
-0.838852
-0.813731
-0.529144
-0.838849
-0.81373
-0.529144
-0.838849
-0.813731
-0.529143
-0.838852
-0.813732
-0.529145
-0.838853
-0.81373
-0.529145
-0.838851
-0.813731
-0.529145
-0.83885
-0.813732
-0.529146
-0.838852
-0.813731
-0.529146
-0.838851
-0.81373
-0.529145
-0.83885
-0.813731
-0.529145
-0.838851
-0.81373
-0.529145
-0.838851
-0.813731
-0.529145
-0.83885
-0.813732
-0.529146
-0.838851
-0.813731
-0.529146
-0.838852
-0.81373
-0.529145
-0.83885
-0.813732
-0.529145
-0.838851
-0.813731
-0.529145
-0.838853
-0.81373
-0.529143
-0.838852
-0.813731
-0.529144
-0.838849
-0.81373
-0.529144
-0.838849
-0.813731
-0.529143
-0.838852
-0.813732
-0.529145
-0.838853
-0.81373
-0.529145
-0.838851
-0.813731
-0.529145
-0.83885
-0.813732
-0.529146
-0.838852
-0.813731
-0.529146
-0.838851
-0.81373
-0.529145
-0.83885
-0.529145
-0.838851
-0.264691
-0.264691
0.14788
-0.283126
-0.264691
0.147881
-0.283126
-0.264692
0.147881
-0.283126
-0.264692
0.14788
-0.283126
-0.264692
0.147879
-0.283127
-0.264691
0.147879
-0.283126
-0.264691
0.147879
-0.283125
-0.26469
0.147879
-0.283125
-0.26469
0.147879
-0.283125
-0.26469
0.147879
-0.283125
-0.264691
0.147879
-0.283125
-0.264691
0.147879
-0.283125
-0.264692
0.147879
-0.283126
-0.264692
0.147879
-0.283127
-0.264691
0.14788
-0.283126
-0.264691
0.147881
-0.283126
-0.264691
0.147881
-0.283126
-0.264691
0.14788
-0.283126
-0.264691
0.14788
-0.283126
-0.264691
0.147881
-0.283126
-0.264691
0.147881
-0.283126
-0.264692
0.14788
-0.283126
-0.264692
0.147879
-0.283127
-0.264691
0.147879
-0.283126
-0.264691
0.147879
-0.283125
-0.26469
0.147879
-0.283125
-0.26469
0.147879
-0.283125
-0.26469
0.147879
-0.283125
-0.264691
0.147879
-0.283125
-0.264691
0.147879
-0.283125
-0.264692
0.147879
-0.283126
-0.264692
0.147879
-0.283127
-0.264691
0.14788
-0.283126
-0.264691
0.147881
-0.283126
-0.264691
0.147881
-0.283126
-0.264691
0.14788
-0.283126
-0.264691
0.14788
-0.283126
-0.264691
0.147881
-0.283126
-0.264691
0.147881
-0.283126
-0.264692
0.14788
-0.283126
-0.264692
0.147879
-0.283127
-0.264691
0.147879
-0.283126
-0.264691
0.147879
-0.283125
-0.26469
0.147879
-0.283125
-0.26469
0.147879
-0.283125
-0.26469
0.147879
-0.283125
-0.264691
0.147879
-0.283125
-0.264691
0.147879
-0.283125
-0.264692
0.147879
-0.283126
-0.264692
0.147879
-0.283127
-0.264691
0.14788
-0.283126
-0.264691
0.147881
-0.283126
-0.264691
0.147881
-0.283126
-0.264691
0.14788
-0.283126
-0.264691
0.14788
-0.283126
-0.264691
0.147881
-0.283126
-0.264691
0.147881
-0.283126
-0.264692
0.14788
-0.283126
-0.264692
0.147879
-0.283127
-0.264691
0.147879
-0.283126
-0.264691
0.147879
-0.283125
-0.26469
0.147879
-0.283125
-0.26469
0.147879
-0.283125
-0.26469
0.147879
-0.283125
-0.264691
0.147879
-0.283125
-0.264691
0.147879
-0.283125
-0.264692
0.147879
-0.283126
-0.264692
0.147879
-0.283127
-0.264692
0.14788
-0.283126
-0.264691
0.147881
-0.283126
-0.264691
0.147881
-0.283126
0.14788
-0.283126
0.528161
0.528161
0.519571
0.52816
0.519571
0.52816
0.519571
0.528161
0.519571
0.528161
0.519572
0.528161
0.519571
0.52816
0.519571
0.528159
0.51957
0.52816
0.519571
0.528159
0.519571
0.52816
0.51957
0.528161
0.519571
0.528161
0.519571
0.528161
0.519572
0.52816
0.519571
0.52816
0.519571
0.528161
0.519571
0.528161
0.519571
0.528161
0.519571
0.52816
0.519571
0.52816
0.519571
0.528161
0.519571
0.528161
0.519572
0.528161
0.519571
0.52816
0.519571
0.528159
0.51957
0.52816
0.519571
0.528159
0.519571
0.52816
0.51957
0.528161
0.519571
0.528161
0.519571
0.528161
0.519572
0.52816
0.519571
0.52816
0.519571
0.528161
0.519571
0.528161
0.519571
0.528161
0.519571
0.52816
0.519571
0.52816
0.519571
0.528161
0.519571
0.528161
0.519572
0.528161
0.519571
0.52816
0.519571
0.528159
0.51957
0.52816
0.519571
0.528159
0.519571
0.52816
0.51957
0.528161
0.519571
0.528161
0.519571
0.528161
0.519572
0.52816
0.519571
0.52816
0.519571
0.528161
0.519571
0.528161
0.519571
0.528161
0.519571
0.52816
0.519571
0.52816
0.519571
0.528161
0.519571
0.528161
0.519572
0.528161
0.519571
0.52816
0.519571
0.528159
0.51957
0.52816
0.519571
0.528159
0.519571
0.52816
0.51957
0.528161
0.519571
0.528161
0.519571
0.528161
0.519572
0.52816
0.519571
0.52816
0.519571
0.528161
0.519571
0.519571
-0.862541
-0.862541
-0.571089
-0.899559
-0.862541
-0.57109
-0.899561
-0.862541
-0.571089
-0.899559
-0.862542
-0.571089
-0.899562
-0.862542
-0.571089
-0.899562
-0.862543
-0.57109
-0.899559
-0.862545
-0.571091
-0.899562
-0.862542
-0.571091
-0.899566
-0.862538
-0.571087
-0.899557
-0.862542
-0.571087
-0.899557
-0.862545
-0.571091
-0.899566
-0.862543
-0.571091
-0.899562
-0.862542
-0.57109
-0.899559
-0.862542
-0.571089
-0.899562
-0.862541
-0.571089
-0.899562
-0.862541
-0.571089
-0.899559
-0.862541
-0.57109
-0.899561
-0.862541
-0.571089
-0.899559
-0.862541
-0.571089
-0.899559
-0.862541
-0.57109
-0.899561
-0.862541
-0.571089
-0.899559
-0.862542
-0.571089
-0.899562
-0.862542
-0.571089
-0.899562
-0.862543
-0.57109
-0.899559
-0.862545
-0.571091
-0.899562
-0.862542
-0.571091
-0.899566
-0.862538
-0.571087
-0.899557
-0.862542
-0.571087
-0.899557
-0.862545
-0.571091
-0.899566
-0.862543
-0.571091
-0.899562
-0.862542
-0.57109
-0.899559
-0.862542
-0.571089
-0.899562
-0.862541
-0.571089
-0.899562
-0.862541
-0.571089
-0.899559
-0.862541
-0.57109
-0.899561
-0.862541
-0.571089
-0.899559
-0.862541
-0.571089
-0.899559
-0.862541
-0.57109
-0.899561
-0.862541
-0.571089
-0.899559
-0.862542
-0.571089
-0.899562
-0.862542
-0.571089
-0.899562
-0.862543
-0.57109
-0.899559
-0.862545
-0.571091
-0.899562
-0.862542
-0.571091
-0.899566
-0.862538
-0.571087
-0.899557
-0.862542
-0.571087
-0.899557
-0.862545
-0.571091
-0.899566
-0.862543
-0.571091
-0.899562
-0.862542
-0.57109
-0.899559
-0.862542
-0.571089
-0.899562
-0.862541
-0.571089
-0.899562
-0.862541
-0.571089
-0.899559
-0.862541
-0.57109
-0.899561
-0.862541
-0.571089
-0.899559
-0.862541
-0.571089
-0.899559
-0.862541
-0.57109
-0.899561
-0.862541
-0.571089
-0.899559
-0.862542
-0.571089
-0.899562
-0.862542
-0.571089
-0.899562
-0.862543
-0.57109
-0.899559
-0.862545
-0.571091
-0.899562
-0.862542
-0.571091
-0.899566
-0.862538
-0.571087
-0.899557
-0.862542
-0.571087
-0.899557
-0.862545
-0.571091
-0.899566
-0.862543
-0.571091
-0.899562
-0.862542
-0.57109
-0.899559
-0.862542
-0.571089
-0.899562
-0.862541
-0.571089
-0.899562
-0.862541
-0.571089
-0.899559
-0.862541
-0.57109
-0.899561
-0.571089
-0.899559
-0.300449
-0.300449
0.122318
-0.31754
-0.300449
0.122318
-0.31754
-0.300449
0.122318
-0.31754
-0.300449
0.122316
-0.31754
-0.300449
0.122316
-0.31754
-0.300449
0.122316
-0.31754
-0.300448
0.122317
-0.31754
-0.300448
0.122317
-0.317539
-0.300449
0.122317
-0.31754
-0.300448
0.122317
-0.31754
-0.300448
0.122317
-0.317539
-0.300449
0.122317
-0.31754
-0.30045
0.122316
-0.31754
-0.300449
0.122316
-0.31754
-0.300449
0.122316
-0.31754
-0.300449
0.122318
-0.31754
-0.300449
0.122318
-0.31754
-0.300449
0.122318
-0.31754
-0.300449
0.122318
-0.31754
-0.300449
0.122318
-0.31754
-0.300449
0.122318
-0.31754
-0.300449
0.122316
-0.31754
-0.300449
0.122316
-0.31754
-0.300449
0.122316
-0.31754
-0.300448
0.122317
-0.31754
-0.300448
0.122317
-0.317539
-0.300449
0.122317
-0.31754
-0.300448
0.122317
-0.31754
-0.300448
0.122317
-0.317539
-0.300449
0.122317
-0.31754
-0.300449
0.122316
-0.31754
-0.300449
0.122316
-0.31754
-0.300449
0.122316
-0.31754
-0.300449
0.122318
-0.31754
-0.300449
0.122318
-0.31754
-0.300449
0.122318
-0.31754
-0.300449
0.122318
-0.31754
-0.300449
0.122318
-0.31754
-0.300449
0.122318
-0.31754
-0.300449
0.122316
-0.31754
-0.300449
0.122316
-0.31754
-0.300449
0.122316
-0.31754
-0.300448
0.122317
-0.31754
-0.300448
0.122317
-0.317539
-0.300449
0.122317
-0.31754
-0.300448
0.122317
-0.31754
-0.300448
0.122317
-0.317539
-0.300449
0.122317
-0.31754
-0.300449
0.122316
-0.31754
-0.300449
0.122316
-0.31754
-0.300449
0.122316
-0.31754
-0.300449
0.122318
-0.31754
-0.300449
0.122318
-0.31754
-0.300449
0.122318
-0.31754
-0.300449
0.122318
-0.31754
-0.300449
0.122318
-0.31754
-0.300449
0.122318
-0.31754
-0.300449
0.122316
-0.31754
-0.300449
0.122316
-0.31754
-0.300449
0.122316
-0.31754
-0.300448
0.122317
-0.31754
-0.300448
0.122317
-0.317539
-0.300449
0.122317
-0.31754
-0.300448
0.122317
-0.31754
-0.300448
0.122317
-0.317539
-0.300449
0.122317
-0.31754
-0.300449
0.122316
-0.31754
-0.300449
0.122316
-0.31754
-0.300449
0.122316
-0.31754
-0.300449
0.122318
-0.31754
-0.300449
0.122318
-0.31754
0.122318
-0.31754
0.511536
0.511536
0.502888
0.511536
0.502888
0.511536
0.502888
0.511536
0.502888
0.511536
0.502888
0.511535
0.502888
0.511535
0.502887
0.511536
0.502887
0.511536
0.502888
0.511536
0.502888
0.511535
0.502887
0.511535
0.502887
0.511536
0.502888
0.511536
0.502888
0.511536
0.502888
0.511536
0.502888
0.511536
0.502888
0.511536
0.502888
0.511536
0.502888
0.511536
0.502888
0.511536
0.502888
0.511536
0.502888
0.511536
0.502888
0.511535
0.502888
0.511535
0.502887
0.511536
0.502887
0.511536
0.502888
0.511536
0.502888
0.511535
0.502887
0.511535
0.502887
0.511536
0.502888
0.511536
0.502888
0.511536
0.502888
0.511536
0.502888
0.511536
0.502888
0.511536
0.502888
0.511536
0.502888
0.511536
0.502888
0.511536
0.502888
0.511536
0.502888
0.511536
0.502888
0.511535
0.502888
0.511535
0.502887
0.511536
0.502887
0.511536
0.502888
0.511536
0.502888
0.511535
0.502887
0.511535
0.502887
0.511536
0.502888
0.511536
0.502888
0.511536
0.502888
0.511536
0.502888
0.511536
0.502888
0.511536
0.502888
0.511536
0.502888
0.511536
0.502888
0.511536
0.502888
0.511536
0.502888
0.511536
0.502888
0.511535
0.502888
0.511535
0.502887
0.511536
0.502887
0.511536
0.502888
0.511536
0.502888
0.511535
0.502887
0.511535
0.502887
0.511536
0.502888
0.511536
0.502888
0.511536
0.502888
0.511536
0.502888
0.511536
0.502888
0.502888
-0.932571
-0.93257
-0.621565
-0.999132
-0.932572
-0.621567
-0.999135
-0.932572
-0.621566
-0.999133
-0.932573
-0.621567
-0.999135
-0.932571
-0.621568
-0.999132
-0.93257
-0.621564
-0.999133
-0.932574
-0.621566
-0.999131
-0.932573
-0.621569
-0.999137
-0.932568
-0.621564
-0.999131
-0.932573
-0.621564
-0.999131
-0.932574
-0.621569
-0.999137
-0.93257
-0.621566
-0.999131
-0.932571
-0.621564
-0.999133
-0.932573
-0.621568
-0.999132
-0.932572
-0.621567
-0.999135
-0.932572
-0.621566
-0.999133
-0.932571
-0.621567
-0.999135
-0.93257
-0.621565
-0.999132
-0.932571
-0.621565
-0.999132
-0.932572
-0.621567
-0.999135
-0.932572
-0.621566
-0.999133
-0.932573
-0.621567
-0.999135
-0.932571
-0.621568
-0.999132
-0.93257
-0.621564
-0.999133
-0.932574
-0.621566
-0.999131
-0.932573
-0.621569
-0.999137
-0.932568
-0.621564
-0.999131
-0.932573
-0.621564
-0.999131
-0.932574
-0.621569
-0.999137
-0.93257
-0.621566
-0.999131
-0.932571
-0.621564
-0.999133
-0.932573
-0.621568
-0.999132
-0.932572
-0.621567
-0.999135
-0.932572
-0.621566
-0.999133
-0.932571
-0.621567
-0.999135
-0.93257
-0.621565
-0.999132
-0.932571
-0.621565
-0.999132
-0.932572
-0.621567
-0.999135
-0.932572
-0.621566
-0.999133
-0.932573
-0.621567
-0.999135
-0.932571
-0.621568
-0.999132
-0.93257
-0.621564
-0.999133
-0.932574
-0.621566
-0.999131
-0.932573
-0.621569
-0.999137
-0.932568
-0.621564
-0.999131
-0.932573
-0.621564
-0.999131
-0.932574
-0.621569
-0.999137
-0.93257
-0.621566
-0.999131
-0.932571
-0.621564
-0.999133
-0.932573
-0.621568
-0.999132
-0.932572
-0.621567
-0.999135
-0.932572
-0.621566
-0.999133
-0.932571
-0.621567
-0.999135
-0.93257
-0.621565
-0.999132
-0.932571
-0.621565
-0.999132
-0.932572
-0.621567
-0.999135
-0.932572
-0.621566
-0.999133
-0.932573
-0.621567
-0.999135
-0.932571
-0.621568
-0.999132
-0.93257
-0.621564
-0.999133
-0.932574
-0.621566
-0.999131
-0.932573
-0.621569
-0.999137
-0.932568
-0.621564
-0.999131
-0.932573
-0.621564
-0.999131
-0.932574
-0.621569
-0.999137
-0.93257
-0.621566
-0.999131
-0.932571
-0.621564
-0.999133
-0.932573
-0.621568
-0.999132
-0.932572
-0.621567
-0.999135
-0.932572
-0.621566
-0.999133
-0.932571
-0.621567
-0.999135
-0.621565
-0.999132
-0.332776
-0.332776
0.098344
-0.355361
-0.332776
0.0983449
-0.355361
-0.332776
0.0983451
-0.355361
-0.332775
0.0983446
-0.355361
-0.332776
0.098344
-0.355361
-0.332776
0.0983446
-0.355361
-0.332775
0.0983455
-0.355361
-0.332775
0.0983447
-0.35536
-0.332775
0.0983459
-0.355361
-0.332775
0.0983459
-0.355361
-0.332775
0.0983447
-0.35536
-0.332776
0.0983455
-0.355361
-0.332776
0.0983446
-0.355361
-0.332775
0.098344
-0.355361
-0.332776
0.0983446
-0.355361
-0.332776
0.0983451
-0.355361
-0.332776
0.0983448
-0.355361
-0.332776
0.098344
-0.355361
-0.332776
0.098344
-0.355361
-0.332776
0.0983448
-0.355361
-0.332776
0.0983451
-0.355361
-0.332775
0.0983446
-0.355361
-0.332776
0.098344
-0.355361
-0.332776
0.0983446
-0.355361
-0.332775
0.0983455
-0.355361
-0.332775
0.0983447
-0.35536
-0.332775
0.0983459
-0.355361
-0.332775
0.0983459
-0.355361
-0.332775
0.0983447
-0.35536
-0.332776
0.0983455
-0.355361
-0.332776
0.0983446
-0.355361
-0.332775
0.098344
-0.355361
-0.332776
0.0983446
-0.355361
-0.332776
0.0983451
-0.355361
-0.332776
0.0983448
-0.355361
-0.332776
0.098344
-0.355361
-0.332776
0.098344
-0.355361
-0.332776
0.0983448
-0.355361
-0.332776
0.0983451
-0.355361
-0.332775
0.0983446
-0.355361
-0.332776
0.098344
-0.355361
-0.332776
0.0983446
-0.355361
-0.332775
0.0983455
-0.355361
-0.332775
0.0983447
-0.35536
-0.332775
0.098346
-0.355361
-0.332775
0.098346
-0.355361
-0.332775
0.0983447
-0.35536
-0.332776
0.0983455
-0.355361
-0.332776
0.0983446
-0.355361
-0.332775
0.098344
-0.355361
-0.332776
0.0983446
-0.355361
-0.332776
0.0983451
-0.355361
-0.332776
0.0983448
-0.355361
-0.332776
0.098344
-0.355361
-0.332776
0.098344
-0.355361
-0.332776
0.0983448
-0.355361
-0.332776
0.0983451
-0.355361
-0.332775
0.0983446
-0.355361
-0.332776
0.098344
-0.355361
-0.332776
0.0983446
-0.355361
-0.332775
0.0983455
-0.355361
-0.332775
0.0983447
-0.35536
-0.332775
0.0983459
-0.355361
-0.332775
0.0983459
-0.355361
-0.332775
0.0983447
-0.35536
-0.332776
0.0983455
-0.355361
-0.332776
0.0983446
-0.355361
-0.332775
0.098344
-0.355361
-0.332776
0.0983446
-0.355361
-0.332776
0.0983451
-0.355361
-0.332776
0.0983448
-0.355361
0.098344
-0.355361
0.495182
0.495182
0.485235
0.495182
0.485235
0.495182
0.485235
0.495182
0.485235
0.495182
0.485235
0.495182
0.485235
0.495182
0.485235
0.495182
0.485236
0.495183
0.485236
0.495182
0.485236
0.495182
0.485236
0.495182
0.485235
0.495182
0.485235
0.495182
0.485235
0.495182
0.485235
0.495182
0.485235
0.495182
0.485235
0.495182
0.485235
0.495182
0.485235
0.495182
0.485235
0.495182
0.485235
0.495182
0.485235
0.495182
0.485235
0.495182
0.485235
0.495182
0.485235
0.495182
0.485236
0.495183
0.485236
0.495182
0.485236
0.495182
0.485236
0.495182
0.485235
0.495182
0.485235
0.495182
0.485235
0.495182
0.485235
0.495182
0.485235
0.495182
0.485235
0.495182
0.485235
0.495182
0.485235
0.495182
0.485235
0.495182
0.485235
0.495182
0.485235
0.495182
0.485235
0.495182
0.485235
0.495182
0.485235
0.495182
0.485236
0.495183
0.485236
0.495182
0.485236
0.495182
0.485236
0.495182
0.485235
0.495182
0.485235
0.495182
0.485235
0.495182
0.485235
0.495182
0.485235
0.495182
0.485235
0.495182
0.485235
0.495182
0.485235
0.495182
0.485235
0.495182
0.485235
0.495182
0.485235
0.495182
0.485235
0.495182
0.485235
0.495182
0.485235
0.495182
0.485236
0.495183
0.485236
0.495182
0.485236
0.495182
0.485236
0.495182
0.485235
0.495182
0.485235
0.495182
0.485235
0.495182
0.485235
0.495182
0.485235
0.495182
0.485235
0.485235
-1.04114
-1.04113
-0.692876
-1.04114
-0.692878
-1.04114
-0.692878
-1.04114
-0.692879
-1.04114
-0.692877
-1.04113
-0.692877
-1.04114
-0.692876
-1.04114
-0.692879
-1.04114
-0.692877
-1.04114
-0.692877
-1.04114
-0.692879
-1.04113
-0.692876
-1.04114
-0.692877
-1.04114
-0.692877
-1.04114
-0.692879
-1.04114
-0.692878
-1.04114
-0.692878
-1.04113
-0.692876
-1.04114
-0.692876
-1.04114
-0.692878
-1.04114
-0.692878
-1.04114
-0.692879
-1.04114
-0.692877
-1.04113
-0.692877
-1.04114
-0.692876
-1.04114
-0.692879
-1.04114
-0.692877
-1.04114
-0.692877
-1.04114
-0.692879
-1.04113
-0.692876
-1.04114
-0.692877
-1.04114
-0.692877
-1.04114
-0.692879
-1.04114
-0.692878
-1.04114
-0.692878
-1.04113
-0.692876
-1.04114
-0.692876
-1.04114
-0.692878
-1.04114
-0.692878
-1.04114
-0.692879
-1.04114
-0.692877
-1.04113
-0.692877
-1.04114
-0.692876
-1.04114
-0.692879
-1.04114
-0.692877
-1.04114
-0.692877
-1.04114
-0.692879
-1.04113
-0.692876
-1.04114
-0.692877
-1.04114
-0.692877
-1.04114
-0.692879
-1.04114
-0.692878
-1.04114
-0.692878
-1.04113
-0.692876
-1.04114
-0.692876
-1.04114
-0.692878
-1.04114
-0.692878
-1.04114
-0.692879
-1.04114
-0.692877
-1.04113
-0.692877
-1.04114
-0.692876
-1.04114
-0.692879
-1.04114
-0.692877
-1.04114
-0.692877
-1.04114
-0.692879
-1.04113
-0.692876
-1.04114
-0.692877
-1.04114
-0.692877
-1.04114
-0.692879
-1.04114
-0.692878
-1.04114
-0.692878
-0.692876
-0.369624
-0.369624
0.0722772
-0.369624
0.0722772
-0.369625
0.0722775
-0.369625
0.0722779
-0.369625
0.0722777
-0.369625
0.0722784
-0.369625
0.0722774
-0.369625
0.0722777
-0.369625
0.0722773
-0.369625
0.0722773
-0.369625
0.0722777
-0.369625
0.0722774
-0.369625
0.0722784
-0.369625
0.0722777
-0.369625
0.0722779
-0.369625
0.0722775
-0.369624
0.0722772
-0.369624
0.0722772
-0.369624
0.0722772
-0.369625
0.0722772
-0.369625
0.0722775
-0.369625
0.0722779
-0.369625
0.0722777
-0.369625
0.0722784
-0.369625
0.0722774
-0.369625
0.0722777
-0.369625
0.0722773
-0.369625
0.0722773
-0.369625
0.0722777
-0.369625
0.0722774
-0.369625
0.0722784
-0.369625
0.0722777
-0.369625
0.0722779
-0.369624
0.0722775
-0.369624
0.0722772
-0.369624
0.0722772
-0.369624
0.0722772
-0.369624
0.0722772
-0.369625
0.0722775
-0.369625
0.0722779
-0.369625
0.0722777
-0.369625
0.0722784
-0.369625
0.0722774
-0.369625
0.0722777
-0.369625
0.0722773
-0.369625
0.0722773
-0.369625
0.0722777
-0.369625
0.0722774
-0.369625
0.0722784
-0.369625
0.0722777
-0.369625
0.0722779
-0.369624
0.0722775
-0.369624
0.0722772
-0.369624
0.0722772
-0.369624
0.0722772
-0.369624
0.0722772
-0.369625
0.0722775
-0.369625
0.0722779
-0.369625
0.0722777
-0.369625
0.0722784
-0.369625
0.0722774
-0.369625
0.0722777
-0.369625
0.0722773
-0.369625
0.0722773
-0.369625
0.0722777
-0.369625
0.0722774
-0.369625
0.0722784
-0.369625
0.0722777
-0.369625
0.0722779
-0.369624
0.0722775
-0.369624
0.0722772
0.0722772
0.478946
0.478946
0.478946
0.478946
0.478946
0.478946
0.478946
0.478946
0.478947
0.478947
0.478947
0.478946
0.478946
0.478946
0.478946
0.478946
0.478946
0.478946
0.478946
0.478946
0.478946
0.478946
0.478946
0.478946
0.478946
0.478946
0.478947
0.478947
0.478947
0.478946
0.478946
0.478946
0.478946
0.478946
0.478946
0.478946
0.478946
0.478946
0.478946
0.478946
0.478946
0.478946
0.478946
0.478946
0.478947
0.478947
0.478947
0.478946
0.478946
0.478946
0.478946
0.478946
0.478946
0.478946
0.478946
0.478946
0.478946
0.478946
0.478946
0.478946
0.478946
0.478946
0.478947
0.478947
0.478947
0.478946
0.478946
0.478946
0.478946
0.478946
0.478946
0.478946
)
;

boundaryField
{
    fixed
    {
        type            calculated;
        value           nonuniform List<scalar> 
216
(
-0.724233
-0.724232
-0.724235
-0.724232
-0.724231
-0.724231
-0.724235
-0.724234
-0.724234
-0.724234
-0.724234
-0.724235
-0.724231
-0.724231
-0.724232
-0.724235
-0.724232
-0.724233
-0.724233
-0.724232
-0.724235
-0.724232
-0.724231
-0.724231
-0.724235
-0.724234
-0.724234
-0.724234
-0.724234
-0.724235
-0.724231
-0.724231
-0.724232
-0.724235
-0.724232
-0.724233
-0.724233
-0.724232
-0.724235
-0.724232
-0.724231
-0.724231
-0.724235
-0.724234
-0.724234
-0.724234
-0.724234
-0.724235
-0.724231
-0.724231
-0.724232
-0.724235
-0.724232
-0.724233
-0.724233
-0.724232
-0.724235
-0.724232
-0.724231
-0.724231
-0.724235
-0.724234
-0.724234
-0.724234
-0.724234
-0.724235
-0.724231
-0.724231
-0.724232
-0.724235
-0.724232
-0.724233
-0.0927225
-0.0927225
-0.0927224
-0.0927206
-0.0927197
-0.0927203
-0.0927223
-0.0927225
-0.0927237
-0.0927237
-0.0927225
-0.0927223
-0.0927203
-0.0927197
-0.0927206
-0.0927224
-0.0927225
-0.0927225
-0.0927225
-0.0927225
-0.0927224
-0.0927206
-0.0927197
-0.0927203
-0.0927223
-0.0927225
-0.0927237
-0.0927237
-0.0927225
-0.0927223
-0.0927203
-0.0927197
-0.0927206
-0.0927224
-0.0927225
-0.0927225
-0.0927225
-0.0927225
-0.0927224
-0.0927206
-0.0927197
-0.0927203
-0.0927223
-0.0927225
-0.0927237
-0.0927237
-0.0927225
-0.0927223
-0.0927203
-0.0927197
-0.0927206
-0.0927224
-0.0927225
-0.0927225
-0.0927225
-0.0927225
-0.0927224
-0.0927206
-0.0927197
-0.0927203
-0.0927223
-0.0927225
-0.0927237
-0.0927237
-0.0927225
-0.0927223
-0.0927203
-0.0927197
-0.0927206
-0.0927224
-0.0927225
-0.0927225
0.624575
0.624576
0.624576
0.624576
0.624577
0.624576
0.624577
0.624576
0.624575
0.624575
0.624576
0.624577
0.624576
0.624577
0.624576
0.624576
0.624576
0.624575
0.624575
0.624576
0.624576
0.624576
0.624577
0.624576
0.624577
0.624576
0.624575
0.624575
0.624576
0.624577
0.624576
0.624577
0.624576
0.624576
0.624576
0.624575
0.624575
0.624576
0.624576
0.624576
0.624577
0.624576
0.624577
0.624576
0.624575
0.624575
0.624576
0.624577
0.624576
0.624577
0.624576
0.624576
0.624576
0.624575
0.624575
0.624576
0.624576
0.624576
0.624577
0.624576
0.624577
0.624576
0.624575
0.624575
0.624576
0.624577
0.624576
0.624577
0.624576
0.624576
0.624576
0.624575
)
;
    }
    inside
    {
        type            calculated;
        value           uniform 1.0472;
    }
    outside
    {
        type            calculated;
        value           uniform -1.0472;
    }
}


// ************************************************************************* //
