/*--------------------------------*- C++ -*----------------------------------*\
| =========                 |                                                 |
| \\      /  F ield         | OpenFOAM: The Open Source CFD Toolbox           |
|  \\    /   O peration     | Version:  2412                                  |
|   \\  /    A nd           | Website:  www.openfoam.com                      |
|    \\/     M anipulation  |                                                 |
\*---------------------------------------------------------------------------*/
FoamFile
{
    version     2.0;
    format      ascii;
    arch        "LSB;label=32;scalar=64";
    class       volScalarField;
    location    "0.0250162";
    object      ionicCurrent;
}
// * * * * * * * * * * * * * * * * * * * * * * * * * * * * * * * * * * * * * //

dimensions      [1 2 -4 0 0 -1 0];

internalField   nonuniform List<scalar> 
8679
(
0.865898
0.850487
0.871665
0.904856
0.922706
0.950038
0.986692
1.01264
1.06683
1.11173
1.1955
1.26325
1.3404
1.4021
1.49846
1.61401
1.70646
1.80817
1.92157
2.05187
2.18549
2.33654
2.50214
2.68253
2.81965
3.02749
3.18486
3.34881
3.59682
3.78794
3.98214
4.18427
4.39342
0.855919
0.867212
0.888501
0.895166
0.916972
0.965623
0.983128
1.02674
1.08761
1.13122
1.18463
1.25416
1.3267
1.41619
1.51848
1.60011
1.72805
1.83272
1.94741
2.0741
2.21331
2.36641
2.53375
2.66008
2.85244
2.99819
3.22053
3.38647
3.55885
3.82344
4.01967
4.22489
4.43999
0.89388
0.904068
0.900209
0.931144
0.948269
0.975758
1.01499
1.06553
1.10041
1.17378
1.23032
1.29639
1.37436
1.46455
1.53406
1.64829
1.74064
1.84294
1.96318
2.12899
2.23013
2.37617
2.54234
2.7232
2.85973
3.06782
3.22377
3.38673
3.64069
3.82727
4.02148
4.22262
4.42956
0.0269459
0.0329106
0.0345708
0.052358
0.0657485
0.0864547
0.114612
0.137667
0.176755
0.210523
0.25156
0.301005
0.359474
0.426459
0.482342
0.567175
0.640743
0.722369
0.814532
0.917388
1.03025
1.12626
1.25975
1.37623
1.53528
1.67396
1.82212
1.98125
2.15214
2.33447
2.52887
2.73597
2.95215
0.0378774
0.0449805
0.043276
0.0653105
0.078718
0.0993605
0.126977
0.14549
0.189189
0.223418
0.264413
0.314135
0.371898
0.423258
0.493781
0.559485
0.655819
0.740811
0.8341
0.936898
1.02301
1.14568
1.27712
1.39775
1.5235
1.69631
1.84656
2.0062
2.17719
2.36023
2.55629
2.76143
2.98573
0.0406845
0.0495815
0.0650654
0.0701524
0.0816598
0.102169
0.131059
0.167537
0.194915
0.248478
0.292513
0.3425
0.380721
0.446669
0.508191
0.590761
0.665853
0.748418
0.841102
0.944906
1.05897
1.15588
1.29074
1.40797
1.56778
1.70633
1.85399
2.01378
2.22657
2.41495
2.56548
2.77236
2.98866
0.0614792
0.0707212
0.0869251
0.0924087
0.104233
0.124534
0.153842
0.190715
0.218459
0.272794
0.317534
0.368125
0.411606
0.474362
0.536795
0.620464
0.696389
0.779877
0.873639
0.978348
1.09371
1.19169
1.32823
1.44612
1.60698
1.74588
1.89467
2.09364
2.27042
2.45892
2.65976
2.81815
3.03865
0.107805
0.115682
0.114811
0.138242
0.152801
0.174354
0.203205
0.222903
0.268318
0.304583
0.347979
0.400099
0.46028
0.513822
0.587587
0.660009
0.755765
0.844075
0.940519
1.04633
1.13451
1.26103
1.40123
1.52027
1.64883
1.82576
1.97852
2.14091
2.31454
2.4996
2.69728
2.90761
3.12691
-0.476563
-0.485883
-0.476898
-0.474347
-0.466423
-0.451492
-0.429918
-0.402746
-0.384886
-0.363179
-0.335041
-0.300922
-0.270749
-0.228523
-0.190057
-0.141315
-0.0894697
-0.0293357
0.0344114
0.110018
0.175401
0.265563
0.347826
0.453643
0.558425
0.667455
0.786627
0.912894
1.05554
1.21055
1.3467
1.52447
1.68184
-0.487102
-0.480666
-0.46941
-0.4667
-0.458826
-0.444794
-0.42524
-0.412302
-0.380573
-0.356424
-0.327588
-0.292813
-0.26632
-0.219362
-0.17957
-0.134816
-0.0826398
-0.0225465
0.0458978
0.121844
0.188328
0.279917
0.36145
0.450436
0.550051
0.678437
0.801162
0.931937
1.05072
1.20228
1.36411
1.54511
1.70395
-0.470762
-0.465679
-0.469177
-0.462075
-0.442807
-0.427635
-0.421831
-0.398421
-0.381643
-0.355234
-0.32956
-0.292949
-0.250717
-0.216181
-0.16077
-0.112923
-0.0594374
-5.93112e-05
0.0545201
0.125751
0.211032
0.285955
0.368484
0.480157
0.58151
0.69105
0.810678
0.94207
1.08098
1.2362
1.37751
1.55241
1.7483
-0.461226
-0.455223
-0.456396
-0.439226
-0.429021
-0.41573
-0.406431
-0.38636
-0.369065
-0.341981
-0.311808
-0.278243
-0.235058
-0.199643
-0.143114
-0.0947161
-0.0404928
0.0199257
0.075555
0.147431
0.233559
0.310431
0.414205
0.507796
0.608957
0.718914
0.839457
0.971797
1.11178
1.26916
1.43955
1.58927
1.78506
-0.446383
-0.443055
-0.43071
-0.426435
-0.417761
-0.402658
-0.381993
-0.364349
-0.334998
-0.30876
-0.277801
-0.24152
-0.212823
-0.163933
-0.122623
-0.075531
-0.0165673
0.0424974
0.113596
0.192768
0.261362
0.355704
0.440596
0.533728
0.659265
0.77468
0.898864
1.02977
1.17624
1.30927
1.47407
1.65851
1.81974
-0.413543
-0.406115
-0.393287
-0.389361
-0.380858
-0.36584
-0.344574
-0.326406
-0.296066
-0.268736
-0.238797
-0.212667
-0.172792
-0.119375
-0.0759001
-0.0274333
0.0282495
0.0926348
0.165533
0.246304
0.316512
0.413231
0.499656
0.594643
0.722828
0.84031
0.966613
1.09977
1.24953
1.41137
1.55658
1.73744
1.93941
-0.363041
-0.357775
-0.354773
-0.341175
-0.330277
-0.313408
-0.291374
-0.278823
-0.255178
-0.21716
-0.183584
-0.155782
-0.113916
-0.0586302
-0.0134755
0.0365478
0.0938053
0.159941
0.234913
0.318081
0.389556
0.48854
0.578299
0.699335
0.808457
0.92568
1.05293
1.19201
1.34331
1.50277
1.6803
1.83788
2.03615
-0.286825
-0.292387
-0.286458
-0.278585
-0.269283
-0.252717
-0.227962
-0.201459
-0.180823
-0.150173
-0.11652
-0.075919
-0.031943
0.0121182
0.0705474
0.124185
0.18388
0.252182
0.329826
0.416744
0.511996
0.594903
0.708279
0.809446
0.918298
1.03846
1.19437
1.33984
1.49506
1.6319
1.80944
1.99743
2.20525
-0.195637
-0.190604
-0.193202
-0.173958
-0.162467
-0.147157
-0.135648
-0.110516
-0.0831274
-0.0419948
-0.00469796
0.0374416
0.0740174
0.127042
0.193929
0.249349
0.311069
0.38131
0.460664
0.549952
0.648447
0.733188
0.850096
0.954039
1.08894
1.21758
1.35177
1.49696
1.65447
1.82434
2.00255
2.19925
2.41039
-0.0731295
-0.079216
-0.0714852
-0.0611991
-0.0363967
-0.0159537
0.00907648
0.0246479
0.0638849
0.0940973
0.130452
0.174981
0.228104
0.289228
0.338067
0.398481
0.479398
0.554432
0.637877
0.730705
0.832769
0.919363
1.04116
1.17148
1.29238
1.41795
1.58382
1.73462
1.89569
2.06931
2.25611
2.45644
2.66662
0.0775068
0.0856666
0.100394
0.104896
0.116304
0.135617
0.163194
0.198953
0.23857
0.274384
0.312157
0.358771
0.415081
0.479262
0.531202
0.611325
0.680097
0.758039
0.866046
0.96433
1.04853
1.16304
1.29168
1.42847
1.54871
1.71337
1.85481
2.00575
2.16803
2.34294
2.57817
2.73051
2.94125
0.297868
0.305782
0.30698
0.325849
0.338444
0.358672
0.388498
0.426725
0.457733
0.507306
0.549116
0.598986
0.658641
0.726978
0.784799
0.866334
0.943972
1.04756
1.14046
1.24226
1.35387
1.47725
1.61253
1.72407
1.88266
2.05211
2.20052
2.35316
2.56438
2.74393
2.93434
3.13601
3.34942
0.55732
0.56128
0.561601
0.583609
0.601733
0.623387
0.655087
0.696964
0.74336
0.78247
0.826886
0.902475
0.966655
1.01712
1.09893
1.1887
1.26958
1.38161
1.47806
1.58871
1.7061
1.83574
1.97299
2.12782
2.29661
2.42924
2.62349
2.77718
2.9993
3.17777
3.3662
3.5651
3.77405
0.84165
0.850729
0.848567
0.872528
0.890224
0.912697
0.946018
0.990456
1.04057
1.08114
1.15045
1.21175
1.27794
1.35529
1.44015
1.54159
1.62241
1.7423
1.8408
1.94985
2.11659
2.25334
2.39623
2.50679
2.67736
2.86342
2.99789
3.21206
3.36649
3.61002
3.78796
3.97419
4.16864
1.05487
1.06574
1.08222
1.08882
1.12685
1.14964
1.18277
1.2279
1.28393
1.31718
1.39565
1.45066
1.51595
1.59328
1.68324
1.78578
1.86124
1.98315
2.07611
2.23135
2.34946
2.47889
2.62049
2.77439
2.94235
3.1209
3.24174
3.44746
3.58421
3.82086
3.97427
4.12504
4.41046
-0.770119
-0.766675
-0.769577
-0.756799
-0.750055
-0.741334
-0.739109
-0.72115
-0.709919
-0.695721
-0.677178
-0.665545
-0.638089
-0.616957
-0.592865
-0.563223
-0.52745
-0.486173
-0.451933
-0.399826
-0.355286
-0.305958
-0.249721
-0.185863
-0.114551
-0.0342823
0.0507035
0.148489
0.242272
0.35576
0.481975
0.602171
0.736812
-0.765911
-0.761913
-0.766073
-0.761365
-0.748964
-0.746685
-0.738288
-0.726787
-0.707628
-0.69293
-0.682595
-0.664568
-0.643121
-0.613224
-0.586171
-0.55535
-0.519933
-0.492142
-0.446458
-0.406287
-0.347723
-0.295399
-0.238429
-0.174288
-0.102405
-0.0217272
0.0639653
0.162892
0.252461
0.369822
0.479888
0.616827
0.748594
-0.770763
-0.765406
-0.756718
-0.756349
-0.751296
-0.740695
-0.72637
-0.72054
-0.711496
-0.696875
-0.676907
-0.651883
-0.635724
-0.616161
-0.586643
-0.555878
-0.522956
-0.481108
-0.442637
-0.394372
-0.346801
-0.283616
-0.222903
-0.156968
-0.0848045
-0.0170514
0.0706053
0.165807
0.275601
0.376387
0.501534
0.627946
0.780143
-0.763857
-0.762087
-0.752988
-0.75124
-0.746313
-0.736059
-0.722133
-0.716091
-0.702865
-0.691532
-0.670178
-0.644873
-0.628086
-0.602779
-0.567778
-0.544374
-0.512618
-0.469136
-0.420667
-0.380424
-0.334428
-0.267245
-0.20588
-0.138967
-0.0685445
0.0130664
0.0907558
0.185372
0.295869
0.397569
0.529202
0.652536
0.80649
-0.750342
-0.746408
-0.745073
-0.735671
-0.728573
-0.718561
-0.715281
-0.696541
-0.683853
-0.667465
-0.64761
-0.63416
-0.605007
-0.582313
-0.555624
-0.524138
-0.485755
-0.44191
-0.405272
-0.350622
-0.303628
-0.251341
-0.191886
-0.124457
-0.0488115
0.0354438
0.124428
0.226753
0.324801
0.443025
0.574756
0.703899
0.839523
-0.731248
-0.727502
-0.725772
-0.715773
-0.710062
-0.708547
-0.69948
-0.68634
-0.664896
-0.647651
-0.635651
-0.615493
-0.59135
-0.55817
-0.528106
-0.494574
-0.456607
-0.421896
-0.376875
-0.328916
-0.270583
-0.215032
-0.153513
-0.0840921
-0.00660907
0.0795039
0.174948
0.275479
0.375608
0.496434
0.630214
0.76142
0.898943
-0.703704
-0.707522
-0.703297
-0.69718
-0.690756
-0.679795
-0.668079
-0.6572
-0.645428
-0.628119
-0.605095
-0.5817
-0.556402
-0.521457
-0.490362
-0.454944
-0.415397
-0.379236
-0.331
-0.270955
-0.22053
-0.165046
-0.100383
-0.0151646
0.0676022
0.15608
0.239044
0.340309
0.457422
0.565413
0.706475
0.857093
0.999343
-0.669079
-0.66485
-0.662259
-0.651526
-0.645045
-0.643118
-0.62703
-0.608303
-0.594475
-0.57725
-0.554883
-0.535556
-0.507447
-0.477383
-0.445217
-0.399068
-0.365482
-0.318633
-0.267019
-0.204473
-0.151756
-0.0931565
-0.00983919
0.0663553
0.149608
0.237344
0.338838
0.449903
0.554506
0.681825
0.823244
0.962032
1.12999
-0.609478
-0.605447
-0.610011
-0.60371
-0.588637
-0.585148
-0.56854
-0.549361
-0.534806
-0.516168
-0.49164
-0.462148
-0.435852
-0.399414
-0.366097
-0.327823
-0.284004
-0.233119
-0.175622
-0.126347
-0.0559956
0.00710385
0.0944626
0.173385
0.259405
0.353982
0.45441
0.570437
0.698058
0.832826
0.963169
1.12055
1.27387
-0.540579
-0.535907
-0.533867
-0.522643
-0.513656
-0.50076
-0.483473
-0.472945
-0.444347
-0.422973
-0.396833
-0.365434
-0.342365
-0.300064
-0.265171
-0.22554
-0.179174
-0.125648
-0.0642801
0.00495117
0.0773869
0.146903
0.219893
0.315621
0.407047
0.510705
0.616088
0.736885
0.869181
1.01413
1.16705
1.31236
1.4905
-0.435104
-0.429682
-0.431445
-0.415039
-0.406104
-0.39244
-0.377651
-0.362923
-0.332734
-0.310036
-0.282437
-0.248041
-0.211829
-0.175509
-0.127127
-0.0787266
-0.0288137
0.0280999
0.0934047
0.167014
0.244257
0.319112
0.411728
0.50043
0.619069
0.726231
0.842136
0.968275
1.10679
1.25368
1.41863
1.59272
1.7542
-0.303816
-0.300942
-0.288803
-0.285263
-0.272403
-0.257475
-0.240218
-0.2117
-0.177346
-0.15298
-0.123014
-0.0852616
-0.0395476
0.00843994
0.0535577
0.100851
0.173598
0.237599
0.308869
0.388877
0.473158
0.553534
0.655417
0.773746
0.87791
0.991001
1.13801
1.27968
1.4223
1.58236
1.75612
1.94473
2.10436
-0.123951
-0.120366
-0.10623
-0.101144
-0.07403
-0.0557706
-0.0325546
-0.0191478
0.0170816
0.0439722
0.0790145
0.134607
0.170627
0.226527
0.290959
0.3453
0.422179
0.496702
0.574638
0.661931
0.754938
0.862804
0.981282
1.08301
1.22207
1.34348
1.47558
1.64957
1.8071
1.97621
2.15852
2.35541
2.5677
0.10868
0.115553
0.116399
0.133612
0.145444
0.168217
0.194561
0.224362
0.266351
0.294448
0.334422
0.379327
0.433157
0.496164
0.564666
0.64579
0.711792
0.786902
0.897758
0.993618
1.09884
1.20973
1.3095
1.44603
1.59237
1.72312
1.89501
2.04428
2.20892
2.42863
2.61786
2.81543
3.03308
0.309572
0.31804
0.334086
0.337675
0.369977
0.389477
0.416068
0.446277
0.47181
0.52245
0.559534
0.604585
0.659028
0.722759
0.796833
0.880928
0.946526
1.04539
1.13565
1.23019
1.33474
1.45006
1.57696
1.7115
1.86441
1.98785
2.16156
2.30182
2.51183
2.67687
2.85245
3.03931
3.23668
-0.898407
-0.906301
-0.901263
-0.901477
-0.898845
-0.892393
-0.888512
-0.878101
-0.871897
-0.870956
-0.862376
-0.845166
-0.835452
-0.824571
-0.810491
-0.799381
-0.781287
-0.760113
-0.732203
-0.706668
-0.678324
-0.645384
-0.606801
-0.567162
-0.526031
-0.474608
-0.410811
-0.354149
-0.29009
-0.207417
-0.125104
-0.0345722
0.0665871
-0.905827
-0.905235
-0.89809
-0.898833
-0.896226
-0.890263
-0.890266
-0.876877
-0.870863
-0.869515
-0.862896
-0.85203
-0.835499
-0.820888
-0.805148
-0.796839
-0.774239
-0.757064
-0.725005
-0.699449
-0.670817
-0.637118
-0.601607
-0.557262
-0.516273
-0.46585
-0.415679
-0.346312
-0.280529
-0.19604
-0.112993
-0.0213614
0.0764103
-0.900948
-0.898407
-0.903115
-0.901386
-0.898721
-0.895109
-0.884435
-0.881427
-0.875989
-0.867256
-0.860951
-0.849131
-0.839671
-0.82717
-0.810605
-0.790546
-0.777379
-0.75039
-0.72962
-0.705547
-0.676934
-0.642512
-0.602705
-0.561016
-0.509965
-0.465962
-0.402876
-0.343725
-0.268019
-0.193531
-0.111746
-0.0206757
0.082129
-0.902483
-0.899431
-0.898737
-0.892572
-0.889243
-0.890092
-0.885101
-0.882604
-0.873009
-0.865801
-0.851967
-0.845975
-0.834297
-0.821827
-0.808565
-0.788275
-0.770898
-0.747247
-0.725813
-0.701324
-0.672203
-0.637208
-0.596785
-0.550299
-0.5021
-0.452679
-0.392919
-0.33297
-0.256406
-0.180648
-0.0969722
-0.0027606
0.115138
-0.893671
-0.891335
-0.896187
-0.893865
-0.890395
-0.885743
-0.873903
-0.869807
-0.863556
-0.854112
-0.846866
-0.833634
-0.822411
-0.809181
-0.792956
-0.779837
-0.760421
-0.737861
-0.708557
-0.681443
-0.651128
-0.616035
-0.57412
-0.529966
-0.476403
-0.430424
-0.364781
-0.304901
-0.236833
-0.149912
-0.0635879
0.0314764
0.137665
-0.888897
-0.892564
-0.890725
-0.88676
-0.883217
-0.879699
-0.874197
-0.862837
-0.85509
-0.851933
-0.843132
-0.831105
-0.812382
-0.796436
-0.779015
-0.76536
-0.744765
-0.721445
-0.690513
-0.662204
-0.630606
-0.594386
-0.551571
-0.505846
-0.450703
-0.403017
-0.335297
-0.272075
-0.191534
-0.11207
-0.0250393
0.0712574
0.179369
-0.884959
-0.880082
-0.874868
-0.873518
-0.869432
-0.862534
-0.85973
-0.857204
-0.849817
-0.83828
-0.826515
-0.814849
-0.802663
-0.780118
-0.767346
-0.74535
-0.721784
-0.697152
-0.66508
-0.635507
-0.603341
-0.565868
-0.521817
-0.470754
-0.417596
-0.363401
-0.297153
-0.221076
-0.144183
-0.0629107
0.0407403
0.143958
0.252501
-0.867035
-0.86193
-0.856711
-0.855625
-0.851708
-0.844175
-0.839467
-0.827575
-0.819725
-0.815708
-0.800682
-0.783679
-0.771079
-0.752263
-0.736412
-0.711397
-0.682902
-0.662882
-0.633431
-0.595293
-0.559486
-0.519911
-0.473978
-0.421181
-0.365303
-0.298702
-0.239377
-0.158686
-0.0826507
0.0132491
0.108776
0.21467
0.347672
-0.833127
-0.836776
-0.834278
-0.830137
-0.82593
-0.816967
-0.808532
-0.800098
-0.792688
-0.780779
-0.768065
-0.753762
-0.73343
-0.715561
-0.694823
-0.669404
-0.63972
-0.613445
-0.578746
-0.544851
-0.493925
-0.449689
-0.40088
-0.350168
-0.287625
-0.218105
-0.155298
-0.0694583
0.023285
0.114364
0.227783
0.338572
0.459044
-0.798431
-0.796471
-0.787025
-0.785867
-0.78205
-0.774487
-0.770127
-0.759146
-0.750046
-0.736537
-0.718293
-0.696182
-0.68173
-0.662931
-0.626886
-0.597862
-0.569948
-0.542328
-0.501966
-0.466352
-0.41621
-0.369895
-0.31436
-0.255686
-0.19286
-0.117698
-0.0341206
0.0550594
0.158446
0.253687
0.373183
0.489178
0.617104
-0.744493
-0.738615
-0.73226
-0.727002
-0.722214
-0.712591
-0.703935
-0.694972
-0.684967
-0.661901
-0.642103
-0.626879
-0.604125
-0.577969
-0.542233
-0.510273
-0.474595
-0.434856
-0.402228
-0.350263
-0.294347
-0.239303
-0.182328
-0.116713
-0.0304767
0.0535995
0.139567
0.225004
0.333786
0.450586
0.563315
0.709055
0.84632
-0.658454
-0.662184
-0.653774
-0.650146
-0.634351
-0.623272
-0.617581
-0.604278
-0.589437
-0.57355
-0.551526
-0.52426
-0.494575
-0.455383
-0.425649
-0.39206
-0.352411
-0.306135
-0.25364
-0.192928
-0.129579
-0.0682584
-0.00353228
0.0820663
0.164873
0.254938
0.354495
0.464332
0.58114
0.714154
0.835282
0.993696
1.1643
-0.546807
-0.541487
-0.534728
-0.529189
-0.522264
-0.509746
-0.491432
-0.47295
-0.455297
-0.435853
-0.399707
-0.367277
-0.34152
-0.304256
-0.26519
-0.21461
-0.167639
-0.114778
-0.053954
0.0151347
0.0919433
0.158481
0.250099
0.332453
0.423934
0.542
0.655027
0.777769
0.912475
1.06008
1.21667
1.36535
1.54885
-0.363056
-0.369106
-0.359915
-0.356401
-0.332882
-0.317268
-0.302363
-0.288148
-0.258343
-0.236517
-0.208309
-0.173059
-0.131282
-0.0817384
-0.0297294
0.019834
0.071755
0.146419
0.217064
0.293443
0.361759
0.449841
0.554199
0.645298
0.769268
0.879933
1.00109
1.15967
1.30775
1.46691
1.60689
1.79009
1.986
-0.171255
-0.164787
-0.156476
-0.150625
-0.141171
-0.114623
-0.10686
-0.0817078
-0.053052
-0.0249926
0.0179407
0.0549838
0.0974761
0.132928
0.190077
0.251532
0.304625
0.371194
0.459946
0.540124
0.627277
0.703064
0.804456
0.92241
1.02204
1.16172
1.28174
1.44463
1.59409
1.74945
1.91748
2.0998
2.2921
-0.946744
-0.944458
-0.944248
-0.940259
-0.9442
-0.943019
-0.934008
-0.932231
-0.929776
-0.93389
-0.925643
-0.923194
-0.920599
-0.921142
-0.91699
-0.910085
-0.89808
-0.888632
-0.877312
-0.862466
-0.849005
-0.834798
-0.814758
-0.79625
-0.763084
-0.735206
-0.707083
-0.667916
-0.614716
-0.570177
-0.51596
-0.447908
-0.374117
-0.945066
-0.943024
-0.947502
-0.946135
-0.944847
-0.944225
-0.94315
-0.943225
-0.940085
-0.937577
-0.933501
-0.925925
-0.926876
-0.920612
-0.913869
-0.909527
-0.893087
-0.883737
-0.871796
-0.861741
-0.851327
-0.834951
-0.808999
-0.789226
-0.759373
-0.731346
-0.699446
-0.661843
-0.617275
-0.569366
-0.509049
-0.443923
-0.364874
-0.941073
-0.944115
-0.9431
-0.9439
-0.942054
-0.937091
-0.939694
-0.940042
-0.93594
-0.929016
-0.929924
-0.928706
-0.924273
-0.917402
-0.913245
-0.90487
-0.898821
-0.890709
-0.879352
-0.86432
-0.848826
-0.826531
-0.81143
-0.782474
-0.759217
-0.731217
-0.689457
-0.648472
-0.606208
-0.552934
-0.496561
-0.436378
-0.363044
-0.943031
-0.941084
-0.945488
-0.947457
-0.94576
-0.941302
-0.944017
-0.940573
-0.939754
-0.932578
-0.93285
-0.927835
-0.926512
-0.919194
-0.914718
-0.905993
-0.89977
-0.891337
-0.879633
-0.864296
-0.844931
-0.826002
-0.80655
-0.780542
-0.755511
-0.719149
-0.683402
-0.642948
-0.600029
-0.545767
-0.483115
-0.416131
-0.349663
-0.943018
-0.946772
-0.945153
-0.945247
-0.94241
-0.936854
-0.938663
-0.938382
-0.934905
-0.933912
-0.92811
-0.924221
-0.918449
-0.910403
-0.909411
-0.896145
-0.889502
-0.880855
-0.868853
-0.85306
-0.837643
-0.821513
-0.79851
-0.770158
-0.741552
-0.713068
-0.67756
-0.631205
-0.581177
-0.525922
-0.476228
-0.405317
-0.327021
-0.94399
-0.947745
-0.945995
-0.942563
-0.944653
-0.944999
-0.940506
-0.937259
-0.932915
-0.931547
-0.924827
-0.921155
-0.91625
-0.914297
-0.908443
-0.899993
-0.885916
-0.874521
-0.860864
-0.844044
-0.827714
-0.811275
-0.787805
-0.754296
-0.728206
-0.697498
-0.652161
-0.607155
-0.560602
-0.502963
-0.442056
-0.377814
-0.299071
-0.949485
-0.946506
-0.948368
-0.942933
-0.94573
-0.941238
-0.942435
-0.940624
-0.935096
-0.92693
-0.926197
-0.923552
-0.917406
-0.907667
-0.898937
-0.889132
-0.874687
-0.863067
-0.849143
-0.831762
-0.814907
-0.797732
-0.773329
-0.73826
-0.709246
-0.668144
-0.628779
-0.58458
-0.533513
-0.478335
-0.409623
-0.335437
-0.24671
-0.939468
-0.940304
-0.940408
-0.94142
-0.938824
-0.933118
-0.934729
-0.933218
-0.928145
-0.920003
-0.917585
-0.906785
-0.899831
-0.897772
-0.886356
-0.874251
-0.865854
-0.850251
-0.827244
-0.810223
-0.788249
-0.770149
-0.744338
-0.708366
-0.67748
-0.634663
-0.593669
-0.547702
-0.494148
-0.432006
-0.36451
-0.283122
-0.195164
-0.93159
-0.935002
-0.932791
-0.929398
-0.930427
-0.924642
-0.923304
-0.923069
-0.918492
-0.913904
-0.907889
-0.896784
-0.888766
-0.879196
-0.866813
-0.857251
-0.841855
-0.828105
-0.803949
-0.782573
-0.757935
-0.729371
-0.696761
-0.670444
-0.632131
-0.589975
-0.538444
-0.487234
-0.42778
-0.350053
-0.275862
-0.1899
-0.109183
-0.927453
-0.922672
-0.914989
-0.914758
-0.91182
-0.90667
-0.90975
-0.909873
-0.905492
-0.896421
-0.884527
-0.878493
-0.863211
-0.847045
-0.836669
-0.8264
-0.806028
-0.784496
-0.765841
-0.743421
-0.707923
-0.675483
-0.647559
-0.60765
-0.563558
-0.512549
-0.458713
-0.394188
-0.330146
-0.258728
-0.177274
-0.0894927
0.0138696
-0.906746
-0.902769
-0.90122
-0.893599
-0.888909
-0.88275
-0.884163
-0.871908
-0.865831
-0.857366
-0.855793
-0.841008
-0.829821
-0.808648
-0.790558
-0.771441
-0.755357
-0.731506
-0.698161
-0.672372
-0.642058
-0.60542
-0.554052
-0.505327
-0.464878
-0.405236
-0.34116
-0.273999
-0.193388
-0.113112
-0.0227989
0.0920719
0.202623
-0.870219
-0.867215
-0.866206
-0.858654
-0.85301
-0.846147
-0.842872
-0.832643
-0.825352
-0.81457
-0.799593
-0.780106
-0.76704
-0.738516
-0.71736
-0.693455
-0.668907
-0.635361
-0.605069
-0.566133
-0.530007
-0.487567
-0.423759
-0.370305
-0.307562
-0.238015
-0.171525
-0.0895511
0.00378254
0.0977485
0.197737
0.32456
0.450604
-0.794203
-0.802986
-0.79644
-0.795815
-0.791295
-0.78178
-0.767668
-0.749022
-0.739612
-0.727014
-0.708854
-0.686101
-0.671123
-0.639532
-0.614448
-0.585331
-0.551342
-0.510827
-0.464371
-0.416047
-0.366914
-0.30621
-0.247603
-0.182902
-0.110638
-0.0296653
0.0608862
0.162092
0.273858
0.377663
0.507975
0.658662
0.798551
-0.652076
-0.648454
-0.652321
-0.638892
-0.63246
-0.62222
-0.607935
-0.600786
-0.576792
-0.560832
-0.539807
-0.512931
-0.484845
-0.456669
-0.418389
-0.379907
-0.340765
-0.294116
-0.240314
-0.179119
-0.115304
-0.0516526
0.027245
0.101519
0.188027
0.279143
0.380656
0.493463
0.617897
0.750576
0.901165
1.03805
1.21573
-0.459458
-0.458492
-0.4487
-0.442436
-0.42629
-0.415777
-0.411168
-0.396266
-0.369742
-0.353151
-0.33192
-0.304554
-0.27111
-0.232244
-0.201845
-0.151494
-0.109352
-0.0601795
0.00868625
0.0584692
0.127958
0.207517
0.291979
0.373437
0.475988
0.569818
0.677072
0.79044
0.915659
1.05369
1.19978
1.36466
1.54518
-0.929231
-0.927141
-0.931975
-0.934059
-0.932459
-0.927685
-0.9297
-0.931342
-0.935191
-0.934386
-0.935362
-0.936178
-0.939937
-0.940238
-0.942314
-0.942732
-0.941023
-0.940887
-0.940874
-0.937101
-0.935006
-0.925158
-0.917742
-0.908617
-0.895627
-0.882025
-0.859529
-0.836054
-0.814673
-0.781771
-0.7489
-0.708429
-0.652268
-0.9295
-0.932476
-0.931925
-0.933072
-0.932882
-0.933828
-0.931882
-0.937488
-0.940384
-0.940332
-0.937347
-0.94198
-0.944406
-0.944737
-0.94068
-0.939773
-0.938625
-0.944222
-0.938989
-0.933759
-0.93238
-0.928293
-0.915316
-0.90411
-0.893938
-0.876248
-0.858217
-0.838503
-0.811924
-0.784428
-0.744628
-0.70405
-0.654599
-0.935005
-0.934807
-0.928257
-0.92979
-0.934731
-0.936278
-0.935265
-0.938414
-0.935643
-0.939932
-0.942053
-0.940882
-0.937546
-0.941995
-0.945741
-0.946859
-0.944983
-0.940597
-0.937305
-0.937464
-0.927024
-0.922807
-0.916616
-0.910645
-0.896853
-0.882651
-0.859852
-0.836441
-0.814361
-0.780932
-0.745926
-0.697467
-0.647723
-0.931689
-0.934515
-0.933057
-0.933516
-0.93308
-0.936349
-0.940262
-0.939936
-0.940331
-0.940405
-0.942513
-0.944426
-0.940909
-0.944986
-0.948471
-0.949155
-0.94677
-0.942206
-0.939144
-0.935664
-0.928842
-0.924282
-0.917834
-0.911504
-0.897489
-0.878539
-0.858979
-0.83421
-0.804081
-0.771082
-0.728832
-0.690101
-0.641278
-0.935107
-0.938285
-0.936111
-0.935779
-0.934588
-0.940438
-0.940007
-0.942705
-0.938754
-0.941898
-0.943467
-0.943296
-0.945878
-0.944681
-0.946207
-0.945831
-0.943498
-0.939191
-0.941407
-0.937013
-0.933806
-0.919484
-0.914741
-0.904016
-0.889544
-0.874245
-0.849804
-0.824078
-0.80016
-0.764743
-0.727842
-0.676574
-0.624265
-0.93875
-0.939265
-0.939373
-0.939837
-0.941535
-0.943031
-0.945369
-0.944464
-0.943701
-0.943256
-0.944312
-0.946885
-0.948983
-0.947422
-0.948474
-0.948096
-0.944662
-0.938662
-0.934164
-0.933167
-0.921266
-0.915742
-0.908064
-0.900397
-0.884522
-0.868121
-0.842713
-0.815401
-0.782204
-0.750543
-0.70505
-0.659485
-0.607071
-0.951832
-0.949239
-0.952613
-0.953308
-0.950224
-0.944435
-0.945083
-0.944076
-0.948844
-0.946029
-0.946897
-0.952163
-0.949186
-0.945705
-0.946047
-0.945652
-0.942608
-0.937895
-0.939513
-0.929893
-0.919669
-0.913328
-0.904586
-0.890691
-0.869575
-0.846536
-0.830847
-0.80047
-0.766412
-0.732657
-0.685456
-0.636445
-0.570651
-0.949007
-0.955358
-0.950344
-0.950189
-0.951915
-0.95322
-0.955754
-0.954609
-0.951059
-0.954318
-0.955789
-0.954457
-0.951136
-0.953853
-0.949499
-0.948008
-0.945122
-0.939363
-0.930178
-0.922309
-0.917277
-0.9044
-0.889742
-0.878587
-0.852011
-0.826271
-0.802138
-0.776047
-0.741069
-0.697546
-0.653888
-0.594889
-0.534725
-0.965913
-0.962048
-0.958351
-0.959407
-0.963876
-0.961036
-0.963528
-0.962986
-0.959691
-0.962
-0.956954
-0.955014
-0.951857
-0.952605
-0.948863
-0.946766
-0.936135
-0.928272
-0.919479
-0.917686
-0.903472
-0.887528
-0.874262
-0.851537
-0.830436
-0.805329
-0.774602
-0.741806
-0.697543
-0.649056
-0.60158
-0.53863
-0.473118
-0.970083
-0.970655
-0.970941
-0.972737
-0.971259
-0.970385
-0.969451
-0.970064
-0.966492
-0.963882
-0.961199
-0.960328
-0.956655
-0.949902
-0.943138
-0.934035
-0.925235
-0.919204
-0.909419
-0.899722
-0.881735
-0.862692
-0.836697
-0.818093
-0.794345
-0.757953
-0.722331
-0.685229
-0.636797
-0.5842
-0.518879
-0.457987
-0.379194
-0.984744
-0.982049
-0.981629
-0.976204
-0.973891
-0.978884
-0.972293
-0.971347
-0.967324
-0.960486
-0.960441
-0.952368
-0.946746
-0.938579
-0.928046
-0.920357
-0.908522
-0.897602
-0.877044
-0.859241
-0.838402
-0.812585
-0.786087
-0.758784
-0.723816
-0.688473
-0.638721
-0.590338
-0.535702
-0.472458
-0.40335
-0.319945
-0.241278
-0.981932
-0.979244
-0.980408
-0.981628
-0.979519
-0.973646
-0.968118
-0.96242
-0.957985
-0.953358
-0.94234
-0.933806
-0.920188
-0.908751
-0.89436
-0.8778
-0.8679
-0.844041
-0.824502
-0.794681
-0.767555
-0.736377
-0.699463
-0.657823
-0.622915
-0.570339
-0.52034
-0.454662
-0.389534
-0.31726
-0.234494
-0.140576
-0.0347376
-0.943482
-0.940277
-0.943144
-0.932739
-0.928747
-0.922607
-0.92285
-0.909559
-0.902517
-0.892914
-0.87906
-0.8653
-0.852084
-0.838444
-0.812176
-0.789408
-0.772339
-0.742977
-0.711238
-0.679319
-0.646332
-0.598396
-0.552235
-0.500487
-0.443421
-0.388471
-0.320111
-0.237076
-0.159415
-0.0606825
0.037078
0.148972
0.264038
-0.805256
-0.801957
-0.805737
-0.798354
-0.790087
-0.783717
-0.78429
-0.770032
-0.761605
-0.749914
-0.733843
-0.713037
-0.688592
-0.670976
-0.64079
-0.614203
-0.583567
-0.546894
-0.504929
-0.467396
-0.419039
-0.373421
-0.316562
-0.245185
-0.175916
-0.0999082
-0.0192916
0.0622859
0.166597
0.27976
0.393193
0.529638
0.66236
-0.604067
-0.601083
-0.605619
-0.594016
-0.590323
-0.58263
-0.571398
-0.567235
-0.547548
-0.535509
-0.519617
-0.498168
-0.47244
-0.454767
-0.419713
-0.392288
-0.359348
-0.310559
-0.276581
-0.228016
-0.17128
-0.11093
-0.0511352
0.0250857
0.0960598
0.174165
0.261256
0.358868
0.467612
0.588253
0.716524
0.839116
0.99288
-0.886674
-0.889601
-0.888808
-0.889344
-0.888925
-0.89464
-0.897311
-0.897302
-0.903953
-0.907751
-0.909924
-0.918611
-0.92252
-0.930997
-0.933719
-0.938355
-0.942664
-0.944283
-0.948878
-0.955817
-0.957447
-0.96017
-0.960914
-0.960868
-0.957181
-0.957394
-0.944993
-0.934027
-0.91977
-0.904083
-0.878617
-0.85074
-0.823049
-0.885724
-0.889038
-0.888062
-0.890157
-0.89477
-0.895472
-0.896804
-0.896408
-0.902457
-0.907636
-0.914613
-0.918985
-0.924857
-0.929282
-0.93159
-0.93596
-0.94473
-0.948185
-0.951365
-0.953244
-0.954514
-0.957508
-0.963663
-0.962194
-0.95655
-0.953902
-0.947352
-0.93088
-0.918535
-0.898088
-0.876464
-0.852058
-0.818384
-0.892023
-0.893323
-0.893041
-0.894674
-0.897133
-0.898521
-0.900589
-0.900538
-0.906875
-0.911158
-0.913678
-0.920482
-0.921063
-0.924845
-0.936578
-0.939167
-0.946953
-0.949013
-0.953523
-0.957363
-0.961952
-0.964224
-0.959746
-0.956424
-0.955795
-0.947132
-0.944156
-0.934411
-0.9205
-0.904673
-0.878491
-0.849956
-0.820626
-0.890053
-0.892663
-0.891079
-0.891843
-0.896692
-0.902593
-0.904903
-0.904427
-0.909933
-0.914157
-0.915961
-0.923038
-0.923616
-0.927364
-0.938808
-0.940356
-0.942847
-0.948935
-0.955188
-0.959453
-0.964537
-0.962932
-0.961992
-0.958856
-0.958069
-0.949469
-0.942355
-0.935896
-0.92122
-0.905215
-0.87799
-0.848076
-0.807031
-0.897245
-0.899653
-0.897208
-0.897431
-0.901883
-0.907222
-0.908397
-0.907011
-0.911882
-0.91486
-0.919831
-0.92416
-0.930948
-0.935523
-0.941488
-0.942275
-0.949357
-0.950548
-0.95481
-0.961553
-0.962347
-0.964266
-0.959926
-0.962181
-0.957395
-0.952449
-0.942617
-0.930059
-0.914274
-0.896918
-0.86926
-0.838513
-0.807313
-0.908187
-0.905261
-0.907483
-0.907211
-0.904432
-0.907861
-0.909835
-0.917892
-0.923762
-0.926568
-0.927069
-0.933392
-0.934218
-0.942339
-0.948514
-0.948847
-0.955583
-0.956403
-0.960183
-0.963242
-0.967318
-0.96469
-0.962528
-0.95799
-0.955687
-0.945016
-0.936233
-0.928192
-0.911522
-0.893054
-0.863753
-0.830988
-0.786795
-0.91352
-0.909989
-0.912892
-0.913657
-0.920431
-0.921422
-0.922233
-0.923937
-0.92832
-0.930759
-0.931564
-0.939575
-0.945595
-0.949558
-0.954606
-0.954641
-0.961522
-0.962431
-0.966542
-0.96871
-0.972274
-0.969421
-0.967532
-0.962451
-0.959145
-0.947933
-0.936611
-0.914742
-0.897173
-0.871752
-0.844843
-0.814424
-0.773861
-0.924336
-0.931839
-0.932656
-0.933097
-0.933767
-0.937273
-0.938483
-0.937008
-0.942133
-0.945677
-0.947194
-0.954813
-0.955954
-0.959444
-0.961812
-0.962776
-0.97043
-0.971425
-0.974099
-0.969948
-0.968492
-0.968595
-0.961737
-0.955994
-0.952436
-0.940216
-0.92838
-0.905552
-0.8867
-0.859231
-0.825347
-0.788155
-0.750133
-0.951263
-0.952393
-0.952502
-0.953212
-0.954292
-0.955053
-0.957414
-0.960542
-0.96237
-0.960213
-0.961011
-0.969981
-0.969277
-0.97461
-0.978236
-0.979286
-0.980913
-0.976813
-0.97384
-0.974782
-0.973097
-0.965777
-0.956724
-0.949948
-0.942306
-0.928695
-0.90857
-0.890279
-0.865807
-0.831595
-0.792373
-0.747635
-0.706373
-0.980949
-0.978422
-0.982508
-0.983966
-0.982114
-0.985919
-0.98368
-0.988823
-0.987568
-0.99018
-0.985664
-0.985055
-0.988581
-0.9887
-0.990512
-0.984464
-0.982582
-0.984823
-0.983248
-0.978087
-0.974638
-0.962473
-0.952271
-0.939715
-0.92671
-0.904822
-0.881543
-0.859688
-0.8222
-0.788087
-0.747031
-0.701074
-0.642101
-1.01479
-1.01233
-1.01683
-1.01855
-1.01684
-1.01233
-1.0143
-1.01416
-1.01062
-1.00735
-1.00853
-1.00824
-1.00513
-0.999682
-1.00054
-0.989943
-0.986124
-0.980742
-0.976081
-0.964428
-0.955916
-0.942294
-0.928702
-0.905506
-0.883596
-0.857739
-0.825584
-0.792221
-0.754744
-0.708219
-0.658892
-0.593489
-0.526289
-1.03127
-1.02805
-1.03045
-1.0224
-1.02667
-1.02669
-1.01888
-1.01733
-1.01346
-1.01054
-1.00904
-1.00928
-1.0056
-0.997811
-0.986485
-0.976302
-0.965651
-0.94969
-0.936631
-0.920963
-0.902694
-0.88689
-0.863667
-0.830247
-0.803775
-0.771268
-0.724116
-0.676509
-0.623899
-0.576379
-0.507525
-0.431739
-0.349948
-0.994857
-0.994025
-0.986847
-0.987543
-0.986099
-0.981375
-0.982421
-0.969924
-0.964223
-0.9579
-0.959231
-0.947804
-0.941967
-0.933334
-0.920359
-0.903332
-0.886515
-0.868753
-0.844959
-0.824645
-0.80099
-0.771927
-0.736663
-0.69495
-0.651874
-0.606508
-0.550204
-0.494749
-0.430983
-0.34732
-0.262542
-0.169403
-0.0771811
-0.870976
-0.868131
-0.873637
-0.875797
-0.870263
-0.868175
-0.859036
-0.855273
-0.837847
-0.827856
-0.816807
-0.813243
-0.795773
-0.784642
-0.769082
-0.749791
-0.725312
-0.695864
-0.666326
-0.639909
-0.597123
-0.561285
-0.520391
-0.471963
-0.416077
-0.356482
-0.283286
-0.206149
-0.126961
-0.0305464
0.0633005
0.166947
0.284228
-0.681952
-0.686875
-0.682198
-0.683901
-0.682308
-0.676161
-0.665187
-0.655188
-0.644954
-0.636376
-0.623858
-0.607823
-0.591438
-0.574527
-0.549798
-0.528368
-0.503123
-0.472352
-0.436561
-0.39581
-0.36298
-0.31539
-0.265679
-0.202729
-0.143273
-0.0768245
-0.00157171
0.0839329
0.17484
0.263577
0.373655
0.483524
0.620229
-0.830431
-0.837177
-0.832918
-0.834524
-0.839561
-0.845469
-0.846716
-0.849523
-0.858752
-0.862098
-0.870176
-0.879881
-0.884531
-0.896111
-0.910478
-0.919878
-0.926892
-0.935364
-0.94279
-0.953297
-0.961957
-0.969627
-0.979176
-0.983186
-0.987822
-0.985606
-0.983549
-0.983194
-0.975195
-0.967859
-0.956309
-0.939686
-0.91645
-0.83184
-0.834629
-0.834004
-0.835901
-0.840841
-0.846186
-0.848157
-0.854694
-0.859636
-0.861727
-0.869617
-0.879772
-0.889078
-0.896998
-0.910048
-0.918722
-0.929173
-0.93439
-0.941782
-0.955584
-0.960306
-0.967322
-0.977018
-0.980635
-0.984781
-0.98568
-0.979092
-0.979671
-0.976936
-0.9643
-0.951951
-0.93502
-0.911387
-0.835731
-0.837329
-0.837734
-0.839188
-0.837785
-0.84153
-0.84289
-0.850507
-0.856562
-0.868127
-0.877832
-0.884465
-0.892359
-0.902305
-0.90715
-0.914306
-0.924304
-0.933301
-0.9459
-0.952676
-0.96119
-0.966406
-0.970658
-0.977304
-0.978223
-0.985505
-0.984662
-0.978709
-0.974934
-0.967133
-0.947467
-0.927408
-0.902681
-0.843477
-0.841413
-0.841132
-0.841722
-0.842767
-0.842228
-0.84686
-0.850194
-0.859855
-0.868199
-0.877973
-0.884655
-0.892924
-0.903348
-0.908346
-0.915638
-0.926055
-0.935414
-0.94814
-0.954866
-0.963362
-0.968977
-0.973174
-0.979543
-0.980567
-0.987021
-0.986369
-0.980747
-0.973295
-0.964533
-0.944917
-0.924002
-0.902461
-0.843886
-0.845576
-0.843863
-0.843704
-0.849934
-0.849618
-0.852943
-0.858097
-0.862019
-0.869459
-0.878675
-0.888891
-0.893501
-0.905113
-0.916038
-0.928373
-0.935287
-0.943662
-0.950358
-0.955319
-0.964219
-0.974376
-0.973882
-0.979804
-0.989106
-0.987749
-0.984697
-0.977063
-0.972392
-0.964756
-0.950293
-0.923339
-0.895294
-0.85337
-0.850184
-0.851979
-0.852142
-0.857372
-0.860507
-0.868688
-0.874653
-0.878109
-0.887637
-0.895088
-0.900658
-0.90756
-0.917225
-0.921285
-0.927827
-0.937597
-0.946055
-0.958032
-0.964217
-0.971509
-0.976394
-0.979711
-0.98487
-0.983619
-0.982433
-0.984656
-0.978931
-0.970368
-0.960173
-0.938922
-0.916331
-0.891918
-0.865189
-0.864883
-0.862492
-0.86539
-0.866477
-0.872686
-0.877214
-0.882736
-0.889733
-0.895895
-0.904055
-0.91336
-0.920745
-0.930462
-0.934312
-0.940769
-0.949889
-0.95825
-0.970085
-0.975524
-0.977506
-0.983021
-0.990429
-0.992073
-0.994039
-0.991981
-0.982587
-0.978364
-0.965383
-0.953612
-0.937125
-0.915031
-0.885521
-0.889543
-0.89129
-0.889714
-0.893052
-0.893523
-0.895313
-0.900969
-0.907961
-0.911885
-0.916981
-0.925282
-0.93241
-0.940352
-0.943663
-0.953337
-0.964666
-0.966144
-0.973095
-0.979917
-0.986296
-0.993399
-0.998057
-0.995441
-0.998233
-0.995445
-0.993243
-0.992276
-0.978727
-0.962916
-0.948708
-0.928699
-0.895164
-0.860294
-0.92564
-0.928709
-0.932285
-0.931997
-0.931528
-0.933438
-0.934839
-0.942496
-0.94802
-0.950488
-0.953932
-0.961437
-0.967287
-0.9716
-0.977438
-0.985997
-0.987924
-0.992761
-0.99982
-1.00474
-1.004
-1.0087
-1.01002
-1.00965
-1.00706
-1.0001
-0.992393
-0.975882
-0.958092
-0.940248
-0.907579
-0.877176
-0.839108
-0.977719
-0.974983
-0.978359
-0.978698
-0.9792
-0.979596
-0.985494
-0.990256
-0.99135
-0.99365
-0.994344
-1.00136
-0.999165
-1.00598
-1.00835
-1.00902
-1.01686
-1.01815
-1.02154
-1.0229
-1.02121
-1.02019
-1.01151
-1.0034
-0.998457
-0.99079
-0.976941
-0.952179
-0.937432
-0.908577
-0.870732
-0.828167
-0.786524
-1.0179
-1.01476
-1.01874
-1.01968
-1.01837
-1.02359
-1.02281
-1.02565
-1.02232
-1.02568
-1.02724
-1.02623
-1.0233
-1.02742
-1.02936
-1.02443
-1.02741
-1.02452
-1.02171
-1.02044
-1.01198
-1.00565
-0.99639
-0.982945
-0.966273
-0.955241
-0.933372
-0.905955
-0.870266
-0.834252
-0.795861
-0.745232
-0.695187
-1.027
-1.02296
-1.01917
-1.01909
-1.01881
-1.02261
-1.02724
-1.0273
-1.02417
-1.02251
-1.02067
-1.02065
-1.02063
-1.01415
-1.00496
-1.00421
-1.00229
-0.997555
-0.98903
-0.980381
-0.964827
-0.95597
-0.937308
-0.920652
-0.901024
-0.875996
-0.84454
-0.809699
-0.763882
-0.722477
-0.665392
-0.607577
-0.541843
-0.995603
-0.996184
-0.996863
-0.998779
-0.997276
-0.993815
-0.995933
-0.98956
-0.985862
-0.98682
-0.980395
-0.977996
-0.96712
-0.959312
-0.956026
-0.948051
-0.935705
-0.923862
-0.913307
-0.898906
-0.87963
-0.859381
-0.830206
-0.800102
-0.772229
-0.728374
-0.688846
-0.64755
-0.594597
-0.532721
-0.465291
-0.382434
-0.29265
-0.903931
-0.9007
-0.903534
-0.89804
-0.896562
-0.899216
-0.892962
-0.891108
-0.879639
-0.872506
-0.870134
-0.859252
-0.853511
-0.843938
-0.825012
-0.8159
-0.80141
-0.778346
-0.762258
-0.731864
-0.707581
-0.678821
-0.644364
-0.607804
-0.559915
-0.508401
-0.445362
-0.389459
-0.315615
-0.243018
-0.162183
-0.0699512
0.034587
-0.731222
-0.726527
-0.722998
-0.720216
-0.719238
-0.714425
-0.709765
-0.704367
-0.693064
-0.685193
-0.675846
-0.670532
-0.659149
-0.644992
-0.622852
-0.6046
-0.58328
-0.559161
-0.542932
-0.510701
-0.484107
-0.440086
-0.403153
-0.3607
-0.31097
-0.253432
-0.191935
-0.117431
-0.0385498
0.041097
0.138811
0.234732
0.362899
-0.778757
-0.778585
-0.779457
-0.77831
-0.782605
-0.783759
-0.788895
-0.799592
-0.812064
-0.824363
-0.836561
-0.846944
-0.862593
-0.873667
-0.882392
-0.896906
-0.902876
-0.914507
-0.926083
-0.941578
-0.95161
-0.963225
-0.968858
-0.977126
-0.983448
-0.987667
-0.992408
-0.9909
-0.991541
-0.987137
-0.973234
-0.964652
-0.941246
-0.782896
-0.781975
-0.779197
-0.779257
-0.784239
-0.783997
-0.790863
-0.796021
-0.807012
-0.822995
-0.832264
-0.842245
-0.854842
-0.873302
-0.883114
-0.898014
-0.903846
-0.916196
-0.932356
-0.94388
-0.952427
-0.963289
-0.968074
-0.975637
-0.981298
-0.988079
-0.988641
-0.986289
-0.991294
-0.984316
-0.977276
-0.964811
-0.950734
-0.776359
-0.775892
-0.781316
-0.777751
-0.782264
-0.78637
-0.790742
-0.800287
-0.812211
-0.824817
-0.837955
-0.852409
-0.86422
-0.873597
-0.88145
-0.896293
-0.910805
-0.924115
-0.936094
-0.942713
-0.95539
-0.962737
-0.975898
-0.984079
-0.990634
-0.99444
-0.99519
-0.9962
-0.990205
-0.985842
-0.977675
-0.964759
-0.946067
-0.778362
-0.777016
-0.782814
-0.780968
-0.783272
-0.782825
-0.791443
-0.798539
-0.810882
-0.827713
-0.838428
-0.849263
-0.861656
-0.872421
-0.885397
-0.897057
-0.911405
-0.924873
-0.936941
-0.943067
-0.951114
-0.962537
-0.972638
-0.974966
-0.98315
-0.986416
-0.993106
-0.992244
-0.989927
-0.979899
-0.975153
-0.957175
-0.94416
-0.788787
-0.788067
-0.793305
-0.795313
-0.793007
-0.798318
-0.804008
-0.807577
-0.817214
-0.829851
-0.84419
-0.856643
-0.870272
-0.881266
-0.890781
-0.902322
-0.912356
-0.924549
-0.936055
-0.945706
-0.958988
-0.966829
-0.977467
-0.986145
-0.992984
-0.996521
-0.996547
-0.997147
-0.990405
-0.985314
-0.976228
-0.961957
-0.942098
-0.795943
-0.796521
-0.799409
-0.804082
-0.808332
-0.811058
-0.814922
-0.822297
-0.831246
-0.841649
-0.85394
-0.86796
-0.879534
-0.889834
-0.901914
-0.912951
-0.926195
-0.938867
-0.946583
-0.955844
-0.962864
-0.973985
-0.982904
-0.984508
-0.9918
-0.993127
-0.99271
-0.995057
-0.992975
-0.981987
-0.975571
-0.955747
-0.93824
-0.81542
-0.815171
-0.816843
-0.82003
-0.823634
-0.830026
-0.833298
-0.838251
-0.850517
-0.862373
-0.874879
-0.888843
-0.899813
-0.908875
-0.91949
-0.929407
-0.937473
-0.948821
-0.964127
-0.97379
-0.98102
-0.989995
-0.993498
-0.998344
-1.0019
-1.00322
-1.00473
-1
-0.996252
-0.98757
-0.969356
-0.955611
-0.926813
-0.850583
-0.851475
-0.850213
-0.858084
-0.862021
-0.861496
-0.866223
-0.872994
-0.882542
-0.894388
-0.907658
-0.915313
-0.927365
-0.938068
-0.94652
-0.953569
-0.967123
-0.976529
-0.987664
-0.996049
-1.00209
-1.00571
-1.01165
-1.00693
-1.01212
-1.01151
-1.00843
-1.00175
-0.997139
-0.987019
-0.967136
-0.951314
-0.921004
-0.91756
-0.914109
-0.915673
-0.918838
-0.919301
-0.923991
-0.93088
-0.935392
-0.937933
-0.945802
-0.955711
-0.959151
-0.964675
-0.973643
-0.984769
-0.990208
-0.997468
-1.00714
-1.01445
-1.01993
-1.02336
-1.02796
-1.02675
-1.03107
-1.02836
-1.02314
-1.01945
-1.01146
-0.998955
-0.985262
-0.961999
-0.932811
-0.903596
-0.963789
-0.964237
-0.966689
-0.966918
-0.969397
-0.972865
-0.976508
-0.97903
-0.985984
-0.987467
-0.99439
-0.991603
-0.998947
-1.00696
-1.01299
-1.02104
-1.02716
-1.03125
-1.03236
-1.03417
-1.03281
-1.03565
-1.03628
-1.03358
-1.02725
-1.02095
-1.01272
-0.998825
-0.985955
-0.968354
-0.939202
-0.900418
-0.868022
-0.985346
-0.982367
-0.98523
-0.985987
-0.987797
-0.988656
-0.989924
-0.991902
-0.996478
-0.999711
-1.00058
-1.0024
-1.0049
-1.01001
-1.01629
-1.01615
-1.01848
-1.02419
-1.02702
-1.02193
-1.01927
-1.02457
-1.01812
-1.0107
-1.00574
-0.996059
-0.975353
-0.955154
-0.930883
-0.911529
-0.875239
-0.833393
-0.791543
-0.990257
-0.992914
-0.991173
-0.987711
-0.989691
-0.992225
-0.996009
-0.995742
-0.996764
-0.997893
-1.00068
-1.00411
-1.0019
-1.00581
-1.00362
-1.00389
-1.00254
-0.998791
-0.996194
-0.992504
-0.984982
-0.97969
-0.974577
-0.955738
-0.944801
-0.927943
-0.904381
-0.870752
-0.843298
-0.809014
-0.758939
-0.706437
-0.650073
-0.987904
-0.99038
-0.98513
-0.98561
-0.98382
-0.983262
-0.983319
-0.984385
-0.984926
-0.979514
-0.982134
-0.982909
-0.980576
-0.975208
-0.967319
-0.965961
-0.956751
-0.94989
-0.941621
-0.929832
-0.9136
-0.897317
-0.883693
-0.860234
-0.838055
-0.810391
-0.768545
-0.727829
-0.693841
-0.641271
-0.581519
-0.51134
-0.440172
-0.918687
-0.914502
-0.90738
-0.907947
-0.906367
-0.905893
-0.906436
-0.90764
-0.905536
-0.899269
-0.890356
-0.888057
-0.877325
-0.869102
-0.859705
-0.853823
-0.841705
-0.821572
-0.809167
-0.793895
-0.774096
-0.74967
-0.719743
-0.688113
-0.645667
-0.601358
-0.559985
-0.51218
-0.447913
-0.383089
-0.30973
-0.225822
-0.134232
-0.751441
-0.747188
-0.743693
-0.740919
-0.739699
-0.73885
-0.731643
-0.733345
-0.728024
-0.7227
-0.716782
-0.704172
-0.699789
-0.688304
-0.669968
-0.654177
-0.636416
-0.626672
-0.603242
-0.585243
-0.555694
-0.524272
-0.492763
-0.455473
-0.415323
-0.363965
-0.305679
-0.243907
-0.180541
-0.102071
-0.0246444
0.0765663
0.175528
-0.734746
-0.737987
-0.7377
-0.736907
-0.735842
-0.745338
-0.751839
-0.769978
-0.789284
-0.802799
-0.819927
-0.835685
-0.846593
-0.859051
-0.866567
-0.881121
-0.891392
-0.900737
-0.91186
-0.918045
-0.931373
-0.936481
-0.948461
-0.955881
-0.961125
-0.969047
-0.976646
-0.978734
-0.980947
-0.974246
-0.969046
-0.961673
-0.950698
-0.737068
-0.74276
-0.745287
-0.74961
-0.755444
-0.752966
-0.758801
-0.767004
-0.788173
-0.801378
-0.817753
-0.832066
-0.846023
-0.859047
-0.870931
-0.884986
-0.895042
-0.903693
-0.913814
-0.919024
-0.931753
-0.936
-0.947284
-0.957868
-0.958256
-0.965789
-0.972862
-0.978508
-0.982477
-0.979629
-0.976077
-0.962127
-0.948407
-0.728208
-0.731365
-0.736942
-0.745404
-0.74976
-0.752474
-0.757317
-0.767055
-0.789817
-0.806055
-0.821326
-0.834837
-0.84713
-0.863513
-0.875189
-0.884982
-0.893443
-0.904909
-0.91656
-0.927075
-0.931727
-0.942941
-0.945374
-0.955234
-0.965415
-0.974242
-0.976758
-0.975636
-0.97689
-0.976686
-0.973781
-0.967336
-0.956872
-0.737256
-0.733696
-0.743536
-0.740399
-0.742015
-0.741554
-0.750059
-0.770633
-0.789002
-0.80729
-0.821934
-0.833445
-0.848028
-0.861106
-0.876535
-0.883395
-0.892288
-0.905003
-0.917342
-0.928784
-0.934288
-0.946484
-0.949972
-0.959861
-0.968675
-0.966884
-0.972056
-0.976395
-0.979197
-0.979693
-0.977228
-0.970964
-0.956459
-0.728822
-0.735427
-0.74814
-0.757462
-0.766095
-0.764193
-0.757665
-0.762304
-0.782929
-0.804689
-0.818022
-0.832259
-0.84877
-0.86342
-0.873394
-0.885673
-0.900885
-0.911027
-0.919731
-0.929899
-0.934918
-0.94799
-0.956486
-0.963068
-0.971901
-0.975371
-0.975126
-0.977433
-0.979355
-0.978957
-0.975511
-0.968278
-0.956294
-0.759831
-0.759664
-0.763703
-0.76725
-0.775623
-0.770821
-0.77427
-0.790888
-0.809899
-0.823422
-0.839938
-0.851493
-0.865333
-0.877876
-0.889306
-0.899757
-0.908778
-0.916726
-0.927453
-0.938087
-0.947807
-0.956278
-0.963442
-0.972886
-0.977421
-0.979494
-0.983489
-0.986784
-0.988126
-0.98684
-0.97827
-0.968059
-0.946196
-0.791374
-0.792866
-0.795944
-0.799152
-0.797771
-0.796743
-0.798292
-0.811505
-0.83269
-0.850915
-0.865781
-0.882501
-0.893989
-0.90417
-0.914106
-0.926814
-0.934602
-0.944822
-0.950087
-0.957931
-0.965037
-0.971407
-0.976024
-0.978727
-0.985233
-0.991448
-0.99618
-0.993996
-0.98691
-0.981576
-0.973877
-0.962719
-0.947049
-0.834884
-0.83841
-0.845355
-0.851204
-0.856557
-0.853595
-0.86455
-0.875114
-0.88865
-0.89859
-0.909097
-0.92447
-0.931228
-0.94366
-0.954474
-0.95824
-0.965567
-0.972521
-0.977589
-0.984009
-0.985308
-0.994213
-0.994547
-1.00154
-1.00396
-1.00341
-1.00536
-1.00133
-0.992054
-0.984849
-0.975461
-0.962522
-0.944643
-0.905119
-0.906043
-0.907705
-0.911456
-0.913329
-0.913989
-0.917168
-0.926419
-0.934044
-0.942648
-0.952351
-0.956426
-0.969215
-0.977719
-0.986111
-0.987729
-0.991741
-1.00348
-1.00931
-1.01227
-1.01188
-1.01443
-1.02145
-1.0261
-1.02392
-1.01835
-1.01986
-1.01007
-1.0048
-0.986678
-0.974384
-0.957775
-0.925251
-0.911602
-0.914488
-0.917877
-0.920902
-0.921459
-0.926688
-0.932169
-0.931986
-0.937737
-0.941235
-0.951004
-0.960191
-0.967396
-0.976818
-0.988169
-0.993541
-1.00026
-1.00486
-1.01267
-1.0227
-1.02643
-1.03098
-1.02892
-1.02692
-1.02526
-1.02497
-1.02168
-1.01389
-1.00101
-0.987137
-0.963813
-0.934398
-0.904719
-0.932498
-0.929491
-0.932354
-0.933557
-0.94018
-0.943889
-0.943892
-0.944295
-0.947943
-0.950696
-0.960872
-0.96555
-0.970318
-0.979463
-0.986203
-0.990358
-0.997253
-1.00245
-1.00449
-1.00999
-1.01345
-1.01328
-1.01451
-1.01103
-1.00622
-0.998545
-0.991074
-0.981129
-0.964637
-0.937009
-0.913382
-0.882818
-0.836882
-0.960175
-0.957248
-0.960494
-0.961228
-0.960155
-0.965345
-0.96791
-0.967128
-0.973658
-0.974991
-0.98078
-0.97996
-0.980786
-0.982437
-0.989595
-0.991347
-0.990771
-0.991058
-0.994473
-0.990821
-0.989768
-0.98615
-0.983245
-0.972468
-0.960504
-0.944312
-0.929935
-0.905164
-0.880954
-0.851587
-0.819054
-0.773863
-0.723714
-0.978027
-0.973975
-0.970746
-0.972303
-0.977517
-0.975014
-0.97718
-0.977375
-0.977596
-0.97144
-0.973207
-0.973363
-0.971532
-0.97622
-0.97071
-0.971163
-0.968791
-0.958224
-0.956102
-0.95013
-0.935657
-0.921585
-0.91119
-0.896798
-0.870713
-0.845688
-0.819295
-0.783301
-0.745291
-0.708575
-0.65652
-0.60213
-0.529683
-0.914542
-0.912106
-0.912928
-0.915202
-0.914259
-0.913911
-0.911979
-0.90639
-0.90918
-0.904122
-0.89877
-0.897804
-0.895049
-0.889326
-0.880172
-0.868378
-0.864437
-0.856689
-0.839503
-0.824096
-0.805517
-0.783029
-0.760677
-0.736846
-0.705632
-0.674303
-0.626335
-0.582904
-0.537277
-0.479681
-0.412435
-0.338978
-0.249484
-0.754596
-0.751723
-0.755708
-0.750991
-0.750047
-0.752916
-0.747509
-0.748316
-0.74686
-0.741542
-0.732262
-0.724174
-0.717052
-0.712158
-0.703085
-0.690347
-0.677368
-0.657162
-0.645403
-0.62627
-0.59884
-0.573831
-0.545531
-0.511718
-0.475636
-0.429493
-0.390515
-0.332237
-0.27879
-0.206638
-0.134884
-0.0403449
0.0528949
-0.740125
-0.756311
-0.766288
-0.792496
-0.812399
-0.81932
-0.814761
-0.822079
-0.830922
-0.828446
-0.831265
-0.832414
-0.830523
-0.834091
-0.839633
-0.845968
-0.856051
-0.863147
-0.870367
-0.878388
-0.887479
-0.901591
-0.912791
-0.925908
-0.934905
-0.943004
-0.949781
-0.954896
-0.957968
-0.9589
-0.964322
-0.966224
-0.959133
-0.745379
-0.754276
-0.755828
-0.767685
-0.792926
-0.800536
-0.811886
-0.806269
-0.829238
-0.833708
-0.837455
-0.835297
-0.832381
-0.835414
-0.838507
-0.847363
-0.854074
-0.864116
-0.871313
-0.879069
-0.892285
-0.902956
-0.916179
-0.924906
-0.933211
-0.940507
-0.946747
-0.952228
-0.961796
-0.965621
-0.969051
-0.964698
-0.956377
-0.786188
-0.790531
-0.797851
-0.813167
-0.828603
-0.840096
-0.846849
-0.826142
-0.836721
-0.837194
-0.836205
-0.837854
-0.833836
-0.836632
-0.84258
-0.847723
-0.856344
-0.862347
-0.873574
-0.882987
-0.895265
-0.903497
-0.911869
-0.920675
-0.934542
-0.943967
-0.955077
-0.960433
-0.963793
-0.96478
-0.962886
-0.958378
-0.955913
-0.741919
-0.732958
-0.760593
-0.775435
-0.795993
-0.813669
-0.815869
-0.821459
-0.838226
-0.836522
-0.839139
-0.839119
-0.839282
-0.841042
-0.845304
-0.850513
-0.859454
-0.865779
-0.872992
-0.885599
-0.895542
-0.908432
-0.916986
-0.925424
-0.933253
-0.940893
-0.953182
-0.960173
-0.968041
-0.969358
-0.967377
-0.961843
-0.95226
-0.766139
-0.755658
-0.759563
-0.761353
-0.763179
-0.770044
-0.766601
-0.764302
-0.811282
-0.823306
-0.831838
-0.832152
-0.83424
-0.838174
-0.84444
-0.851589
-0.858434
-0.865954
-0.879078
-0.889374
-0.90221
-0.911114
-0.919879
-0.928033
-0.936198
-0.949064
-0.956958
-0.966145
-0.969383
-0.969789
-0.967074
-0.960674
-0.950751
-0.819366
-0.817759
-0.816234
-0.807245
-0.815934
-0.810071
-0.811757
-0.827792
-0.847629
-0.848597
-0.85434
-0.852393
-0.85309
-0.851914
-0.86009
-0.866969
-0.873348
-0.883573
-0.890477
-0.897364
-0.9053
-0.91859
-0.928478
-0.940639
-0.947895
-0.954096
-0.9588
-0.962694
-0.970805
-0.97232
-0.97344
-0.966491
-0.954926
-0.870412
-0.874311
-0.877347
-0.884635
-0.895594
-0.907031
-0.903303
-0.880302
-0.898371
-0.889315
-0.89091
-0.886231
-0.880316
-0.879747
-0.88323
-0.889188
-0.896781
-0.90121
-0.91105
-0.917923
-0.927964
-0.934366
-0.940144
-0.946448
-0.958099
-0.965522
-0.97366
-0.976266
-0.976392
-0.973825
-0.967996
-0.959151
-0.952552
-0.903189
-0.91086
-0.890392
-0.908504
-0.909237
-0.875684
-0.915741
-0.929798
-0.935647
-0.94423
-0.941435
-0.939043
-0.93552
-0.936803
-0.932859
-0.932313
-0.933631
-0.94119
-0.946461
-0.951004
-0.956044
-0.961287
-0.969809
-0.974861
-0.979206
-0.982816
-0.985317
-0.986043
-0.984209
-0.979667
-0.971913
-0.960069
-0.943689
-0.831858
-0.839086
-0.842162
-0.8504
-0.851259
-0.850869
-0.862094
-0.869319
-0.883155
-0.897398
-0.908538
-0.920755
-0.927686
-0.936001
-0.951182
-0.956806
-0.964613
-0.971569
-0.976833
-0.983527
-0.985168
-0.994143
-0.994481
-1.00155
-1.00379
-1.00293
-1.00459
-1.00407
-0.99084
-0.983279
-0.973838
-0.960501
-0.942205
-0.845279
-0.848316
-0.851087
-0.853756
-0.857032
-0.861956
-0.868581
-0.876319
-0.886295
-0.897439
-0.906632
-0.917193
-0.924624
-0.935118
-0.94888
-0.957578
-0.971018
-0.974774
-0.984241
-0.992475
-1.00397
-1.006
-1.0125
-1.01211
-1.01392
-1.01304
-1.01286
-1.00462
-0.992378
-0.986279
-0.966896
-0.951119
-0.920082
-0.895077
-0.892519
-0.894602
-0.894528
-0.900055
-0.90277
-0.906423
-0.911893
-0.915445
-0.916899
-0.925057
-0.935612
-0.940867
-0.952472
-0.958844
-0.967221
-0.978355
-0.983149
-0.98914
-0.992542
-0.993874
-1.00261
-1.0066
-1.00741
-1.00817
-1.00541
-0.995231
-0.989391
-0.974511
-0.958568
-0.930801
-0.902276
-0.867867
-0.933851
-0.939277
-0.933819
-0.934161
-0.941531
-0.946846
-0.948087
-0.94676
-0.951596
-0.955346
-0.956956
-0.964373
-0.96525
-0.969014
-0.972136
-0.977276
-0.982082
-0.983744
-0.986736
-0.982164
-0.983526
-0.980183
-0.978457
-0.979007
-0.970432
-0.956321
-0.945082
-0.930564
-0.910533
-0.887881
-0.853661
-0.815578
-0.765291
-0.961495
-0.959104
-0.96272
-0.964314
-0.963178
-0.967302
-0.96431
-0.968881
-0.967544
-0.971924
-0.974219
-0.973601
-0.969864
-0.967389
-0.969752
-0.971289
-0.970368
-0.965593
-0.958122
-0.951243
-0.947807
-0.93628
-0.927554
-0.916188
-0.900054
-0.88251
-0.855936
-0.827101
-0.792552
-0.754064
-0.705801
-0.654154
-0.589622
-0.909791
-0.913403
-0.912372
-0.909647
-0.9128
-0.914209
-0.910838
-0.909755
-0.907906
-0.908643
-0.904832
-0.900104
-0.900432
-0.895046
-0.893339
-0.886934
-0.878718
-0.864947
-0.853552
-0.840312
-0.828386
-0.815401
-0.796396
-0.767731
-0.744484
-0.709197
-0.675779
-0.636906
-0.590911
-0.540767
-0.477324
-0.407928
-0.322936
-0.758012
-0.756017
-0.761352
-0.764016
-0.763435
-0.758912
-0.750858
-0.750927
-0.749141
-0.745304
-0.747673
-0.738164
-0.735149
-0.730376
-0.721985
-0.709647
-0.698331
-0.685761
-0.668567
-0.654343
-0.637778
-0.616897
-0.590844
-0.559188
-0.521607
-0.482109
-0.446105
-0.391205
-0.340686
-0.27218
-0.20541
-0.129958
-0.043929
-0.681659
-0.684038
-0.693828
-0.707642
-0.724051
-0.741767
-0.748383
-0.742387
-0.746357
-0.750634
-0.75318
-0.757398
-0.764297
-0.769349
-0.780847
-0.79459
-0.804487
-0.815168
-0.830269
-0.846527
-0.858043
-0.870077
-0.886236
-0.898485
-0.912882
-0.922572
-0.931561
-0.944065
-0.95114
-0.958644
-0.959344
-0.956382
-0.950118
-0.68219
-0.68415
-0.692387
-0.70387
-0.718589
-0.739042
-0.749625
-0.740438
-0.746794
-0.754818
-0.752088
-0.759881
-0.761754
-0.769649
-0.780629
-0.79401
-0.804201
-0.818519
-0.834456
-0.846047
-0.857513
-0.873496
-0.886351
-0.90078
-0.911053
-0.920712
-0.934466
-0.943218
-0.952814
-0.955917
-0.955792
-0.952839
-0.952527
-0.688796
-0.692191
-0.699493
-0.711221
-0.726851
-0.744625
-0.751184
-0.744565
-0.747138
-0.750473
-0.755614
-0.760495
-0.761949
-0.770153
-0.781679
-0.790831
-0.804857
-0.820035
-0.831441
-0.847243
-0.860157
-0.875093
-0.885992
-0.896666
-0.912118
-0.926626
-0.93549
-0.942244
-0.94745
-0.955921
-0.962016
-0.959931
-0.953459
-0.68628
-0.691567
-0.699274
-0.711032
-0.728903
-0.748263
-0.755148
-0.748005
-0.75369
-0.755288
-0.757652
-0.764381
-0.765939
-0.773543
-0.784255
-0.797105
-0.806846
-0.821219
-0.836798
-0.847579
-0.858752
-0.874828
-0.890607
-0.90175
-0.912423
-0.927114
-0.93692
-0.9477
-0.952358
-0.954396
-0.954053
-0.956742
-0.955461
-0.694722
-0.695572
-0.700648
-0.709741
-0.725452
-0.745796
-0.756236
-0.750739
-0.756328
-0.75761
-0.76203
-0.765719
-0.770221
-0.778915
-0.789712
-0.80331
-0.812727
-0.827318
-0.84247
-0.85338
-0.863835
-0.879589
-0.895
-0.905792
-0.915908
-0.930322
-0.943209
-0.950047
-0.954361
-0.956529
-0.961503
-0.959269
-0.95566
-0.712277
-0.715404
-0.72173
-0.731456
-0.745475
-0.755693
-0.756347
-0.761412
-0.772049
-0.773698
-0.776038
-0.77796
-0.784793
-0.794532
-0.801691
-0.810112
-0.823415
-0.837557
-0.847936
-0.862604
-0.877914
-0.888215
-0.898263
-0.913093
-0.926933
-0.935543
-0.9427
-0.953607
-0.962515
-0.964303
-0.962516
-0.957389
-0.954441
-0.76071
-0.764237
-0.77179
-0.783458
-0.801332
-0.819259
-0.825701
-0.804382
-0.810371
-0.806489
-0.81126
-0.813523
-0.814834
-0.819281
-0.827721
-0.837517
-0.849323
-0.861155
-0.870547
-0.882675
-0.890807
-0.904403
-0.917874
-0.925998
-0.933715
-0.946161
-0.956814
-0.961508
-0.964262
-0.969952
-0.96871
-0.966365
-0.955474
-0.86094
-0.862145
-0.862587
-0.857785
-0.868677
-0.862491
-0.857005
-0.876121
-0.89084
-0.88569
-0.884055
-0.882611
-0.87888
-0.882153
-0.884792
-0.890699
-0.893788
-0.897612
-0.907583
-0.91805
-0.924464
-0.930294
-0.936886
-0.949045
-0.960612
-0.966372
-0.970702
-0.972982
-0.972916
-0.970951
-0.972308
-0.965612
-0.957096
-0.787846
-0.787998
-0.789438
-0.796809
-0.802214
-0.804219
-0.807285
-0.825441
-0.841485
-0.856137
-0.871503
-0.877434
-0.89352
-0.905399
-0.918654
-0.922559
-0.928637
-0.937563
-0.947505
-0.956516
-0.963962
-0.970176
-0.979024
-0.98343
-0.985376
-0.989974
-0.994158
-0.996388
-0.992081
-0.98711
-0.972231
-0.957929
-0.940246
-0.815014
-0.820874
-0.819405
-0.821427
-0.824562
-0.828313
-0.837125
-0.844235
-0.856471
-0.865989
-0.877546
-0.891199
-0.902102
-0.910547
-0.917459
-0.931335
-0.944662
-0.956569
-0.966429
-0.974347
-0.985442
-0.990218
-0.997646
-1.00344
-1.00662
-1.00737
-1.00829
-1.00228
-0.998189
-0.98886
-0.968731
-0.955124
-0.932053
-0.87147
-0.868272
-0.870175
-0.872591
-0.873862
-0.876386
-0.884454
-0.890326
-0.89362
-0.902783
-0.910324
-0.919014
-0.926266
-0.93561
-0.939186
-0.945621
-0.954855
-0.962813
-0.974182
-0.979583
-0.986423
-0.989637
-0.991634
-0.995156
-0.996768
-0.997534
-0.994069
-0.990132
-0.977453
-0.964566
-0.946483
-0.922848
-0.892191
-0.917686
-0.924843
-0.92521
-0.925326
-0.925648
-0.928638
-0.930052
-0.933055
-0.933268
-0.944291
-0.945791
-0.952571
-0.953131
-0.961865
-0.96489
-0.969061
-0.975886
-0.976589
-0.980621
-0.983264
-0.98651
-0.987169
-0.980731
-0.975036
-0.971985
-0.960048
-0.953673
-0.940071
-0.921208
-0.900159
-0.868477
-0.833189
-0.797107
-0.957032
-0.954422
-0.958217
-0.959188
-0.957604
-0.961815
-0.964004
-0.962716
-0.958838
-0.961682
-0.963323
-0.963327
-0.968958
-0.96822
-0.966889
-0.971116
-0.969054
-0.964326
-0.960837
-0.957319
-0.949656
-0.944724
-0.938147
-0.93081
-0.915656
-0.899208
-0.873768
-0.846102
-0.812645
-0.780907
-0.742492
-0.688409
-0.632424
-0.914563
-0.911564
-0.914539
-0.910082
-0.913829
-0.910754
-0.913065
-0.912781
-0.908508
-0.905766
-0.903542
-0.903626
-0.904143
-0.898516
-0.896105
-0.889941
-0.886657
-0.881234
-0.872739
-0.860722
-0.8444
-0.829184
-0.81666
-0.790341
-0.768635
-0.734884
-0.702824
-0.665616
-0.625447
-0.573562
-0.516989
-0.446753
-0.381581
-0.765091
-0.762772
-0.762411
-0.758499
-0.763269
-0.763657
-0.756387
-0.756315
-0.753901
-0.749125
-0.751314
-0.741885
-0.738952
-0.733675
-0.725118
-0.717499
-0.710175
-0.697761
-0.688852
-0.673477
-0.657933
-0.641762
-0.616851
-0.586672
-0.555845
-0.52303
-0.481831
-0.441063
-0.381056
-0.325701
-0.263094
-0.195774
-0.113584
-0.635486
-0.638562
-0.645534
-0.65685
-0.672017
-0.687723
-0.697687
-0.69135
-0.703791
-0.714121
-0.716792
-0.725467
-0.731023
-0.742314
-0.753617
-0.768932
-0.78052
-0.792344
-0.809532
-0.826926
-0.840172
-0.853515
-0.870992
-0.888057
-0.900145
-0.910836
-0.920055
-0.927855
-0.940264
-0.950305
-0.952844
-0.951722
-0.947303
-0.635644
-0.638779
-0.645771
-0.656966
-0.671745
-0.686887
-0.697586
-0.692534
-0.700575
-0.706227
-0.717097
-0.723916
-0.730755
-0.743162
-0.753469
-0.765062
-0.781394
-0.799197
-0.812184
-0.825027
-0.83811
-0.855751
-0.873257
-0.885909
-0.897521
-0.908486
-0.923243
-0.937068
-0.944325
-0.948827
-0.950191
-0.948529
-0.950218
-0.636553
-0.639869
-0.646821
-0.657383
-0.66977
-0.679532
-0.684441
-0.687357
-0.703001
-0.710251
-0.717242
-0.725911
-0.734633
-0.744916
-0.756459
-0.769018
-0.782041
-0.795016
-0.812572
-0.827096
-0.844315
-0.857257
-0.869416
-0.881531
-0.898125
-0.914339
-0.924577
-0.932713
-0.939378
-0.949352
-0.956945
-0.956405
-0.951477
-0.637978
-0.641609
-0.649187
-0.661281
-0.67729
-0.694515
-0.699911
-0.692276
-0.703267
-0.708858
-0.719684
-0.726177
-0.736354
-0.744491
-0.754968
-0.766192
-0.782652
-0.800429
-0.813448
-0.826834
-0.844507
-0.862421
-0.875616
-0.887831
-0.899721
-0.915335
-0.926684
-0.938774
-0.94487
-0.948409
-0.949523
-0.953694
-0.953957
-0.642538
-0.646022
-0.653663
-0.666195
-0.683147
-0.701029
-0.714473
-0.70706
-0.719635
-0.721999
-0.725423
-0.734658
-0.742152
-0.748062
-0.760948
-0.775902
-0.787475
-0.803631
-0.820778
-0.833089
-0.845699
-0.863077
-0.880094
-0.892434
-0.904047
-0.919633
-0.930205
-0.941787
-0.947333
-0.949992
-0.949888
-0.953686
-0.953093
-0.656922
-0.660922
-0.66935
-0.682494
-0.699444
-0.717056
-0.727372
-0.715269
-0.723324
-0.730349
-0.73681
-0.744093
-0.752203
-0.764154
-0.77408
-0.788317
-0.801019
-0.816175
-0.827686
-0.844032
-0.860834
-0.872665
-0.884478
-0.900585
-0.91586
-0.925772
-0.933513
-0.939808
-0.950107
-0.958141
-0.958439
-0.955424
-0.954018
-0.705156
-0.709447
-0.718399
-0.73118
-0.745441
-0.757209
-0.756023
-0.758454
-0.771904
-0.772888
-0.776045
-0.778071
-0.784378
-0.789367
-0.800441
-0.814293
-0.824117
-0.838351
-0.849644
-0.863874
-0.874223
-0.889393
-0.904636
-0.91455
-0.924202
-0.937784
-0.946197
-0.95553
-0.958906
-0.960204
-0.964324
-0.960935
-0.955914
-0.805984
-0.817069
-0.823344
-0.834805
-0.848885
-0.858506
-0.849503
-0.827887
-0.848574
-0.844107
-0.847305
-0.849509
-0.847102
-0.850527
-0.853013
-0.861687
-0.87128
-0.876846
-0.883586
-0.895765
-0.908727
-0.917279
-0.924861
-0.933015
-0.946196
-0.955051
-0.964583
-0.968577
-0.970217
-0.969107
-0.965691
-0.964662
-0.954898
-0.759816
-0.764634
-0.76821
-0.768894
-0.77127
-0.773277
-0.779484
-0.791743
-0.807561
-0.824955
-0.839473
-0.856574
-0.872691
-0.881274
-0.895267
-0.904949
-0.916938
-0.923339
-0.932443
-0.941048
-0.949231
-0.95575
-0.960211
-0.968284
-0.97672
-0.98403
-0.984905
-0.981106
-0.97921
-0.976163
-0.969737
-0.959956
-0.945601
-0.795372
-0.80186
-0.801699
-0.800836
-0.804689
-0.809071
-0.817599
-0.82721
-0.83429
-0.84304
-0.856779
-0.869363
-0.880343
-0.893285
-0.905242
-0.916267
-0.929815
-0.941336
-0.950678
-0.95857
-0.970295
-0.980432
-0.98296
-0.987414
-0.994416
-0.995725
-1.00009
-1.00052
-0.992004
-0.988551
-0.972663
-0.960035
-0.93245
-0.857731
-0.858067
-0.859828
-0.859375
-0.860478
-0.866557
-0.870762
-0.87593
-0.881467
-0.889523
-0.896345
-0.904925
-0.912511
-0.918179
-0.929343
-0.936677
-0.945896
-0.953701
-0.964665
-0.97004
-0.981652
-0.987995
-0.995676
-0.997027
-0.998648
-0.997359
-0.997964
-0.990355
-0.981716
-0.959248
-0.944702
-0.921423
-0.892568
-0.908036
-0.913476
-0.912113
-0.916773
-0.915005
-0.91764
-0.91892
-0.926462
-0.931447
-0.933143
-0.936333
-0.939562
-0.944916
-0.951798
-0.953778
-0.962316
-0.964983
-0.970215
-0.975247
-0.981814
-0.981905
-0.982926
-0.981986
-0.983
-0.976543
-0.971179
-0.961794
-0.945369
-0.924805
-0.904108
-0.880968
-0.848988
-0.808072
-0.948245
-0.945699
-0.949228
-0.950277
-0.948054
-0.952414
-0.954867
-0.954562
-0.959161
-0.956682
-0.957205
-0.962073
-0.963877
-0.964678
-0.967758
-0.968582
-0.969831
-0.96514
-0.961846
-0.961951
-0.950737
-0.946051
-0.943139
-0.93314
-0.919046
-0.904116
-0.884508
-0.861814
-0.830597
-0.792
-0.754849
-0.715187
-0.663065
-0.906807
-0.907597
-0.908563
-0.910251
-0.907953
-0.905955
-0.90807
-0.90811
-0.905471
-0.906514
-0.910011
-0.91032
-0.90702
-0.90406
-0.895114
-0.8946
-0.892887
-0.888091
-0.879926
-0.868308
-0.857136
-0.845442
-0.827331
-0.804151
-0.780431
-0.757222
-0.732707
-0.69802
-0.655899
-0.609866
-0.551505
-0.487975
-0.414789
-0.758475
-0.762604
-0.762005
-0.763175
-0.761757
-0.75746
-0.761044
-0.762852
-0.76131
-0.756267
-0.748987
-0.749281
-0.748104
-0.743106
-0.734496
-0.72727
-0.720187
-0.707988
-0.699354
-0.688306
-0.673509
-0.654371
-0.630276
-0.601934
-0.580002
-0.546037
-0.500604
-0.462223
-0.417408
-0.35492
-0.292665
-0.222415
-0.14216
-0.618921
-0.622078
-0.628941
-0.640168
-0.655416
-0.671432
-0.682248
-0.677505
-0.691689
-0.699532
-0.707401
-0.713477
-0.723725
-0.731826
-0.7424
-0.75405
-0.770808
-0.788956
-0.802433
-0.815991
-0.829928
-0.8478
-0.862858
-0.879834
-0.892144
-0.903426
-0.914233
-0.928456
-0.938
-0.947727
-0.950703
-0.950351
-0.946115
-0.619117
-0.622374
-0.629428
-0.640899
-0.656345
-0.67235
-0.682875
-0.679495
-0.689629
-0.699399
-0.7023
-0.711401
-0.717573
-0.730297
-0.742784
-0.759627
-0.772791
-0.785664
-0.79878
-0.812317
-0.830466
-0.849518
-0.863487
-0.876488
-0.888475
-0.899716
-0.915806
-0.930639
-0.938866
-0.94459
-0.947324
-0.947168
-0.949787
-0.619583
-0.622997
-0.630308
-0.642009
-0.657539
-0.67439
-0.680026
-0.673579
-0.686547
-0.693763
-0.698754
-0.709327
-0.71665
-0.726657
-0.738946
-0.756683
-0.77201
-0.790415
-0.804595
-0.818664
-0.832416
-0.845723
-0.858786
-0.876901
-0.89478
-0.907215
-0.91793
-0.926849
-0.934188
-0.945358
-0.950283
-0.95456
-0.950896
-0.620889
-0.624403
-0.631741
-0.642855
-0.655864
-0.666041
-0.670718
-0.67317
-0.691347
-0.696504
-0.702405
-0.710597
-0.719862
-0.730933
-0.743679
-0.757113
-0.770581
-0.784872
-0.803703
-0.822913
-0.837876
-0.85197
-0.865256
-0.877891
-0.889917
-0.906872
-0.922683
-0.932207
-0.939488
-0.944296
-0.946537
-0.952048
-0.95366
-0.624935
-0.628667
-0.636602
-0.64911
-0.665296
-0.682222
-0.692777
-0.68208
-0.692787
-0.699594
-0.707919
-0.713924
-0.721367
-0.735238
-0.752656
-0.766219
-0.779489
-0.792671
-0.806538
-0.824722
-0.84315
-0.857312
-0.870563
-0.882869
-0.894824
-0.91096
-0.926346
-0.935489
-0.942227
-0.946192
-0.947498
-0.95233
-0.953035
-0.639588
-0.643509
-0.651847
-0.664258
-0.678653
-0.691144
-0.692568
-0.697693
-0.712297
-0.716053
-0.724015
-0.731474
-0.73989
-0.749671
-0.761291
-0.773594
-0.786193
-0.803566
-0.821792
-0.835223
-0.848446
-0.861598
-0.878947
-0.892439
-0.907837
-0.918214
-0.926735
-0.934014
-0.945303
-0.954395
-0.955786
-0.953429
-0.947402
-0.682491
-0.686069
-0.697139
-0.711899
-0.72757
-0.731701
-0.729
-0.732166
-0.744401
-0.747279
-0.752825
-0.758539
-0.764983
-0.773426
-0.78371
-0.798857
-0.81487
-0.826938
-0.838231
-0.850012
-0.866306
-0.882754
-0.894577
-0.905394
-0.915841
-0.930371
-0.939789
-0.950141
-0.954581
-0.956152
-0.95531
-0.957066
-0.954748
-0.751961
-0.76883
-0.778748
-0.80097
-0.814109
-0.808191
-0.81953
-0.833732
-0.838596
-0.836318
-0.835952
-0.8361
-0.837267
-0.840517
-0.845332
-0.850894
-0.856853
-0.863318
-0.87585
-0.889351
-0.898868
-0.907646
-0.916338
-0.925364
-0.939379
-0.948806
-0.959598
-0.964752
-0.967575
-0.967673
-0.964358
-0.957515
-0.947072
-0.745062
-0.750165
-0.753274
-0.747637
-0.751412
-0.76135
-0.778895
-0.797084
-0.808778
-0.822658
-0.833178
-0.842417
-0.8592
-0.871949
-0.883189
-0.897428
-0.906069
-0.913373
-0.922609
-0.926821
-0.939259
-0.94749
-0.953707
-0.962927
-0.972193
-0.975631
-0.97541
-0.977452
-0.978785
-0.977342
-0.97288
-0.964453
-0.951519
-0.789265
-0.791127
-0.789825
-0.790034
-0.794135
-0.796341
-0.807413
-0.814996
-0.822397
-0.835882
-0.851196
-0.860163
-0.874365
-0.88299
-0.895181
-0.910705
-0.924728
-0.936625
-0.946413
-0.955028
-0.965917
-0.971861
-0.979425
-0.985993
-0.990752
-0.996083
-0.995299
-0.996346
-0.993086
-0.981243
-0.97438
-0.953595
-0.937648
-0.846668
-0.851275
-0.849376
-0.852668
-0.849576
-0.851373
-0.859517
-0.864852
-0.867774
-0.876618
-0.886763
-0.8919
-0.903636
-0.913815
-0.917755
-0.92819
-0.942941
-0.951991
-0.958635
-0.967578
-0.970585
-0.979434
-0.983354
-0.988568
-0.991132
-0.992599
-0.989795
-0.987778
-0.976177
-0.964625
-0.949683
-0.928814
-0.90108
-0.909542
-0.906434
-0.908811
-0.90838
-0.908113
-0.907091
-0.911645
-0.915808
-0.921359
-0.924182
-0.932445
-0.93448
-0.938738
-0.943013
-0.953961
-0.955837
-0.962985
-0.963797
-0.970489
-0.9729
-0.976379
-0.974725
-0.97949
-0.977141
-0.975907
-0.966108
-0.961495
-0.949529
-0.936305
-0.913558
-0.888129
-0.851571
-0.818913
-0.943262
-0.943816
-0.94372
-0.94434
-0.945544
-0.946339
-0.94851
-0.948364
-0.953646
-0.951172
-0.951899
-0.956793
-0.958294
-0.962946
-0.966646
-0.967359
-0.96584
-0.961949
-0.964861
-0.961097
-0.958558
-0.94808
-0.939995
-0.929841
-0.919365
-0.901977
-0.890531
-0.867655
-0.83772
-0.809103
-0.773791
-0.723262
-0.670968
-0.907657
-0.905302
-0.906321
-0.908123
-0.905721
-0.903785
-0.906039
-0.906039
-0.903743
-0.905452
-0.909045
-0.909434
-0.906433
-0.904732
-0.902076
-0.895991
-0.893288
-0.888467
-0.880499
-0.869192
-0.858687
-0.847467
-0.830947
-0.815409
-0.789109
-0.765472
-0.738034
-0.704383
-0.667815
-0.619593
-0.566781
-0.50051
-0.439479
-0.758609
-0.762731
-0.76221
-0.763558
-0.762127
-0.758016
-0.761827
-0.763769
-0.762129
-0.757667
-0.750633
-0.75131
-0.750507
-0.745961
-0.737822
-0.730627
-0.723571
-0.711374
-0.702563
-0.692096
-0.677811
-0.659571
-0.637373
-0.621437
-0.590267
-0.556401
-0.524655
-0.475421
-0.431925
-0.382102
-0.3239
-0.260882
-0.183338
-0.61484
-0.61805
-0.624994
-0.6363
-0.65155
-0.667351
-0.677651
-0.671762
-0.684959
-0.696235
-0.699862
-0.709676
-0.716153
-0.724452
-0.734954
-0.747457
-0.765042
-0.783987
-0.798248
-0.812544
-0.826495
-0.840232
-0.853647
-0.872019
-0.890267
-0.903069
-0.914366
-0.924016
-0.931554
-0.936544
-0.939858
-0.94685
-0.949971
-0.615025
-0.61831
-0.625373
-0.63674
-0.651762
-0.66693
-0.677778
-0.673271
-0.682217
-0.688408
-0.696417
-0.703057
-0.714416
-0.725708
-0.741737
-0.755096
-0.768625
-0.782129
-0.79586
-0.809533
-0.823445
-0.842328
-0.861556
-0.875825
-0.888957
-0.900985
-0.911691
-0.920464
-0.928431
-0.940262
-0.949565
-0.951192
-0.948679
-0.615305
-0.618703
-0.626024
-0.637873
-0.65372
-0.669942
-0.680079
-0.675811
-0.684509
-0.693107
-0.699097
-0.70783
-0.714949
-0.727917
-0.738974
-0.751247
-0.764709
-0.78295
-0.798807
-0.816943
-0.83151
-0.84565
-0.859199
-0.872307
-0.88499
-0.902147
-0.915016
-0.929015
-0.937272
-0.943206
-0.946189
-0.945639
-0.942441
-0.61646
-0.620015
-0.627611
-0.639736
-0.655787
-0.673134
-0.678817
-0.671876
-0.68391
-0.690075
-0.698171
-0.704546
-0.71583
-0.727073
-0.743597
-0.756635
-0.770425
-0.783904
-0.797777
-0.812111
-0.830714
-0.846766
-0.8648
-0.87837
-0.890976
-0.902603
-0.912464
-0.921836
-0.935242
-0.946518
-0.950431
-0.95069
-0.946754
-0.620645
-0.624322
-0.632004
-0.643637
-0.657285
-0.668097
-0.673389
-0.678123
-0.697452
-0.701723
-0.706694
-0.715084
-0.724004
-0.734728
-0.746733
-0.763444
-0.776953
-0.79011
-0.803557
-0.816846
-0.830225
-0.84907
-0.867937
-0.881738
-0.894466
-0.906054
-0.91649
-0.930856
-0.940204
-0.949841
-0.952651
-0.95186
-0.946818
-0.636143
-0.640075
-0.648457
-0.66157
-0.678325
-0.695412
-0.704772
-0.691583
-0.703151
-0.706812
-0.714415
-0.723151
-0.732516
-0.742571
-0.757753
-0.769423
-0.781785
-0.794529
-0.812487
-0.830779
-0.844824
-0.858303
-0.871032
-0.883182
-0.900255
-0.916756
-0.927254
-0.935771
-0.942268
-0.946798
-0.953837
-0.954249
-0.953306
-0.684297
-0.688324
-0.697607
-0.711674
-0.729132
-0.746207
-0.750978
-0.737584
-0.749911
-0.746863
-0.750916
-0.757125
-0.763013
-0.771703
-0.780514
-0.793124
-0.802885
-0.817836
-0.834242
-0.84608
-0.858679
-0.875427
-0.888583
-0.903939
-0.91468
-0.924145
-0.93204
-0.938535
-0.949591
-0.958377
-0.959304
-0.956206
-0.948527
-0.782767
-0.785811
-0.800212
-0.810326
-0.82784
-0.84015
-0.834224
-0.818654
-0.835528
-0.831011
-0.82844
-0.827959
-0.826315
-0.829314
-0.836787
-0.845549
-0.852359
-0.862433
-0.869788
-0.877711
-0.891828
-0.903045
-0.916345
-0.925757
-0.934566
-0.94225
-0.948472
-0.953026
-0.95621
-0.963679
-0.964295
-0.963778
-0.954864
-0.734194
-0.741161
-0.744282
-0.744276
-0.75066
-0.75311
-0.762419
-0.772624
-0.793721
-0.812735
-0.827681
-0.840429
-0.851813
-0.861873
-0.875396
-0.885343
-0.893999
-0.90528
-0.915919
-0.926226
-0.935047
-0.94302
-0.952761
-0.95349
-0.96189
-0.970171
-0.977165
-0.981823
-0.979274
-0.971731
-0.965371
-0.956756
-0.944257
-0.781443
-0.780046
-0.783675
-0.785308
-0.786739
-0.788427
-0.794391
-0.80535
-0.818018
-0.827696
-0.839008
-0.852711
-0.867808
-0.877541
-0.888222
-0.902097
-0.912361
-0.924851
-0.935799
-0.949259
-0.958144
-0.967445
-0.97043
-0.979489
-0.983364
-0.985962
-0.991782
-0.99403
-0.987879
-0.986098
-0.972313
-0.961617
-0.936579
-0.839814
-0.840537
-0.839441
-0.840414
-0.84594
-0.848195
-0.850897
-0.85272
-0.865185
-0.875646
-0.883252
-0.892158
-0.895751
-0.906208
-0.919054
-0.92698
-0.936855
-0.945294
-0.956311
-0.962129
-0.972869
-0.973606
-0.980716
-0.988272
-0.992253
-0.992183
-0.988538
-0.984189
-0.978901
-0.96353
-0.947926
-0.931352
-0.904259
-0.898568
-0.895382
-0.898659
-0.900359
-0.904433
-0.908859
-0.90946
-0.91104
-0.912161
-0.918986
-0.924601
-0.926711
-0.931902
-0.941719
-0.948906
-0.953545
-0.961249
-0.967499
-0.966882
-0.968146
-0.972836
-0.980261
-0.97732
-0.974131
-0.972743
-0.966476
-0.958255
-0.947534
-0.935403
-0.91333
-0.889616
-0.865723
-0.824419
-0.934966
-0.932278
-0.936362
-0.93806
-0.937101
-0.942422
-0.941992
-0.945546
-0.948551
-0.953604
-0.955471
-0.953898
-0.954232
-0.958709
-0.961783
-0.963151
-0.962282
-0.96263
-0.962386
-0.958959
-0.958141
-0.954934
-0.941642
-0.934319
-0.921475
-0.915035
-0.894527
-0.871054
-0.84122
-0.813826
-0.779891
-0.730445
-0.679522
-0.901165
-0.898629
-0.903698
-0.905503
-0.903853
-0.899154
-0.902077
-0.903085
-0.901567
-0.90746
-0.907548
-0.908198
-0.905014
-0.902011
-0.893488
-0.893019
-0.891689
-0.887704
-0.880773
-0.87046
-0.860908
-0.850453
-0.834614
-0.819721
-0.794618
-0.77207
-0.745124
-0.712099
-0.676379
-0.629271
-0.577605
-0.513021
-0.453357
-0.756213
-0.763708
-0.760032
-0.761455
-0.76018
-0.757142
-0.761273
-0.763535
-0.762262
-0.75822
-0.751461
-0.752424
-0.751546
-0.747002
-0.739019
-0.732632
-0.725757
-0.714693
-0.70656
-0.696668
-0.682789
-0.665079
-0.642552
-0.619574
-0.595965
-0.56491
-0.534677
-0.486456
-0.444151
-0.395573
-0.338696
-0.277067
-0.201047
-0.614229
-0.617477
-0.624456
-0.635675
-0.650456
-0.665264
-0.675666
-0.670434
-0.678991
-0.685066
-0.693023
-0.699211
-0.707115
-0.72153
-0.735298
-0.753203
-0.767535
-0.781718
-0.796234
-0.81066
-0.824872
-0.838727
-0.851906
-0.865534
-0.883798
-0.901668
-0.913861
-0.924312
-0.9328
-0.938946
-0.941963
-0.942297
-0.939546
-0.614415
-0.617671
-0.62449
-0.634847
-0.647
-0.656597
-0.662436
-0.666916
-0.683966
-0.689776
-0.695686
-0.702579
-0.711681
-0.723071
-0.736329
-0.750397
-0.764511
-0.778924
-0.793268
-0.807392
-0.821035
-0.835524
-0.854789
-0.87407
-0.888176
-0.900908
-0.912222
-0.922013
-0.9295
-0.935213
-0.939032
-0.946226
-0.949844
-0.614597
-0.617985
-0.625255
-0.636913
-0.652243
-0.667596
-0.678178
-0.672714
-0.680883
-0.690146
-0.699236
-0.705701
-0.716731
-0.725792
-0.737407
-0.749697
-0.762666
-0.77689
-0.795714
-0.811523
-0.830256
-0.844917
-0.859014
-0.872373
-0.884921
-0.896347
-0.907633
-0.923097
-0.933513
-0.94414
-0.948166
-0.948905
-0.945783
-0.615701
-0.619245
-0.626853
-0.639106
-0.655626
-0.674163
-0.681909
-0.674975
-0.684884
-0.694714
-0.698066
-0.707044
-0.713848
-0.726764
-0.739649
-0.756784
-0.770287
-0.783789
-0.797719
-0.811602
-0.82572
-0.844707
-0.860378
-0.878138
-0.8913
-0.903331
-0.913982
-0.922719
-0.929916
-0.935587
-0.945022
-0.951397
-0.949154
-0.620146
-0.62389
-0.631876
-0.644549
-0.661164
-0.678771
-0.683488
-0.674591
-0.684318
-0.696857
-0.701382
-0.710202
-0.716914
-0.730441
-0.743407
-0.760591
-0.774102
-0.787605
-0.801461
-0.81527
-0.82919
-0.84821
-0.863933
-0.881524
-0.894495
-0.906379
-0.916809
-0.925381
-0.932988
-0.944059
-0.949139
-0.953421
-0.949831
-0.636086
-0.639971
-0.64822
-0.660388
-0.674094
-0.684935
-0.683183
-0.691462
-0.702981
-0.705326
-0.709524
-0.716059
-0.724539
-0.735091
-0.748101
-0.766091
-0.781518
-0.799983
-0.814324
-0.828745
-0.842837
-0.856544
-0.869597
-0.881456
-0.893533
-0.910195
-0.925995
-0.935537
-0.942684
-0.947347
-0.949012
-0.947589
-0.948823
-0.680379
-0.683579
-0.694109
-0.708597
-0.724765
-0.729973
-0.72451
-0.728327
-0.741729
-0.741106
-0.745082
-0.749268
-0.754765
-0.762916
-0.777532
-0.790401
-0.8061
-0.818477
-0.830467
-0.842713
-0.854875
-0.867335
-0.884247
-0.901349
-0.91303
-0.923386
-0.932145
-0.939212
-0.944757
-0.953972
-0.956622
-0.958457
-0.952215
-0.745057
-0.759235
-0.76722
-0.791867
-0.808141
-0.809111
-0.813383
-0.78946
-0.820533
-0.820164
-0.822366
-0.821698
-0.825441
-0.829318
-0.835008
-0.845024
-0.851532
-0.85884
-0.866464
-0.875503
-0.889931
-0.901587
-0.91209
-0.925632
-0.93501
-0.943468
-0.950573
-0.955839
-0.959057
-0.960026
-0.957719
-0.953123
-0.951023
-0.736977
-0.74139
-0.737117
-0.739979
-0.742666
-0.749918
-0.760034
-0.770864
-0.792634
-0.804995
-0.820169
-0.833949
-0.847298
-0.86026
-0.871492
-0.881365
-0.890954
-0.902614
-0.913925
-0.92419
-0.928923
-0.941098
-0.948954
-0.955324
-0.964248
-0.972568
-0.974856
-0.973661
-0.974259
-0.973349
-0.970255
-0.963332
-0.952474
-0.775286
-0.778042
-0.777418
-0.777767
-0.779684
-0.782526
-0.789696
-0.801819
-0.812298
-0.826345
-0.834418
-0.847736
-0.863753
-0.87436
-0.88558
-0.900314
-0.911051
-0.923572
-0.934544
-0.943374
-0.955152
-0.961175
-0.970307
-0.977966
-0.983809
-0.990363
-0.990765
-0.993173
-0.99139
-0.981151
-0.975654
-0.957151
-0.943237
-0.836319
-0.838586
-0.837905
-0.841987
-0.840301
-0.843435
-0.851439
-0.853113
-0.860507
-0.865514
-0.873003
-0.887311
-0.892946
-0.904498
-0.917896
-0.926333
-0.936367
-0.94469
-0.951384
-0.960622
-0.963839
-0.973289
-0.97827
-0.984662
-0.988555
-0.991136
-0.989954
-0.989103
-0.979796
-0.970144
-0.956664
-0.937363
-0.911392
-0.895716
-0.898095
-0.896372
-0.896925
-0.899975
-0.899754
-0.905646
-0.908686
-0.90991
-0.916946
-0.922717
-0.925524
-0.931069
-0.935312
-0.941451
-0.947651
-0.95144
-0.957842
-0.963527
-0.970743
-0.971414
-0.973429
-0.97277
-0.975225
-0.970488
-0.967652
-0.961956
-0.955718
-0.940652
-0.923741
-0.896809
-0.866315
-0.827853
-0.934896
-0.932385
-0.936161
-0.937605
-0.936945
-0.938946
-0.94181
-0.944497
-0.940456
-0.943915
-0.945903
-0.945708
-0.953493
-0.955291
-0.952342
-0.952694
-0.961567
-0.959944
-0.958731
-0.960545
-0.954731
-0.951613
-0.946602
-0.938353
-0.925809
-0.912819
-0.894496
-0.867107
-0.845869
-0.812279
-0.779548
-0.743746
-0.695544
-0.904049
-0.901382
-0.900846
-0.896746
-0.901348
-0.902782
-0.902623
-0.903016
-0.902672
-0.896525
-0.89856
-0.899134
-0.898092
-0.899964
-0.897374
-0.896877
-0.888215
-0.882665
-0.876564
-0.874023
-0.862761
-0.851067
-0.841398
-0.818681
-0.801634
-0.779269
-0.743632
-0.712551
-0.672518
-0.630734
-0.586472
-0.53025
-0.458658
-0.760765
-0.75797
-0.760958
-0.752509
-0.751835
-0.758749
-0.754371
-0.75548
-0.753967
-0.749697
-0.752239
-0.746848
-0.744828
-0.741002
-0.734895
-0.732434
-0.725511
-0.717554
-0.711614
-0.701362
-0.681142
-0.670112
-0.654092
-0.628489
-0.601967
-0.573632
-0.536862
-0.499986
-0.448447
-0.39897
-0.343071
-0.278256
-0.203313
-0.614004
-0.617203
-0.62412
-0.635377
-0.650548
-0.666234
-0.676386
-0.670324
-0.683366
-0.694517
-0.698059
-0.703918
-0.714116
-0.722553
-0.733401
-0.746421
-0.764089
-0.77974
-0.797786
-0.812469
-0.826855
-0.840909
-0.854524
-0.867352
-0.880487
-0.897885
-0.911098
-0.925429
-0.934209
-0.940807
-0.944771
-0.945225
-0.94238
-0.614181
-0.617443
-0.624451
-0.635714
-0.650555
-0.665437
-0.675927
-0.670791
-0.679422
-0.685542
-0.693554
-0.699705
-0.707527
-0.721879
-0.735615
-0.753467
-0.767621
-0.781713
-0.796035
-0.810215
-0.824284
-0.837766
-0.851996
-0.870568
-0.885465
-0.902186
-0.913778
-0.923768
-0.931996
-0.93761
-0.94101
-0.942268
-0.946137
-0.614469
-0.617817
-0.625001
-0.636519
-0.651653
-0.666769
-0.677333
-0.671849
-0.679837
-0.686034
-0.697882
-0.705659
-0.713734
-0.727218
-0.739406
-0.752102
-0.765634
-0.778864
-0.792558
-0.806461
-0.825575
-0.845179
-0.859894
-0.873852
-0.886761
-0.898595
-0.908986
-0.919131
-0.932933
-0.941353
-0.949702
-0.950997
-0.948475
-0.615688
-0.619135
-0.626348
-0.637304
-0.650215
-0.660552
-0.666297
-0.669959
-0.685922
-0.690638
-0.700794
-0.710986
-0.71704
-0.728384
-0.740871
-0.758009
-0.771991
-0.785625
-0.79958
-0.813411
-0.827117
-0.840234
-0.853946
-0.87247
-0.890789
-0.903663
-0.915002
-0.924623
-0.931948
-0.937235
-0.940696
-0.947226
-0.950212
-0.620307
-0.624024
-0.631947
-0.644518
-0.660976
-0.678315
-0.682598
-0.673189
-0.682693
-0.695277
-0.700066
-0.709182
-0.716354
-0.730121
-0.743433
-0.760834
-0.774595
-0.788281
-0.802323
-0.81628
-0.830128
-0.844061
-0.862732
-0.878046
-0.895024
-0.907153
-0.917974
-0.927082
-0.933961
-0.939683
-0.948358
-0.950482
-0.951333
-0.63714
-0.640894
-0.648712
-0.66027
-0.673148
-0.682215
-0.676826
-0.685818
-0.696099
-0.702156
-0.711328
-0.720818
-0.727145
-0.735566
-0.752074
-0.767347
-0.782323
-0.796653
-0.814759
-0.829277
-0.843524
-0.857355
-0.870682
-0.883207
-0.894362
-0.905526
-0.921114
-0.935534
-0.943343
-0.948394
-0.950452
-0.94913
-0.944262
-0.686638
-0.689058
-0.695117
-0.70539
-0.72208
-0.728974
-0.724105
-0.729182
-0.737997
-0.738295
-0.742156
-0.746938
-0.753315
-0.762593
-0.777846
-0.791212
-0.803754
-0.819881
-0.832037
-0.844534
-0.856725
-0.868623
-0.880519
-0.897283
-0.913725
-0.924476
-0.933641
-0.940902
-0.945997
-0.94839
-0.948909
-0.952811
-0.95243
-0.778185
-0.771412
-0.76892
-0.783257
-0.788355
-0.800403
-0.797795
-0.814729
-0.827668
-0.826371
-0.825152
-0.823672
-0.823634
-0.826872
-0.836133
-0.843791
-0.85104
-0.862282
-0.870316
-0.878571
-0.887484
-0.897165
-0.91173
-0.923192
-0.932767
-0.945044
-0.952476
-0.95833
-0.962172
-0.963462
-0.961634
-0.956359
-0.94693
-0.725429
-0.731584
-0.741411
-0.744319
-0.74723
-0.745977
-0.753751
-0.77531
-0.794169
-0.807133
-0.823344
-0.837923
-0.84796
-0.864119
-0.876135
-0.88632
-0.89601
-0.904172
-0.914646
-0.924157
-0.933215
-0.940728
-0.947481
-0.957041
-0.965456
-0.963626
-0.968371
-0.972791
-0.976203
-0.976875
-0.97445
-0.968288
-0.953271
-0.777703
-0.777182
-0.779196
-0.781555
-0.779667
-0.785862
-0.789483
-0.801696
-0.812186
-0.82295
-0.834985
-0.848967
-0.861502
-0.875801
-0.88838
-0.9001
-0.914873
-0.927575
-0.938131
-0.946904
-0.953338
-0.964284
-0.974305
-0.982277
-0.988235
-0.990688
-0.994137
-0.990783
-0.989308
-0.983708
-0.968103
-0.959379
-0.946178
-0.831142
-0.838784
-0.840272
-0.84106
-0.841962
-0.841502
-0.850225
-0.852375
-0.860029
-0.865432
-0.873494
-0.884776
-0.894404
-0.904656
-0.909072
-0.919543
-0.929998
-0.940329
-0.94813
-0.95618
-0.964502
-0.976048
-0.981642
-0.988507
-0.988472
-0.989043
-0.991289
-0.985766
-0.981533
-0.972215
-0.951089
-0.929845
-0.904421
-0.891628
-0.894319
-0.893294
-0.894001
-0.897302
-0.897322
-0.903869
-0.907498
-0.909002
-0.915409
-0.916405
-0.924684
-0.931685
-0.936289
-0.939177
-0.948883
-0.95286
-0.960165
-0.965867
-0.973158
-0.974744
-0.977197
-0.977445
-0.980326
-0.975618
-0.971146
-0.957775
-0.949363
-0.933902
-0.913726
-0.897422
-0.869228
-0.828582
-0.931961
-0.929228
-0.933474
-0.935163
-0.934537
-0.937273
-0.940592
-0.943713
-0.940204
-0.943604
-0.945896
-0.946562
-0.9535
-0.949675
-0.952073
-0.953552
-0.957186
-0.960617
-0.960548
-0.953031
-0.953345
-0.952222
-0.947822
-0.943697
-0.931659
-0.918589
-0.896976
-0.874471
-0.852966
-0.820085
-0.785759
-0.736445
-0.689991
-0.902878
-0.900175
-0.899538
-0.895701
-0.900883
-0.902883
-0.903079
-0.903785
-0.903857
-0.898061
-0.90045
-0.901136
-0.899058
-0.894553
-0.896601
-0.887791
-0.885367
-0.881847
-0.875308
-0.870319
-0.864666
-0.854064
-0.834657
-0.822727
-0.806121
-0.777539
-0.749812
-0.717543
-0.683181
-0.637441
-0.588463
-0.535078
-0.468537
-0.761029
-0.756574
-0.753668
-0.751307
-0.752499
-0.76056
-0.756605
-0.758055
-0.756923
-0.753028
-0.755742
-0.747438
-0.74526
-0.741354
-0.739466
-0.736436
-0.729853
-0.720999
-0.706706
-0.695456
-0.682192
-0.665436
-0.64511
-0.631726
-0.603001
-0.571092
-0.54164
-0.498497
-0.453277
-0.406209
-0.355393
-0.291118
-0.216771
-0.613833
-0.616972
-0.623773
-0.634886
-0.649971
-0.665801
-0.676476
-0.671698
-0.686128
-0.694261
-0.702408
-0.708888
-0.715828
-0.728581
-0.739513
-0.751474
-0.764301
-0.776798
-0.790128
-0.808331
-0.827504
-0.842131
-0.856121
-0.869384
-0.881506
-0.893826
-0.910297
-0.922051
-0.934701
-0.941497
-0.945705
-0.946773
-0.943733
-0.61396
-0.617151
-0.624055
-0.635312
-0.650534
-0.666404
-0.676936
-0.671625
-0.685448
-0.693119
-0.700914
-0.706969
-0.71732
-0.725694
-0.736796
-0.7486
-0.761543
-0.779601
-0.798234
-0.812935
-0.827164
-0.840991
-0.854213
-0.866566
-0.879158
-0.896664
-0.913376
-0.924044
-0.932605
-0.938916
-0.94211
-0.942551
-0.940276
-0.614273
-0.617553
-0.624636
-0.636151
-0.651662
-0.667736
-0.678255
-0.672445
-0.68557
-0.696705
-0.700122
-0.709497
-0.715534
-0.724044
-0.738856
-0.752833
-0.769901
-0.783187
-0.79673
-0.810284
-0.824486
-0.842806
-0.858297
-0.875791
-0.888768
-0.900658
-0.911219
-0.920079
-0.928408
-0.940351
-0.946241
-0.951627
-0.949403
-0.615516
-0.618952
-0.626322
-0.638139
-0.653692
-0.669333
-0.680239
-0.675072
-0.683628
-0.693171
-0.702303
-0.708684
-0.719545
-0.728225
-0.739534
-0.751996
-0.76923
-0.784428
-0.802027
-0.816196
-0.83007
-0.843588
-0.856192
-0.869326
-0.887125
-0.904403
-0.916063
-0.925956
-0.933785
-0.938898
-0.941464
-0.941711
-0.945014
-0.620183
-0.623828
-0.631658
-0.644251
-0.661194
-0.680147
-0.687892
-0.680473
-0.689691
-0.698498
-0.704608
-0.708431
-0.717738
-0.730916
-0.742244
-0.754506
-0.771744
-0.79047
-0.804532
-0.818806
-0.832698
-0.846279
-0.859776
-0.877932
-0.892373
-0.90832
-0.919204
-0.928498
-0.935713
-0.940296
-0.94327
-0.949155
-0.947588
-0.636718
-0.64043
-0.648382
-0.660179
-0.673603
-0.684749
-0.683985
-0.689387
-0.702191
-0.706122
-0.714345
-0.723019
-0.73202
-0.742812
-0.755136
-0.767987
-0.780725
-0.793799
-0.807508
-0.825648
-0.841207
-0.859022
-0.872566
-0.885338
-0.897033
-0.907056
-0.916807
-0.931055
-0.943579
-0.949141
-0.951519
-0.95044
-0.944796
-0.681202
-0.684094
-0.694648
-0.709805
-0.727936
-0.745864
-0.751668
-0.738725
-0.744995
-0.749908
-0.754934
-0.754769
-0.763235
-0.772071
-0.779424
-0.792374
-0.806728
-0.81685
-0.827439
-0.843623
-0.85996
-0.872069
-0.883616
-0.895196
-0.910774
-0.922577
-0.935413
-0.942793
-0.948018
-0.950915
-0.951433
-0.955117
-0.950924
-0.73957
-0.754939
-0.768176
-0.795037
-0.817614
-0.835291
-0.846247
-0.830856
-0.843852
-0.840016
-0.839582
-0.834486
-0.831487
-0.836686
-0.837723
-0.843195
-0.851162
-0.860785
-0.867016
-0.879051
-0.892365
-0.901317
-0.909724
-0.917911
-0.92622
-0.93994
-0.948816
-0.959053
-0.963445
-0.965286
-0.964043
-0.959206
-0.949877
-0.735985
-0.738754
-0.743023
-0.743383
-0.73953
-0.743533
-0.754531
-0.765871
-0.78897
-0.804873
-0.82021
-0.837203
-0.853606
-0.864091
-0.87359
-0.886568
-0.894526
-0.904728
-0.915007
-0.924511
-0.932781
-0.939865
-0.949937
-0.955393
-0.957845
-0.963912
-0.969847
-0.974817
-0.978125
-0.979129
-0.972934
-0.965431
-0.946527
-0.778624
-0.778158
-0.77887
-0.777074
-0.779909
-0.784311
-0.788937
-0.797561
-0.808278
-0.825045
-0.839374
-0.853743
-0.865456
-0.875077
-0.889934
-0.900256
-0.909318
-0.921009
-0.931644
-0.945314
-0.954094
-0.964846
-0.97716
-0.979454
-0.988373
-0.992129
-0.99555
-0.991664
-0.984584
-0.983472
-0.969923
-0.962098
-0.944729
-0.838662
-0.840183
-0.840098
-0.840419
-0.837815
-0.84032
-0.844585
-0.846859
-0.855201
-0.862789
-0.872417
-0.883247
-0.895901
-0.902636
-0.911537
-0.919599
-0.929288
-0.937859
-0.949746
-0.955756
-0.96835
-0.976391
-0.985437
-0.988028
-0.991068
-0.990655
-0.986746
-0.9858
-0.981522
-0.962434
-0.950502
-0.9311
-0.905595
-0.891633
-0.894204
-0.892721
-0.893106
-0.896209
-0.89604
-0.902821
-0.906838
-0.908796
-0.912519
-0.91748
-0.925826
-0.93357
-0.938438
-0.941804
-0.95162
-0.955336
-0.962404
-0.968698
-0.972299
-0.977446
-0.979698
-0.975589
-0.972162
-0.971196
-0.965233
-0.957379
-0.947049
-0.935824
-0.914666
-0.891768
-0.869429
-0.830551
-0.930649
-0.927907
-0.932163
-0.933889
-0.933665
-0.936253
-0.940174
-0.93989
-0.940254
-0.944022
-0.946732
-0.947896
-0.951638
-0.951604
-0.954439
-0.956024
-0.955002
-0.956368
-0.957558
-0.955159
-0.955638
-0.953126
-0.940563
-0.933771
-0.921737
-0.916505
-0.897279
-0.876194
-0.855186
-0.822699
-0.788303
-0.739567
-0.690162
-0.90159
-0.898911
-0.898343
-0.894635
-0.900004
-0.902238
-0.902681
-0.903668
-0.90409
-0.898668
-0.90133
-0.902551
-0.900924
-0.896644
-0.899264
-0.890121
-0.88803
-0.884498
-0.877954
-0.871822
-0.859546
-0.854111
-0.835516
-0.822002
-0.798187
-0.776556
-0.751598
-0.720545
-0.686945
-0.641554
-0.591473
-0.528745
-0.470856
-0.760169
-0.755968
-0.75298
-0.750949
-0.752407
-0.760629
-0.756908
-0.758527
-0.757373
-0.75246
-0.749199
-0.746909
-0.746744
-0.743693
-0.73692
-0.731365
-0.726586
-0.723197
-0.709459
-0.698261
-0.685219
-0.668295
-0.646561
-0.625152
-0.602988
-0.57336
-0.544778
-0.498471
-0.458202
-0.41118
-0.354511
-0.282104
-0.205929
)
;

boundaryField
{
    walls
    {
        type            zeroGradient;
    }
    procBoundary2to0
    {
        type            processor;
        value           nonuniform List<scalar> 
263
(
4.60443
4.66648
4.64398
3.18815
3.15988
3.22429
3.26897
3.36596
1.88823
1.91172
1.91973
1.95671
2.03146
2.11419
2.25156
2.37923
2.58272
2.84089
3.1616
3.57694
3.99333
4.37062
4.57898
0.900694
0.892466
0.926134
0.953898
1.00947
1.07115
1.15314
1.28799
1.46047
1.65549
1.95582
2.31988
2.79139
3.19533
3.44447
0.175146
0.190327
0.19212
0.218795
0.251824
0.300082
0.377188
0.479837
0.592736
0.777385
1.01802
1.3247
1.72264
2.20405
2.50555
-0.299831
-0.289535
-0.277713
-0.265226
-0.237337
-0.208377
-0.162328
-0.0963053
-0.00184503
0.125508
0.329397
0.58849
0.949964
1.37835
1.69851
-0.593862
-0.591942
-0.589952
-0.583225
-0.564262
-0.545252
-0.507192
-0.465874
-0.387798
-0.29737
-0.141715
0.080596
0.397673
0.80897
1.16946
-0.77781
-0.774605
-0.77342
-0.768796
-0.759034
-0.745351
-0.723065
-0.692393
-0.644038
-0.572836
-0.449205
-0.25182
0.034611
0.432828
0.751579
-0.885761
-0.880417
-0.871546
-0.870318
-0.86163
-0.856323
-0.847866
-0.81855
-0.784527
-0.731285
-0.631754
-0.464674
-0.197729
0.152793
0.482699
-0.922265
-0.921721
-0.926208
-0.921472
-0.920319
-0.90458
-0.90213
-0.892594
-0.864958
-0.826582
-0.73635
-0.580343
-0.348945
-0.0250125
0.285634
-0.935535
-0.931003
-0.941442
-0.940371
-0.939344
-0.923512
-0.926076
-0.92113
-0.8963
-0.865835
-0.788594
-0.667422
-0.455424
-0.151993
0.156531
-0.946947
-0.943
-0.944961
-0.938665
-0.942053
-0.938079
-0.936633
-0.92203
-0.918313
-0.891295
-0.825832
-0.71696
-0.518912
-0.230118
0.0494417
-0.945588
-0.947772
-0.941808
-0.944426
-0.942896
-0.946107
-0.939077
-0.938851
-0.917787
-0.900065
-0.852938
-0.746882
-0.567587
-0.297016
-0.0199098
-0.944526
-0.947215
-0.941592
-0.94455
-0.942626
-0.943698
-0.941457
-0.943016
-0.926013
-0.909215
-0.863445
-0.761688
-0.601565
-0.337087
-0.0549783
-0.93781
-0.944134
-0.942505
-0.94576
-0.944182
-0.942669
-0.942672
-0.938414
-0.933543
-0.91611
-0.869875
-0.771479
-0.614276
-0.35918
-0.0946556
-0.943929
-0.941571
-0.941462
-0.938076
-0.936762
-0.943488
-0.935829
-0.940719
-0.92699
-0.915649
-0.869358
-0.776766
-0.623961
-0.374581
-0.114001
-0.939668
-0.94433
-0.938186
-0.942073
-0.941447
-0.941759
-0.940825
-0.939928
-0.93646
-0.919363
-0.878516
-0.784581
-0.637919
-0.390111
-0.121568
-0.936007
-0.942109
-0.941442
-0.94398
-0.943698
-0.941296
-0.942424
-0.932318
-0.935422
-0.917017
-0.878795
-0.790598
-0.632085
-0.389826
-0.131624
-0.936699
-0.940478
-0.942717
-0.943867
-0.944144
-0.93566
-0.944624
-0.935612
-0.926923
-0.919581
-0.873165
-0.792731
-0.636702
-0.394367
-0.133447
)
;
    }
    procBoundary2to1
    {
        type            processor;
        value           nonuniform List<scalar> 
561
(
2.05802
2.07427
2.10559
2.10894
2.12674
2.20433
2.25194
2.26618
2.34239
2.43697
2.49844
2.5733
2.66349
2.76991
2.89345
2.97068
3.12464
3.2272
3.41589
3.54778
3.69315
3.85281
4.02734
4.21751
4.30881
4.51977
4.74556
4.86215
4.96883
5.23894
5.34829
5.45208
5.53814
2.08497
2.10006
2.0883
2.13348
2.1514
2.1837
2.23062
2.29296
2.37123
2.41681
2.52686
2.603
2.69379
2.8014
2.92562
3.00365
3.15968
3.26411
3.37948
3.58761
3.73528
3.89787
3.98159
4.15979
4.35708
4.57109
4.6711
4.9145
5.02349
5.12634
5.40737
5.51503
5.61796
2.09939
2.11537
2.14607
2.14942
2.21181
2.24595
2.29321
2.31354
2.38701
2.48332
2.54465
2.61925
2.70935
2.81594
2.93988
3.08084
3.17167
3.27775
3.46251
3.59326
3.73584
3.89211
4.064
4.25326
4.34241
4.55164
4.77707
4.87632
5.12912
5.2463
5.35474
5.44824
5.74115
0.928611
0.939031
0.935187
0.9667
0.984009
1.01162
1.0516
1.10273
1.13827
1.21277
1.27013
1.33719
1.41626
1.50763
1.57762
1.69284
1.78562
1.89403
2.04769
2.17888
2.27838
2.42485
2.59171
2.77329
2.90908
3.11752
3.27243
3.50843
3.69144
3.87732
4.07102
4.27082
4.47532
0.928611
0.939031
0.935187
0.9667
0.984009
1.01162
1.0516
1.10273
1.13827
1.21277
1.27013
1.33719
1.41626
1.50763
1.57762
1.69284
1.78562
1.89403
2.04769
2.17888
2.27838
2.42485
2.59171
2.77329
2.90908
3.11752
3.27243
3.50843
3.69144
3.87732
4.07102
4.27082
4.47532
0.969481
0.981778
1.00416
1.01073
1.03126
1.05927
1.09518
1.14815
1.21228
1.25794
1.31311
1.3851
1.4605
1.55345
1.65922
1.74234
1.87417
1.98108
2.09804
2.22669
2.36815
2.52385
2.69416
2.8198
3.01507
3.15916
3.38409
3.54773
3.71687
3.98317
4.17563
4.38119
4.58415
0.166039
0.159716
0.169984
0.182341
0.211766
0.234376
0.249231
0.281457
0.315027
0.367381
0.41356
0.467134
0.529541
0.58377
0.659278
0.726589
0.808428
0.917756
1.01683
1.10127
1.21253
1.34298
1.48593
1.60623
1.73588
1.91553
2.06969
2.23347
2.40823
2.59444
2.79227
3.00238
3.22077
0.166039
0.159716
0.169984
0.182341
0.211766
0.234376
0.249231
0.281457
0.315027
0.367381
0.41356
0.467134
0.529541
0.58377
0.659278
0.726589
0.808428
0.917756
1.01683
1.10127
1.21253
1.34298
1.48593
1.60623
1.73588
1.91553
2.06969
2.23347
2.40823
2.59444
2.79227
3.00238
3.22077
0.227409
0.236487
0.24921
0.259639
0.273383
0.296073
0.327759
0.363615
0.397712
0.452056
0.499616
0.554658
0.618719
0.673912
0.751429
0.820021
0.903225
1.01489
1.1168
1.22665
1.3209
1.44685
1.59143
1.71316
1.88177
2.02469
2.17725
2.3851
2.56487
2.75544
2.9578
3.17297
3.40165
0.335488
0.34481
0.362415
0.367584
0.384235
0.407332
0.436263
0.478007
0.512702
0.568409
0.617102
0.673951
0.739299
0.795149
0.874955
0.950826
1.05354
1.14613
1.24764
1.36062
1.4838
1.58916
1.73026
1.89001
2.02293
2.20944
2.36565
2.53142
2.7081
2.8957
3.09472
3.30438
3.5247
0.487741
0.479796
0.49326
0.521682
0.536906
0.559823
0.591362
0.615919
0.662329
0.708109
0.777055
0.837422
0.904927
0.96084
1.04304
1.11954
1.22509
1.31809
1.42034
1.53417
1.65982
1.79787
1.94881
2.07063
2.24544
2.38835
2.58806
2.7594
2.93541
3.12213
3.31912
3.52571
3.74097
0.662126
0.67217
0.691962
0.697202
0.711319
0.739945
0.770731
0.81615
0.871811
0.911175
0.95937
1.0227
1.09255
1.16872
1.26024
1.33757
1.44729
1.54149
1.64512
1.76013
1.88701
2.02616
2.17912
2.34542
2.47506
2.66612
2.81642
3.0338
3.21197
3.3944
3.58622
3.78612
3.9943
0.888004
0.899434
0.920312
0.926316
0.967497
0.994289
1.02963
1.04929
1.10539
1.15043
1.22447
1.28624
1.35843
1.44223
1.53741
1.61032
1.72896
1.82398
1.9299
2.08513
2.21715
2.36014
2.47024
2.63622
2.8169
2.95077
3.15802
3.31098
3.54509
3.71948
3.90506
4.0905
4.38932
1.17595
1.18776
1.20995
1.21539
1.25559
1.28775
1.32594
1.36982
1.4033
1.47415
1.52528
1.58778
1.6934
1.78077
1.84501
1.95471
2.07496
2.17447
2.27941
2.44112
2.57335
2.71696
2.87366
3.04433
3.16549
3.35462
3.56581
3.70885
3.95117
4.11385
4.28002
4.44686
4.74134
1.5491
1.53093
1.55069
1.58875
1.60385
1.62997
1.66914
1.72156
1.7862
1.82504
1.91449
1.97803
2.05312
2.14077
2.24212
2.35762
2.43731
2.57978
2.68269
2.85648
2.98632
3.12809
3.28302
3.4518
3.62953
3.74197
3.94682
4.1645
4.29939
4.5487
4.69238
4.8331
5.1313
1.88628
1.89851
1.88832
1.92349
1.94143
2.00615
2.04619
2.05896
2.12048
2.20199
2.25529
2.36123
2.43626
2.52417
2.62673
2.74434
2.81924
2.96068
3.12531
3.23594
3.35854
3.49316
3.63911
3.79625
3.96488
4.14559
4.3413
4.55165
4.65196
4.88984
4.98992
5.26576
5.37974
2.11223
2.12734
2.15659
2.15142
2.21115
2.23532
2.27319
2.3265
2.39543
2.42335
2.52273
2.57936
2.65364
2.73672
2.83401
2.94101
3.06895
3.21532
3.29692
3.47887
3.58834
3.70932
3.84099
3.98344
4.1362
4.29982
4.47705
4.67365
4.7218
4.93794
5.16994
5.22772
5.28065
)
;
    }
}


// ************************************************************************* //
