/*--------------------------------*- C++ -*----------------------------------*\
| =========                 |                                                 |
| \\      /  F ield         | OpenFOAM: The Open Source CFD Toolbox           |
|  \\    /   O peration     | Version:  2412                                  |
|   \\  /    A nd           | Website:  www.openfoam.com                      |
|    \\/     M anipulation  |                                                 |
\*---------------------------------------------------------------------------*/
FoamFile
{
    version     2.0;
    format      ascii;
    arch        "LSB;label=32;scalar=64";
    class       volScalarField;
    location    "0.0250162";
    object      Vm;
}
// * * * * * * * * * * * * * * * * * * * * * * * * * * * * * * * * * * * * * //

dimensions      [0 0 0 0 0 0 0];

internalField   nonuniform List<scalar> 
8679
(
1.07312
1.07321
1.0733
1.07345
1.07369
1.07402
1.07444
1.07497
1.07553
1.07619
1.0769
1.07777
1.07879
1.08
1.08131
1.08278
1.08449
1.08643
1.08857
1.0909
1.09347
1.09627
1.09935
1.10276
1.10662
1.11078
1.11542
1.12046
1.12578
1.13162
1.13798
1.14483
1.15215
1.07327
1.07332
1.07342
1.07361
1.07387
1.07416
1.07458
1.07505
1.0756
1.07628
1.07708
1.07798
1.079
1.08015
1.08145
1.08296
1.08462
1.08653
1.08867
1.09102
1.09361
1.09647
1.09964
1.1032
1.10703
1.11127
1.11582
1.12085
1.12627
1.132
1.13831
1.14518
1.15259
1.07337
1.07343
1.07357
1.07375
1.07401
1.07433
1.07472
1.07518
1.07575
1.07639
1.07718
1.0781
1.07916
1.08037
1.08178
1.08332
1.0851
1.08708
1.08922
1.09155
1.09426
1.09718
1.10036
1.10387
1.10781
1.11203
1.11671
1.12178
1.12714
1.13308
1.13956
1.14652
1.15393
1.07098
1.07098
1.07099
1.07098
1.07099
1.071
1.07102
1.07107
1.07113
1.07124
1.07137
1.07154
1.07175
1.07203
1.0724
1.07283
1.07339
1.07408
1.0749
1.07585
1.07697
1.07832
1.07983
1.08159
1.08357
1.08587
1.08851
1.09146
1.09473
1.09835
1.10234
1.10673
1.11157
1.07094
1.07094
1.07095
1.07093
1.07094
1.07095
1.07097
1.07103
1.07108
1.07118
1.07132
1.07151
1.07175
1.07206
1.07244
1.07289
1.07342
1.07409
1.07491
1.07589
1.07708
1.07842
1.07995
1.08175
1.0838
1.08605
1.08865
1.09158
1.09485
1.09847
1.10248
1.10692
1.11184
1.07098
1.07096
1.07095
1.07096
1.07098
1.07099
1.071
1.07101
1.07106
1.07112
1.07125
1.07145
1.07175
1.07209
1.07251
1.07299
1.0736
1.07433
1.07519
1.07619
1.07738
1.07879
1.08036
1.08218
1.08421
1.08655
1.08919
1.09212
1.09531
1.09898
1.10317
1.1077
1.11264
1.07099
1.07098
1.07096
1.07098
1.07101
1.07103
1.07104
1.07107
1.07113
1.0712
1.07134
1.07157
1.07189
1.07225
1.0727
1.07321
1.07385
1.07461
1.07551
1.07656
1.07779
1.07925
1.08088
1.08275
1.08483
1.08722
1.08988
1.09279
1.09611
1.09985
1.10406
1.10877
1.11383
1.07096
1.07096
1.07097
1.07097
1.071
1.07103
1.07108
1.07117
1.07125
1.0714
1.07159
1.07184
1.07215
1.07255
1.07301
1.07356
1.07418
1.07496
1.07591
1.07703
1.07837
1.07986
1.08155
1.08354
1.08577
1.08821
1.09101
1.09415
1.09764
1.10149
1.10574
1.1104
1.11553
1.07716
1.07714
1.07707
1.07696
1.0768
1.07658
1.07631
1.07601
1.07572
1.07543
1.07513
1.07482
1.07452
1.07423
1.07396
1.07372
1.0735
1.07332
1.0732
1.07316
1.07323
1.07338
1.07367
1.07408
1.07466
1.07543
1.07642
1.07763
1.07909
1.08083
1.08292
1.0853
1.08808
1.07714
1.07708
1.07699
1.07687
1.07671
1.0765
1.07625
1.07599
1.07568
1.07537
1.07506
1.07475
1.07445
1.07415
1.07388
1.07364
1.07343
1.07325
1.07313
1.0731
1.07318
1.07335
1.07368
1.07415
1.07476
1.0755
1.07647
1.0777
1.07921
1.08097
1.08301
1.08537
1.08815
1.07698
1.07694
1.07687
1.07674
1.07656
1.07635
1.07614
1.07589
1.07562
1.07532
1.07501
1.07469
1.07436
1.07407
1.07377
1.07352
1.07333
1.07319
1.07314
1.07314
1.07322
1.07344
1.07378
1.07423
1.07486
1.07569
1.07671
1.07795
1.07945
1.08123
1.08335
1.08577
1.08853
1.0768
1.07675
1.07666
1.07652
1.07635
1.07616
1.07596
1.07572
1.07545
1.07516
1.07486
1.07455
1.07424
1.07396
1.07368
1.07345
1.07328
1.07317
1.07314
1.07317
1.07328
1.07352
1.07386
1.07438
1.07507
1.07595
1.07702
1.07831
1.07985
1.08167
1.08382
1.08636
1.08923
1.07651
1.07646
1.07636
1.07624
1.07608
1.07589
1.07566
1.07541
1.07513
1.07485
1.07457
1.07429
1.07404
1.07379
1.07358
1.0734
1.07325
1.07316
1.07313
1.07319
1.07338
1.07367
1.07411
1.07469
1.07539
1.0763
1.07743
1.07882
1.08048
1.08246
1.08472
1.08731
1.09031
1.07604
1.07598
1.07589
1.07578
1.07564
1.07547
1.07526
1.07503
1.07477
1.07451
1.07427
1.07405
1.07381
1.07358
1.07341
1.07328
1.07319
1.07315
1.07318
1.0733
1.07356
1.07392
1.07443
1.07509
1.07588
1.07688
1.07812
1.07962
1.08137
1.08342
1.08583
1.08855
1.09162
1.07544
1.0754
1.07534
1.07524
1.07511
1.07495
1.07478
1.0746
1.07439
1.07416
1.07394
1.07375
1.07355
1.07337
1.07326
1.0732
1.07318
1.07322
1.07332
1.07353
1.07388
1.07433
1.07493
1.07566
1.07661
1.07778
1.07918
1.08082
1.08273
1.08495
1.0875
1.09043
1.09371
1.07467
1.07467
1.07463
1.07457
1.07449
1.07438
1.07423
1.07407
1.07391
1.07375
1.0736
1.07345
1.07334
1.07326
1.07321
1.07322
1.0733
1.07343
1.07364
1.07394
1.07437
1.07497
1.0757
1.07664
1.07778
1.07912
1.08066
1.0825
1.08466
1.08718
1.08997
1.0931
1.09661
1.07389
1.07388
1.07387
1.07381
1.07375
1.07369
1.07363
1.07354
1.07344
1.07333
1.07324
1.07318
1.07318
1.07319
1.07324
1.07338
1.0736
1.07389
1.07426
1.07473
1.07533
1.07612
1.07703
1.07816
1.07948
1.08104
1.08287
1.08499
1.0874
1.09012
1.09317
1.09657
1.10038
1.07335
1.07336
1.07334
1.0733
1.07323
1.07317
1.07313
1.07311
1.07308
1.07309
1.07313
1.07319
1.07328
1.07342
1.07366
1.07396
1.07431
1.07478
1.07534
1.07603
1.07686
1.07789
1.07905
1.08039
1.082
1.08386
1.08593
1.08833
1.09106
1.09412
1.09752
1.10132
1.10556
1.07307
1.07305
1.07303
1.07304
1.07305
1.07307
1.07308
1.0731
1.07316
1.07327
1.07343
1.07363
1.07388
1.07419
1.07462
1.0751
1.0757
1.07639
1.07717
1.07811
1.07927
1.08056
1.08202
1.0837
1.08565
1.08783
1.09035
1.09321
1.09637
1.09987
1.10367
1.10803
1.11274
1.07307
1.07308
1.07312
1.07316
1.07324
1.07333
1.07344
1.07358
1.07378
1.07402
1.07434
1.07472
1.07517
1.07571
1.07637
1.07711
1.07796
1.07891
1.08003
1.08131
1.08277
1.08442
1.08629
1.08844
1.09079
1.09341
1.09639
1.09971
1.10331
1.10736
1.11184
1.11674
1.12207
1.07365
1.0737
1.07379
1.0739
1.07405
1.07425
1.07448
1.07475
1.07509
1.07554
1.07605
1.07662
1.07732
1.07817
1.07909
1.08013
1.08133
1.08264
1.08416
1.08587
1.08777
1.0899
1.09226
1.09487
1.09778
1.10105
1.1046
1.10853
1.11279
1.11755
1.12281
1.12852
1.13467
1.07473
1.07479
1.07493
1.0751
1.07534
1.07565
1.07602
1.07645
1.07698
1.07763
1.07835
1.07921
1.08019
1.08129
1.08252
1.08389
1.08549
1.08722
1.08919
1.09137
1.09371
1.09639
1.09941
1.10278
1.10637
1.11028
1.11462
1.11927
1.12439
1.12986
1.13594
1.14256
1.1497
1.07579
1.07583
1.07594
1.07615
1.0764
1.07677
1.07723
1.0778
1.07849
1.07935
1.08029
1.08141
1.08268
1.08406
1.08558
1.08727
1.0892
1.09129
1.09365
1.09618
1.09906
1.10225
1.10574
1.10953
1.11363
1.11814
1.12315
1.12849
1.13434
1.14052
1.14732
1.1546
1.16217
1.0881
1.08803
1.0879
1.08767
1.08738
1.08702
1.08662
1.08614
1.08563
1.08507
1.08448
1.08386
1.08319
1.0825
1.0818
1.08106
1.08031
1.07956
1.07883
1.07811
1.07745
1.07684
1.07629
1.0758
1.07538
1.07505
1.07485
1.07478
1.0749
1.07518
1.07567
1.07644
1.07746
1.08802
1.08795
1.08782
1.08761
1.08732
1.08699
1.08658
1.08612
1.08559
1.08504
1.08445
1.08382
1.08315
1.08244
1.08171
1.08097
1.08023
1.0795
1.07877
1.07806
1.07737
1.07674
1.07618
1.07569
1.07528
1.07497
1.07477
1.07472
1.07486
1.07517
1.0757
1.07645
1.0775
1.08789
1.0878
1.08765
1.08744
1.08716
1.08681
1.08641
1.08597
1.08547
1.08492
1.08432
1.08367
1.08301
1.08233
1.08161
1.08088
1.08014
1.0794
1.07868
1.07797
1.0773
1.07666
1.07609
1.07561
1.07523
1.07497
1.07482
1.07479
1.07493
1.07528
1.07582
1.07661
1.07766
1.08759
1.08751
1.08735
1.08714
1.08686
1.08652
1.08612
1.08568
1.08518
1.08464
1.08403
1.08339
1.08273
1.08204
1.08133
1.08062
1.0799
1.07917
1.07846
1.07779
1.07715
1.07653
1.07599
1.07553
1.07518
1.07494
1.07484
1.07487
1.07505
1.07544
1.07603
1.07689
1.07799
1.08707
1.08699
1.08684
1.08662
1.08634
1.086
1.08561
1.08515
1.08465
1.0841
1.08352
1.08291
1.08226
1.08159
1.08091
1.08021
1.07951
1.0788
1.07813
1.07748
1.0769
1.07637
1.07589
1.07549
1.07517
1.07495
1.07487
1.07494
1.07519
1.07563
1.07629
1.07722
1.07844
1.08631
1.08624
1.0861
1.08589
1.08563
1.08533
1.08496
1.08452
1.08402
1.08349
1.08293
1.08234
1.0817
1.08103
1.08036
1.07969
1.07902
1.07838
1.07775
1.07715
1.07659
1.0761
1.07568
1.07533
1.07507
1.07492
1.0749
1.07506
1.07541
1.07594
1.0767
1.07774
1.07907
1.0853
1.08525
1.08512
1.08493
1.08468
1.08438
1.08402
1.08362
1.08317
1.08267
1.08212
1.08154
1.08092
1.08028
1.07965
1.07901
1.07839
1.0778
1.07721
1.07665
1.07616
1.07575
1.07539
1.07508
1.0749
1.07486
1.075
1.07529
1.07575
1.07644
1.07731
1.07845
1.07993
1.08393
1.08387
1.08375
1.08357
1.08335
1.08308
1.08274
1.08234
1.08192
1.08147
1.08097
1.08046
1.07991
1.07935
1.07878
1.0782
1.07765
1.07711
1.07659
1.0761
1.0757
1.07537
1.07509
1.07493
1.07489
1.075
1.07525
1.07569
1.07634
1.07719
1.07827
1.07963
1.08129
1.08224
1.08219
1.0821
1.08195
1.08173
1.08148
1.08117
1.08082
1.08045
1.08004
1.07959
1.07912
1.07865
1.07817
1.0777
1.07723
1.07678
1.07634
1.07594
1.0756
1.07531
1.07511
1.07498
1.07499
1.07513
1.07543
1.07588
1.0765
1.07732
1.07838
1.07973
1.08135
1.0833
1.0804
1.08034
1.08024
1.08009
1.07989
1.07965
1.07938
1.07909
1.07875
1.07839
1.07802
1.07765
1.07728
1.07691
1.07656
1.07623
1.07592
1.07562
1.07536
1.07516
1.07504
1.07505
1.07516
1.07536
1.07573
1.07625
1.07695
1.07783
1.07893
1.08027
1.08191
1.08389
1.08618
1.07835
1.0783
1.07822
1.07808
1.07792
1.07773
1.07752
1.07729
1.07702
1.07675
1.07648
1.07621
1.07594
1.0757
1.07547
1.07528
1.07513
1.07503
1.07497
1.07498
1.0751
1.07533
1.07568
1.07616
1.07676
1.07759
1.07862
1.07988
1.08137
1.08312
1.08516
1.08754
1.09033
1.07622
1.07619
1.07611
1.07603
1.07592
1.07578
1.07563
1.07545
1.07527
1.07512
1.07498
1.07484
1.07471
1.07462
1.07458
1.07459
1.07462
1.07473
1.07492
1.07521
1.07562
1.07617
1.07684
1.07765
1.07868
1.07991
1.08132
1.08299
1.08495
1.08722
1.08981
1.09277
1.09618
1.07399
1.07396
1.07391
1.07386
1.07377
1.0737
1.07365
1.07363
1.0736
1.07361
1.07363
1.07366
1.07375
1.07387
1.07403
1.07428
1.07459
1.07499
1.07551
1.07615
1.07693
1.07785
1.07895
1.08027
1.08178
1.08355
1.08556
1.0878
1.09037
1.0933
1.0966
1.1003
1.10442
1.07171
1.07171
1.07173
1.07173
1.07174
1.07176
1.07181
1.07189
1.07201
1.0722
1.07244
1.07271
1.07302
1.07337
1.07379
1.0743
1.07496
1.07573
1.07658
1.07763
1.07887
1.08033
1.08202
1.08389
1.08599
1.0884
1.09105
1.09405
1.09738
1.10103
1.10518
1.10982
1.11496
1.07009
1.07008
1.07007
1.0701
1.07013
1.07021
1.07035
1.07056
1.07084
1.07116
1.07157
1.07205
1.07259
1.07318
1.07385
1.07462
1.07557
1.07664
1.07789
1.07935
1.08101
1.08288
1.08496
1.08729
1.0899
1.09288
1.09615
1.09982
1.10379
1.10829
1.11328
1.11875
1.12469
1.1013
1.10123
1.10106
1.1008
1.10045
1.10001
1.0995
1.0989
1.09826
1.09756
1.09678
1.09593
1.09504
1.0941
1.09311
1.09209
1.09101
1.08988
1.08872
1.08755
1.08637
1.0852
1.08404
1.0829
1.08179
1.08071
1.07968
1.07874
1.0779
1.07714
1.07654
1.07609
1.07583
1.10124
1.10115
1.10097
1.10072
1.10038
1.09995
1.09945
1.09886
1.09821
1.09751
1.09675
1.0959
1.09499
1.09402
1.09302
1.09199
1.0909
1.08977
1.0886
1.08743
1.08626
1.08508
1.08391
1.08277
1.08166
1.0806
1.0796
1.07865
1.0778
1.07705
1.07645
1.07602
1.07577
1.10103
1.10095
1.10079
1.10054
1.10021
1.09978
1.09927
1.09871
1.09807
1.09736
1.09658
1.09575
1.09485
1.09391
1.0929
1.09185
1.09077
1.08965
1.08852
1.08736
1.08619
1.08501
1.08384
1.08268
1.08157
1.08052
1.07951
1.07859
1.07775
1.07705
1.07649
1.07609
1.07587
1.10069
1.1006
1.10043
1.10017
1.09983
1.09942
1.09893
1.09837
1.09773
1.09701
1.09623
1.0954
1.09451
1.09357
1.09259
1.09155
1.09048
1.08937
1.08825
1.08711
1.08596
1.08479
1.08362
1.08248
1.08138
1.08034
1.07937
1.07848
1.07767
1.077
1.07647
1.07609
1.07589
1.1001
1.10002
1.09987
1.09962
1.09927
1.09885
1.09833
1.09776
1.09712
1.09641
1.09564
1.0948
1.09391
1.09298
1.092
1.09099
1.08994
1.08884
1.08772
1.08659
1.08546
1.08432
1.08319
1.08208
1.081
1.08
1.07906
1.07821
1.07747
1.07684
1.07636
1.07605
1.07593
1.09929
1.09921
1.09904
1.09879
1.09846
1.09804
1.09755
1.09697
1.09634
1.09565
1.09489
1.09406
1.09316
1.09222
1.09125
1.09025
1.0892
1.08813
1.08703
1.08592
1.08482
1.08372
1.08262
1.08155
1.08052
1.07957
1.07867
1.07787
1.07718
1.07663
1.07624
1.07602
1.076
1.09809
1.098
1.09782
1.09756
1.09724
1.09683
1.09637
1.09583
1.09522
1.09453
1.09378
1.09297
1.09211
1.09118
1.09023
1.08923
1.08821
1.08716
1.0861
1.08503
1.08398
1.08294
1.0819
1.08088
1.07993
1.07904
1.07822
1.07749
1.07689
1.07642
1.07608
1.07594
1.07602
1.09636
1.09627
1.09609
1.09585
1.09554
1.09514
1.09468
1.09415
1.09356
1.09291
1.09219
1.09141
1.09058
1.08971
1.0888
1.08785
1.08687
1.08589
1.08489
1.08388
1.08288
1.08191
1.08095
1.08004
1.07918
1.07839
1.0777
1.0771
1.07663
1.07629
1.07611
1.07612
1.07632
1.09409
1.09403
1.09388
1.09365
1.09335
1.09297
1.09253
1.09203
1.09148
1.09086
1.09018
1.08944
1.08866
1.08784
1.08699
1.08611
1.08521
1.0843
1.08338
1.08246
1.08153
1.08065
1.07982
1.07904
1.07832
1.07768
1.07714
1.07668
1.07635
1.07619
1.0762
1.07644
1.07693
1.09135
1.09127
1.0911
1.09089
1.09061
1.09027
1.08988
1.08942
1.0889
1.08832
1.08768
1.087
1.08629
1.08554
1.08474
1.08394
1.08315
1.08236
1.08156
1.08078
1.08001
1.07929
1.07862
1.07801
1.07747
1.077
1.07663
1.07638
1.07628
1.07638
1.07666
1.07719
1.07796
1.08807
1.08799
1.08783
1.08762
1.08736
1.08704
1.08668
1.08628
1.08581
1.08528
1.08472
1.08413
1.0835
1.08284
1.08214
1.08146
1.08078
1.08012
1.07949
1.07885
1.07825
1.07771
1.07725
1.07684
1.07649
1.07627
1.07621
1.0763
1.07654
1.07697
1.07763
1.0785
1.07967
1.08421
1.08415
1.08402
1.08384
1.08359
1.08331
1.083
1.08265
1.08227
1.08184
1.08137
1.08086
1.08033
1.07978
1.07925
1.07874
1.07823
1.07774
1.07726
1.07682
1.07646
1.07618
1.07599
1.07587
1.07588
1.07602
1.07631
1.07677
1.07743
1.07831
1.07947
1.08087
1.08258
1.07972
1.07966
1.07956
1.07942
1.07924
1.07901
1.07875
1.07848
1.07818
1.07786
1.07751
1.07714
1.0768
1.07644
1.0761
1.07577
1.07547
1.07521
1.075
1.07485
1.0748
1.07487
1.07503
1.07535
1.07581
1.07639
1.07716
1.07813
1.07935
1.08083
1.08263
1.08478
1.08727
1.07474
1.07472
1.07465
1.07455
1.07439
1.07423
1.07408
1.07392
1.07375
1.07358
1.07341
1.07323
1.07305
1.07288
1.07274
1.07266
1.07263
1.07265
1.07275
1.07298
1.07336
1.07386
1.07449
1.0753
1.07626
1.07745
1.07885
1.08044
1.08236
1.08463
1.08731
1.09031
1.09369
1.07083
1.0708
1.07073
1.07067
1.07058
1.07047
1.0704
1.07032
1.07024
1.07017
1.0701
1.07007
1.07009
1.07015
1.07023
1.07036
1.07059
1.07089
1.07127
1.07181
1.07252
1.07343
1.07448
1.0757
1.07717
1.07884
1.0808
1.083
1.08557
1.08853
1.0919
1.09567
1.09988
1.11524
1.11514
1.11495
1.11466
1.11429
1.11382
1.11324
1.1126
1.11188
1.11109
1.11021
1.10926
1.10825
1.10717
1.10602
1.10478
1.10346
1.10208
1.10066
1.09918
1.09768
1.09615
1.09458
1.09299
1.09137
1.08977
1.08818
1.08659
1.08503
1.08354
1.08212
1.08078
1.07955
1.11515
1.11506
1.11489
1.11461
1.11425
1.11379
1.11324
1.11261
1.11189
1.11109
1.1102
1.10924
1.10822
1.10711
1.10593
1.10468
1.10335
1.10197
1.10055
1.09908
1.09758
1.09604
1.09445
1.09285
1.09124
1.08964
1.08805
1.08647
1.08494
1.08345
1.08202
1.08068
1.07945
1.11494
1.11485
1.11467
1.1144
1.11404
1.11357
1.11304
1.11241
1.11169
1.11088
1.11001
1.10906
1.10804
1.10693
1.10576
1.10452
1.10322
1.10185
1.10043
1.09895
1.09743
1.09587
1.09429
1.09268
1.09108
1.08947
1.08785
1.08627
1.08474
1.08326
1.08187
1.08058
1.07939
1.11459
1.1145
1.11433
1.11407
1.1137
1.11325
1.11271
1.11208
1.11136
1.11055
1.10968
1.10872
1.1077
1.1066
1.10543
1.1042
1.1029
1.10154
1.10013
1.09865
1.09713
1.09558
1.094
1.0924
1.09079
1.08918
1.08759
1.08602
1.08451
1.08305
1.08166
1.08038
1.07924
1.11404
1.11396
1.11378
1.1135
1.11313
1.11266
1.11211
1.11148
1.11076
1.10996
1.10907
1.10811
1.10708
1.10597
1.10481
1.10357
1.10228
1.10093
1.09952
1.09806
1.09657
1.09504
1.09348
1.09189
1.09031
1.08873
1.08717
1.08562
1.08413
1.0827
1.08139
1.08015
1.07902
1.11321
1.11313
1.11294
1.11266
1.11229
1.11184
1.11128
1.11064
1.10991
1.10911
1.10823
1.10727
1.10625
1.10516
1.104
1.10276
1.10146
1.1001
1.0987
1.09725
1.09578
1.09428
1.09274
1.09117
1.08962
1.08807
1.08652
1.08502
1.08358
1.08221
1.08093
1.07977
1.07873
1.11195
1.11185
1.11167
1.11138
1.11102
1.11056
1.11002
1.1094
1.10868
1.10787
1.10701
1.10606
1.10504
1.10394
1.10278
1.10155
1.10026
1.09893
1.09755
1.09614
1.0947
1.09324
1.09174
1.09021
1.0887
1.08719
1.08572
1.08429
1.08292
1.08163
1.0804
1.07929
1.07831
1.11
1.10992
1.10974
1.10947
1.10911
1.10866
1.10814
1.10753
1.10683
1.10604
1.10518
1.10424
1.10324
1.10219
1.10106
1.09986
1.09862
1.09732
1.09596
1.09458
1.09318
1.09178
1.09034
1.08889
1.08746
1.08604
1.08467
1.08334
1.08208
1.08088
1.07978
1.07878
1.07794
1.1074
1.10732
1.10714
1.10687
1.10653
1.1061
1.10559
1.10501
1.10434
1.10359
1.10276
1.10184
1.10087
1.09983
1.09874
1.0976
1.09641
1.09517
1.09387
1.09256
1.09122
1.08987
1.08852
1.08719
1.08587
1.08457
1.0833
1.08208
1.08093
1.07985
1.0789
1.07809
1.07747
1.10407
1.10396
1.10376
1.1035
1.10316
1.10275
1.10228
1.10174
1.1011
1.10037
1.09957
1.0987
1.09775
1.09675
1.09572
1.09464
1.09352
1.09236
1.09118
1.08997
1.08872
1.08749
1.08627
1.08506
1.08387
1.0827
1.08159
1.08055
1.07961
1.07878
1.07807
1.07752
1.07713
1.09984
1.09974
1.09956
1.09928
1.09894
1.09854
1.09808
1.09754
1.09693
1.09626
1.09553
1.09472
1.09385
1.09292
1.09194
1.09095
1.08993
1.08888
1.0878
1.08672
1.08564
1.08455
1.08345
1.08241
1.08143
1.08049
1.07962
1.07884
1.07816
1.07762
1.07721
1.07695
1.07692
1.09457
1.09448
1.09432
1.09407
1.09376
1.09338
1.09295
1.09245
1.0919
1.09128
1.0906
1.08985
1.08907
1.08822
1.08736
1.08648
1.08559
1.08467
1.08376
1.08285
1.08196
1.08109
1.08022
1.07943
1.07871
1.07807
1.07754
1.07712
1.07682
1.07669
1.07674
1.07697
1.07746
1.08808
1.08803
1.0879
1.08771
1.08744
1.0871
1.0867
1.08624
1.08576
1.08523
1.08465
1.08403
1.08339
1.08271
1.08201
1.08131
1.08059
1.07987
1.07915
1.07847
1.07784
1.07725
1.07675
1.07634
1.07602
1.07579
1.07568
1.07571
1.07591
1.07633
1.07696
1.07783
1.07904
1.0807
1.08065
1.08055
1.08037
1.08014
1.07987
1.07956
1.07922
1.07883
1.07842
1.07797
1.07749
1.077
1.07649
1.07597
1.07547
1.07498
1.07452
1.07408
1.0737
1.0734
1.07319
1.07309
1.07312
1.07328
1.0736
1.07408
1.07474
1.07561
1.07672
1.07812
1.07986
1.08192
1.07483
1.07477
1.07466
1.0745
1.0743
1.07408
1.07386
1.07359
1.07329
1.07298
1.07265
1.07231
1.07194
1.07159
1.07126
1.07093
1.07065
1.07041
1.07021
1.07013
1.07012
1.07022
1.07045
1.07085
1.07142
1.07221
1.07322
1.07447
1.07596
1.07774
1.07984
1.08228
1.08512
1.12891
1.12882
1.12864
1.12836
1.12797
1.12749
1.12692
1.12627
1.12553
1.1247
1.12378
1.12277
1.12168
1.1205
1.11922
1.11786
1.11641
1.11488
1.11327
1.11159
1.10984
1.10801
1.10613
1.1042
1.10222
1.1002
1.09814
1.09607
1.09401
1.09195
1.08991
1.08791
1.08595
1.12885
1.12877
1.12858
1.1283
1.12793
1.12746
1.1269
1.12626
1.12552
1.12468
1.12375
1.12274
1.12164
1.12044
1.11914
1.11777
1.11631
1.11478
1.11317
1.11148
1.10973
1.10791
1.10602
1.10408
1.1021
1.10008
1.09803
1.09598
1.09391
1.09186
1.08982
1.08782
1.08587
1.1287
1.1286
1.1284
1.12812
1.12776
1.1273
1.12674
1.12609
1.12534
1.12451
1.12358
1.12256
1.12144
1.12025
1.11898
1.11761
1.11615
1.11461
1.11299
1.1113
1.10953
1.10771
1.10584
1.10392
1.10194
1.09992
1.09787
1.09581
1.09375
1.0917
1.08967
1.08767
1.08574
1.12837
1.12828
1.12809
1.12781
1.12744
1.12698
1.12643
1.12578
1.12503
1.12419
1.12326
1.12223
1.12112
1.11993
1.11866
1.11729
1.11583
1.11428
1.11266
1.11097
1.10921
1.10739
1.10552
1.10361
1.10163
1.09961
1.09756
1.0955
1.09343
1.09138
1.08935
1.0874
1.08551
1.12787
1.12778
1.12759
1.1273
1.12692
1.12646
1.1259
1.12524
1.12447
1.12363
1.12269
1.12167
1.12056
1.11936
1.11807
1.1167
1.11523
1.11369
1.11209
1.11041
1.10865
1.10683
1.10496
1.10305
1.10108
1.09908
1.09704
1.09499
1.09296
1.09094
1.08895
1.087
1.08512
1.12707
1.12698
1.12679
1.1265
1.12612
1.12564
1.12508
1.12441
1.12364
1.12279
1.12185
1.12083
1.11972
1.11852
1.11723
1.11585
1.11438
1.11283
1.11121
1.10953
1.10778
1.10598
1.10413
1.10224
1.10029
1.09831
1.09629
1.09427
1.09225
1.09026
1.0883
1.08641
1.0846
1.12583
1.12573
1.12554
1.12525
1.12485
1.12435
1.12377
1.12309
1.12234
1.12149
1.12055
1.11954
1.11842
1.11721
1.11592
1.11455
1.1131
1.11158
1.10999
1.10832
1.10659
1.10481
1.10298
1.10109
1.09916
1.0972
1.09524
1.09327
1.09131
1.08937
1.08747
1.08562
1.08385
1.1238
1.12372
1.12352
1.12323
1.12285
1.12238
1.12182
1.12116
1.1204
1.11956
1.11864
1.11762
1.11651
1.11533
1.11405
1.1127
1.11127
1.10976
1.10818
1.10654
1.10485
1.1031
1.1013
1.09947
1.09758
1.09568
1.09378
1.09189
1.09001
1.08816
1.08635
1.0846
1.08296
1.121
1.1209
1.12069
1.12041
1.12005
1.11958
1.11903
1.11838
1.11763
1.1168
1.11587
1.11486
1.11377
1.11261
1.11136
1.11004
1.10863
1.10716
1.10564
1.10407
1.10242
1.10073
1.09901
1.09724
1.09546
1.09366
1.09185
1.09006
1.08827
1.08652
1.08485
1.08325
1.08175
1.11713
1.11703
1.11685
1.11657
1.1162
1.11574
1.1152
1.11456
1.11383
1.11301
1.11211
1.11112
1.11006
1.10891
1.10769
1.10641
1.10506
1.10367
1.10222
1.10072
1.09916
1.09755
1.09591
1.09427
1.09261
1.09093
1.08927
1.08763
1.08602
1.08447
1.08299
1.08162
1.08036
1.11205
1.11195
1.11176
1.11147
1.1111
1.11065
1.11011
1.10948
1.10877
1.10798
1.10711
1.10616
1.10514
1.10405
1.10289
1.10168
1.10041
1.09909
1.09772
1.0963
1.09486
1.09338
1.09189
1.0904
1.08891
1.08743
1.08597
1.08455
1.0832
1.08191
1.08073
1.07965
1.07874
1.10541
1.10532
1.10515
1.10489
1.10453
1.10409
1.10357
1.10297
1.1023
1.10155
1.10072
1.09983
1.09886
1.09784
1.09677
1.09565
1.0945
1.09329
1.09206
1.09079
1.08951
1.08822
1.08693
1.08567
1.08445
1.08325
1.0821
1.08101
1.08002
1.07913
1.07837
1.07774
1.07729
1.09704
1.09695
1.09679
1.09653
1.0962
1.0958
1.09534
1.09478
1.09417
1.0935
1.09275
1.09196
1.09111
1.09022
1.08926
1.08828
1.08729
1.08626
1.08522
1.08418
1.08315
1.08212
1.08112
1.08017
1.07928
1.07848
1.07774
1.07709
1.07658
1.0762
1.076
1.07601
1.07626
1.08745
1.08738
1.08725
1.08703
1.08675
1.08641
1.08602
1.08556
1.08504
1.08446
1.08383
1.08314
1.08241
1.08167
1.08088
1.08008
1.07928
1.07846
1.07766
1.07689
1.07616
1.07549
1.07486
1.07429
1.07383
1.07349
1.07329
1.07325
1.07335
1.07364
1.07416
1.07494
1.07601
1.07987
1.07981
1.0797
1.0795
1.07926
1.07896
1.07861
1.07821
1.07776
1.07727
1.07674
1.07617
1.07557
1.07496
1.07433
1.0737
1.07307
1.07244
1.07187
1.07133
1.07083
1.07042
1.0701
1.06989
1.06983
1.06994
1.07022
1.07067
1.07132
1.07221
1.07339
1.07488
1.07668
1.14191
1.14183
1.14164
1.14137
1.141
1.14055
1.14
1.13934
1.13861
1.13777
1.13683
1.1358
1.13466
1.13341
1.13204
1.13057
1.12899
1.1273
1.12552
1.12366
1.1217
1.11965
1.11752
1.1153
1.11301
1.11065
1.10822
1.10574
1.10324
1.10071
1.09816
1.09562
1.09312
1.14185
1.14177
1.14159
1.14132
1.14096
1.1405
1.13994
1.13929
1.13855
1.13772
1.13678
1.13574
1.13459
1.13332
1.13195
1.13047
1.1289
1.12722
1.12543
1.12355
1.12158
1.11953
1.11741
1.11519
1.11289
1.11053
1.10811
1.10563
1.10312
1.10059
1.09805
1.09552
1.09301
1.14175
1.14166
1.14147
1.1412
1.14083
1.14037
1.13981
1.13915
1.13841
1.13756
1.13661
1.13556
1.13439
1.13312
1.13177
1.13029
1.12871
1.12703
1.12525
1.12337
1.1214
1.11934
1.11718
1.11495
1.11266
1.1103
1.1079
1.10544
1.10295
1.10043
1.09788
1.09535
1.09285
1.14146
1.14137
1.14118
1.14091
1.14055
1.14009
1.13954
1.13887
1.13812
1.13727
1.13631
1.13525
1.13407
1.1328
1.13144
1.12995
1.12836
1.12668
1.1249
1.12303
1.12106
1.119
1.11685
1.11462
1.11233
1.10997
1.10757
1.10512
1.10263
1.10012
1.09758
1.09505
1.09254
1.14106
1.14097
1.14077
1.14048
1.14011
1.13965
1.13908
1.1384
1.13764
1.13677
1.13581
1.13475
1.13358
1.13231
1.13092
1.12943
1.12784
1.12614
1.12435
1.12248
1.1205
1.11844
1.11629
1.11408
1.11179
1.10944
1.10703
1.10458
1.1021
1.0996
1.09708
1.09457
1.09211
1.14036
1.14026
1.14006
1.13977
1.13937
1.1389
1.13833
1.13767
1.13691
1.13604
1.13506
1.13398
1.1328
1.13152
1.13013
1.12862
1.12703
1.12532
1.12353
1.12165
1.11968
1.11761
1.11546
1.11324
1.11096
1.1086
1.10621
1.10379
1.10133
1.09885
1.09636
1.09388
1.09143
1.1391
1.139
1.13881
1.13852
1.13814
1.13766
1.13707
1.13639
1.13562
1.13474
1.13376
1.13269
1.13151
1.13023
1.12884
1.12734
1.12575
1.12406
1.12228
1.1204
1.11845
1.11639
1.11426
1.11206
1.10979
1.10746
1.10507
1.10264
1.1002
1.09774
1.09531
1.09289
1.09051
1.13709
1.13701
1.13682
1.13653
1.13614
1.13565
1.13506
1.13437
1.13359
1.13271
1.13173
1.13066
1.12948
1.1282
1.12682
1.12533
1.12376
1.12209
1.12032
1.11846
1.11652
1.1145
1.1124
1.11023
1.10802
1.10574
1.10342
1.10105
1.09867
1.09628
1.0939
1.09156
1.08927
1.13406
1.13396
1.13376
1.13347
1.13308
1.13259
1.132
1.13132
1.13053
1.12963
1.12865
1.12758
1.12641
1.12516
1.1238
1.12234
1.12079
1.11914
1.11741
1.1156
1.11372
1.11174
1.10971
1.10762
1.10548
1.10329
1.10105
1.09879
1.09651
1.09422
1.09196
1.08974
1.08759
1.12964
1.12954
1.12936
1.12907
1.12867
1.12819
1.1276
1.12692
1.12613
1.12524
1.12425
1.12318
1.12203
1.12078
1.11945
1.11802
1.11652
1.11495
1.1133
1.11157
1.10977
1.10788
1.10594
1.10395
1.10192
1.09985
1.09775
1.09564
1.09352
1.09143
1.08938
1.08738
1.08544
1.12354
1.12344
1.12325
1.12296
1.12257
1.12207
1.12149
1.1208
1.12002
1.11915
1.1182
1.11717
1.11604
1.11482
1.11353
1.11215
1.11072
1.10922
1.10765
1.10602
1.10433
1.10259
1.10079
1.09895
1.09708
1.0952
1.0933
1.09141
1.08955
1.08772
1.08595
1.08424
1.08264
1.11536
1.11525
1.11506
1.11476
1.11438
1.11391
1.11333
1.11268
1.11193
1.11111
1.11022
1.10925
1.1082
1.10705
1.10583
1.10454
1.10319
1.10178
1.10034
1.09885
1.09732
1.09577
1.09418
1.09256
1.09095
1.08935
1.08773
1.08616
1.08465
1.08322
1.08186
1.08061
1.07949
1.10508
1.10499
1.1048
1.10453
1.10417
1.10373
1.1032
1.10257
1.10188
1.10112
1.10031
1.09942
1.09846
1.09744
1.09635
1.0952
1.09401
1.09277
1.09151
1.09023
1.08894
1.08763
1.08631
1.08499
1.08371
1.08246
1.08127
1.08015
1.07911
1.07815
1.07734
1.0767
1.07626
1.09378
1.0937
1.09357
1.09335
1.09304
1.09264
1.09216
1.0916
1.09095
1.09026
1.08951
1.08873
1.08789
1.087
1.08607
1.08509
1.08407
1.08303
1.08198
1.08095
1.07991
1.07891
1.07794
1.077
1.07612
1.07531
1.07458
1.07398
1.07352
1.07323
1.07314
1.07326
1.07361
1.08506
1.08501
1.08487
1.08467
1.08439
1.08402
1.08357
1.08306
1.08249
1.08187
1.0812
1.08049
1.07973
1.07894
1.0781
1.07726
1.0764
1.07553
1.07467
1.07383
1.07305
1.07229
1.07158
1.07094
1.07041
1.06999
1.06971
1.06957
1.06964
1.06993
1.07045
1.07123
1.07228
1.15397
1.15389
1.15371
1.15345
1.15311
1.15268
1.15214
1.15151
1.15078
1.14993
1.14897
1.14789
1.14668
1.14536
1.14392
1.14233
1.1406
1.13875
1.13679
1.13472
1.13254
1.13025
1.12785
1.12535
1.12275
1.12005
1.11728
1.11445
1.11156
1.10864
1.10568
1.1027
1.09972
1.15393
1.15384
1.15367
1.15341
1.15307
1.15263
1.15209
1.15145
1.15071
1.14986
1.14889
1.14782
1.14661
1.14528
1.14383
1.14223
1.14051
1.13865
1.13669
1.13461
1.13242
1.13012
1.12772
1.12521
1.12261
1.11992
1.11714
1.11432
1.11144
1.1085
1.10554
1.10256
1.09958
1.15383
1.15374
1.15356
1.15328
1.15291
1.15246
1.15191
1.15128
1.15055
1.14972
1.14876
1.14768
1.14646
1.14511
1.14362
1.14201
1.14028
1.13844
1.13648
1.13439
1.13219
1.12988
1.12746
1.12496
1.12236
1.11969
1.11693
1.1141
1.11122
1.10829
1.10531
1.10232
1.09934
1.15364
1.15353
1.15334
1.15305
1.15268
1.1522
1.15165
1.151
1.15026
1.14942
1.14846
1.14736
1.14614
1.14478
1.14329
1.14168
1.13995
1.1381
1.13613
1.13404
1.13184
1.12952
1.1271
1.1246
1.122
1.11933
1.11658
1.11375
1.11086
1.10793
1.10496
1.10197
1.09901
1.1533
1.1532
1.153
1.15271
1.15234
1.15186
1.15129
1.15062
1.14986
1.14899
1.14801
1.14691
1.14567
1.14432
1.14283
1.14122
1.13948
1.13761
1.13562
1.13351
1.1313
1.12899
1.12657
1.12406
1.12147
1.11879
1.11603
1.1132
1.11032
1.10741
1.10446
1.10148
1.09852
1.1527
1.1526
1.1524
1.15211
1.15174
1.15127
1.15071
1.15004
1.14926
1.14838
1.14738
1.14625
1.14499
1.14361
1.14209
1.14045
1.13869
1.13682
1.13484
1.13273
1.13051
1.12819
1.12576
1.12324
1.12062
1.11794
1.11519
1.11238
1.10951
1.10661
1.10366
1.10072
1.0978
1.15154
1.15143
1.15123
1.15094
1.15055
1.15007
1.1495
1.14882
1.14804
1.14714
1.14613
1.14501
1.14375
1.14236
1.14084
1.1392
1.13744
1.13558
1.1336
1.1315
1.12928
1.12696
1.12455
1.12204
1.11944
1.11676
1.114
1.1112
1.10834
1.10547
1.10258
1.09968
1.0968
1.14949
1.14939
1.14919
1.14889
1.14849
1.14799
1.14741
1.14672
1.14592
1.14501
1.14399
1.14286
1.1416
1.14021
1.13872
1.1371
1.13536
1.1335
1.13154
1.12946
1.12728
1.125
1.1226
1.12013
1.11757
1.11494
1.11224
1.10948
1.10667
1.10384
1.10099
1.09814
1.09531
1.14611
1.14601
1.14582
1.14551
1.1451
1.14459
1.14399
1.14329
1.14248
1.14155
1.14052
1.13938
1.13813
1.13676
1.13529
1.13371
1.132
1.13019
1.12828
1.12627
1.12414
1.12192
1.11962
1.11723
1.11476
1.11221
1.1096
1.10693
1.10422
1.10149
1.09873
1.096
1.0933
1.1409
1.14079
1.1406
1.14029
1.13989
1.13938
1.13878
1.13808
1.13726
1.13633
1.13529
1.13416
1.13291
1.13158
1.13014
1.1286
1.12697
1.12524
1.12341
1.12148
1.11945
1.11733
1.11511
1.11283
1.11049
1.1081
1.10564
1.10313
1.1006
1.09805
1.09549
1.09296
1.09049
1.13342
1.13332
1.13312
1.13282
1.13242
1.13193
1.13132
1.13062
1.1298
1.12889
1.12788
1.12677
1.12556
1.12428
1.1229
1.12142
1.11987
1.11822
1.1165
1.11469
1.11279
1.11083
1.10879
1.10669
1.10454
1.10235
1.10012
1.09785
1.09557
1.0933
1.09107
1.08889
1.08679
1.12353
1.12342
1.12321
1.12291
1.12252
1.12205
1.12148
1.1208
1.12002
1.11915
1.1182
1.11715
1.11602
1.11479
1.11347
1.1121
1.11066
1.10915
1.10757
1.10592
1.10421
1.10245
1.10064
1.0988
1.09693
1.09503
1.09311
1.0912
1.0893
1.08745
1.08565
1.08394
1.08234
1.11173
1.11164
1.11145
1.11118
1.11081
1.11034
1.10979
1.10914
1.10841
1.1076
1.10671
1.10574
1.10468
1.10356
1.10239
1.10115
1.09984
1.09849
1.0971
1.09567
1.09419
1.09268
1.09114
1.08959
1.08804
1.0865
1.08499
1.08355
1.08215
1.08082
1.07958
1.07846
1.07749
1.09932
1.09923
1.09906
1.09879
1.09845
1.09803
1.09751
1.09691
1.09622
1.09546
1.09465
1.09376
1.09283
1.09182
1.09076
1.08966
1.08852
1.08734
1.08615
1.08493
1.08371
1.08249
1.08128
1.08008
1.07889
1.07776
1.07668
1.07572
1.07487
1.07417
1.07362
1.07325
1.07307
1.08988
1.08979
1.08961
1.08936
1.08903
1.08862
1.08813
1.08756
1.08691
1.08621
1.08545
1.08465
1.08378
1.08285
1.08187
1.08087
1.07985
1.07883
1.07782
1.0768
1.07579
1.07479
1.07384
1.07294
1.07209
1.07132
1.07065
1.0701
1.06971
1.06951
1.06951
1.06975
1.07022
1.16499
1.16491
1.16474
1.16448
1.16414
1.16371
1.16319
1.16257
1.16185
1.16099
1.15998
1.15882
1.1575
1.15602
1.15437
1.15258
1.15062
1.14854
1.14633
1.144
1.14154
1.13896
1.13625
1.13344
1.13053
1.12753
1.12445
1.12129
1.11807
1.11479
1.11147
1.10813
1.10478
1.16498
1.16489
1.16471
1.16445
1.16411
1.16367
1.16313
1.1625
1.16176
1.1609
1.15988
1.15871
1.15739
1.15593
1.15429
1.1525
1.15055
1.14847
1.14626
1.14392
1.14145
1.13885
1.13614
1.13333
1.13041
1.12741
1.12432
1.12117
1.11796
1.11469
1.11139
1.10805
1.10472
1.16482
1.16474
1.16458
1.16432
1.16397
1.16353
1.16299
1.16236
1.16163
1.16076
1.15976
1.15859
1.15726
1.15576
1.1541
1.15231
1.15038
1.14831
1.14609
1.14373
1.14125
1.13866
1.13596
1.13315
1.13024
1.12724
1.12415
1.12099
1.11776
1.11449
1.11119
1.10786
1.10453
1.16463
1.16454
1.16437
1.1641
1.16373
1.16327
1.16272
1.16208
1.16134
1.16047
1.15945
1.15827
1.15693
1.15543
1.15378
1.15198
1.15004
1.14796
1.14574
1.14337
1.14088
1.13828
1.13557
1.13274
1.12983
1.12683
1.12376
1.1206
1.11739
1.11411
1.11082
1.1075
1.1042
1.16444
1.16436
1.16418
1.16391
1.16352
1.16304
1.16245
1.16177
1.16098
1.16009
1.15905
1.15787
1.15652
1.15501
1.15334
1.15152
1.14956
1.14746
1.14522
1.14286
1.14038
1.13777
1.13507
1.13225
1.12934
1.12633
1.12324
1.12008
1.11686
1.1136
1.11031
1.107
1.10369
1.16403
1.16394
1.16375
1.16347
1.16309
1.16259
1.16199
1.16129
1.16048
1.15955
1.15848
1.15727
1.1559
1.15437
1.15268
1.15085
1.14888
1.14677
1.14451
1.14213
1.13962
1.137
1.13428
1.13143
1.12851
1.12549
1.1224
1.11925
1.11604
1.11278
1.1095
1.10619
1.10289
1.16299
1.16289
1.16269
1.1624
1.162
1.1615
1.16088
1.16017
1.15935
1.15841
1.15734
1.15612
1.15473
1.15318
1.15149
1.14964
1.14766
1.14555
1.14331
1.14094
1.13843
1.13581
1.13307
1.13023
1.12731
1.1243
1.12121
1.11806
1.11486
1.11162
1.10835
1.10508
1.10181
1.16076
1.16066
1.16046
1.16017
1.15976
1.15924
1.15862
1.1579
1.15707
1.15612
1.15504
1.15381
1.15243
1.15091
1.14923
1.14741
1.14547
1.14339
1.14118
1.13883
1.13636
1.13376
1.13105
1.12824
1.12535
1.12237
1.11933
1.11622
1.11307
1.10988
1.10666
1.10345
1.10025
1.15677
1.15666
1.15645
1.15614
1.15573
1.15522
1.1546
1.15386
1.15301
1.15204
1.15095
1.14972
1.14836
1.14688
1.14527
1.14351
1.14163
1.13963
1.13749
1.13523
1.13284
1.13034
1.12774
1.12504
1.12225
1.11937
1.11644
1.11343
1.11038
1.1073
1.10418
1.10106
1.09798
1.15021
1.15011
1.14991
1.14961
1.1492
1.14868
1.14806
1.14733
1.14649
1.14552
1.14445
1.14324
1.14194
1.14053
1.139
1.13735
1.13558
1.13369
1.13167
1.12954
1.12729
1.12495
1.12252
1.11999
1.11738
1.11469
1.11195
1.10914
1.1063
1.10343
1.10053
1.09763
1.09479
1.14106
1.14095
1.14075
1.14045
1.14004
1.13953
1.13891
1.13819
1.13737
1.13644
1.1354
1.13426
1.13302
1.13168
1.13024
1.12869
1.12705
1.1253
1.12345
1.1215
1.11945
1.11734
1.11513
1.11284
1.11049
1.10807
1.10557
1.10305
1.1005
1.09796
1.0954
1.09287
1.0904
1.12975
1.12965
1.12944
1.12913
1.12873
1.12825
1.12766
1.12697
1.12619
1.1253
1.12433
1.12326
1.12209
1.12083
1.11948
1.11804
1.11652
1.11492
1.11323
1.11148
1.10965
1.10777
1.10582
1.10381
1.10175
1.09966
1.09752
1.09536
1.09322
1.0911
1.08899
1.08694
1.08499
1.11702
1.11692
1.11671
1.11641
1.11602
1.11555
1.11498
1.11433
1.11358
1.11274
1.11182
1.11082
1.10973
1.10855
1.1073
1.10598
1.1046
1.10315
1.10165
1.1001
1.09849
1.09684
1.09517
1.09347
1.09175
1.09001
1.08827
1.08658
1.08494
1.08334
1.0818
1.08036
1.07904
1.10393
1.10382
1.10361
1.10333
1.10296
1.10252
1.10199
1.10138
1.10068
1.09987
1.09899
1.09804
1.09702
1.09593
1.09479
1.09361
1.09237
1.09108
1.08977
1.08844
1.08708
1.08569
1.0843
1.0829
1.08152
1.08017
1.07889
1.07768
1.07655
1.07552
1.07463
1.07388
1.07331
1.09403
1.09392
1.09373
1.09345
1.0931
1.09267
1.09215
1.09157
1.09089
1.09014
1.08931
1.08841
1.08746
1.08644
1.08535
1.08424
1.08311
1.08197
1.08081
1.07964
1.07846
1.07728
1.07613
1.07501
1.07393
1.0729
1.07195
1.07111
1.07041
1.06985
1.06948
1.06929
1.06936
1.17478
1.17472
1.17459
1.17437
1.17405
1.17364
1.1731
1.17244
1.17164
1.17064
1.16946
1.16808
1.1665
1.16473
1.16279
1.1607
1.15845
1.15605
1.15352
1.15086
1.14809
1.14521
1.14224
1.13916
1.13598
1.13274
1.12941
1.12602
1.12256
1.11904
1.11549
1.11194
1.10838
1.1748
1.17475
1.17463
1.17442
1.1741
1.17366
1.17309
1.1724
1.17158
1.17057
1.16938
1.168
1.16642
1.16467
1.16274
1.16065
1.15839
1.15599
1.15346
1.15079
1.14801
1.14512
1.14213
1.13905
1.13587
1.13261
1.1293
1.12591
1.12247
1.11898
1.11544
1.11187
1.1083
1.17469
1.17463
1.17452
1.17432
1.174
1.17356
1.17298
1.17228
1.17146
1.17045
1.16925
1.16786
1.16627
1.16452
1.16258
1.16047
1.15821
1.15582
1.15329
1.15063
1.14784
1.14494
1.14194
1.13885
1.13569
1.13244
1.12911
1.12571
1.12226
1.11877
1.11526
1.11173
1.1082
1.17447
1.1744
1.17427
1.17403
1.17368
1.17321
1.17264
1.17196
1.17113
1.17013
1.16893
1.16754
1.16595
1.16419
1.16226
1.16014
1.15788
1.15549
1.15296
1.1503
1.14751
1.14462
1.14161
1.13852
1.13534
1.13206
1.12873
1.12534
1.12191
1.11844
1.11494
1.11142
1.1079
1.17431
1.17425
1.17412
1.17388
1.1735
1.17298
1.17231
1.17155
1.17069
1.16968
1.16848
1.16709
1.16551
1.16374
1.16179
1.15969
1.15743
1.15503
1.15248
1.14981
1.14702
1.14413
1.14113
1.13803
1.13484
1.13157
1.12822
1.12482
1.12138
1.11791
1.11441
1.11089
1.10737
1.17426
1.17417
1.17398
1.17367
1.17325
1.17269
1.17201
1.17125
1.17035
1.16929
1.16805
1.16661
1.16499
1.16319
1.16122
1.15908
1.15679
1.15436
1.1518
1.14911
1.14631
1.1434
1.14038
1.13728
1.13408
1.1308
1.12745
1.12406
1.12062
1.11713
1.11361
1.11007
1.10653
1.17339
1.17329
1.17309
1.17276
1.17231
1.17172
1.17102
1.17022
1.16931
1.16823
1.16697
1.16553
1.16389
1.16207
1.16009
1.15795
1.15566
1.15322
1.15065
1.14795
1.14513
1.1422
1.13917
1.13605
1.13286
1.12959
1.12626
1.12285
1.11939
1.1159
1.1124
1.1089
1.10541
1.17067
1.17058
1.17039
1.17008
1.16965
1.16908
1.16842
1.16764
1.16672
1.16564
1.16439
1.16297
1.16137
1.1596
1.15767
1.15556
1.15331
1.15092
1.14839
1.14574
1.14296
1.14008
1.13709
1.13402
1.13086
1.12762
1.12432
1.12095
1.11753
1.11409
1.11064
1.1072
1.10378
1.16529
1.16519
1.16499
1.16468
1.16425
1.1637
1.16305
1.16228
1.16139
1.16036
1.15919
1.15785
1.15637
1.15474
1.15294
1.15097
1.14887
1.14664
1.14426
1.14175
1.13911
1.13637
1.13353
1.13059
1.12755
1.12443
1.12125
1.11799
1.1147
1.11136
1.10802
1.10468
1.10136
1.1569
1.15681
1.15662
1.15632
1.15591
1.15539
1.15476
1.154
1.15314
1.15216
1.15106
1.14984
1.14849
1.14701
1.1454
1.14364
1.14174
1.13971
1.13757
1.1353
1.13291
1.1304
1.12777
1.12505
1.12225
1.11938
1.11644
1.11343
1.11037
1.10728
1.10415
1.10103
1.09793
1.1464
1.1463
1.1461
1.1458
1.14541
1.14491
1.14429
1.14355
1.14272
1.14178
1.14075
1.1396
1.13834
1.13698
1.1355
1.1339
1.13219
1.13036
1.12843
1.12639
1.12424
1.122
1.11967
1.11725
1.11474
1.11217
1.10955
1.10687
1.10415
1.10139
1.09864
1.09589
1.09317
1.1343
1.1342
1.134
1.1337
1.13331
1.13282
1.13223
1.13153
1.13074
1.12984
1.12885
1.12775
1.12655
1.12527
1.12389
1.12242
1.12085
1.11918
1.11744
1.1156
1.11369
1.11171
1.10966
1.10753
1.10534
1.10311
1.10084
1.09854
1.09624
1.09395
1.09167
1.08942
1.08724
1.12107
1.12096
1.12075
1.12046
1.12008
1.1196
1.11902
1.11835
1.11757
1.11669
1.11574
1.1147
1.11358
1.11238
1.1111
1.10974
1.1083
1.10678
1.10521
1.10357
1.10186
1.10011
1.09834
1.09652
1.09466
1.09279
1.09092
1.08906
1.08723
1.08546
1.08374
1.08208
1.08052
1.10759
1.10749
1.1073
1.10702
1.10665
1.10619
1.10562
1.10497
1.10423
1.1034
1.10248
1.1015
1.10044
1.09931
1.0981
1.09683
1.09553
1.09416
1.09274
1.09129
1.0898
1.0883
1.08679
1.08527
1.08377
1.08228
1.08082
1.07943
1.07812
1.07689
1.07575
1.07474
1.07387
1.09743
1.09734
1.09716
1.09688
1.09652
1.09608
1.09554
1.09492
1.09421
1.09341
1.09253
1.09157
1.09056
1.08949
1.08835
1.08717
1.08594
1.08467
1.08339
1.08209
1.08077
1.07945
1.07814
1.07685
1.07561
1.07441
1.07329
1.07225
1.07133
1.07052
1.06986
1.06935
1.06908
1.18271
1.18274
1.18273
1.18267
1.18247
1.18205
1.18138
1.1805
1.1794
1.17805
1.17647
1.17467
1.17268
1.17054
1.16825
1.16583
1.16329
1.16062
1.15784
1.15496
1.152
1.14895
1.14582
1.1426
1.13929
1.13591
1.13245
1.12894
1.12538
1.12178
1.11817
1.11454
1.1109
1.18277
1.18276
1.1827
1.18258
1.18237
1.18194
1.18131
1.18042
1.17935
1.17802
1.17644
1.17464
1.17263
1.17048
1.16818
1.16576
1.16321
1.16055
1.15777
1.15489
1.15193
1.14887
1.14573
1.1425
1.13918
1.13579
1.13234
1.12884
1.1253
1.12172
1.1181
1.11445
1.11079
1.18303
1.183
1.18294
1.18282
1.18256
1.18211
1.18142
1.18046
1.17931
1.17793
1.17632
1.17451
1.1725
1.17033
1.16803
1.1656
1.16304
1.16037
1.1576
1.15472
1.15175
1.14868
1.14552
1.14228
1.13898
1.13561
1.13217
1.12867
1.12512
1.12152
1.11789
1.11425
1.11062
1.18253
1.18248
1.18244
1.18232
1.18206
1.18162
1.18095
1.18006
1.17897
1.17762
1.17603
1.17423
1.17223
1.17007
1.16776
1.16532
1.16276
1.16008
1.1573
1.15442
1.15145
1.14838
1.14521
1.14196
1.13864
1.13526
1.13183
1.12834
1.12479
1.1212
1.11758
1.11393
1.11029
1.18256
1.18245
1.18228
1.182
1.18159
1.18103
1.18029
1.17938
1.17837
1.17708
1.17554
1.17376
1.17177
1.16962
1.16732
1.16488
1.16232
1.15964
1.15686
1.15398
1.151
1.14792
1.14474
1.14149
1.13816
1.13478
1.13134
1.12784
1.12428
1.12068
1.11705
1.11341
1.10978
1.18288
1.18276
1.18253
1.18217
1.1817
1.18105
1.18025
1.1793
1.17817
1.17678
1.17517
1.17333
1.1713
1.1691
1.16678
1.16432
1.16174
1.15904
1.15623
1.15331
1.1503
1.14721
1.14403
1.14077
1.13743
1.13402
1.13055
1.12704
1.12349
1.1199
1.11628
1.11264
1.109
1.18216
1.18206
1.18186
1.18154
1.18108
1.18045
1.17958
1.1785
1.17727
1.17581
1.17414
1.17226
1.1702
1.16799
1.16564
1.16318
1.16059
1.15789
1.15508
1.15216
1.14914
1.14603
1.14283
1.13956
1.13623
1.13283
1.12937
1.12585
1.12228
1.11867
1.11505
1.11144
1.10785
1.17865
1.17854
1.17828
1.17794
1.17743
1.17675
1.17603
1.17513
1.17403
1.17271
1.17117
1.16941
1.16747
1.16537
1.16311
1.16071
1.15819
1.15556
1.15281
1.14994
1.14698
1.14392
1.14078
1.13755
1.13424
1.13087
1.12743
1.12394
1.1204
1.11683
1.11325
1.10968
1.10612
1.17084
1.17075
1.17055
1.17025
1.16981
1.16924
1.16858
1.16779
1.16686
1.16577
1.16451
1.16307
1.16145
1.15967
1.15773
1.15562
1.15336
1.15096
1.14843
1.14577
1.14298
1.1401
1.13711
1.13403
1.13086
1.12761
1.1243
1.12092
1.11748
1.11402
1.11056
1.10711
1.10367
1.16108
1.16099
1.1608
1.1605
1.1601
1.15959
1.15898
1.15825
1.1574
1.15643
1.15532
1.15407
1.15266
1.15112
1.14945
1.14762
1.14565
1.14354
1.1413
1.13893
1.13645
1.13384
1.13113
1.12831
1.1254
1.12241
1.11935
1.11621
1.11303
1.10982
1.10658
1.10335
1.10014
1.14997
1.14987
1.14967
1.14937
1.14898
1.14848
1.14787
1.14716
1.14633
1.14539
1.14434
1.14319
1.14192
1.14053
1.13901
1.13738
1.13563
1.13375
1.13175
1.12964
1.12743
1.12512
1.12273
1.12024
1.11766
1.11501
1.11228
1.10951
1.10668
1.10381
1.10093
1.09805
1.09521
1.13753
1.13743
1.13723
1.13693
1.13655
1.13607
1.13547
1.13476
1.13396
1.13306
1.13205
1.13095
1.12973
1.12842
1.12701
1.12551
1.1239
1.1222
1.1204
1.1185
1.11652
1.11447
1.11236
1.11019
1.10794
1.10562
1.10328
1.1009
1.09851
1.0961
1.09368
1.0913
1.08896
1.12407
1.12397
1.12378
1.12349
1.1231
1.12262
1.12203
1.12134
1.12056
1.11968
1.11871
1.11765
1.11648
1.11524
1.11392
1.11253
1.11105
1.10948
1.10783
1.10613
1.10438
1.10257
1.10073
1.09885
1.09693
1.09498
1.09301
1.09104
1.08909
1.08717
1.08528
1.08346
1.08173
1.11045
1.11037
1.11018
1.10989
1.10951
1.10903
1.10845
1.10777
1.107
1.10615
1.10521
1.10419
1.1031
1.10193
1.10069
1.09938
1.098
1.09656
1.09507
1.09355
1.092
1.09043
1.08884
1.08721
1.0856
1.08399
1.08243
1.0809
1.07944
1.07804
1.07673
1.07553
1.07446
1.1002
1.10011
1.09995
1.09968
1.0993
1.09882
1.09823
1.09757
1.09683
1.09601
1.09511
1.09413
1.09308
1.09196
1.09077
1.08952
1.08823
1.08689
1.08553
1.08415
1.08276
1.08135
1.07994
1.07852
1.07713
1.07579
1.07452
1.07332
1.07222
1.07122
1.07039
1.06972
1.06925
1.18628
1.18627
1.18624
1.18614
1.18591
1.18547
1.18476
1.18376
1.1825
1.18101
1.17928
1.17734
1.17523
1.17297
1.17058
1.16808
1.16545
1.16272
1.1599
1.15699
1.15397
1.15087
1.1477
1.14444
1.14111
1.13769
1.13422
1.13069
1.12711
1.12349
1.11983
1.11614
1.11245
1.18631
1.18629
1.18624
1.18611
1.18586
1.18543
1.18472
1.18371
1.18245
1.18096
1.17922
1.17728
1.17516
1.17289
1.1705
1.168
1.16537
1.16265
1.15983
1.15691
1.15389
1.15079
1.14761
1.14435
1.141
1.13759
1.13412
1.13059
1.12702
1.12338
1.11972
1.11603
1.11235
1.18642
1.18639
1.18633
1.18618
1.18591
1.18544
1.1847
1.18366
1.18237
1.18085
1.17911
1.17716
1.17502
1.17275
1.17035
1.16783
1.1652
1.16248
1.15965
1.15673
1.15371
1.1506
1.14741
1.14413
1.1408
1.1374
1.13393
1.13039
1.1268
1.12318
1.11953
1.11585
1.11216
1.18628
1.18625
1.18618
1.18603
1.18576
1.18528
1.18453
1.18349
1.1822
1.18067
1.17891
1.17696
1.17481
1.17253
1.17012
1.16759
1.16495
1.16222
1.15938
1.15644
1.15341
1.15031
1.14711
1.14384
1.14049
1.13708
1.13361
1.13007
1.12648
1.12284
1.11917
1.1155
1.11183
1.18627
1.18621
1.18609
1.18588
1.18554
1.18503
1.18426
1.1832
1.18191
1.18037
1.1786
1.17663
1.17449
1.1722
1.16978
1.16725
1.1646
1.16185
1.159
1.15604
1.153
1.14987
1.14667
1.14338
1.14002
1.13661
1.13313
1.12958
1.12598
1.12234
1.11868
1.11501
1.11133
1.18628
1.18621
1.18606
1.18581
1.18541
1.18481
1.18396
1.18287
1.18155
1.17998
1.17818
1.17618
1.17401
1.1717
1.16925
1.16669
1.16402
1.16125
1.15837
1.15541
1.15235
1.1492
1.14597
1.14267
1.13931
1.13586
1.13236
1.12882
1.12523
1.12159
1.11792
1.11424
1.11058
1.1855
1.18543
1.18528
1.18501
1.18461
1.18399
1.1831
1.18193
1.18055
1.17894
1.17712
1.17511
1.17293
1.1706
1.16815
1.16559
1.16292
1.16014
1.15726
1.15428
1.1512
1.14805
1.14482
1.1415
1.13812
1.13468
1.13119
1.12763
1.12403
1.12041
1.11676
1.11311
1.10944
1.18226
1.18216
1.18194
1.18158
1.1811
1.18042
1.17957
1.17857
1.17736
1.17589
1.17421
1.17232
1.17025
1.16804
1.16568
1.16319
1.16057
1.15785
1.15502
1.1521
1.14907
1.14595
1.14275
1.13949
1.13616
1.13275
1.12927
1.12573
1.12216
1.11856
1.11495
1.11134
1.10774
1.17376
1.17366
1.17346
1.17315
1.17272
1.17215
1.17146
1.17066
1.16971
1.16859
1.16728
1.16578
1.16411
1.16227
1.16025
1.15806
1.15573
1.15326
1.15067
1.14796
1.14513
1.14219
1.13915
1.13602
1.1328
1.12951
1.12616
1.12274
1.11926
1.11575
1.11221
1.10868
1.10517
1.16358
1.16349
1.16329
1.16299
1.16258
1.16207
1.16146
1.16074
1.1599
1.15892
1.1578
1.15653
1.15511
1.15352
1.15179
1.14992
1.14792
1.14578
1.1435
1.14109
1.13856
1.13591
1.13315
1.1303
1.12734
1.12431
1.1212
1.11802
1.11478
1.11151
1.1082
1.1049
1.10162
1.15225
1.15215
1.15195
1.15165
1.15124
1.15075
1.15015
1.14945
1.14863
1.14771
1.14666
1.14549
1.1442
1.14278
1.14122
1.13954
1.13776
1.13586
1.13384
1.13171
1.12946
1.12711
1.12465
1.12212
1.1195
1.11681
1.11404
1.11122
1.10834
1.10542
1.10249
1.09956
1.09665
1.13974
1.13966
1.13946
1.13916
1.13875
1.13825
1.13765
1.13694
1.13613
1.13524
1.13422
1.13311
1.13188
1.13056
1.12913
1.1276
1.12597
1.12424
1.12241
1.1205
1.11849
1.1164
1.11423
1.11198
1.10968
1.10732
1.10492
1.10248
1.10001
1.09753
1.09505
1.09259
1.09018
1.12628
1.12617
1.12598
1.12569
1.12528
1.12479
1.12419
1.12348
1.12266
1.12177
1.12078
1.1197
1.11854
1.11729
1.11594
1.11452
1.113
1.1114
1.10972
1.10799
1.10619
1.10434
1.10245
1.10052
1.09854
1.09652
1.09448
1.09242
1.09038
1.08838
1.08642
1.08451
1.08269
1.11264
1.11254
1.11234
1.11204
1.11165
1.11115
1.11056
1.10986
1.10907
1.10819
1.10722
1.10619
1.10507
1.10387
1.1026
1.10126
1.09986
1.09839
1.09687
1.0953
1.09368
1.09204
1.09038
1.08869
1.08699
1.0853
1.08364
1.08201
1.08044
1.07893
1.07751
1.0762
1.07505
1.10236
1.10226
1.10206
1.10176
1.10138
1.1009
1.1003
1.09962
1.09885
1.09799
1.09706
1.09604
1.09495
1.09379
1.09256
1.09128
1.08996
1.08859
1.08719
1.08576
1.0843
1.08283
1.08133
1.07984
1.07837
1.07694
1.07556
1.07425
1.07302
1.07191
1.07095
1.07016
1.06954
1.18735
1.18733
1.18726
1.18713
1.18687
1.18641
1.18568
1.18467
1.18342
1.18193
1.18019
1.17825
1.17613
1.17387
1.17147
1.16896
1.16633
1.16361
1.16079
1.15788
1.15488
1.15179
1.14863
1.14538
1.14205
1.13863
1.13515
1.13162
1.12805
1.12444
1.12077
1.11708
1.11338
1.18736
1.18733
1.18726
1.18711
1.18684
1.18636
1.18563
1.1846
1.18334
1.18183
1.1801
1.17816
1.17604
1.17378
1.17138
1.16887
1.16626
1.16354
1.16072
1.15779
1.15478
1.1517
1.14853
1.14527
1.14194
1.13853
1.13507
1.13155
1.12797
1.12434
1.12066
1.11697
1.11328
1.18739
1.18735
1.18727
1.18711
1.1868
1.18628
1.18551
1.18449
1.18323
1.18172
1.17998
1.17804
1.17591
1.17364
1.17124
1.16872
1.16609
1.16336
1.16054
1.15763
1.15462
1.15152
1.14833
1.14506
1.14174
1.13834
1.13487
1.13134
1.12775
1.12414
1.12049
1.1168
1.11309
1.18737
1.18734
1.18726
1.18709
1.18679
1.18628
1.1855
1.18443
1.18313
1.18159
1.17983
1.17786
1.17572
1.17343
1.17101
1.16848
1.16585
1.16312
1.16029
1.15736
1.15435
1.15125
1.14806
1.14479
1.14144
1.13804
1.13457
1.13104
1.12744
1.12379
1.12012
1.11645
1.11276
1.18736
1.18732
1.18723
1.18706
1.18674
1.18623
1.18544
1.18435
1.18303
1.18144
1.17964
1.17764
1.17548
1.17316
1.17072
1.16818
1.16552
1.16277
1.15993
1.15698
1.15394
1.15083
1.14763
1.14435
1.141
1.13758
1.1341
1.13055
1.12694
1.12329
1.11962
1.11594
1.11225
1.18724
1.18719
1.18709
1.18689
1.18654
1.18598
1.18514
1.184
1.18263
1.18103
1.17921
1.17719
1.17501
1.17268
1.17023
1.16766
1.16499
1.16222
1.15934
1.15638
1.15333
1.15019
1.14696
1.14367
1.14031
1.13686
1.13335
1.12979
1.12619
1.12256
1.11889
1.1152
1.11152
1.18643
1.18638
1.18626
1.18603
1.18564
1.18502
1.18413
1.18299
1.18163
1.18002
1.17818
1.17615
1.17396
1.17162
1.16916
1.1666
1.16392
1.16114
1.15825
1.15528
1.15221
1.14907
1.14584
1.14253
1.13915
1.13571
1.13221
1.12865
1.12505
1.1214
1.11775
1.11408
1.11041
1.18332
1.18328
1.18313
1.18288
1.18246
1.18183
1.18094
1.17983
1.17857
1.17706
1.17535
1.17345
1.17136
1.16912
1.16675
1.16425
1.16164
1.1589
1.15607
1.15314
1.15012
1.14701
1.1438
1.14053
1.1372
1.13379
1.13032
1.12679
1.1232
1.11959
1.11596
1.11234
1.10872
1.17498
1.17489
1.17471
1.1744
1.17397
1.17341
1.17273
1.17191
1.17094
1.16981
1.1685
1.16701
1.16533
1.16347
1.16145
1.15926
1.15693
1.15444
1.15183
1.1491
1.14625
1.14329
1.14023
1.13709
1.13388
1.13058
1.1272
1.12376
1.12027
1.11675
1.11322
1.10968
1.10616
1.16485
1.16476
1.16456
1.16425
1.16385
1.16334
1.16274
1.16201
1.16116
1.16017
1.15905
1.15778
1.15636
1.15478
1.15305
1.15118
1.14916
1.147
1.1447
1.14228
1.13973
1.13707
1.13428
1.1314
1.12844
1.12539
1.12227
1.11908
1.11582
1.11253
1.10921
1.10589
1.10257
1.15357
1.15347
1.15327
1.15296
1.15256
1.15206
1.15146
1.15076
1.14994
1.14901
1.14796
1.14679
1.14549
1.14406
1.14251
1.14083
1.13904
1.13713
1.1351
1.13295
1.1307
1.12835
1.12589
1.12333
1.12068
1.11795
1.11516
1.11229
1.10937
1.10639
1.10342
1.10045
1.0975
1.14111
1.14102
1.14082
1.14052
1.14011
1.1396
1.139
1.1383
1.1375
1.13658
1.13556
1.13443
1.1332
1.13187
1.13043
1.1289
1.12725
1.12551
1.12368
1.12175
1.11973
1.11762
1.11544
1.11318
1.11085
1.10846
1.10602
1.10352
1.10099
1.09846
1.09593
1.09343
1.09096
1.12768
1.12757
1.12738
1.12708
1.12667
1.12617
1.12557
1.12487
1.12407
1.12316
1.12216
1.12108
1.11991
1.11864
1.11729
1.11585
1.11431
1.11269
1.11099
1.10923
1.10739
1.10551
1.10359
1.10161
1.09959
1.09754
1.09546
1.09337
1.09128
1.0892
1.08718
1.08524
1.08336
1.11408
1.11398
1.11378
1.11348
1.11308
1.11257
1.11198
1.11128
1.11049
1.10962
1.10866
1.10762
1.10648
1.10525
1.10394
1.10258
1.10116
1.09967
1.09812
1.09651
1.09486
1.09318
1.09146
1.08972
1.08798
1.08626
1.08456
1.08288
1.08124
1.07965
1.07814
1.07673
1.07546
1.10381
1.10372
1.10353
1.10324
1.10284
1.10235
1.10177
1.1011
1.10032
1.09945
1.09848
1.09746
1.09635
1.09517
1.09391
1.0926
1.09124
1.08982
1.08839
1.08691
1.08541
1.08387
1.08232
1.08077
1.07926
1.07776
1.0763
1.07492
1.07362
1.0724
1.07133
1.0704
1.06966
1.18758
1.18755
1.18748
1.18734
1.18707
1.18661
1.18589
1.18488
1.18365
1.18217
1.18045
1.17852
1.17641
1.17415
1.17176
1.16926
1.16666
1.16396
1.16116
1.15825
1.15526
1.1522
1.14904
1.14581
1.1425
1.1391
1.13565
1.13214
1.12857
1.12496
1.1213
1.11761
1.1139
1.18759
1.18756
1.18748
1.18733
1.18705
1.18658
1.18585
1.18483
1.18357
1.18207
1.18034
1.1784
1.1763
1.17405
1.17168
1.16919
1.16658
1.16387
1.16105
1.15815
1.15516
1.1521
1.14894
1.1457
1.14238
1.13899
1.13555
1.13204
1.12848
1.12485
1.12119
1.11751
1.11382
1.1876
1.18757
1.18749
1.18732
1.18703
1.18653
1.18576
1.18471
1.18344
1.18192
1.18018
1.17825
1.17613
1.17388
1.1715
1.16901
1.16641
1.16372
1.16091
1.158
1.155
1.15191
1.14874
1.14551
1.1422
1.13882
1.13536
1.13184
1.12826
1.12465
1.12101
1.11733
1.11363
1.1876
1.18757
1.18748
1.1873
1.18697
1.18644
1.18565
1.1846
1.18333
1.18179
1.18003
1.17808
1.17596
1.17369
1.1713
1.16879
1.16617
1.16345
1.16065
1.15775
1.15475
1.15166
1.14848
1.14522
1.14189
1.13851
1.13506
1.13153
1.12795
1.12432
1.12066
1.11699
1.1133
1.18759
1.18755
1.18746
1.18728
1.18696
1.18643
1.18563
1.18453
1.1832
1.18163
1.17985
1.17786
1.17571
1.17343
1.17103
1.16851
1.16587
1.16313
1.16029
1.15737
1.15437
1.15126
1.14807
1.1448
1.14146
1.13806
1.13459
1.13106
1.12747
1.12383
1.12016
1.11648
1.1128
1.18741
1.18737
1.18728
1.18708
1.18673
1.18615
1.1853
1.1842
1.18286
1.18127
1.17946
1.17745
1.17528
1.17297
1.17053
1.16797
1.16532
1.16257
1.15973
1.15678
1.15374
1.15061
1.14741
1.14413
1.14078
1.13735
1.13386
1.13031
1.12672
1.12309
1.11943
1.11574
1.11205
1.18651
1.18648
1.18638
1.18618
1.18581
1.18519
1.18431
1.18318
1.18184
1.18024
1.17842
1.17641
1.17424
1.17192
1.16948
1.16694
1.16428
1.16152
1.15865
1.15569
1.15265
1.14953
1.14631
1.14302
1.13965
1.13622
1.13273
1.12919
1.12559
1.12194
1.11828
1.11462
1.11095
1.18329
1.18327
1.18319
1.183
1.18263
1.18203
1.18123
1.18023
1.17897
1.17748
1.17576
1.17385
1.17177
1.16954
1.16717
1.16468
1.16207
1.15935
1.15653
1.15362
1.15061
1.14751
1.14432
1.14105
1.13773
1.13434
1.13088
1.12735
1.12378
1.12017
1.11653
1.11289
1.10927
1.17528
1.17521
1.17503
1.17474
1.17434
1.17384
1.17322
1.17245
1.1715
1.17036
1.16903
1.16752
1.16584
1.16398
1.16197
1.15979
1.15746
1.15498
1.15237
1.14963
1.14679
1.14384
1.1408
1.13767
1.13445
1.13116
1.12778
1.12435
1.12088
1.11737
1.11385
1.11031
1.10679
1.16535
1.16525
1.16505
1.16475
1.16435
1.16386
1.16327
1.16256
1.16172
1.16075
1.15965
1.15838
1.15696
1.15539
1.15367
1.15181
1.1498
1.14765
1.14535
1.14291
1.14036
1.13769
1.13491
1.13203
1.12907
1.12602
1.12289
1.11969
1.11644
1.11313
1.10981
1.10647
1.10316
1.15418
1.15409
1.15388
1.15357
1.15316
1.15265
1.15206
1.15136
1.15055
1.14964
1.1486
1.14744
1.14615
1.14474
1.14319
1.14153
1.13975
1.13784
1.1358
1.13364
1.13136
1.12899
1.12652
1.12396
1.12131
1.11858
1.11577
1.1129
1.10997
1.10701
1.10403
1.10104
1.09807
1.14186
1.14175
1.14155
1.14124
1.14082
1.14031
1.1397
1.13901
1.13821
1.1373
1.13629
1.13517
1.13394
1.13262
1.13119
1.12965
1.128
1.12625
1.1244
1.12245
1.12042
1.1183
1.1161
1.11383
1.1115
1.10909
1.10665
1.10415
1.10162
1.09906
1.0965
1.09395
1.09145
1.12849
1.12839
1.12819
1.12788
1.12748
1.12697
1.12637
1.12567
1.12487
1.12396
1.12297
1.12189
1.12071
1.11945
1.11809
1.11664
1.11509
1.11346
1.11177
1.10999
1.10814
1.10622
1.10426
1.10225
1.10021
1.09814
1.09605
1.09395
1.09184
1.08975
1.08769
1.08566
1.08372
1.11499
1.11488
1.11468
1.11438
1.11397
1.11346
1.11286
1.11217
1.11138
1.11051
1.10955
1.10849
1.10734
1.10611
1.1048
1.10341
1.10196
1.10045
1.09887
1.09724
1.09557
1.09386
1.09212
1.09037
1.08859
1.08683
1.08509
1.08337
1.0817
1.08007
1.07851
1.07705
1.07574
1.10476
1.10468
1.10448
1.10419
1.10379
1.10329
1.10272
1.10204
1.10126
1.10038
1.0994
1.09837
1.09725
1.09605
1.09477
1.09343
1.09204
1.0906
1.08913
1.08763
1.08609
1.08453
1.08296
1.08141
1.07984
1.07831
1.07682
1.07538
1.07404
1.07281
1.07171
1.07074
1.06993
1.18761
1.18758
1.1875
1.18736
1.18708
1.18661
1.18588
1.18487
1.18364
1.18216
1.18044
1.17852
1.17643
1.17418
1.17181
1.16932
1.16675
1.16407
1.16128
1.15839
1.1554
1.15234
1.14919
1.14599
1.1427
1.13933
1.13589
1.13237
1.1288
1.12517
1.12152
1.11786
1.11419
1.18761
1.18758
1.1875
1.18735
1.18706
1.18658
1.18584
1.18482
1.18356
1.18206
1.18034
1.17842
1.17634
1.17411
1.17176
1.16928
1.16668
1.16398
1.16118
1.15829
1.15531
1.15226
1.14913
1.14591
1.14261
1.13923
1.13577
1.13226
1.1287
1.1251
1.12147
1.1178
1.11411
1.18762
1.18759
1.18751
1.18735
1.18706
1.18657
1.18582
1.18478
1.1835
1.18199
1.18025
1.17833
1.17622
1.17398
1.17161
1.16912
1.16652
1.16383
1.16104
1.15816
1.15518
1.15211
1.14895
1.14571
1.1424
1.13903
1.1356
1.1321
1.12854
1.12492
1.12127
1.11758
1.11389
1.18763
1.1876
1.18751
1.18735
1.18704
1.18653
1.18574
1.18467
1.18338
1.18184
1.18009
1.17815
1.17604
1.17379
1.17142
1.16892
1.16631
1.16359
1.16078
1.15788
1.1549
1.15184
1.14869
1.14545
1.14212
1.13873
1.13527
1.13175
1.1282
1.1246
1.12095
1.11727
1.11357
1.18761
1.18758
1.18748
1.1873
1.18696
1.18641
1.1856
1.18454
1.18324
1.18169
1.17991
1.17794
1.1758
1.17353
1.17113
1.16862
1.16599
1.16326
1.16042
1.1575
1.15449
1.15142
1.14826
1.14501
1.14168
1.13828
1.13481
1.1313
1.12774
1.12413
1.12047
1.11678
1.11307
1.18744
1.1874
1.1873
1.18712
1.18678
1.18622
1.18537
1.18423
1.18287
1.18127
1.17946
1.17747
1.17531
1.17301
1.1706
1.16806
1.16541
1.16267
1.15984
1.15692
1.15389
1.15078
1.14758
1.14432
1.14098
1.13759
1.13411
1.13058
1.12699
1.12337
1.11972
1.11605
1.11236
1.18657
1.18653
1.18644
1.18626
1.18591
1.18533
1.18447
1.18331
1.18194
1.18032
1.17849
1.17648
1.17431
1.172
1.16957
1.16703
1.16438
1.16163
1.15879
1.15584
1.15281
1.1497
1.14651
1.14324
1.13988
1.13645
1.13296
1.12942
1.12585
1.12224
1.11859
1.11492
1.11124
1.18346
1.18342
1.18333
1.18314
1.18279
1.18222
1.18139
1.18031
1.17906
1.17756
1.17584
1.17393
1.17185
1.16963
1.16729
1.16481
1.16222
1.15952
1.15671
1.1538
1.15081
1.14773
1.14457
1.14132
1.13799
1.13458
1.13112
1.1276
1.12404
1.12046
1.11685
1.11323
1.10961
1.1753
1.17523
1.17507
1.1748
1.17442
1.1739
1.17326
1.17248
1.17156
1.17045
1.16916
1.16766
1.16598
1.16413
1.16212
1.15995
1.15762
1.15517
1.15258
1.14987
1.14705
1.14411
1.14107
1.13794
1.13473
1.13145
1.12811
1.12469
1.12122
1.1177
1.11416
1.11062
1.1071
1.16543
1.16533
1.16514
1.16485
1.16446
1.16396
1.16337
1.16268
1.16187
1.16092
1.15982
1.15858
1.15718
1.15561
1.1539
1.15204
1.15003
1.14788
1.1456
1.14319
1.14065
1.13798
1.1352
1.13234
1.12937
1.12633
1.12322
1.12004
1.11679
1.1135
1.11018
1.10685
1.10351
1.15435
1.15425
1.15404
1.15375
1.15336
1.15286
1.15227
1.15157
1.15079
1.1499
1.14888
1.14773
1.14644
1.14504
1.14352
1.14186
1.14008
1.13817
1.13614
1.13399
1.13172
1.12935
1.12688
1.12432
1.12168
1.11895
1.11614
1.11327
1.11035
1.10738
1.10439
1.1014
1.09841
1.1421
1.142
1.1418
1.14151
1.14112
1.14063
1.14002
1.13932
1.13852
1.13762
1.13662
1.1355
1.13428
1.13297
1.13155
1.13002
1.12839
1.12665
1.12479
1.12284
1.12082
1.11871
1.1165
1.11422
1.11188
1.10947
1.10702
1.10452
1.10198
1.09942
1.09686
1.09431
1.09178
1.12883
1.12873
1.12854
1.12825
1.12785
1.12735
1.12676
1.12606
1.12527
1.12439
1.12339
1.12229
1.12111
1.11984
1.11848
1.11703
1.1155
1.11388
1.11218
1.11041
1.10857
1.10667
1.10469
1.10268
1.10063
1.09855
1.09644
1.09431
1.09217
1.09007
1.08799
1.08595
1.08398
1.11543
1.11533
1.11514
1.11484
1.11443
1.11392
1.11333
1.11264
1.11185
1.11098
1.11001
1.10895
1.10779
1.10654
1.10521
1.10383
1.10238
1.10087
1.0993
1.09767
1.096
1.09429
1.09254
1.09077
1.08898
1.0872
1.08544
1.08369
1.08199
1.08034
1.07876
1.07727
1.07593
1.10529
1.1052
1.105
1.1047
1.1043
1.10381
1.10323
1.10255
1.10177
1.10089
1.09991
1.09887
1.09774
1.09653
1.09525
1.09391
1.09251
1.09107
1.08959
1.08808
1.08653
1.08495
1.08336
1.08177
1.0802
1.07865
1.07715
1.07568
1.07431
1.07306
1.07191
1.07091
1.07006
1.1876
1.18757
1.18749
1.18733
1.18705
1.18657
1.18584
1.18482
1.18357
1.18208
1.18037
1.17845
1.17638
1.17416
1.17183
1.16937
1.1668
1.16412
1.16134
1.15845
1.15547
1.1524
1.14926
1.14605
1.14278
1.13944
1.13601
1.13251
1.12894
1.12533
1.12167
1.11799
1.1143
1.1876
1.18756
1.18748
1.18731
1.18701
1.1865
1.18576
1.18476
1.18353
1.18204
1.18033
1.17841
1.17634
1.17411
1.17176
1.16929
1.16671
1.16402
1.16123
1.15834
1.15537
1.15231
1.14919
1.146
1.14271
1.13934
1.1359
1.1324
1.12883
1.12522
1.12158
1.11792
1.11426
1.18761
1.18758
1.1875
1.18734
1.18705
1.18655
1.1858
1.18476
1.18349
1.18199
1.18027
1.17835
1.17626
1.17402
1.17165
1.16916
1.16656
1.16387
1.16109
1.15821
1.15525
1.15219
1.14905
1.14582
1.14251
1.13913
1.13569
1.1322
1.12866
1.12506
1.12142
1.11775
1.11405
1.18762
1.18759
1.18751
1.18734
1.18704
1.18654
1.18576
1.18469
1.1834
1.18187
1.18012
1.17818
1.17607
1.17383
1.17146
1.16898
1.16638
1.16366
1.16085
1.15795
1.15497
1.15191
1.14877
1.14555
1.14224
1.13885
1.1354
1.13188
1.12831
1.1247
1.12108
1.11742
1.11374
1.1876
1.18756
1.18747
1.18729
1.18697
1.18643
1.18561
1.1845
1.18318
1.18164
1.17986
1.1779
1.17577
1.17352
1.17114
1.16865
1.16603
1.16331
1.16049
1.15757
1.15457
1.1515
1.14834
1.14511
1.14179
1.1384
1.13493
1.13141
1.12784
1.12424
1.1206
1.11694
1.11325
1.18739
1.18735
1.18725
1.18704
1.18668
1.18609
1.18522
1.18412
1.18278
1.18119
1.17938
1.17739
1.17524
1.17296
1.17057
1.16807
1.16546
1.16274
1.15992
1.15699
1.15397
1.15086
1.14767
1.1444
1.14107
1.13768
1.13423
1.13071
1.12713
1.12351
1.11985
1.11618
1.11251
1.18643
1.18639
1.1863
1.18611
1.18574
1.18513
1.18425
1.18313
1.18179
1.1802
1.1784
1.1764
1.17425
1.17197
1.16957
1.16706
1.16444
1.1617
1.15885
1.15591
1.15288
1.14977
1.14659
1.14334
1.14
1.13659
1.1331
1.12957
1.12599
1.12238
1.11874
1.11509
1.11142
1.1831
1.18309
1.183
1.18284
1.1825
1.18192
1.18112
1.18007
1.17888
1.17743
1.17576
1.17389
1.17185
1.16966
1.16733
1.16488
1.1623
1.1596
1.1568
1.1539
1.15092
1.14785
1.1447
1.14147
1.13815
1.13476
1.1313
1.12778
1.12422
1.12062
1.117
1.11338
1.10977
1.17517
1.17509
1.17492
1.17465
1.17427
1.17378
1.17315
1.17239
1.17149
1.1704
1.16912
1.16766
1.16601
1.16418
1.16219
1.16003
1.15772
1.15528
1.1527
1.15
1.14718
1.14426
1.14124
1.13812
1.13492
1.13165
1.12829
1.12487
1.12141
1.11791
1.1144
1.11087
1.10735
1.16535
1.16526
1.16507
1.16478
1.16439
1.1639
1.16333
1.16265
1.16186
1.16093
1.15984
1.15862
1.15724
1.1557
1.154
1.15216
1.15016
1.14802
1.14574
1.14333
1.1408
1.13815
1.13539
1.13254
1.12959
1.12656
1.12345
1.12027
1.11703
1.11373
1.11042
1.10708
1.10376
1.15435
1.15426
1.15406
1.15377
1.15337
1.15289
1.15231
1.15162
1.15083
1.14993
1.14892
1.1478
1.14654
1.14516
1.14365
1.14201
1.14023
1.13833
1.1363
1.13416
1.1319
1.12954
1.12708
1.12454
1.1219
1.11919
1.11639
1.11354
1.11062
1.10766
1.10467
1.10168
1.09868
1.14219
1.1421
1.14189
1.14159
1.1412
1.1407
1.14011
1.13942
1.13862
1.13773
1.13673
1.13562
1.13441
1.13309
1.13167
1.13015
1.12852
1.12679
1.12497
1.12305
1.12102
1.11891
1.11672
1.11446
1.11212
1.10972
1.10728
1.10479
1.10225
1.09969
1.09712
1.09455
1.09201
1.12901
1.1289
1.12871
1.12841
1.12801
1.12751
1.12692
1.12622
1.1254
1.1245
1.1235
1.12241
1.12125
1.11998
1.11861
1.11717
1.11566
1.11405
1.11237
1.11062
1.10879
1.1069
1.10495
1.10294
1.10089
1.09879
1.09666
1.09451
1.09238
1.09026
1.08819
1.08617
1.08422
1.11568
1.11557
1.11535
1.11504
1.11464
1.11415
1.11355
1.11285
1.11204
1.11114
1.11016
1.10909
1.10794
1.10672
1.10541
1.10403
1.10258
1.10107
1.09951
1.0979
1.09624
1.09453
1.0928
1.09102
1.08923
1.08744
1.08563
1.08386
1.08214
1.08049
1.07892
1.07744
1.07607
1.10556
1.10545
1.10523
1.10491
1.10451
1.10402
1.10343
1.10274
1.10195
1.10106
1.1001
1.09905
1.09792
1.09672
1.09545
1.09413
1.09275
1.09132
1.08985
1.08833
1.08677
1.08521
1.08363
1.08203
1.08044
1.07888
1.07734
1.07587
1.07446
1.07316
1.07199
1.07095
1.07007
1.18759
1.18756
1.18749
1.18734
1.18707
1.1866
1.18588
1.18487
1.18364
1.18217
1.18045
1.17854
1.17646
1.17423
1.17187
1.1694
1.16683
1.16416
1.16139
1.15851
1.15554
1.15248
1.14933
1.14611
1.14283
1.13949
1.13607
1.1326
1.12904
1.12543
1.12178
1.11809
1.1144
1.18759
1.18756
1.18749
1.18733
1.18705
1.18657
1.18583
1.18481
1.18356
1.18207
1.18036
1.17845
1.17637
1.17416
1.17181
1.16936
1.16678
1.16409
1.1613
1.15842
1.15544
1.15238
1.14925
1.14604
1.14277
1.13942
1.13599
1.13249
1.12893
1.12532
1.12167
1.118
1.11433
1.1876
1.18757
1.18749
1.18733
1.18704
1.18655
1.1858
1.18477
1.1835
1.18201
1.1803
1.17839
1.1763
1.17407
1.17171
1.16923
1.16664
1.16393
1.16114
1.15825
1.15529
1.15225
1.14911
1.14589
1.14259
1.13921
1.13577
1.13227
1.12873
1.12514
1.12151
1.11785
1.11416
1.18761
1.18757
1.18749
1.18731
1.18699
1.18647
1.18569
1.18465
1.18339
1.18188
1.18016
1.17823
1.17613
1.17389
1.17152
1.16904
1.16645
1.16374
1.16093
1.15802
1.15502
1.15195
1.1488
1.14559
1.1423
1.13893
1.13548
1.13196
1.12839
1.12478
1.12114
1.11749
1.11383
1.18759
1.18755
1.18746
1.18728
1.18695
1.18641
1.18559
1.18449
1.18317
1.18163
1.17987
1.17792
1.1758
1.17355
1.17118
1.16869
1.16609
1.16337
1.16055
1.15763
1.15463
1.15154
1.14839
1.14516
1.14186
1.13847
1.13501
1.13149
1.12792
1.12431
1.12067
1.11702
1.11334
1.18737
1.18733
1.18722
1.18701
1.18664
1.18604
1.18517
1.18407
1.18274
1.18117
1.1794
1.17743
1.17528
1.17301
1.17062
1.16812
1.16551
1.16279
1.15998
1.15705
1.15404
1.15093
1.14774
1.14447
1.14114
1.13774
1.13429
1.13078
1.12721
1.12359
1.11994
1.11626
1.11258
1.18642
1.18637
1.18626
1.18605
1.18568
1.18509
1.18423
1.18313
1.1818
1.18022
1.17842
1.17644
1.1743
1.17202
1.16963
1.16713
1.1645
1.16177
1.15893
1.15599
1.15296
1.14984
1.14665
1.1434
1.14008
1.13667
1.1332
1.12966
1.12607
1.12245
1.1188
1.11515
1.1115
1.18313
1.18306
1.18292
1.18272
1.18237
1.18184
1.18108
1.18014
1.17896
1.17752
1.17585
1.17398
1.17193
1.16974
1.16742
1.16497
1.1624
1.15971
1.15691
1.154
1.15101
1.14793
1.14478
1.14154
1.13824
1.13486
1.13142
1.12791
1.12435
1.12075
1.11712
1.11348
1.10983
1.17505
1.17499
1.17485
1.1746
1.17422
1.17372
1.17312
1.1724
1.17152
1.17045
1.16919
1.16774
1.1661
1.16429
1.16231
1.16016
1.15785
1.1554
1.15283
1.15012
1.1473
1.14438
1.14135
1.13824
1.13503
1.13174
1.12839
1.12498
1.12154
1.11805
1.11453
1.11099
1.10744
1.16531
1.16522
1.16504
1.16475
1.16436
1.16389
1.16331
1.16265
1.16186
1.16094
1.15988
1.15867
1.15731
1.15578
1.1541
1.15226
1.15028
1.14815
1.14587
1.14347
1.14094
1.1383
1.13556
1.13271
1.12976
1.12671
1.12359
1.12039
1.11715
1.11385
1.11052
1.10719
1.10387
1.15432
1.15424
1.15406
1.15376
1.15337
1.15288
1.1523
1.15162
1.15084
1.14995
1.14895
1.14784
1.14659
1.14521
1.14369
1.14205
1.14029
1.1384
1.13639
1.13426
1.13203
1.1297
1.12725
1.1247
1.12206
1.11932
1.11653
1.11366
1.11073
1.10776
1.10476
1.10174
1.09875
1.14218
1.14208
1.14188
1.14159
1.1412
1.1407
1.14013
1.13944
1.13865
1.13776
1.13676
1.13567
1.13448
1.13316
1.13175
1.13024
1.12862
1.12691
1.1251
1.12319
1.12118
1.11908
1.11689
1.11463
1.11229
1.10987
1.10739
1.10488
1.10233
1.09977
1.09721
1.09464
1.0921
1.12903
1.12893
1.12874
1.12845
1.12805
1.12756
1.12697
1.12628
1.12547
1.12457
1.12358
1.12249
1.12132
1.12004
1.11868
1.11724
1.11573
1.11414
1.11247
1.11071
1.1089
1.10703
1.10509
1.1031
1.10105
1.09895
1.09682
1.09467
1.09254
1.0904
1.0883
1.08624
1.08425
1.11576
1.11564
1.11543
1.11512
1.11473
1.11425
1.11366
1.11296
1.11216
1.11125
1.11027
1.1092
1.10804
1.1068
1.10549
1.1041
1.10265
1.10115
1.09959
1.09799
1.09634
1.09464
1.0929
1.09114
1.08936
1.08756
1.08577
1.08401
1.08229
1.08062
1.07903
1.07754
1.07615
1.10566
1.10554
1.10531
1.105
1.10461
1.10415
1.10356
1.10288
1.10209
1.1012
1.10023
1.09917
1.09804
1.09684
1.09558
1.09426
1.09288
1.09143
1.08993
1.08841
1.08685
1.08528
1.08369
1.08212
1.08054
1.07897
1.07745
1.07597
1.07457
1.07328
1.07211
1.07107
1.07017
1.18759
1.18756
1.18749
1.18735
1.18708
1.18663
1.18592
1.18493
1.18372
1.18226
1.18056
1.17865
1.17656
1.17433
1.17196
1.16947
1.16687
1.16418
1.16139
1.15853
1.15557
1.15252
1.14938
1.14615
1.14286
1.1395
1.13609
1.13262
1.12908
1.12548
1.12183
1.11814
1.11444
1.18759
1.18757
1.18749
1.18735
1.18707
1.18661
1.18589
1.18489
1.18366
1.18219
1.18048
1.17857
1.17649
1.17425
1.17188
1.16939
1.1668
1.16413
1.16135
1.15847
1.1555
1.15243
1.14928
1.14606
1.14277
1.13942
1.13601
1.13252
1.12897
1.12536
1.12171
1.11803
1.11435
1.1876
1.18757
1.1875
1.18735
1.18707
1.18659
1.18586
1.18484
1.18359
1.18211
1.18039
1.17847
1.17637
1.17413
1.17176
1.16928
1.1667
1.164
1.1612
1.15831
1.15533
1.15228
1.14915
1.14593
1.14264
1.13926
1.13582
1.13231
1.12875
1.12517
1.12154
1.11788
1.11419
1.18761
1.18758
1.1875
1.18734
1.18704
1.18654
1.18578
1.18474
1.18346
1.18195
1.18022
1.17829
1.17618
1.17393
1.17155
1.16906
1.16647
1.16378
1.16098
1.15808
1.15508
1.152
1.14884
1.14561
1.14233
1.13897
1.13552
1.13201
1.12844
1.12482
1.12117
1.1175
1.11384
1.18758
1.18755
1.18747
1.1873
1.18699
1.18647
1.18567
1.18458
1.18327
1.18172
1.17995
1.17798
1.17586
1.17359
1.17121
1.16871
1.16611
1.16341
1.16059
1.15768
1.15468
1.15159
1.14842
1.14519
1.14189
1.13851
1.13506
1.13154
1.12796
1.12434
1.12069
1.11703
1.11336
1.18736
1.18732
1.18722
1.18703
1.18668
1.18611
1.18527
1.18418
1.18286
1.18129
1.17951
1.17753
1.17539
1.17311
1.1707
1.16818
1.16555
1.16281
1.15998
1.15707
1.15406
1.15097
1.14779
1.14452
1.14118
1.13777
1.13431
1.1308
1.12725
1.12363
1.11998
1.1163
1.11261
1.18635
1.18633
1.18626
1.18612
1.18582
1.18529
1.18448
1.18336
1.18201
1.18043
1.17863
1.17663
1.17447
1.17217
1.16975
1.16721
1.16457
1.16182
1.15897
1.15604
1.15302
1.1499
1.1467
1.14343
1.1401
1.13671
1.13324
1.12972
1.12613
1.12251
1.11886
1.1152
1.11154
1.18292
1.18293
1.18291
1.18282
1.18259
1.18215
1.18144
1.18044
1.17924
1.17778
1.17609
1.17419
1.17211
1.1699
1.16754
1.16506
1.16247
1.15977
1.15696
1.15406
1.15108
1.14799
1.14481
1.14156
1.13824
1.13487
1.13144
1.12796
1.12441
1.12082
1.11718
1.11353
1.10987
1.17505
1.17499
1.17485
1.1746
1.17423
1.17375
1.17316
1.17244
1.17157
1.17052
1.16927
1.16784
1.16621
1.16439
1.16239
1.16023
1.15792
1.15547
1.15289
1.15019
1.14736
1.14443
1.14141
1.13828
1.13506
1.13178
1.12844
1.12504
1.1216
1.11811
1.11457
1.11101
1.10743
1.16531
1.16521
1.16502
1.16473
1.16435
1.16387
1.16331
1.16264
1.16187
1.16098
1.15994
1.15875
1.15738
1.15585
1.15416
1.15231
1.15031
1.14817
1.1459
1.14352
1.141
1.13837
1.13563
1.13277
1.12982
1.12678
1.12365
1.12045
1.11718
1.11389
1.11056
1.10723
1.1039
1.15435
1.15425
1.15405
1.15374
1.15334
1.15284
1.15226
1.15158
1.15082
1.14995
1.14897
1.14786
1.14663
1.14525
1.14374
1.1421
1.14033
1.13845
1.13645
1.13433
1.13211
1.12978
1.12733
1.12478
1.12212
1.11938
1.11656
1.11369
1.11076
1.10777
1.10477
1.10177
1.09877
1.14217
1.14208
1.14187
1.14157
1.14118
1.14069
1.14012
1.13944
1.13865
1.13777
1.13679
1.13571
1.13453
1.13322
1.13181
1.13031
1.12869
1.12698
1.12517
1.12326
1.12125
1.11915
1.11694
1.11465
1.1123
1.10989
1.10742
1.1049
1.10236
1.09979
1.09722
1.09467
1.09214
1.12903
1.12893
1.12874
1.12845
1.12806
1.12757
1.12698
1.12629
1.12549
1.1246
1.12362
1.12254
1.12136
1.12009
1.11874
1.1173
1.11577
1.11418
1.11251
1.11076
1.10895
1.10706
1.10509
1.10309
1.10104
1.09897
1.09686
1.09473
1.0926
1.09046
1.08835
1.08627
1.08428
1.11577
1.11566
1.11545
1.11514
1.11476
1.11428
1.11369
1.113
1.1122
1.1113
1.11032
1.10925
1.1081
1.10686
1.10555
1.10416
1.10271
1.10121
1.09965
1.09803
1.09636
1.09467
1.09292
1.09115
1.08937
1.08759
1.08582
1.08407
1.08235
1.08068
1.07907
1.07754
1.07617
1.10568
1.10556
1.10534
1.10504
1.10466
1.10419
1.10361
1.10293
1.10214
1.10125
1.10027
1.09921
1.09809
1.09689
1.09562
1.09429
1.09291
1.09148
1.08999
1.08846
1.0869
1.08532
1.08372
1.08213
1.08056
1.079
1.07749
1.07601
1.07462
1.07332
1.07211
1.07103
1.07012
)
;

boundaryField
{
    walls
    {
        type            zeroGradient;
    }
    procBoundary2to0
    {
        type            processor;
        value           nonuniform List<scalar> 
263
(
1.15997
1.16061
1.16185
1.1169
1.11733
1.11802
1.11932
1.12115
1.09119
1.09128
1.09174
1.09253
1.09367
1.09516
1.09739
1.10061
1.1047
1.11031
1.1179
1.12788
1.14131
1.15734
1.17044
1.07874
1.07883
1.07904
1.07945
1.07993
1.08069
1.08172
1.08333
1.08558
1.08886
1.09347
1.09995
1.10903
1.12069
1.13113
1.07577
1.07572
1.07586
1.07595
1.07604
1.07619
1.07633
1.0768
1.07767
1.07896
1.08112
1.08467
1.09017
1.09751
1.1046
1.07848
1.07839
1.07834
1.07824
1.07805
1.07783
1.07752
1.07727
1.077
1.07693
1.07712
1.07823
1.08059
1.08438
1.08847
1.08408
1.084
1.08391
1.0837
1.08335
1.08288
1.0822
1.08143
1.08036
1.07925
1.07799
1.07704
1.07675
1.07739
1.07885
1.09064
1.09054
1.09037
1.0901
1.08969
1.08905
1.08819
1.08704
1.08551
1.08359
1.08116
1.07853
1.07601
1.07419
1.07367
1.09675
1.09662
1.09639
1.09608
1.0956
1.0949
1.09396
1.09254
1.09064
1.08809
1.08477
1.08086
1.0767
1.07312
1.07103
1.10146
1.10139
1.10123
1.10091
1.10041
1.09962
1.09859
1.0971
1.09495
1.092
1.08799
1.08314
1.07788
1.07295
1.06972
1.10484
1.10475
1.10468
1.10439
1.10387
1.10302
1.10196
1.10039
1.09809
1.09489
1.09051
1.08515
1.0791
1.07319
1.06907
1.10725
1.10714
1.107
1.10667
1.10617
1.10539
1.10428
1.1026
1.10028
1.09697
1.09242
1.08671
1.08013
1.07358
1.06902
1.10878
1.10868
1.10847
1.10815
1.10765
1.10692
1.1058
1.10416
1.1017
1.09838
1.09378
1.08783
1.08099
1.07405
1.06913
1.1097
1.1096
1.10938
1.10906
1.10855
1.10784
1.10674
1.10513
1.10268
1.09931
1.09461
1.08855
1.08158
1.07436
1.06913
1.1102
1.11013
1.10992
1.1096
1.1091
1.10837
1.10729
1.10567
1.1033
1.09988
1.09514
1.08901
1.08189
1.07457
1.06931
1.1105
1.11041
1.11021
1.10986
1.10937
1.10868
1.10757
1.106
1.1036
1.10022
1.09546
1.08931
1.08212
1.07472
1.06938
1.11063
1.11057
1.11035
1.11004
1.10955
1.10884
1.10776
1.10617
1.10385
1.10046
1.09572
1.08952
1.08235
1.07485
1.06938
1.11071
1.11065
1.11045
1.11014
1.10966
1.10892
1.10784
1.1062
1.1039
1.10055
1.09581
1.08963
1.08236
1.07491
1.06946
1.11074
1.11068
1.1105
1.11017
1.10969
1.10894
1.10789
1.10623
1.10387
1.10058
1.09581
1.08966
1.08239
1.07493
1.06945
)
;
    }
    procBoundary2to1
    {
        type            processor;
        value           nonuniform List<scalar> 
561
(
1.08859
1.08872
1.089
1.08948
1.0901
1.09077
1.09166
1.09278
1.09397
1.09531
1.09696
1.09885
1.10095
1.10325
1.10581
1.10871
1.11179
1.11521
1.1188
1.12283
1.12724
1.13199
1.1371
1.14262
1.14868
1.15496
1.16169
1.16915
1.17705
1.18514
1.19389
1.20314
1.21267
1.08881
1.08896
1.08931
1.08974
1.09036
1.09113
1.09203
1.09306
1.09423
1.09566
1.09722
1.09906
1.10114
1.10343
1.10598
1.10889
1.112
1.1155
1.11925
1.12316
1.12754
1.13238
1.13774
1.14333
1.14921
1.15551
1.16244
1.16967
1.17757
1.18589
1.1944
1.20364
1.21339
1.08943
1.08954
1.0898
1.09024
1.09078
1.09154
1.09248
1.09363
1.09484
1.09621
1.09789
1.09981
1.10193
1.10426
1.10684
1.10969
1.11294
1.11646
1.12013
1.12421
1.12865
1.13344
1.13861
1.14423
1.15041
1.15676
1.16348
1.17085
1.17854
1.18696
1.19591
1.20517
1.21444
1.07372
1.07378
1.07393
1.07412
1.07439
1.07473
1.07513
1.07561
1.0762
1.07685
1.07768
1.07864
1.07974
1.08098
1.08243
1.08401
1.08581
1.08778
1.08991
1.09236
1.09516
1.09817
1.10142
1.105
1.109
1.11327
1.11796
1.12298
1.12855
1.13464
1.14125
1.14832
1.15582
1.07372
1.07378
1.07393
1.07412
1.07439
1.07473
1.07513
1.07561
1.0762
1.07685
1.07768
1.07864
1.07974
1.08098
1.08243
1.08401
1.08581
1.08778
1.08991
1.09236
1.09516
1.09817
1.10142
1.105
1.109
1.11327
1.11796
1.12298
1.12855
1.13464
1.14125
1.14832
1.15582
1.07435
1.0744
1.07453
1.07477
1.07508
1.07546
1.07589
1.07638
1.07697
1.07773
1.07862
1.07962
1.08074
1.082
1.08342
1.08507
1.08686
1.0889
1.09118
1.09371
1.09648
1.09953
1.10292
1.10671
1.11077
1.11524
1.12001
1.12528
1.13096
1.13693
1.14353
1.15067
1.15833
1.07101
1.07104
1.07106
1.07108
1.0711
1.07116
1.07127
1.07138
1.07151
1.07165
1.07186
1.07214
1.07249
1.07295
1.07348
1.07413
1.07486
1.07569
1.07671
1.07795
1.07935
1.0809
1.08268
1.08478
1.08713
1.08971
1.09264
1.09593
1.09958
1.10358
1.10798
1.1128
1.11805
1.07101
1.07104
1.07106
1.07108
1.0711
1.07116
1.07127
1.07138
1.07151
1.07165
1.07186
1.07214
1.07249
1.07295
1.07348
1.07413
1.07486
1.07569
1.07671
1.07795
1.07935
1.0809
1.08268
1.08478
1.08713
1.08971
1.09264
1.09593
1.09958
1.10358
1.10798
1.1128
1.11805
1.07123
1.07123
1.07126
1.07132
1.0714
1.07149
1.0716
1.07172
1.07188
1.07207
1.07233
1.07266
1.07308
1.07362
1.07424
1.07498
1.07581
1.07674
1.07786
1.07918
1.08073
1.08244
1.08436
1.08656
1.08901
1.09179
1.09489
1.09825
1.10205
1.10627
1.11091
1.11598
1.12154
1.07151
1.07152
1.07156
1.07166
1.07179
1.07193
1.07209
1.07227
1.0725
1.07276
1.0731
1.07353
1.07405
1.0747
1.07542
1.07626
1.0772
1.0783
1.07957
1.08103
1.0827
1.08463
1.08674
1.08908
1.09175
1.09469
1.09804
1.10179
1.10593
1.11047
1.11541
1.12076
1.12654
1.07214
1.07219
1.07226
1.07234
1.07249
1.07269
1.07294
1.07324
1.07356
1.07393
1.07435
1.07487
1.07551
1.07629
1.07716
1.07816
1.07927
1.08057
1.08206
1.08371
1.08556
1.08763
1.08995
1.0926
1.09551
1.09876
1.10232
1.10633
1.11078
1.11563
1.1209
1.12658
1.13267
1.07349
1.07351
1.07357
1.07372
1.07392
1.07416
1.07445
1.07479
1.07519
1.07572
1.07634
1.07702
1.0778
1.0787
1.07972
1.08092
1.08225
1.0838
1.08554
1.08746
1.08958
1.09194
1.09454
1.09745
1.10072
1.10424
1.10817
1.11242
1.11717
1.1224
1.12806
1.13415
1.14068
1.07564
1.07565
1.07572
1.07587
1.07605
1.07634
1.07674
1.07725
1.07781
1.07846
1.07917
1.08
1.08096
1.08205
1.08332
1.0848
1.08641
1.08824
1.09025
1.0924
1.09485
1.0976
1.10069
1.104
1.10761
1.11161
1.11591
1.12066
1.12574
1.13137
1.13745
1.14392
1.15069
1.07874
1.07879
1.0789
1.07912
1.07939
1.07977
1.08027
1.08088
1.08162
1.08242
1.08336
1.08441
1.08555
1.0869
1.08849
1.09022
1.09214
1.0943
1.09668
1.09919
1.10203
1.10517
1.10862
1.11239
1.11658
1.121
1.12577
1.13105
1.13667
1.14288
1.14956
1.15661
1.16389
1.08286
1.08301
1.08322
1.0835
1.08393
1.08448
1.08513
1.08588
1.08674
1.08778
1.08892
1.09025
1.09177
1.09346
1.09533
1.09741
1.09978
1.1023
1.10508
1.10805
1.11139
1.11507
1.11905
1.12337
1.12806
1.1332
1.13857
1.14435
1.15071
1.1574
1.16474
1.17249
1.18048
1.08801
1.08814
1.08844
1.0888
1.0893
1.08989
1.0907
1.09173
1.09284
1.09409
1.09554
1.09713
1.09896
1.10101
1.10325
1.10574
1.10854
1.11149
1.11469
1.11832
1.12233
1.12667
1.13131
1.13626
1.14153
1.14713
1.15312
1.15959
1.16668
1.17406
1.18206
1.19036
1.19942
1.09213
1.09224
1.09249
1.09295
1.09348
1.09423
1.09515
1.09626
1.09756
1.09913
1.10083
1.10281
1.105
1.10737
1.10994
1.11272
1.11574
1.11906
1.1228
1.12677
1.13123
1.13609
1.14127
1.14678
1.15263
1.15881
1.16539
1.17247
1.18023
1.18812
1.19645
1.20564
1.21527
)
;
    }
}


// ************************************************************************* //
