/*--------------------------------*- C++ -*----------------------------------*\
| =========                 |                                                 |
| \\      /  F ield         | OpenFOAM: The Open Source CFD Toolbox           |
|  \\    /   O peration     | Version:  2412                                  |
|   \\  /    A nd           | Website:  www.openfoam.com                      |
|    \\/     M anipulation  |                                                 |
\*---------------------------------------------------------------------------*/
FoamFile
{
    version     2.0;
    format      ascii;
    arch        "LSB;label=32;scalar=64";
    class       volScalarField;
    location    "0.0250162";
    object      Vm_0;
}
// * * * * * * * * * * * * * * * * * * * * * * * * * * * * * * * * * * * * * //

dimensions      [1 2 -3 0 0 -1 0];

internalField   nonuniform List<scalar> 
8679
(
0.007966
0.00797396
0.00798212
0.00799427
0.00801566
0.00804386
0.00807973
0.00812468
0.008173
0.0082291
0.00829013
0.0083647
0.00845261
0.0085558
0.00866811
0.00879383
0.00894097
0.00910722
0.00929024
0.00949043
0.0097105
0.00995062
0.0102141
0.0105069
0.0108373
0.0111937
0.0115914
0.0120236
0.0124796
0.0129799
0.0135249
0.0141118
0.0147395
0.00797945
0.00798318
0.00799201
0.00800876
0.00803025
0.00805546
0.00809158
0.00813221
0.00817872
0.00823739
0.0083056
0.00838285
0.00847073
0.0085689
0.00868015
0.00880967
0.00895178
0.009116
0.0092991
0.00950032
0.00972253
0.00996734
0.0102391
0.0105444
0.0108729
0.0112358
0.0116255
0.0120567
0.0125215
0.0130126
0.0135533
0.0141416
0.0147771
0.0079879
0.00799286
0.00800534
0.00802017
0.00804251
0.00807046
0.00810363
0.00814313
0.00819211
0.00824622
0.008314
0.00839357
0.00848429
0.00858767
0.00870842
0.00884065
0.00899317
0.00916255
0.00934599
0.00954579
0.00977766
0.0100287
0.0103013
0.010602
0.0109394
0.0113008
0.0117018
0.0121362
0.0125956
0.0131053
0.0136607
0.0142567
0.0148917
0.00778279
0.00778304
0.00778388
0.00778311
0.00778362
0.00778452
0.00778634
0.00779095
0.00779622
0.00780516
0.00781666
0.00783094
0.00784896
0.00787255
0.00790443
0.00794146
0.00798988
0.00804904
0.00811874
0.00820032
0.00829676
0.00841188
0.0085412
0.00869215
0.00886167
0.00905943
0.00928527
0.00953836
0.00981859
0.0101284
0.0104703
0.0108466
0.0112612
0.00777996
0.00777952
0.00778031
0.00777913
0.00777953
0.00778035
0.00778229
0.00778701
0.00779125
0.00779995
0.00781232
0.00782822
0.00784878
0.00787592
0.00790772
0.00794694
0.00799174
0.00804923
0.00811938
0.0082037
0.0083058
0.0084202
0.00855184
0.00870639
0.00888136
0.00907455
0.00929709
0.00954855
0.00982861
0.0101388
0.0104826
0.0108631
0.0112843
0.00778285
0.00778134
0.00778009
0.00778143
0.00778325
0.00778424
0.00778459
0.00778564
0.00778994
0.00779467
0.00780581
0.00782354
0.00784925
0.00787819
0.00791376
0.00795503
0.00800726
0.0080702
0.00814384
0.00822967
0.00833124
0.00845207
0.00858689
0.00874292
0.00891672
0.00911736
0.00934386
0.00959439
0.00986838
0.0101828
0.0105415
0.0109303
0.0113529
0.00778424
0.00778266
0.00778134
0.00778287
0.0077853
0.00778718
0.00778843
0.00779047
0.00779587
0.00780178
0.00781424
0.00783347
0.00786056
0.0078922
0.00793033
0.0079741
0.00802887
0.00809444
0.00817112
0.00826097
0.00836684
0.00849201
0.00863118
0.00879201
0.00897029
0.00917458
0.00940292
0.00965239
0.00993666
0.0102575
0.0106178
0.0110217
0.0114551
0.00778103
0.00778092
0.00778235
0.00778229
0.0077844
0.00778755
0.00779194
0.00779924
0.00780651
0.00781869
0.00783536
0.00785647
0.00788319
0.00791741
0.00795666
0.00800372
0.00805762
0.00812449
0.00820526
0.00830167
0.00841663
0.00854392
0.008689
0.0088595
0.00905068
0.00926
0.00949927
0.00976833
0.0100675
0.0103977
0.0107616
0.0111616
0.0116007
0.00831237
0.00831118
0.00830481
0.00829531
0.00828143
0.00826261
0.00823957
0.00821418
0.00818946
0.00816441
0.00813834
0.00811184
0.00808656
0.00806142
0.00803875
0.00801741
0.00799881
0.00798353
0.00797336
0.00796942
0.0079756
0.00798904
0.00801389
0.00804865
0.00809812
0.00816448
0.00824892
0.00835307
0.00847789
0.00862689
0.00880595
0.00901041
0.0092483
0.00831081
0.00830617
0.00829787
0.00828764
0.00827382
0.00825605
0.00823499
0.00821222
0.00818573
0.00815933
0.0081326
0.0081058
0.00808071
0.0080548
0.00803166
0.00801101
0.00799273
0.00797782
0.00796763
0.00796442
0.00797154
0.00798652
0.00801455
0.00805473
0.00810666
0.0081703
0.00825355
0.00835869
0.0084887
0.00863892
0.00881374
0.00901625
0.00925414
0.00829736
0.00829352
0.00828746
0.00827669
0.00826104
0.00824357
0.00822537
0.00820346
0.00818035
0.00815485
0.0081284
0.00810051
0.00807295
0.0080475
0.008022
0.0080008
0.00798409
0.00797265
0.00796807
0.00796823
0.0079753
0.00799408
0.00802313
0.00806153
0.00811583
0.00818647
0.00827422
0.00838057
0.00850851
0.00866103
0.00884325
0.00905043
0.00928696
0.00828164
0.00827722
0.00826993
0.0082576
0.00824339
0.00822714
0.00820949
0.0081888
0.00816649
0.00814153
0.00811533
0.00808877
0.00806236
0.00803816
0.0080141
0.0079947
0.00797992
0.00797052
0.0079682
0.00797091
0.00798035
0.00800071
0.00803005
0.00807439
0.00813363
0.00820885
0.00830093
0.00841135
0.00854347
0.0086995
0.00888359
0.00910143
0.00934705
0.00825725
0.00825275
0.00824409
0.00823368
0.00822048
0.00820382
0.0081842
0.00816284
0.00813878
0.00811458
0.00809036
0.0080668
0.00804534
0.00802371
0.00800552
0.00799018
0.00797737
0.00796959
0.00796717
0.00797247
0.00798901
0.00801363
0.00805125
0.00810081
0.00816061
0.0082385
0.00833609
0.00845523
0.00859746
0.00876724
0.00896082
0.0091824
0.00943943
0.00821661
0.00821186
0.00820359
0.00819426
0.00818241
0.00816737
0.00814946
0.00812996
0.00810783
0.00808589
0.00806504
0.00804579
0.00802571
0.00800592
0.00799102
0.00798019
0.00797273
0.00796913
0.0079713
0.0079819
0.00800405
0.00803456
0.00807878
0.0081353
0.00820263
0.00828878
0.00839514
0.00852312
0.00867343
0.00884945
0.00905599
0.0092885
0.00955188
0.00816521
0.00816207
0.0081566
0.00814775
0.00813701
0.00812363
0.00810833
0.00809313
0.00807541
0.00805513
0.00803635
0.00802004
0.00800361
0.00798824
0.00797835
0.00797317
0.00797191
0.00797478
0.00798359
0.00800114
0.00803116
0.00806977
0.00812136
0.0081843
0.00826569
0.00836609
0.00848594
0.00862646
0.00879029
0.00898038
0.00919838
0.00945008
0.00973067
0.00809896
0.0080988
0.00809594
0.00809094
0.00808395
0.00807398
0.00806117
0.00804746
0.0080345
0.00802065
0.0080073
0.00799502
0.00798497
0.0079781
0.00797371
0.00797506
0.00798155
0.00799311
0.00801065
0.00803623
0.00807309
0.00812474
0.00818747
0.00826796
0.00836592
0.00848072
0.0086123
0.00876983
0.00895514
0.0091711
0.00941058
0.00967846
0.00997923
0.00803261
0.00803176
0.0080304
0.00802519
0.00802007
0.00801488
0.00800979
0.00800255
0.00799406
0.00798427
0.0079766
0.00797182
0.00797126
0.00797242
0.00797671
0.00798876
0.00800721
0.00803204
0.00806384
0.00810419
0.00815588
0.00822311
0.00830185
0.00839868
0.00851107
0.00864537
0.00880234
0.00898355
0.0091901
0.00942328
0.00968479
0.00997616
0.0103028
0.00798618
0.00798677
0.00798499
0.00798152
0.00797582
0.00797096
0.00796721
0.00796572
0.00796316
0.00796396
0.00796707
0.00797204
0.00797967
0.00799189
0.00801234
0.00803825
0.0080687
0.00810825
0.00815676
0.00821558
0.00828727
0.00837523
0.00847421
0.0085898
0.00872772
0.00888653
0.00906432
0.00926996
0.00950364
0.00976577
0.0100579
0.0103834
0.0107465
0.007962
0.00796037
0.00795864
0.00795947
0.00796074
0.00796191
0.00796305
0.00796509
0.00796968
0.00797917
0.00799303
0.00801026
0.00803134
0.00805845
0.00809483
0.00813647
0.00818773
0.00824701
0.00831329
0.00839439
0.00849312
0.008604
0.00872926
0.00887301
0.00904012
0.00922693
0.00944323
0.00968784
0.0099593
0.0102585
0.0105849
0.0109578
0.0113622
0.00796196
0.00796277
0.00796617
0.00796991
0.00797647
0.00798459
0.00799393
0.00800579
0.00802299
0.00804365
0.00807113
0.00810382
0.00814213
0.00818841
0.00824529
0.00830853
0.00838143
0.00846275
0.0085585
0.00866829
0.0087934
0.00893484
0.00909519
0.00927944
0.00948072
0.00970515
0.00996063
0.0102452
0.0105534
0.0109005
0.0112843
0.0117044
0.0121612
0.0080119
0.00801609
0.00802421
0.00803298
0.00804605
0.00806302
0.00808277
0.00810604
0.0081354
0.00817352
0.00821787
0.0082665
0.00832673
0.00839935
0.00847835
0.00856715
0.00866958
0.00878224
0.00891264
0.00905873
0.00922221
0.00940427
0.00960677
0.00983076
0.0100794
0.0103604
0.0106638
0.0110011
0.0113659
0.0117743
0.0122245
0.0127139
0.0132415
0.00810431
0.00810946
0.00812166
0.00813606
0.00815666
0.00818304
0.00821467
0.00825215
0.00829738
0.00835304
0.00841501
0.00848816
0.00857241
0.00866672
0.00877187
0.00888977
0.00902627
0.00917487
0.00934381
0.00953025
0.00973119
0.00996082
0.0102193
0.0105084
0.010816
0.0111509
0.0115232
0.0119211
0.0123604
0.0128289
0.0133503
0.0139177
0.0145289
0.00819544
0.008199
0.00820846
0.00822599
0.00824713
0.00827884
0.008319
0.0083674
0.0084263
0.00849989
0.00858045
0.00867689
0.00878544
0.00890423
0.00903408
0.00917866
0.00934445
0.00952378
0.00972565
0.00994237
0.0101891
0.010463
0.010762
0.0110865
0.0114385
0.0118247
0.0122544
0.0127118
0.0132134
0.0137425
0.0143249
0.0149495
0.0155982
0.00925056
0.00924455
0.0092329
0.00921316
0.00918814
0.00915803
0.00912354
0.00908255
0.0090384
0.00899091
0.00894005
0.00888694
0.00882951
0.00877066
0.00871005
0.00864727
0.00858274
0.00851802
0.00845552
0.00839394
0.0083374
0.0082855
0.00823823
0.00819602
0.00816014
0.00813213
0.00811445
0.00810873
0.00811858
0.00814284
0.00818531
0.0082506
0.00833795
0.00924348
0.00923727
0.00922619
0.00920815
0.00918345
0.00915463
0.00912018
0.00908022
0.00903517
0.00898756
0.00893762
0.00888365
0.00882599
0.00876489
0.00870263
0.00863937
0.00857569
0.00851336
0.00845025
0.00838947
0.00833027
0.00827659
0.00822877
0.0081869
0.00815176
0.00812465
0.00810802
0.00810361
0.00811575
0.00814193
0.00818761
0.00825219
0.00834152
0.009232
0.00922474
0.00921141
0.00919362
0.00916979
0.00913988
0.00910504
0.00906727
0.00902517
0.00897799
0.00892607
0.00887062
0.00881425
0.00875566
0.00869401
0.00863122
0.00856797
0.00850436
0.00844259
0.0083821
0.00832444
0.00826942
0.00822077
0.00817943
0.00814694
0.00812515
0.00811188
0.00810971
0.00812112
0.00815108
0.00819799
0.00826576
0.00835528
0.0092064
0.00919951
0.00918588
0.00916763
0.00914392
0.00911446
0.00908013
0.00904258
0.00900023
0.0089536
0.00890176
0.00884656
0.00879023
0.00873119
0.00866977
0.00860932
0.00854785
0.00848519
0.00842389
0.00836652
0.00831175
0.00825862
0.00821202
0.00817304
0.00814303
0.0081226
0.00811419
0.00811652
0.00813194
0.0081656
0.00821584
0.00828907
0.00838409
0.00916148
0.00915476
0.00914223
0.0091232
0.00909916
0.00907015
0.00903692
0.00899739
0.00895422
0.00890737
0.00885735
0.00880533
0.00874942
0.00869238
0.00863401
0.00857437
0.00851364
0.00845337
0.008396
0.00834025
0.00828996
0.00824451
0.00820416
0.00816951
0.0081418
0.00812321
0.00811612
0.00812194
0.00814421
0.00818182
0.00823791
0.00831783
0.00842226
0.00909701
0.0090907
0.00907881
0.00906084
0.00903882
0.00901276
0.00898081
0.00894306
0.00890011
0.00885473
0.00880752
0.00875661
0.00870205
0.00864449
0.00858681
0.00852926
0.00847226
0.00841719
0.0083631
0.00831163
0.00826374
0.00822183
0.00818576
0.00815578
0.00813322
0.00812028
0.00811909
0.00813242
0.0081624
0.00820814
0.00827311
0.00836236
0.00847669
0.00901041
0.0090058
0.00899499
0.0089786
0.00895733
0.00893099
0.00890029
0.00886587
0.00882743
0.00878441
0.0087374
0.00868763
0.00863523
0.00858027
0.00852567
0.00847141
0.00841819
0.00836706
0.00831659
0.00826854
0.00822729
0.00819158
0.00816051
0.00813437
0.00811879
0.00811588
0.00812776
0.00815245
0.00819198
0.00825051
0.00832546
0.0084233
0.00854958
0.00889306
0.00888772
0.00887765
0.0088621
0.00884286
0.00881981
0.00879045
0.00875675
0.00872072
0.00868163
0.00863941
0.00859536
0.00854871
0.00850058
0.00845165
0.00840182
0.00835482
0.00830836
0.00826358
0.008222
0.0081877
0.00815935
0.00813524
0.00812128
0.00811833
0.00812752
0.00814924
0.00818624
0.00824221
0.00831513
0.00840764
0.00852461
0.00866648
0.00874759
0.00874345
0.00873618
0.0087229
0.00870431
0.0086831
0.0086567
0.00862655
0.00859424
0.00855904
0.00852095
0.00848095
0.00844064
0.00839913
0.0083586
0.00831885
0.00828005
0.00824263
0.00820807
0.0081792
0.00815423
0.00813711
0.008126
0.00812656
0.00813893
0.00816401
0.00820299
0.00825609
0.00832621
0.00841716
0.0085326
0.0086714
0.00883873
0.00859007
0.00858545
0.00857698
0.00856349
0.00854663
0.00852643
0.0085032
0.00847809
0.00844861
0.00841828
0.00838667
0.00835439
0.00832331
0.00829098
0.008261
0.00823279
0.00820597
0.00818099
0.00815874
0.00814124
0.00813131
0.00813152
0.00814095
0.00815871
0.00818968
0.00823423
0.00829438
0.00837027
0.00846419
0.0085792
0.00871944
0.00888914
0.00908588
0.00841421
0.00841003
0.00840312
0.00839129
0.00837767
0.00836162
0.00834357
0.00832351
0.00830026
0.00827742
0.00825431
0.00823083
0.00820824
0.00818733
0.00816768
0.00815129
0.00813872
0.00812972
0.00812482
0.00812589
0.00813579
0.00815617
0.00818537
0.00822652
0.00827874
0.00834905
0.00843776
0.0085455
0.0086732
0.00882324
0.00899779
0.00920241
0.00944126
0.00823229
0.00822915
0.00822282
0.00821564
0.00820595
0.00819459
0.00818162
0.00816637
0.00815069
0.00813763
0.00812546
0.0081134
0.00810243
0.00809464
0.00809177
0.00809272
0.00809522
0.00810458
0.00812106
0.00814567
0.00818076
0.00822807
0.00828514
0.0083549
0.00844297
0.00854811
0.00866871
0.00881205
0.00898048
0.00917439
0.00939646
0.00965045
0.00994291
0.00804069
0.0080386
0.00803421
0.0080296
0.00802224
0.00801636
0.00801187
0.00801008
0.00800773
0.0080086
0.00801042
0.00801248
0.00802048
0.00803062
0.00804465
0.00806585
0.00809194
0.00812675
0.00817135
0.00822621
0.00829276
0.00837164
0.00846561
0.00857915
0.00870831
0.00886056
0.00903291
0.0092243
0.00944488
0.00969566
0.00997855
0.0102954
0.0106488
0.00784585
0.00784574
0.00784685
0.00784684
0.00784813
0.00785019
0.00785427
0.00786113
0.00787104
0.00788769
0.00790787
0.00793143
0.00795805
0.0079882
0.00802395
0.00806761
0.00812403
0.00818977
0.00826332
0.00835309
0.00845924
0.00858394
0.00872919
0.00888968
0.00906969
0.00927551
0.00950293
0.00976044
0.0100459
0.0103582
0.0107136
0.0111113
0.011552
0.00770707
0.00770591
0.00770526
0.00770789
0.00770985
0.00771721
0.00772938
0.00774694
0.00777075
0.00779809
0.00783343
0.00787485
0.00792098
0.00797177
0.00802859
0.00809502
0.00817649
0.00826769
0.00837518
0.00849989
0.00864221
0.00880246
0.00898129
0.00918097
0.0094047
0.00966022
0.00994035
0.0102542
0.0105951
0.0109803
0.0114082
0.0118768
0.0123856
0.0103812
0.0103753
0.0103605
0.0103385
0.0103088
0.0102712
0.0102271
0.0101761
0.0101206
0.0100607
0.00999413
0.00992112
0.00984452
0.00976417
0.0096798
0.00959192
0.00949927
0.0094027
0.00930306
0.00920276
0.00910229
0.00900183
0.00890202
0.00880437
0.00870952
0.0086171
0.00852866
0.00844832
0.0083758
0.00831116
0.00825906
0.00822101
0.00819849
0.0103765
0.0103689
0.0103533
0.0103315
0.0103022
0.0102656
0.0102228
0.0101721
0.0101168
0.010057
0.00999111
0.00991866
0.00984032
0.00975782
0.00967188
0.00958338
0.00948989
0.00939358
0.00929343
0.00919297
0.00909214
0.00899124
0.00889135
0.00879301
0.00869855
0.00860764
0.0085218
0.00844049
0.00836768
0.00830323
0.0082518
0.00821459
0.00819352
0.0103583
0.0103511
0.0103377
0.0103165
0.0102877
0.0102515
0.0102078
0.010159
0.0101043
0.0100434
0.00997732
0.00990547
0.00982903
0.00974768
0.00966158
0.00957163
0.00947936
0.00938312
0.00928574
0.00918694
0.00908673
0.00898554
0.00888477
0.00878609
0.00869047
0.00860047
0.00851411
0.00843501
0.00836325
0.00830292
0.0082551
0.008221
0.00820219
0.0103294
0.0103216
0.0103068
0.0102844
0.0102555
0.0102207
0.0101787
0.0101305
0.0100752
0.0100139
0.00994679
0.00987572
0.00979975
0.0097193
0.00963464
0.00954572
0.00945405
0.00935932
0.00926319
0.00916568
0.00906669
0.00896657
0.00886662
0.00876843
0.00867423
0.00858536
0.00850175
0.00842554
0.0083566
0.0082989
0.00825339
0.00822126
0.00820395
0.010279
0.0102719
0.0102586
0.0102371
0.0102079
0.0101712
0.0101272
0.0100779
0.0100229
0.00996198
0.00989596
0.00982441
0.0097485
0.0096685
0.00958476
0.0094981
0.00940761
0.00931389
0.00921761
0.00912078
0.00902361
0.00892618
0.00882901
0.00873384
0.00864185
0.00855619
0.0084752
0.008403
0.0083394
0.00828482
0.00824379
0.00821753
0.00820754
0.0102089
0.0102024
0.0101881
0.0101663
0.0101376
0.0101022
0.0100598
0.0100104
0.00995597
0.00989693
0.00983188
0.00976076
0.00968389
0.00960335
0.00951984
0.00943404
0.00934475
0.00925263
0.00915808
0.00906343
0.00896886
0.00887451
0.00878076
0.00868915
0.00860093
0.00851918
0.00844212
0.00837387
0.00831427
0.00826704
0.00823342
0.00821494
0.00821293
0.0101065
0.0100982
0.0100828
0.0100613
0.0100331
0.00999854
0.00995864
0.00991289
0.00986045
0.00980153
0.00973709
0.00966771
0.00959349
0.00951412
0.00943258
0.00934733
0.00925947
0.00916985
0.00907847
0.00898749
0.00889731
0.00880767
0.00871874
0.00863182
0.00854961
0.00847362
0.0084036
0.00834115
0.00828934
0.00824912
0.00822022
0.00820812
0.00821499
0.00995803
0.00995004
0.00993527
0.0099147
0.00988758
0.00985385
0.00981439
0.00976854
0.00971798
0.00966259
0.00960058
0.00953347
0.00946283
0.00938808
0.00931031
0.00922864
0.00914487
0.00906099
0.00897519
0.00888836
0.00880305
0.00871953
0.00863783
0.00855917
0.00848544
0.00841767
0.00835895
0.00830746
0.00826728
0.0082377
0.0082227
0.00822338
0.00824069
0.00976367
0.00975797
0.00974514
0.00972562
0.0096998
0.00966754
0.00962986
0.00958714
0.00953957
0.00948645
0.00942825
0.00936539
0.00929823
0.0092282
0.00915523
0.0090796
0.00900219
0.00892448
0.00884554
0.00876675
0.00868746
0.00861201
0.00854058
0.00847411
0.00841223
0.00835692
0.00831087
0.0082718
0.00824357
0.00822983
0.00823067
0.0082513
0.00829278
0.0095289
0.0095217
0.00950752
0.00948893
0.00946514
0.00943601
0.0094024
0.00936318
0.00931895
0.00926916
0.00921428
0.00915555
0.00909486
0.00903068
0.00896223
0.00889372
0.00882577
0.00875826
0.00868996
0.00862315
0.00855716
0.00849548
0.00843782
0.00838534
0.00833883
0.00829861
0.00826686
0.0082457
0.00823694
0.00824535
0.00826976
0.00831499
0.00838077
0.00924801
0.00924065
0.00922737
0.00920929
0.00918682
0.0091597
0.00912881
0.00909381
0.00905413
0.00900875
0.00896039
0.00890985
0.00885591
0.00879904
0.0087398
0.00868113
0.00862317
0.00856637
0.00851193
0.00845749
0.00840602
0.00836009
0.00831991
0.00828492
0.00825537
0.00823658
0.00823079
0.00823905
0.00825959
0.00829646
0.00835313
0.00842785
0.00852772
0.00891658
0.00891183
0.00890054
0.00888471
0.00886337
0.00883933
0.00881324
0.00878332
0.00875012
0.00871368
0.00867339
0.00862983
0.00858415
0.00853704
0.00849199
0.00844806
0.00840466
0.00836214
0.00832146
0.00828387
0.0082522
0.00822852
0.00821209
0.00820206
0.00820279
0.00821505
0.00824
0.00827947
0.00833594
0.00841151
0.00851099
0.00863066
0.00877698
0.00853204
0.00852728
0.0085184
0.00850634
0.00849071
0.00847147
0.00844923
0.00842535
0.00840018
0.00837303
0.0083422
0.0083112
0.00828161
0.00825128
0.00822172
0.00819307
0.00816782
0.00814577
0.0081276
0.00811488
0.00811003
0.00811608
0.00813042
0.00815779
0.0081966
0.00824628
0.00831247
0.00839611
0.00849988
0.00862688
0.00878101
0.00896573
0.00917888
0.00810524
0.00810368
0.00809772
0.00808896
0.00807558
0.0080619
0.0080486
0.00803523
0.00801998
0.00800591
0.00799135
0.00797605
0.0079605
0.00794561
0.00793358
0.00792662
0.00792462
0.0079257
0.00793486
0.00795452
0.00798719
0.00802988
0.00808368
0.00815329
0.0082357
0.00833743
0.00845716
0.00859412
0.00875845
0.00895291
0.00918232
0.00943971
0.00972953
0.00777049
0.00776721
0.00776196
0.00775611
0.00774867
0.00773957
0.00773358
0.00772643
0.00771927
0.00771329
0.00770757
0.00770536
0.00770642
0.00771179
0.00771845
0.00772999
0.00774984
0.00777539
0.00780764
0.00785381
0.00791493
0.00799275
0.00808261
0.00818751
0.0083135
0.00845663
0.00862426
0.00881301
0.00903333
0.00928742
0.00957558
0.00989862
0.0102599
0.011576
0.0115675
0.0115512
0.0115266
0.0114949
0.0114543
0.0114049
0.0113494
0.0112879
0.0112205
0.011145
0.0110638
0.0109771
0.0108848
0.0107856
0.0106794
0.0105664
0.0104486
0.0103263
0.0102001
0.0100712
0.00993969
0.00980526
0.00966913
0.00953048
0.00939288
0.00925664
0.00912097
0.0089871
0.00885953
0.00873774
0.00862257
0.00851752
0.0115687
0.0115608
0.0115459
0.0115224
0.0114908
0.0114515
0.0114046
0.0113506
0.011289
0.0112203
0.0111445
0.011062
0.0109742
0.0108794
0.0107782
0.0106711
0.0105571
0.010439
0.0103168
0.0101915
0.010063
0.00993054
0.00979442
0.00965746
0.0095192
0.00938179
0.00924554
0.0091109
0.00897898
0.00885147
0.00872903
0.00861432
0.00850908
0.01155
0.0115428
0.0115275
0.0115043
0.0114728
0.0114333
0.0113872
0.0113336
0.0112718
0.0112027
0.0111281
0.0110468
0.0109586
0.0108639
0.0107635
0.0106571
0.0105455
0.0104287
0.0103068
0.0101802
0.0100498
0.00991589
0.00978072
0.00964294
0.00950529
0.00936738
0.00922898
0.00909349
0.0089623
0.0088357
0.00871618
0.00860533
0.00850369
0.0115203
0.0115127
0.0114983
0.0114757
0.0114445
0.0114052
0.0113593
0.0113052
0.0112437
0.0111744
0.0110994
0.0110177
0.0109299
0.0108355
0.0107356
0.0106296
0.0105186
0.0104024
0.0102809
0.0101545
0.010024
0.00989084
0.00975575
0.00961866
0.00948111
0.00934281
0.00920621
0.00907234
0.00894249
0.00881706
0.00869828
0.00858892
0.00849123
0.0114735
0.0114664
0.0114508
0.0114271
0.0113948
0.0113547
0.011308
0.011254
0.0111922
0.0111236
0.0110476
0.0109653
0.0108766
0.010782
0.0106824
0.010576
0.0104651
0.0103494
0.0102289
0.010104
0.00997593
0.00984506
0.00971107
0.00957508
0.00943919
0.00930437
0.00917025
0.00903776
0.00890961
0.00878775
0.0086747
0.00856854
0.00847236
0.0114021
0.0113948
0.0113789
0.0113547
0.0113236
0.0112845
0.0112369
0.0111818
0.0111196
0.0110508
0.010975
0.0108933
0.0108055
0.0107122
0.0106126
0.0105067
0.0103948
0.0102785
0.0101582
0.0100344
0.00990807
0.0097794
0.00964756
0.00951332
0.00938014
0.00924752
0.00911507
0.00898631
0.00886287
0.00874532
0.00863607
0.00853657
0.00844699
0.0112943
0.0112859
0.0112699
0.0112455
0.0112143
0.011175
0.011129
0.0110753
0.0110136
0.0109447
0.0108704
0.0107898
0.0107022
0.010608
0.0105081
0.0104028
0.0102923
0.010178
0.01006
0.00993892
0.00981571
0.00969045
0.00956212
0.0094313
0.00930143
0.00917214
0.00904614
0.00892402
0.00880664
0.00869528
0.00859039
0.00849499
0.0084111
0.0111272
0.0111197
0.0111045
0.0110817
0.0110509
0.0110123
0.0109676
0.0109154
0.0108552
0.0107878
0.0107143
0.0106337
0.010548
0.0104575
0.0103605
0.0102583
0.0101518
0.0100401
0.00992384
0.00980576
0.00968585
0.00956515
0.00944243
0.00931821
0.00919537
0.00907366
0.00895598
0.00884264
0.0087341
0.00863147
0.00853696
0.00845177
0.00837934
0.0109043
0.0108972
0.0108818
0.010859
0.0108295
0.0107924
0.0107493
0.0106996
0.0106423
0.0105778
0.0105063
0.0104279
0.0103443
0.0102557
0.0101621
0.0100645
0.00996205
0.00985576
0.00974502
0.00963215
0.00951733
0.00940158
0.00928607
0.00917242
0.00905906
0.00894739
0.0088384
0.00873435
0.00863553
0.00854288
0.00846139
0.00839232
0.00833882
0.0106185
0.0106094
0.0105924
0.0105697
0.0105407
0.0105055
0.0104656
0.0104189
0.0103643
0.010302
0.0102328
0.0101582
0.0100773
0.00999155
0.00990292
0.00981102
0.00971467
0.00961533
0.00951402
0.00941028
0.00930366
0.00919757
0.00909328
0.00898948
0.00888735
0.00878774
0.00869265
0.0086032
0.00852237
0.00845116
0.00839073
0.00834322
0.00830969
0.0102564
0.0102478
0.0102319
0.0102086
0.0101795
0.010145
0.0101056
0.0100589
0.0100069
0.00994941
0.00988712
0.00981777
0.00974317
0.00966289
0.00957967
0.00949432
0.00940723
0.00931707
0.00922436
0.00913191
0.00903904
0.00894563
0.00885204
0.00876238
0.00867841
0.00859775
0.00852312
0.0084564
0.00839816
0.0083517
0.00831716
0.00829498
0.00829193
0.00980425
0.00979708
0.00978322
0.00976215
0.00973526
0.00970303
0.00966612
0.00962335
0.00957591
0.00952298
0.00946427
0.00940034
0.00933291
0.00926043
0.00918664
0.00911144
0.00903496
0.00895656
0.00887834
0.00880022
0.00872415
0.00864932
0.0085752
0.00850728
0.00844541
0.00839077
0.00834558
0.0083089
0.00828322
0.00827233
0.00827692
0.00829661
0.0083383
0.00924833
0.00924433
0.00923311
0.00921649
0.0091938
0.00916484
0.00913018
0.00909095
0.00904949
0.00900438
0.00895484
0.00890174
0.00884692
0.00878811
0.00872849
0.00866792
0.00860651
0.00854444
0.00848309
0.00842461
0.00837047
0.00832062
0.0082777
0.00824228
0.00821464
0.00819548
0.00818611
0.00818838
0.00820552
0.00824184
0.0082954
0.00837019
0.0084738
0.00861636
0.00861171
0.00860292
0.00858735
0.008568
0.00854488
0.00851842
0.0084895
0.00845583
0.00842051
0.00838235
0.00834132
0.00829874
0.00825537
0.00821096
0.00816762
0.00812613
0.00808603
0.00804855
0.00801578
0.00799
0.00797262
0.00796339
0.00796604
0.00798008
0.0080075
0.00804875
0.00810517
0.00817947
0.00827517
0.00839492
0.00854416
0.00872016
0.00811293
0.00810818
0.00809818
0.0080846
0.00806721
0.00804884
0.0080298
0.00800708
0.00798062
0.00795413
0.00792624
0.00789655
0.00786567
0.00783508
0.00780674
0.00777862
0.00775475
0.00773408
0.00771701
0.00770988
0.00770937
0.00771747
0.0077372
0.00777163
0.00782035
0.00788839
0.00797498
0.00808168
0.00821
0.00836231
0.00854189
0.00875104
0.00899487
0.0127478
0.0127398
0.0127245
0.0127006
0.0126674
0.0126256
0.0125769
0.0125211
0.0124581
0.0123866
0.0123076
0.0122213
0.0121279
0.0120265
0.0119174
0.0118005
0.0116759
0.0115448
0.0114073
0.0112632
0.0111133
0.0109568
0.0107957
0.01063
0.0104601
0.010287
0.0101106
0.00993322
0.00975645
0.00957986
0.00940556
0.0092339
0.00906583
0.0127429
0.0127354
0.0127195
0.0126957
0.0126636
0.0126234
0.0125752
0.0125202
0.0124572
0.0123855
0.0123056
0.012219
0.0121246
0.0120218
0.0119106
0.0117925
0.0116678
0.011537
0.0113985
0.0112537
0.0111037
0.0109478
0.0107857
0.0106195
0.0104498
0.0102766
0.0101014
0.00992523
0.00974847
0.00957252
0.00939751
0.00922617
0.00905939
0.0127298
0.0127213
0.012704
0.0126801
0.012649
0.0126096
0.0125617
0.012506
0.0124418
0.0123705
0.012291
0.0122031
0.0121074
0.0120056
0.0118966
0.0117795
0.0116544
0.0115218
0.0113828
0.0112381
0.0110866
0.0109307
0.0107703
0.0106056
0.0104363
0.0102634
0.0100875
0.00991072
0.00973455
0.00955845
0.00938446
0.00921332
0.00904825
0.012701
0.0126934
0.0126772
0.0126532
0.0126215
0.0125825
0.0125354
0.0124793
0.012415
0.0123427
0.012263
0.0121754
0.0120798
0.0119779
0.0118688
0.0117516
0.0116262
0.0114936
0.0113547
0.0112098
0.0110589
0.0109034
0.0107434
0.0105791
0.0104098
0.0102365
0.010061
0.00988409
0.00970694
0.00953106
0.00935766
0.00918991
0.00902802
0.0126586
0.0126509
0.0126342
0.0126095
0.0125771
0.0125376
0.0124893
0.0124327
0.0123674
0.012295
0.012215
0.0121271
0.0120319
0.0119289
0.0118187
0.0117008
0.0115754
0.0114433
0.0113059
0.0111618
0.0110117
0.0108553
0.0106954
0.0105311
0.0103626
0.010191
0.0100163
0.00984099
0.00966676
0.00949334
0.00932276
0.00915553
0.00899521
0.0125902
0.012582
0.0125655
0.0125409
0.0125083
0.0124677
0.012419
0.0123617
0.0122962
0.0122231
0.0121427
0.0120552
0.01196
0.0118568
0.0117463
0.0116281
0.0115022
0.0113693
0.0112308
0.011087
0.0109368
0.0107826
0.0106243
0.0104619
0.010295
0.0101251
0.00995223
0.00977871
0.00960582
0.00943553
0.00926764
0.00910536
0.00894989
0.012484
0.0124754
0.012459
0.0124339
0.0123995
0.0123566
0.0123067
0.0122491
0.0121845
0.0121115
0.0120316
0.0119445
0.0118487
0.011745
0.0116347
0.0115173
0.0113929
0.0112621
0.011126
0.0109829
0.0108345
0.0106822
0.0105254
0.0103637
0.0101978
0.0100299
0.00986235
0.00969327
0.00952492
0.00935916
0.00919582
0.00903771
0.00888571
0.0123099
0.0123026
0.0122856
0.0122609
0.0122286
0.0121883
0.0121401
0.0120832
0.0120182
0.0119464
0.011867
0.0117797
0.0116847
0.0115834
0.0114742
0.0113584
0.0112359
0.0111065
0.0109708
0.0108304
0.0106857
0.0105358
0.0103817
0.0102243
0.0100626
0.0098995
0.00973706
0.00957536
0.00941421
0.00925498
0.00910026
0.00895042
0.00880926
0.0120698
0.0120607
0.0120435
0.0120194
0.0119882
0.0119482
0.0119009
0.0118451
0.0117811
0.0117097
0.0116301
0.0115435
0.0114501
0.0113506
0.0112439
0.0111306
0.0110099
0.0108838
0.010753
0.0106185
0.0104778
0.0103327
0.0101848
0.0100335
0.00988066
0.00972648
0.00957174
0.00941775
0.0092646
0.00911498
0.00897153
0.00883418
0.00870586
0.0117378
0.0117297
0.0117138
0.0116902
0.0116584
0.0116192
0.0115723
0.011518
0.0114552
0.011385
0.0113075
0.0112234
0.0111321
0.0110338
0.0109293
0.0108191
0.010704
0.0105847
0.0104606
0.0103319
0.0101978
0.01006
0.0099195
0.00977869
0.00963655
0.0094927
0.00935005
0.00920984
0.00907205
0.00893895
0.00881192
0.00869461
0.00858665
0.011303
0.0112942
0.0112776
0.0112527
0.011221
0.0111829
0.0111362
0.0110827
0.0110217
0.0109536
0.0108797
0.0107983
0.0107106
0.0106167
0.0105173
0.0104136
0.0103052
0.0101923
0.0100743
0.00995322
0.00982911
0.00970247
0.0095748
0.00944717
0.00931957
0.00919302
0.00906742
0.00894609
0.0088299
0.00871999
0.00861822
0.00852612
0.00844816
0.0107338
0.0107258
0.010711
0.0106887
0.0106585
0.0106205
0.0105756
0.0105242
0.0104667
0.0104029
0.0103321
0.0102554
0.0101727
0.0100851
0.00999288
0.00989696
0.00979844
0.00969509
0.00958921
0.00948037
0.0093708
0.00926053
0.00915021
0.00904163
0.00893695
0.00883422
0.00873616
0.00864271
0.00855761
0.00848182
0.00841624
0.00836261
0.00832375
0.010016
0.0100088
0.00999505
0.00997285
0.00994463
0.00991026
0.00987039
0.0098229
0.00977047
0.00971257
0.00964902
0.00958076
0.00950841
0.00943173
0.00934988
0.00926591
0.00918078
0.00909255
0.00900311
0.00891408
0.00882577
0.00873735
0.00865191
0.00857039
0.00849437
0.00842538
0.00836233
0.00830669
0.00826271
0.00823006
0.00821342
0.00821397
0.00823516
0.00919421
0.00918829
0.00917736
0.00915886
0.00913445
0.00910544
0.00907224
0.00903227
0.00898776
0.00893848
0.00888421
0.00882532
0.00876296
0.00869892
0.00863147
0.00856315
0.00849389
0.00842401
0.00835522
0.00828978
0.00822702
0.00816908
0.00811518
0.00806642
0.00802706
0.00799819
0.00798121
0.00797742
0.00798581
0.00801055
0.00805594
0.00812227
0.00821444
0.00854462
0.00853948
0.00852989
0.00851315
0.00849223
0.0084666
0.00843656
0.008403
0.00836375
0.00832192
0.0082766
0.00822763
0.00817618
0.00812428
0.00806966
0.0080158
0.00796198
0.00790814
0.00785915
0.00781285
0.0077705
0.00773461
0.00770746
0.00768919
0.00768454
0.00769385
0.00771747
0.00775637
0.00781242
0.00788865
0.00798914
0.0081176
0.00827163
0.0138618
0.0138545
0.0138388
0.0138151
0.0137836
0.0137448
0.0136976
0.0136418
0.0135788
0.013507
0.0134265
0.013338
0.0132401
0.0131332
0.0130161
0.0128897
0.012754
0.0126094
0.0124572
0.0122975
0.0121294
0.011954
0.0117712
0.0115814
0.011385
0.0111831
0.0109746
0.0107623
0.0105472
0.0103304
0.0101122
0.00989497
0.00968032
0.0138568
0.0138497
0.0138342
0.0138112
0.0137805
0.0137411
0.0136932
0.0136371
0.0135738
0.0135022
0.0134221
0.0133327
0.0132341
0.0131258
0.013008
0.0128815
0.0127467
0.0126024
0.0124495
0.0122883
0.0121195
0.0119439
0.0117616
0.0115715
0.0113746
0.0111724
0.0109648
0.0107522
0.0105373
0.0103202
0.0101027
0.00988606
0.00967087
0.0138478
0.0138401
0.0138241
0.0138006
0.0137692
0.0137295
0.0136816
0.0136253
0.0135616
0.0134893
0.0134078
0.0133175
0.0132172
0.0131087
0.0129923
0.0128659
0.0127308
0.0125864
0.0124337
0.012273
0.0121043
0.0119275
0.0117426
0.0115515
0.011355
0.0111527
0.0109468
0.0107364
0.0105227
0.0103067
0.0100887
0.00987149
0.00965687
0.0138234
0.0138156
0.0137993
0.0137756
0.0137447
0.013706
0.0136582
0.0136015
0.0135371
0.0134639
0.0133816
0.0132907
0.0131901
0.013081
0.012964
0.0128367
0.0127005
0.0125564
0.0124043
0.0122438
0.0120753
0.0118981
0.0117137
0.0115229
0.0113267
0.0111245
0.0109184
0.0107089
0.0104957
0.0102802
0.0100625
0.00984555
0.00963074
0.0137889
0.0137808
0.0137638
0.0137393
0.0137076
0.0136679
0.013619
0.0135611
0.0134956
0.0134216
0.0133391
0.0132478
0.0131478
0.0130386
0.0129201
0.0127919
0.0126555
0.01251
0.012357
0.0121963
0.0120272
0.0118503
0.011666
0.0114763
0.0112803
0.0110789
0.0108725
0.0106624
0.0104497
0.0102353
0.0100195
0.00980484
0.00959364
0.0137292
0.0137202
0.0137033
0.0136779
0.0136442
0.0136034
0.0135547
0.0134985
0.0134333
0.0133586
0.0132747
0.0131824
0.0130809
0.0129712
0.0128521
0.0127231
0.0125862
0.0124402
0.0122867
0.0121254
0.0119564
0.0117791
0.011595
0.0114046
0.0112088
0.0110074
0.0108025
0.0105947
0.0103839
0.0101714
0.00995767
0.00974513
0.00953535
0.0136211
0.0136122
0.0135959
0.0135713
0.0135389
0.0134975
0.0134473
0.0133889
0.0133224
0.013247
0.013163
0.0130715
0.0129708
0.0128606
0.0127413
0.0126128
0.0124765
0.0123316
0.0121791
0.0120187
0.0118508
0.011675
0.0114924
0.0113035
0.0111093
0.0109091
0.0107047
0.0104963
0.0102868
0.0100767
0.00986765
0.00966094
0.00945706
0.0134484
0.0134416
0.0134255
0.0134006
0.0133672
0.0133255
0.013275
0.0132158
0.0131489
0.0130736
0.0129897
0.0128979
0.0127967
0.0126868
0.0125682
0.0124411
0.0123066
0.0121632
0.0120118
0.0118519
0.0116854
0.0115123
0.0113323
0.011147
0.0109571
0.0107618
0.0105627
0.0103598
0.0101558
0.00995109
0.00974723
0.00954655
0.00935082
0.0131886
0.0131804
0.0131636
0.0131384
0.0131048
0.0130627
0.0130125
0.0129539
0.0128862
0.0128095
0.0127251
0.0126339
0.0125337
0.0124259
0.0123097
0.0121848
0.0120517
0.0119102
0.0117618
0.0116071
0.0114454
0.0112765
0.0111019
0.0109229
0.0107397
0.0105518
0.01036
0.0101664
0.0099711
0.00977501
0.00958063
0.00939035
0.0092066
0.0128104
0.0128018
0.0127857
0.012761
0.0127272
0.0126855
0.0126351
0.0125768
0.0125093
0.0124334
0.0123486
0.0122567
0.0121578
0.012051
0.0119367
0.0118141
0.0116854
0.011551
0.0114097
0.0112615
0.0111069
0.0109454
0.0107792
0.0106087
0.0104348
0.0102569
0.0100771
0.00989665
0.00971508
0.00953583
0.00935966
0.00918812
0.00902197
0.0122874
0.0122788
0.0122629
0.0122381
0.0122041
0.0121615
0.0121114
0.0120529
0.0119859
0.0119113
0.0118299
0.0117411
0.0116443
0.0115402
0.0114298
0.0113117
0.0111885
0.0110598
0.0109257
0.0107857
0.0106411
0.0104916
0.0103379
0.0101799
0.0100199
0.00985822
0.00969552
0.00953394
0.00937445
0.00921792
0.00906616
0.00891971
0.00878246
0.0115861
0.0115771
0.0115605
0.0115348
0.0115028
0.0114622
0.0114128
0.0113563
0.0112926
0.0112224
0.011146
0.0110631
0.0109727
0.0108745
0.0107694
0.0106589
0.0105434
0.0104228
0.0102987
0.0101711
0.0100404
0.00990744
0.00977128
0.00963266
0.00949484
0.00935692
0.0092188
0.00908404
0.00895451
0.00883234
0.0087157
0.00860799
0.0085121
0.0107056
0.0106974
0.010681
0.0106581
0.0106277
0.0105896
0.0105444
0.0104904
0.0104308
0.010366
0.0102965
0.0102201
0.0101384
0.0100508
0.00995733
0.00985867
0.00975624
0.00965065
0.00954233
0.00943303
0.0093223
0.00921008
0.00909686
0.00898399
0.00887374
0.00876713
0.00866446
0.00856851
0.00847947
0.00839768
0.00832806
0.00827293
0.00823523
0.00973678
0.00973047
0.00971895
0.00970026
0.0096734
0.00963955
0.00959795
0.00954992
0.00949441
0.00943486
0.00937142
0.00930457
0.00923206
0.00915616
0.00907606
0.00899217
0.00890491
0.00881544
0.00872583
0.00863724
0.00854838
0.00846259
0.00837944
0.00829922
0.00822343
0.00815397
0.00809163
0.00803987
0.00800093
0.00797549
0.007968
0.0079788
0.00800845
0.00899004
0.00898516
0.00897351
0.00895635
0.00893233
0.00890082
0.0088622
0.0088181
0.00876923
0.00871645
0.00865923
0.00859777
0.00853284
0.00846488
0.00839359
0.00832122
0.00824765
0.00817326
0.00809942
0.00802756
0.00796003
0.00789496
0.00783458
0.00777957
0.00773399
0.0076984
0.00767386
0.0076625
0.00766796
0.00769327
0.00773754
0.00780474
0.00789439
0.0148952
0.0148887
0.0148733
0.014851
0.0148219
0.0147848
0.0147387
0.0146841
0.0146214
0.0145486
0.0144664
0.0143742
0.0142708
0.0141576
0.0140336
0.0138975
0.0137496
0.0135911
0.0134227
0.0132453
0.0130584
0.0128622
0.0126571
0.0124427
0.0122199
0.0119887
0.0117511
0.0115085
0.0112609
0.0110101
0.0107566
0.0105016
0.010246
0.0148915
0.0148845
0.0148694
0.0148472
0.0148178
0.0147803
0.0147341
0.0146797
0.0146161
0.0145427
0.0144603
0.014368
0.0142648
0.0141507
0.0140258
0.0138893
0.0137416
0.0135827
0.0134141
0.0132364
0.0130482
0.012851
0.0126454
0.0124306
0.0122077
0.0119769
0.011739
0.0114968
0.0112501
0.0109986
0.0107447
0.0104895
0.0102341
0.0148829
0.0148753
0.0148597
0.0148362
0.0148045
0.0147655
0.0147185
0.0146644
0.0146019
0.0145307
0.014449
0.0143558
0.0142514
0.0141357
0.0140083
0.0138703
0.0137224
0.0135642
0.0133962
0.0132175
0.0130289
0.0128306
0.0126235
0.0124087
0.0121861
0.0119573
0.011721
0.0114785
0.0112315
0.0109802
0.0107247
0.0104685
0.0102131
0.0148666
0.0148579
0.0148413
0.0148168
0.0147843
0.0147438
0.0146961
0.0146406
0.0145776
0.0145053
0.0144227
0.0143288
0.0142239
0.0141079
0.0139801
0.0138417
0.0136934
0.013535
0.0133667
0.0131876
0.0129987
0.0128002
0.0125928
0.0123779
0.0121554
0.0119267
0.0116907
0.0114483
0.0112009
0.0109496
0.0106947
0.0104392
0.0101853
0.0148375
0.0148292
0.0148123
0.0147876
0.0147555
0.0147145
0.0146656
0.0146084
0.0145426
0.0144682
0.0143843
0.0142898
0.0141839
0.0140678
0.0139408
0.0138028
0.0136532
0.0134931
0.0133225
0.013142
0.0129527
0.0127546
0.0125467
0.0123319
0.0121103
0.0118803
0.0116434
0.0114009
0.0111547
0.0109052
0.0106522
0.0103969
0.0101431
0.0147865
0.0147774
0.0147607
0.014736
0.0147039
0.0146637
0.0146156
0.0145585
0.014492
0.0144164
0.0143304
0.0142335
0.0141257
0.0140071
0.0138768
0.0137362
0.0135859
0.0134256
0.0132557
0.0130751
0.012885
0.0126855
0.0124772
0.0122612
0.0120374
0.0118071
0.0115717
0.0113306
0.0110851
0.0108361
0.0105841
0.0103317
0.0100812
0.0146867
0.0146778
0.0146603
0.0146352
0.0146021
0.0145612
0.0145118
0.0144537
0.0143866
0.01431
0.0142237
0.014127
0.0140192
0.0139004
0.0137698
0.0136291
0.0134788
0.0133189
0.0131495
0.0129693
0.0127791
0.0125804
0.0123737
0.0121586
0.011936
0.0117062
0.0114699
0.0112295
0.0109849
0.0107385
0.0104907
0.0102427
0.00999583
0.0145111
0.0145028
0.0144855
0.0144601
0.0144258
0.0143832
0.0143327
0.0142737
0.0142051
0.0141273
0.0140402
0.0139429
0.013835
0.0137163
0.013588
0.0134496
0.0132999
0.013141
0.0129728
0.0127951
0.0126083
0.0124123
0.012207
0.0119948
0.0117755
0.0115502
0.0113194
0.0110822
0.0108414
0.010599
0.010355
0.0101102
0.00986808
0.0142214
0.0142134
0.0141967
0.0141705
0.0141352
0.0140917
0.0140399
0.01398
0.0139106
0.0138312
0.0137425
0.013645
0.0135377
0.0134207
0.0132943
0.0131585
0.0130125
0.0128575
0.0126938
0.0125209
0.0123387
0.012149
0.0119513
0.0117465
0.0115348
0.0113167
0.0110929
0.0108638
0.0106315
0.0103974
0.0101613
0.00992697
0.00969543
0.013775
0.013766
0.0137491
0.0137231
0.0136882
0.0136448
0.0135936
0.0135332
0.0134628
0.0133831
0.0132943
0.0131972
0.0130905
0.0129762
0.0128529
0.0127209
0.0125814
0.0124329
0.012276
0.0121106
0.0119365
0.0117548
0.0115651
0.0113695
0.0111693
0.0109639
0.0107532
0.0105379
0.0103217
0.0101031
0.00988383
0.00966699
0.00945537
0.0131343
0.0131252
0.0131085
0.0130828
0.0130484
0.013006
0.0129543
0.0128939
0.0128239
0.012746
0.0126596
0.0125644
0.0124609
0.0123506
0.0122323
0.0121056
0.0119726
0.0118317
0.0116837
0.0115287
0.0113662
0.0111977
0.0110232
0.0108431
0.0106587
0.0104715
0.01028
0.0100856
0.00988995
0.00969599
0.00950502
0.00931782
0.00913765
0.0122867
0.012277
0.0122587
0.012233
0.0121998
0.0121594
0.0121108
0.012053
0.0119861
0.0119115
0.0118294
0.01174
0.0116428
0.0115373
0.0114247
0.0113072
0.0111839
0.0110544
0.0109186
0.0107773
0.0106305
0.0104802
0.0103252
0.0101672
0.0100069
0.00984419
0.00967986
0.00951567
0.00935278
0.00919447
0.00904025
0.0088937
0.00875638
0.0112752
0.0112672
0.0112514
0.0112279
0.0111961
0.0111564
0.0111093
0.0110535
0.0109906
0.0109215
0.010845
0.010762
0.0106715
0.0105754
0.0104745
0.0103682
0.0102565
0.0101408
0.0100217
0.00989875
0.00977211
0.0096427
0.00951046
0.0093775
0.00924517
0.00911273
0.00898397
0.00885994
0.00874022
0.00862632
0.00852043
0.00842391
0.00834054
0.0102119
0.010204
0.0101893
0.0101665
0.0101372
0.0101012
0.0100569
0.0100053
0.00994581
0.00988091
0.00981128
0.0097356
0.00965511
0.00956914
0.00947776
0.00938395
0.00928644
0.00918542
0.00908335
0.00897868
0.00887422
0.0087697
0.0086655
0.00856263
0.00846121
0.00836364
0.00827177
0.00818961
0.00811642
0.00805608
0.00800941
0.00797743
0.0079621
0.00940308
0.00939476
0.00937945
0.00935775
0.00932974
0.00929454
0.00925247
0.00920376
0.00914829
0.00908803
0.00902319
0.00895428
0.00887999
0.00880052
0.00871628
0.0086303
0.00854305
0.00845553
0.00836922
0.00828169
0.00819555
0.00810959
0.00802799
0.00795067
0.00787825
0.00781211
0.00775461
0.00770732
0.007674
0.00765739
0.00765729
0.00767757
0.00771791
0.0158397
0.0158325
0.015818
0.0157959
0.0157669
0.0157298
0.0156851
0.0156326
0.0155704
0.0154968
0.0154105
0.0153107
0.015198
0.0150708
0.0149297
0.0147758
0.0146082
0.0144295
0.0142401
0.0140405
0.0138297
0.0136085
0.0133768
0.0131361
0.0128868
0.0126296
0.0123655
0.0120947
0.0118188
0.0115379
0.0112528
0.0109668
0.0106794
0.0158385
0.0158309
0.0158157
0.0157935
0.0157642
0.0157262
0.0156805
0.0156261
0.0155627
0.0154888
0.0154017
0.0153015
0.0151886
0.0150628
0.0149225
0.0147692
0.0146021
0.0144238
0.0142348
0.0140341
0.0138221
0.0135998
0.0133673
0.0131261
0.0128765
0.0126193
0.0123546
0.0120839
0.0118092
0.0115291
0.0112457
0.0109603
0.0106744
0.0158251
0.0158181
0.0158043
0.0157818
0.0157522
0.0157144
0.0156685
0.0156146
0.0155515
0.0154775
0.015391
0.0152912
0.015177
0.0150486
0.0149068
0.0147533
0.0145876
0.0144098
0.0142197
0.0140176
0.0138053
0.0135829
0.0133517
0.0131112
0.012862
0.0126046
0.0123398
0.0120688
0.0117922
0.0115119
0.0112288
0.0109438
0.0106586
0.0158086
0.0158011
0.0157867
0.0157633
0.0157317
0.0156919
0.0156452
0.0155902
0.0155265
0.0154524
0.0153649
0.0152637
0.0151491
0.0150206
0.0148792
0.0147249
0.0145587
0.0143804
0.0141897
0.0139867
0.0137733
0.0135505
0.0133182
0.0130762
0.0128268
0.0125696
0.0123061
0.0120357
0.0117599
0.0114795
0.0111973
0.0109129
0.0106296
0.0157929
0.0157853
0.0157706
0.0157468
0.0157136
0.0156723
0.0156224
0.0155635
0.0154963
0.0154193
0.0153308
0.0152291
0.0151138
0.0149845
0.0148414
0.0146856
0.0145173
0.0143374
0.0141457
0.013943
0.0137303
0.0135073
0.0132752
0.0130342
0.0127846
0.0125268
0.0122617
0.011991
0.0117148
0.0114354
0.0111534
0.0108697
0.0105862
0.0157574
0.0157494
0.0157337
0.0157096
0.0156765
0.015634
0.0155825
0.0155225
0.0154532
0.0153734
0.0152822
0.0151783
0.0150607
0.0149293
0.014785
0.0146279
0.0144589
0.0142779
0.0140846
0.0138803
0.0136654
0.0134413
0.0132074
0.0129639
0.012713
0.0124543
0.0121894
0.0119197
0.0116449
0.0113656
0.0110842
0.0108007
0.0105181
0.0156682
0.0156597
0.0156428
0.0156176
0.0155835
0.0155404
0.0154878
0.0154264
0.0153565
0.0152761
0.015184
0.0150792
0.0149605
0.014828
0.0146825
0.0145244
0.0143544
0.0141735
0.013982
0.0137786
0.0135639
0.0133391
0.0131043
0.012861
0.0126101
0.0123521
0.012088
0.0118179
0.0115438
0.0112659
0.0109852
0.0107049
0.0104249
0.015477
0.0154684
0.0154512
0.0154263
0.0153917
0.015347
0.0152939
0.0152321
0.015161
0.0150798
0.0149872
0.0148815
0.0147636
0.0146329
0.0144893
0.0143334
0.0141667
0.0139884
0.013799
0.013598
0.0133858
0.0131632
0.0129312
0.0126898
0.0124422
0.0121874
0.0119264
0.01166
0.0113901
0.0111168
0.0108411
0.010566
0.0102916
0.0151349
0.0151255
0.0151078
0.0150816
0.0150461
0.015002
0.014949
0.0148861
0.0148129
0.0147301
0.0146366
0.0145311
0.0144146
0.0142875
0.0141494
0.0139992
0.013838
0.0136662
0.0134832
0.0132891
0.0130845
0.0128704
0.012647
0.012416
0.0121767
0.0119304
0.0116785
0.0114213
0.0111598
0.0108952
0.0106282
0.0103612
0.0100971
0.0145734
0.0145647
0.0145476
0.0145212
0.0144861
0.0144422
0.014389
0.0143262
0.014254
0.0141714
0.0140791
0.0139758
0.0138641
0.0137433
0.0136123
0.0134712
0.0133196
0.0131572
0.0129841
0.0128012
0.0126089
0.0124086
0.0121999
0.0119831
0.0117591
0.0115291
0.0112937
0.0110534
0.0108101
0.010564
0.0103152
0.0100667
0.00982312
0.013789
0.0137797
0.0137625
0.0137363
0.0137015
0.0136577
0.0136049
0.0135432
0.0134728
0.0133931
0.013304
0.013206
0.0130996
0.0129851
0.012862
0.0127291
0.0125879
0.0124385
0.0122801
0.0121122
0.0119372
0.0117561
0.0115667
0.0113705
0.0111688
0.0109613
0.0107478
0.0105311
0.0103128
0.0100949
0.00987584
0.00965888
0.00944706
0.0128197
0.0128111
0.0127931
0.0127664
0.0127325
0.0126908
0.0126408
0.0125817
0.0125142
0.0124385
0.0123549
0.0122632
0.0121628
0.0120552
0.0119393
0.0118162
0.0116858
0.0115482
0.0114042
0.0112537
0.0110971
0.0109356
0.010769
0.0105962
0.0104203
0.0102407
0.0100576
0.00987259
0.00968931
0.00950729
0.00932656
0.00915105
0.00898333
0.0117283
0.0117198
0.0117018
0.0116764
0.0116431
0.0116023
0.011554
0.0114979
0.0114338
0.0113614
0.0112829
0.0111971
0.0111036
0.0110027
0.0108953
0.0107829
0.0106641
0.0105403
0.0104118
0.0102784
0.0101404
0.00999941
0.00985629
0.0097101
0.00956269
0.00941417
0.00926514
0.00911951
0.00897925
0.00884215
0.00871043
0.00858654
0.00847408
0.0106069
0.0105974
0.0105794
0.0105552
0.010524
0.0104859
0.0104408
0.0103885
0.0103279
0.0102593
0.0101836
0.0101025
0.0100146
0.00992146
0.0098236
0.00972205
0.00961582
0.00950538
0.00939338
0.00927916
0.00916254
0.00904402
0.0089244
0.0088049
0.00868587
0.00857029
0.00846064
0.00835718
0.00825996
0.00817241
0.00809571
0.00803154
0.00798275
0.00975831
0.00974915
0.0097323
0.0097086
0.00967847
0.00964155
0.0095972
0.00954717
0.00948955
0.00942505
0.00935405
0.00927671
0.00919505
0.00910754
0.00901473
0.00891928
0.00882219
0.00872494
0.00862546
0.00852556
0.00842409
0.0083232
0.00822459
0.00812854
0.00803611
0.00794779
0.00786626
0.00779436
0.00773434
0.00768651
0.00765441
0.00763815
0.00764414
0.0166783
0.0166736
0.0166622
0.0166433
0.0166161
0.0165806
0.0165345
0.0164784
0.0164092
0.0163239
0.0162226
0.0161044
0.015969
0.0158177
0.0156513
0.0154718
0.0152788
0.0150734
0.0148566
0.0146287
0.0143917
0.0141447
0.0138896
0.0136257
0.0133539
0.0130755
0.0127909
0.0124997
0.0122032
0.0119017
0.0115979
0.0112929
0.0109881
0.01668
0.0166759
0.0166654
0.0166476
0.0166207
0.0165823
0.0165338
0.0164745
0.016404
0.016318
0.016216
0.0160974
0.0159625
0.015812
0.0156466
0.0154674
0.0152743
0.0150685
0.0148512
0.0146225
0.0143847
0.0141367
0.0138808
0.0136167
0.0133438
0.013065
0.0127806
0.0124908
0.012196
0.0118963
0.0115931
0.0112872
0.0109813
0.0166706
0.0166662
0.0166564
0.0166393
0.0166122
0.0165739
0.0165246
0.0164646
0.0163937
0.0163075
0.0162048
0.0160854
0.0159497
0.0157991
0.015633
0.0154526
0.0152589
0.0150536
0.0148369
0.0146088
0.0143696
0.0141215
0.0138641
0.0135998
0.0133286
0.0130502
0.0127646
0.012473
0.0121775
0.0118788
0.0115777
0.0112752
0.0109726
0.0166523
0.0166462
0.0166351
0.0166143
0.0165843
0.016544
0.0164949
0.0164367
0.0163661
0.0162803
0.0161776
0.0160579
0.0159223
0.0157712
0.0156053
0.0154242
0.0152305
0.0150253
0.0148087
0.0145808
0.0143418
0.0140939
0.0138362
0.0135711
0.0132984
0.0130177
0.0127321
0.012442
0.012148
0.0118506
0.0115506
0.0112489
0.0109466
0.0166386
0.0166335
0.0166222
0.0166014
0.0165694
0.016524
0.0164671
0.0164018
0.0163285
0.016242
0.0161388
0.0160192
0.0158838
0.0157325
0.0155657
0.0153852
0.015192
0.0149859
0.0147678
0.0145388
0.0142994
0.0140516
0.0137945
0.013529
0.013256
0.0129754
0.0126885
0.0123973
0.0121026
0.0118048
0.0115047
0.0112032
0.0109018
0.0166343
0.0166261
0.0166097
0.0165838
0.0165478
0.0164993
0.0164416
0.0163759
0.0162993
0.0162081
0.0161016
0.0159784
0.0158396
0.0156852
0.0155161
0.0153331
0.0151368
0.0149283
0.0147088
0.0144789
0.0142388
0.0139893
0.013731
0.0134647
0.0131904
0.0129092
0.0126227
0.0123318
0.0120368
0.0117382
0.0114365
0.0111334
0.0108295
0.0165595
0.016551
0.0165335
0.0165059
0.0164669
0.0164167
0.0163567
0.0162881
0.0162096
0.0161172
0.0160092
0.0158855
0.0157453
0.0155896
0.0154196
0.0152363
0.0150397
0.014831
0.0146104
0.0143791
0.0141378
0.0138869
0.0136271
0.0133596
0.0130859
0.0128061
0.0125203
0.0122282
0.0119315
0.0116326
0.0113325
0.0110326
0.010734
0.0163267
0.0163189
0.0163024
0.0162762
0.0162389
0.0161902
0.0161334
0.0160664
0.0159876
0.0158949
0.0157879
0.0156665
0.0155293
0.015378
0.0152122
0.0150317
0.0148388
0.0146339
0.0144173
0.0141898
0.0139516
0.0137049
0.0134489
0.0131858
0.012915
0.0126374
0.0123542
0.0120654
0.0117722
0.0114774
0.011182
0.0108872
0.0105939
0.0158657
0.0158572
0.0158398
0.0158132
0.0157764
0.0157295
0.0156733
0.0156078
0.0155314
0.0154431
0.0153423
0.0152279
0.0151013
0.0149609
0.0148068
0.0146384
0.0144581
0.0142669
0.0140635
0.0138481
0.0136217
0.0133865
0.0131433
0.0128917
0.0126312
0.0123635
0.0120909
0.0118121
0.0115296
0.0112434
0.0109572
0.0106713
0.0103862
0.0151464
0.0151385
0.0151221
0.0150964
0.0150611
0.0150169
0.0149629
0.0148982
0.0148242
0.01474
0.0146462
0.0145416
0.0144257
0.0142988
0.0141605
0.0140096
0.0138471
0.0136733
0.0134893
0.0132953
0.0130902
0.0128752
0.0126503
0.0124171
0.012177
0.0119309
0.0116789
0.0114212
0.0111589
0.0108935
0.0106257
0.0103579
0.010093
0.0142466
0.0142375
0.0142207
0.0141953
0.0141618
0.0141187
0.0140653
0.0140024
0.0139309
0.0138507
0.0137623
0.013664
0.0135561
0.0134394
0.0133125
0.0131754
0.0130288
0.0128723
0.0127061
0.0125313
0.0123478
0.0121557
0.0119558
0.011748
0.0115335
0.0113132
0.0110882
0.0108589
0.0106256
0.0103893
0.0101532
0.00991782
0.00968429
0.0132097
0.0132006
0.0131837
0.0131582
0.0131243
0.0130826
0.0130319
0.0129719
0.0129041
0.0128274
0.0127424
0.0126481
0.0125455
0.0124352
0.0123177
0.0121913
0.0120565
0.011914
0.0117646
0.0116073
0.0114436
0.0112736
0.0110978
0.0109154
0.0107279
0.0105362
0.0103419
0.010145
0.00994789
0.00975129
0.00955633
0.0093637
0.0091764
0.0120755
0.012066
0.0120483
0.0120236
0.0119912
0.0119498
0.0119003
0.0118423
0.0117758
0.0117006
0.0116189
0.0115299
0.0114337
0.0113312
0.0112209
0.0111045
0.0109813
0.010851
0.0107161
0.0105757
0.0104295
0.0102797
0.0101274
0.00997177
0.0098124
0.00965201
0.00949174
0.00933223
0.00917594
0.00902416
0.0088761
0.00873458
0.00860062
0.0109202
0.0109116
0.0108955
0.010872
0.0108402
0.0108003
0.010752
0.0106957
0.0106327
0.0105613
0.0104828
0.0103985
0.0103079
0.0102107
0.0101073
0.00999871
0.00988665
0.00976989
0.00964823
0.00952355
0.00939621
0.00926707
0.00913752
0.00900803
0.00887878
0.00875151
0.00862631
0.00850721
0.00839501
0.00828935
0.00819182
0.00810486
0.0080303
0.0100498
0.0100416
0.0100265
0.0100028
0.00997198
0.00993405
0.00988769
0.00983474
0.0097742
0.00970557
0.00962946
0.00954746
0.00946057
0.00936898
0.00927196
0.00917011
0.00906473
0.00895619
0.00884681
0.00873519
0.00862161
0.00850857
0.00839661
0.00828638
0.00817937
0.0080766
0.00798134
0.00789224
0.00781319
0.00774332
0.00768662
0.00764355
0.00762046
0.0173581
0.0173604
0.0173601
0.0173552
0.0173376
0.0173013
0.0172444
0.0171693
0.0170747
0.0169585
0.0168231
0.0166694
0.0164989
0.0163149
0.0161188
0.0159114
0.0156936
0.0154652
0.0152271
0.0149804
0.0147262
0.0144652
0.0141967
0.0139209
0.0136375
0.0133474
0.0130512
0.01275
0.0124447
0.0121365
0.0118272
0.0115163
0.0112037
0.0173631
0.0173623
0.0173572
0.0173474
0.0173287
0.0172927
0.0172379
0.0171621
0.0170701
0.016956
0.0168209
0.0166663
0.0164948
0.01631
0.016113
0.0159055
0.0156872
0.015459
0.015221
0.0149743
0.0147203
0.0144584
0.0141892
0.013912
0.0136278
0.0133374
0.0130417
0.0127415
0.0124382
0.012131
0.011821
0.0115085
0.011195
0.0173853
0.0173835
0.0173784
0.0173675
0.0173456
0.017307
0.0172478
0.0171653
0.0170671
0.0169488
0.016811
0.0166554
0.0164831
0.0162976
0.0161003
0.0158916
0.0156728
0.0154439
0.0152063
0.0149599
0.0147052
0.0144418
0.0141709
0.0138935
0.0136107
0.0133218
0.0130274
0.0127272
0.0124224
0.012114
0.0118032
0.0114914
0.0111803
0.0173425
0.0173388
0.0173355
0.0173245
0.0173027
0.017265
0.0172074
0.0171314
0.0170377
0.0169217
0.0167859
0.0166312
0.01646
0.0162746
0.0160768
0.0158677
0.0156484
0.015419
0.0151806
0.0149341
0.014679
0.0144161
0.0141448
0.0138664
0.0135817
0.0132918
0.0129976
0.0126984
0.0123949
0.012087
0.0117762
0.011464
0.0111518
0.0173452
0.0173362
0.0173212
0.0172973
0.0172624
0.0172145
0.0171507
0.0170733
0.016986
0.016876
0.0167439
0.016591
0.016421
0.0162365
0.0160393
0.0158304
0.0156108
0.0153813
0.0151433
0.0148961
0.0146406
0.0143764
0.0141044
0.0138254
0.0135405
0.0132507
0.0129554
0.0126556
0.0123509
0.0120424
0.0117315
0.0114193
0.0111078
0.0173727
0.0173629
0.0173431
0.0173122
0.0172715
0.0172162
0.0171476
0.0170664
0.0169691
0.0168503
0.0167119
0.0165542
0.0163803
0.0161922
0.0159929
0.0157822
0.0155608
0.0153297
0.0150886
0.0148387
0.0145808
0.0143159
0.0140435
0.0137643
0.0134781
0.0131858
0.0128884
0.012587
0.0122828
0.0119752
0.0116653
0.0113535
0.0110416
0.0173111
0.0173029
0.0172854
0.0172581
0.0172189
0.0171641
0.0170904
0.0169974
0.0168922
0.0167665
0.0166235
0.0164626
0.0162858
0.0160964
0.0158957
0.0156844
0.0154629
0.015231
0.0149902
0.0147401
0.0144817
0.014215
0.0139408
0.0136604
0.0133749
0.0130837
0.0127872
0.0124852
0.0121792
0.0118704
0.0115602
0.0112503
0.0109425
0.0170102
0.0170007
0.0169782
0.016949
0.0169059
0.0168473
0.0167859
0.016709
0.0166144
0.0165015
0.0163689
0.0162187
0.0160526
0.0158725
0.0156786
0.015473
0.0152568
0.0150312
0.0147956
0.0145503
0.0142961
0.0140339
0.0137646
0.013488
0.0132047
0.0129154
0.0126207
0.0123213
0.012018
0.0117124
0.0114057
0.0110993
0.0107946
0.0163406
0.0163333
0.0163164
0.0162903
0.0162525
0.0162041
0.0161472
0.0160792
0.0159998
0.0159068
0.0157987
0.0156752
0.0155364
0.0153835
0.0152174
0.0150367
0.0148432
0.0146375
0.0144202
0.0141921
0.0139534
0.0137063
0.0134499
0.0131862
0.0129147
0.0126362
0.0123523
0.0120629
0.011768
0.0114718
0.0111751
0.0108791
0.0105849
0.0155045
0.0154968
0.0154804
0.0154549
0.0154204
0.0153769
0.0153242
0.0152619
0.0151895
0.0151062
0.0150109
0.0149034
0.0147832
0.0146512
0.0145074
0.0143509
0.0141825
0.0140012
0.0138092
0.0136066
0.013394
0.0131705
0.0129379
0.012696
0.0124468
0.0121905
0.0119282
0.0116595
0.0113863
0.0111114
0.0108341
0.0105575
0.0102816
0.0145527
0.0145436
0.0145265
0.0145008
0.0144673
0.0144246
0.0143726
0.0143114
0.0142403
0.0141596
0.0140703
0.0139717
0.0138623
0.0137434
0.0136135
0.0134736
0.0133237
0.0131625
0.0129913
0.0128102
0.0126204
0.0124232
0.0122177
0.0120043
0.0117837
0.0115563
0.0113225
0.0110846
0.0108422
0.0105969
0.0103495
0.010103
0.00985909
0.0134861
0.0134782
0.0134604
0.0134351
0.0134026
0.0133612
0.0133098
0.0132491
0.0131803
0.0131029
0.0130166
0.012922
0.0128179
0.0127055
0.0125848
0.012456
0.0123186
0.0121724
0.012018
0.0118551
0.0116861
0.0115105
0.0113294
0.011143
0.0109501
0.0107519
0.0105509
0.0103474
0.0101419
0.00993559
0.00972879
0.00952416
0.00932351
0.012333
0.0123244
0.0123082
0.0122835
0.0122501
0.0122086
0.0121577
0.012099
0.0120316
0.0119568
0.0118738
0.0117822
0.0116825
0.0115758
0.0114631
0.0113436
0.0112166
0.011082
0.0109411
0.0107952
0.0106452
0.0104905
0.0103327
0.0101714
0.0100069
0.00984001
0.00967121
0.00950247
0.00933496
0.0091701
0.00900857
0.00885286
0.00870441
0.011166
0.0111584
0.0111421
0.0111173
0.011085
0.0110439
0.0109938
0.0109358
0.0108701
0.0107973
0.0107167
0.0106292
0.0105357
0.0104355
0.0103295
0.010217
0.0100988
0.0099749
0.0098474
0.00971698
0.00958459
0.00945015
0.0093132
0.00917417
0.00903596
0.00889825
0.00876385
0.00863339
0.00850779
0.00838835
0.00827577
0.00817283
0.00808145
0.0102875
0.0102798
0.0102654
0.0102425
0.0102102
0.0101685
0.0101182
0.0100617
0.00999824
0.00992775
0.00985109
0.00976654
0.00967669
0.00958101
0.00947927
0.00937206
0.00926097
0.00914662
0.00902967
0.00891169
0.00879251
0.00867205
0.00855059
0.00842923
0.00830988
0.00819509
0.00808677
0.00798351
0.00788924
0.00780391
0.00773213
0.00767518
0.00763512
0.0176646
0.0176637
0.0176609
0.0176523
0.0176324
0.0175951
0.0175341
0.017448
0.0173406
0.0172123
0.0170639
0.0168982
0.0167174
0.0165234
0.0163188
0.0161042
0.0158791
0.0156451
0.0154034
0.0151537
0.0148954
0.0146299
0.014358
0.0140788
0.013793
0.0135005
0.0132025
0.0129003
0.0125936
0.0122832
0.0119692
0.011653
0.0113367
0.0176669
0.0176651
0.0176604
0.0176497
0.0176284
0.0175909
0.0175302
0.0174435
0.0173364
0.0172083
0.0170591
0.0168931
0.0167112
0.016517
0.0163121
0.0160973
0.0158726
0.0156394
0.0153976
0.0151469
0.0148883
0.0146229
0.0143502
0.0140705
0.0137839
0.0134914
0.0131942
0.0128919
0.0125852
0.012274
0.0119596
0.0116437
0.0113283
0.0176759
0.0176737
0.0176681
0.0176559
0.0176326
0.0175923
0.0175284
0.0174394
0.0173294
0.017199
0.0170495
0.0168823
0.0166994
0.0165044
0.0162987
0.0160827
0.0158579
0.0156244
0.0153819
0.0151315
0.0148729
0.0146067
0.0143327
0.0140523
0.0137667
0.0134753
0.0131774
0.0128741
0.0125667
0.0122567
0.011944
0.0116286
0.011312
0.0176641
0.0176619
0.0176558
0.017643
0.0176194
0.0175787
0.0175144
0.0174249
0.0173148
0.0171834
0.0170328
0.0168651
0.0166816
0.0164857
0.0162792
0.0160628
0.0158366
0.0156021
0.0153591
0.0151071
0.0148474
0.0145811
0.0143077
0.0140269
0.0137399
0.0134479
0.0131502
0.0128473
0.0125391
0.0122272
0.0119131
0.0115987
0.0112838
0.0176633
0.0176581
0.0176476
0.0176296
0.0176011
0.017557
0.0174907
0.0174002
0.0172894
0.0171575
0.0170063
0.0168376
0.0166538
0.0164575
0.0162504
0.0160332
0.0158059
0.0155703
0.0153261
0.0150729
0.0148118
0.0145442
0.0142697
0.0139879
0.0137
0.0134073
0.0131092
0.0128053
0.0124966
0.0121846
0.0118711
0.011556
0.0112407
0.017664
0.0176581
0.0176454
0.0176237
0.0175897
0.0175381
0.0174653
0.017372
0.0172588
0.017124
0.0169698
0.0167984
0.0166129
0.0164147
0.0162049
0.015985
0.0157564
0.015519
0.0152725
0.0150184
0.0147565
0.0144865
0.0142097
0.0139272
0.0136385
0.0133436
0.0130435
0.0127396
0.012432
0.0121203
0.0118059
0.0114906
0.0111763
0.0175977
0.0175915
0.0175782
0.0175557
0.0175207
0.0174679
0.0173919
0.017291
0.0171729
0.0170348
0.0168794
0.0167072
0.01652
0.0163207
0.0161109
0.0158913
0.0156624
0.0154243
0.015177
0.0149216
0.014658
0.0143878
0.0141108
0.0138267
0.0135369
0.0132425
0.012943
0.0126382
0.0123297
0.0120192
0.0117065
0.0113931
0.0110794
0.0173198
0.0173109
0.0172918
0.0172615
0.01722
0.0171619
0.017089
0.0170033
0.0168996
0.0167739
0.0166295
0.0164678
0.0162906
0.0161007
0.0158986
0.0156853
0.0154611
0.0152274
0.0149855
0.0147351
0.0144756
0.0142081
0.013934
0.0136544
0.0133688
0.0130764
0.0127784
0.0124755
0.0121688
0.0118602
0.0115513
0.0112419
0.0109333
0.0165914
0.0165828
0.0165654
0.0165391
0.016502
0.0164533
0.0163941
0.0163257
0.0162444
0.0161481
0.0160361
0.0159073
0.0157643
0.0156062
0.0154336
0.015246
0.0150459
0.0148346
0.0146126
0.0143801
0.0141375
0.0138855
0.0136253
0.0133568
0.013081
0.0127991
0.0125117
0.0122188
0.0119209
0.0116199
0.0113165
0.0110137
0.0107128
0.0157192
0.0157115
0.0156941
0.0156681
0.0156333
0.0155897
0.0155375
0.0154755
0.0154033
0.0153194
0.0152235
0.0151149
0.0149927
0.0148568
0.0147082
0.0145484
0.0143768
0.0141933
0.013998
0.0137915
0.0135748
0.0133475
0.0131112
0.0128663
0.0126134
0.0123532
0.0120867
0.0118139
0.0115369
0.0112561
0.0109726
0.0106903
0.0104091
0.0147482
0.0147391
0.0147218
0.0146961
0.0146616
0.0146189
0.0145681
0.0145078
0.0144376
0.0143584
0.0142689
0.0141689
0.0140578
0.0139359
0.0138024
0.0136589
0.0135059
0.0133429
0.0131703
0.0129873
0.0127948
0.012593
0.0123829
0.0121654
0.011941
0.0117102
0.0114734
0.0112313
0.0109844
0.0107347
0.0104835
0.0102323
0.00998283
0.0136757
0.0136685
0.0136517
0.0136259
0.0135913
0.0135484
0.0134965
0.0134359
0.0133665
0.0132897
0.0132029
0.0131074
0.0130023
0.0128891
0.0127664
0.0126352
0.0124957
0.012347
0.0121906
0.0120265
0.011855
0.0116759
0.0114893
0.0112971
0.0111
0.0108975
0.010692
0.0104829
0.0102712
0.0100586
0.00984557
0.00963482
0.00942865
0.0125219
0.0125131
0.0124967
0.0124712
0.0124368
0.0123945
0.0123431
0.0122821
0.0122124
0.0121356
0.012051
0.0119586
0.0118592
0.0117514
0.011636
0.0115141
0.0113842
0.0112468
0.0111033
0.0109544
0.0108001
0.0106421
0.0104802
0.0103146
0.0101447
0.00997189
0.00979651
0.00962069
0.00944589
0.00927443
0.00910649
0.00894268
0.00878683
0.0113535
0.0113445
0.0113277
0.0113017
0.0112681
0.0112254
0.0111746
0.0111152
0.011047
0.0109715
0.0108891
0.0108003
0.0107046
0.0106016
0.0104926
0.0103776
0.0102576
0.0101324
0.0100021
0.00986711
0.00972848
0.0095878
0.00944549
0.00930033
0.00915529
0.00901011
0.0088676
0.0087285
0.00859396
0.00846457
0.00834275
0.00823025
0.00813146
0.0104723
0.0104635
0.0104466
0.0104212
0.0103886
0.0103468
0.0102956
0.0102373
0.0101712
0.0100977
0.010018
0.00993039
0.0098372
0.0097379
0.00963276
0.00952309
0.00940954
0.00929207
0.00917218
0.00904933
0.00892462
0.00879844
0.00867033
0.00854199
0.00841595
0.00829348
0.00817524
0.00806333
0.00795754
0.00786287
0.00778073
0.0077128
0.00765973
0.0177558
0.0177538
0.0177485
0.0177369
0.0177144
0.017675
0.0176131
0.0175261
0.0174194
0.0172914
0.0171425
0.0169763
0.0167945
0.0166003
0.016395
0.0161798
0.0159548
0.015721
0.0154798
0.0152306
0.0149731
0.0147084
0.0144374
0.0141593
0.0138735
0.013581
0.0132828
0.01298
0.0126741
0.0123642
0.0120501
0.0117335
0.0114164
0.0177566
0.0177543
0.0177482
0.0177356
0.0177119
0.0176713
0.0176084
0.0175205
0.017412
0.0172829
0.0171347
0.0169686
0.016787
0.0165931
0.0163876
0.0161722
0.0159482
0.0157154
0.0154733
0.0152229
0.014965
0.0147006
0.0144291
0.0141499
0.0138638
0.013572
0.0132756
0.0129742
0.0126672
0.0123557
0.012041
0.0117245
0.0114085
0.0177591
0.0177563
0.0177493
0.0177349
0.0177084
0.0176643
0.0175985
0.0175105
0.0174027
0.0172733
0.0171242
0.0169577
0.0167759
0.0165811
0.0163751
0.0161591
0.015934
0.0157003
0.0154587
0.0152087
0.0149509
0.0146849
0.0144115
0.0141318
0.0138468
0.013556
0.0132587
0.0129558
0.0126486
0.0123386
0.0120257
0.0117096
0.0113918
0.0177578
0.017755
0.0177481
0.0177339
0.0177081
0.0176645
0.0175972
0.0175053
0.017394
0.017262
0.0171113
0.0169429
0.0167596
0.016563
0.0163555
0.0161383
0.0159129
0.0156792
0.0154364
0.0151856
0.0149276
0.0146622
0.0143888
0.0141082
0.0138217
0.0135301
0.0132326
0.0129297
0.0126214
0.0123092
0.0119946
0.0116795
0.0113634
0.0177571
0.0177537
0.0177458
0.0177307
0.017704
0.0176598
0.0175925
0.017499
0.0173853
0.0172497
0.017095
0.0169241
0.0167382
0.0165396
0.0163311
0.016113
0.0158854
0.0156497
0.0154058
0.0151531
0.0148928
0.0146261
0.0143522
0.0140709
0.0137834
0.0134907
0.0131921
0.0128883
0.0125792
0.0122662
0.0119511
0.0116358
0.0113198
0.0177464
0.0177426
0.0177335
0.0177164
0.0176865
0.0176383
0.0175664
0.0174686
0.0173514
0.0172142
0.0170581
0.0168853
0.0166983
0.016499
0.0162886
0.0160687
0.0158395
0.0156018
0.0153555
0.0151017
0.0148403
0.0145709
0.0142946
0.0140126
0.0137242
0.0134291
0.0131282
0.012823
0.0125148
0.0122034
0.0118888
0.0115729
0.0112573
0.0176766
0.0176724
0.0176621
0.0176426
0.0176091
0.0175562
0.0174799
0.0173824
0.0172658
0.0171275
0.0169703
0.0167963
0.0166083
0.0164078
0.0161974
0.0159776
0.0157479
0.0155095
0.0152623
0.0150074
0.0147445
0.014475
0.0141986
0.013915
0.0136253
0.0133308
0.0130306
0.0127257
0.0124164
0.0121043
0.0117911
0.0114765
0.0111619
0.0174109
0.0174068
0.0173946
0.0173726
0.0173369
0.0172827
0.0172067
0.0171113
0.0170031
0.0168742
0.0167279
0.0165647
0.0163856
0.0161938
0.0159902
0.0157764
0.0155524
0.0153181
0.015075
0.0148244
0.0145657
0.0142985
0.014024
0.0137434
0.0134577
0.0131659
0.0128686
0.0125657
0.0122585
0.0119486
0.0116377
0.0113274
0.0110174
0.0166954
0.0166885
0.0166726
0.0166464
0.0166096
0.0165616
0.0165026
0.0164323
0.0163497
0.0162527
0.0161402
0.0160123
0.0158688
0.0157094
0.0155361
0.0153488
0.0151487
0.0149357
0.0147118
0.0144775
0.0142334
0.0139798
0.0137177
0.0134488
0.0131733
0.0128909
0.0126014
0.012306
0.012007
0.0117056
0.0114028
0.0111
0.0107983
0.0158274
0.0158199
0.0158028
0.0157764
0.0157418
0.0156985
0.0156465
0.0155845
0.0155113
0.0154268
0.0153308
0.015222
0.0150998
0.0149646
0.0148165
0.0146558
0.0144832
0.0142982
0.0141011
0.013893
0.013675
0.0134467
0.013208
0.0129612
0.0127073
0.012446
0.0121787
0.0119051
0.011626
0.0113439
0.0110591
0.0107744
0.0104902
0.0148612
0.0148526
0.0148352
0.0148088
0.0147741
0.0147316
0.0146803
0.0146199
0.01455
0.0144704
0.0143805
0.01428
0.0141684
0.0140458
0.0139131
0.0137695
0.0136157
0.0134517
0.0132779
0.013094
0.0129014
0.0126993
0.0124886
0.0122691
0.0120422
0.0118086
0.0115691
0.0113233
0.0110726
0.0108178
0.010563
0.0103085
0.0100562
0.0137928
0.013785
0.0137679
0.0137423
0.0137071
0.0136639
0.0136122
0.0135527
0.0134838
0.0134053
0.0133176
0.0132209
0.0131156
0.0130016
0.0128782
0.0127465
0.0126056
0.0124564
0.0122993
0.0121343
0.0119608
0.0117802
0.0115929
0.0113996
0.0111999
0.0109952
0.0107856
0.0105716
0.0103548
0.0101377
0.00992154
0.00970675
0.00949506
0.0126418
0.0126329
0.0126161
0.0125903
0.0125554
0.0125128
0.0124614
0.0124011
0.0123325
0.0122547
0.0121694
0.0120768
0.0119762
0.0118676
0.0117516
0.0116279
0.0114967
0.0113576
0.0112122
0.0110612
0.0109036
0.0107423
0.0105773
0.0104078
0.0102345
0.0100588
0.00988099
0.00970199
0.00952245
0.00934467
0.00917173
0.0090047
0.00884396
0.0114762
0.0114679
0.0114511
0.0114256
0.0113906
0.0113473
0.0112963
0.0112369
0.0111692
0.0110943
0.0110125
0.0109228
0.0108251
0.0107199
0.0106078
0.0104912
0.0103693
0.0102417
0.0101087
0.00997083
0.00982947
0.00968522
0.00953788
0.00938861
0.00923955
0.0090921
0.00894669
0.00880292
0.00866208
0.00852609
0.0083963
0.00827582
0.008167
0.0105965
0.0105891
0.0105727
0.0105477
0.0105137
0.0104712
0.0104218
0.0103642
0.0102976
0.0102225
0.01014
0.010052
0.00995757
0.00985611
0.0097482
0.00963559
0.00951885
0.00939798
0.00927463
0.00914845
0.0090194
0.00888788
0.00875485
0.00862219
0.0084923
0.00836389
0.00823855
0.00812036
0.00800911
0.00790508
0.00781267
0.0077336
0.00766985
0.0177756
0.0177733
0.0177674
0.0177551
0.017732
0.0176924
0.0176308
0.0175446
0.0174389
0.0173117
0.0171643
0.016999
0.0168185
0.0166247
0.0164199
0.0162055
0.0159829
0.0157517
0.0155111
0.0152622
0.0150059
0.0147431
0.0144731
0.0141963
0.013912
0.0136212
0.0133249
0.0130243
0.0127189
0.0124092
0.0120954
0.0117788
0.0114612
0.0177761
0.0177736
0.0177673
0.0177545
0.0177306
0.0176899
0.0176271
0.0175396
0.017432
0.0173035
0.0171548
0.0169893
0.0168087
0.0166161
0.0164126
0.0161994
0.0159761
0.0157434
0.0155022
0.0152532
0.0149976
0.014735
0.0144644
0.0141865
0.0139018
0.0136113
0.0133162
0.0130161
0.0127103
0.0124
0.0120863
0.0117705
0.0114545
0.0177771
0.0177743
0.0177675
0.0177536
0.0177281
0.0176853
0.0176193
0.0175295
0.0174206
0.0172908
0.0171415
0.0169757
0.0167947
0.0166013
0.0163973
0.0161843
0.0159618
0.0157305
0.01549
0.0152409
0.0149837
0.0147189
0.0144473
0.01417
0.0138867
0.0135965
0.0133001
0.0129984
0.0126921
0.0123829
0.0120702
0.0117552
0.011438
0.0177775
0.0177745
0.0177668
0.0177515
0.0177238
0.017678
0.0176102
0.0175202
0.017411
0.0172797
0.017129
0.0169615
0.0167796
0.0165853
0.0163801
0.016165
0.0159406
0.0157078
0.0154676
0.0152194
0.0149625
0.0146975
0.0144249
0.0141455
0.0138602
0.0135701
0.0132743
0.0129724
0.0126653
0.0123543
0.0120406
0.011726
0.0114102
0.0177765
0.0177733
0.0177656
0.0177503
0.0177227
0.0176771
0.0176083
0.0175138
0.0174002
0.017266
0.0171129
0.0169428
0.0167587
0.0165633
0.0163576
0.0161412
0.015915
0.01568
0.015437
0.0151869
0.0149292
0.0146632
0.0143897
0.0141092
0.0138227
0.0135314
0.0132346
0.0129317
0.0126238
0.0123119
0.0119976
0.0116826
0.0113667
0.0177614
0.017758
0.0177496
0.0177327
0.0177024
0.0176531
0.0175804
0.0174857
0.017371
0.0172346
0.0170795
0.0169078
0.0167217
0.0165233
0.0163143
0.0160955
0.0158677
0.0156322
0.0153885
0.015136
0.0148754
0.0146076
0.0143334
0.0140523
0.013765
0.0134711
0.0131714
0.0128672
0.0125599
0.0122492
0.0119351
0.0116191
0.0113027
0.0176842
0.017681
0.0176729
0.0176558
0.0176237
0.0175706
0.017495
0.0173989
0.0172833
0.0171464
0.0169908
0.0168186
0.0166321
0.0164335
0.0162246
0.0160065
0.0157791
0.0155422
0.0152964
0.0150427
0.0147822
0.0145145
0.0142389
0.0139564
0.0136679
0.0133744
0.0130752
0.0127712
0.0124627
0.0121507
0.0118368
0.0115227
0.0112086
0.0174076
0.0174066
0.0173992
0.017383
0.0173512
0.0172997
0.0172317
0.0171453
0.017038
0.0169096
0.0167627
0.0165991
0.0164208
0.0162297
0.0160268
0.0158132
0.0155892
0.015356
0.0151149
0.0148655
0.0146075
0.0143414
0.014068
0.0137884
0.0135035
0.0132126
0.0129162
0.0126142
0.0123079
0.0119984
0.011687
0.0113751
0.0110642
0.0167217
0.0167154
0.0167005
0.0166752
0.0166414
0.0165983
0.0165452
0.016479
0.0163973
0.0162998
0.0161858
0.0160561
0.0159123
0.0157535
0.0155804
0.0153941
0.0151941
0.0149815
0.0147577
0.0145232
0.01428
0.0140274
0.0137663
0.013498
0.0132228
0.01294
0.0126508
0.0123569
0.0120593
0.0117588
0.0114566
0.0111539
0.0108522
0.0158705
0.0158623
0.015845
0.0158191
0.0157851
0.0157425
0.015692
0.0156311
0.0155593
0.0154767
0.0153819
0.0152732
0.0151518
0.0150166
0.0148691
0.0147098
0.0145379
0.0143532
0.0141562
0.0139478
0.0137291
0.0134999
0.0132617
0.0130153
0.012761
0.0124997
0.0122314
0.0119577
0.0116787
0.0113955
0.0111108
0.0108247
0.0105408
0.0149134
0.0149053
0.0148875
0.0148612
0.0148256
0.0147823
0.0147316
0.0146717
0.0146022
0.0145238
0.0144352
0.0143353
0.0142253
0.0141041
0.0139714
0.013829
0.0136766
0.0135127
0.0133378
0.0131529
0.0129578
0.0127545
0.0125426
0.012323
0.0120959
0.0118619
0.0116215
0.0113758
0.0111247
0.0108706
0.010615
0.0103591
0.0101046
0.0138577
0.0138483
0.0138306
0.0138039
0.0137682
0.0137242
0.0136727
0.0136128
0.0135443
0.0134667
0.0133803
0.0132841
0.013179
0.0130652
0.0129431
0.0128108
0.0126699
0.0125194
0.0123611
0.0121944
0.01202
0.011838
0.0116502
0.0114556
0.0112554
0.0110493
0.0108397
0.0106259
0.0104091
0.0101899
0.0099703
0.00975164
0.00953747
0.012712
0.0127033
0.0126858
0.0126596
0.0126248
0.0125815
0.0125298
0.0124695
0.0124013
0.0123237
0.0122384
0.0121457
0.0120449
0.0119367
0.0118206
0.0116961
0.0115635
0.0114237
0.0112783
0.011126
0.0109678
0.0108034
0.0106349
0.0104628
0.0102879
0.0101103
0.00993189
0.00975138
0.00957029
0.00939123
0.00921464
0.00904123
0.00887508
0.0115542
0.0115453
0.0115282
0.0115023
0.0114671
0.0114235
0.0113724
0.0113129
0.0112452
0.0111703
0.0110881
0.0109979
0.0108994
0.0107937
0.0106811
0.0105621
0.0104379
0.0103083
0.0101733
0.0100335
0.00989026
0.00974406
0.00959503
0.00944456
0.00929244
0.00914151
0.00899226
0.00884509
0.00870142
0.00856174
0.00842849
0.00830342
0.00819101
0.0106782
0.0106708
0.0106543
0.0106292
0.0105949
0.0105522
0.0105028
0.010445
0.0103781
0.0103023
0.0102189
0.01013
0.0100345
0.00993162
0.00982199
0.0097072
0.00958801
0.00946453
0.0093385
0.00920975
0.00907821
0.00894449
0.00880988
0.00867643
0.0085425
0.00841075
0.00828336
0.00816004
0.00804548
0.00794017
0.00784525
0.00776258
0.00769301
0.0177778
0.0177754
0.0177691
0.0177564
0.0177327
0.0176925
0.0176303
0.0175436
0.0174376
0.017311
0.0171638
0.0169995
0.0168196
0.016627
0.0164237
0.0162111
0.0159904
0.0157608
0.0155217
0.0152738
0.015018
0.0147552
0.0144858
0.014211
0.0139297
0.0136409
0.0133455
0.0130442
0.0127378
0.0124275
0.0121146
0.0118009
0.0114859
0.0177781
0.0177755
0.017769
0.0177557
0.0177313
0.01769
0.0176269
0.0175392
0.0174313
0.0173029
0.0171554
0.016991
0.0168125
0.0166215
0.0164197
0.0162072
0.0159848
0.0157533
0.0155132
0.0152651
0.0150099
0.0147486
0.0144804
0.0142045
0.0139214
0.0136316
0.0133358
0.0130346
0.0127292
0.012421
0.0121097
0.0117952
0.0114789
0.0177791
0.0177765
0.0177698
0.0177563
0.0177314
0.0176893
0.0176247
0.0175354
0.017426
0.0172965
0.0171478
0.0169825
0.0168024
0.0166102
0.0164067
0.0161932
0.0159706
0.0157401
0.0155011
0.0152542
0.0149988
0.0147356
0.0144651
0.0141877
0.0139041
0.0136152
0.0133205
0.0130207
0.0127156
0.012406
0.0120928
0.011777
0.0114603
0.01778
0.0177771
0.0177699
0.0177555
0.0177292
0.0176852
0.0176177
0.017526
0.0174153
0.017284
0.0171339
0.0169671
0.0167866
0.0165938
0.0163905
0.0161765
0.0159527
0.0157199
0.0154789
0.0152304
0.0149751
0.0147123
0.0144424
0.0141647
0.01388
0.013589
0.0132925
0.0129914
0.0126869
0.0123785
0.0120658
0.0117502
0.0114328
0.0177784
0.0177752
0.0177673
0.0177514
0.0177226
0.0176756
0.0176063
0.0175148
0.0174039
0.0172706
0.017118
0.0169492
0.0167663
0.0165714
0.0163659
0.0161508
0.0159256
0.0156911
0.0154482
0.0151976
0.01494
0.0146763
0.0144056
0.0141272
0.0138419
0.0135504
0.0132536
0.0129526
0.012647
0.0123377
0.0120244
0.0117082
0.0113904
0.0177633
0.01776
0.0177519
0.0177358
0.0177067
0.0176587
0.0175866
0.0174887
0.0173722
0.017235
0.01708
0.016909
0.0167241
0.0165273
0.0163202
0.0161027
0.0158759
0.0156408
0.0153983
0.0151477
0.0148886
0.0146218
0.014348
0.0140678
0.0137824
0.0134911
0.0131935
0.0128905
0.0125832
0.0122728
0.0119602
0.0116454
0.0113297
0.0176891
0.017686
0.0176782
0.0176621
0.0176324
0.0175831
0.0175089
0.0174097
0.0172922
0.0171532
0.0169967
0.0168246
0.0166385
0.0164407
0.0162323
0.0160144
0.0157871
0.0155517
0.015308
0.0150557
0.0147959
0.0145295
0.0142558
0.0139754
0.0136878
0.013394
0.0130947
0.0127912
0.0124851
0.012176
0.0118635
0.0115488
0.0112332
0.0174222
0.0174192
0.0174118
0.017395
0.0173652
0.0173165
0.017245
0.0171526
0.0170453
0.0169167
0.0167695
0.0166059
0.0164277
0.0162374
0.0160363
0.0158246
0.0156024
0.0153708
0.0151299
0.0148807
0.0146246
0.0143607
0.0140897
0.013811
0.0135255
0.0132339
0.0129368
0.012635
0.01233
0.0120233
0.0117142
0.0114042
0.0110936
0.0167232
0.0167176
0.0167037
0.0166804
0.0166476
0.0166035
0.0165484
0.0164814
0.0164023
0.0163079
0.0161966
0.0160687
0.0159248
0.015766
0.0155936
0.0154074
0.0152084
0.014998
0.0147764
0.0145442
0.0143019
0.0140503
0.0137901
0.0135211
0.0132462
0.0129654
0.0126786
0.0123861
0.0120881
0.0117865
0.0114835
0.0111804
0.0108782
0.0158773
0.015869
0.0158529
0.015828
0.0157942
0.0157516
0.0157009
0.0156417
0.0155722
0.0154906
0.0153967
0.01529
0.01517
0.015036
0.0148889
0.0147295
0.0145574
0.0143734
0.0141778
0.0139712
0.0137533
0.0135251
0.0132869
0.0130411
0.0127873
0.0125265
0.01226
0.0119875
0.0117091
0.0114274
0.0111423
0.0108568
0.010571
0.0149274
0.0149188
0.0149015
0.014876
0.0148426
0.0148003
0.0147493
0.0146898
0.0146229
0.0145463
0.0144587
0.0143602
0.0142501
0.0141301
0.0139997
0.0138577
0.013705
0.0135413
0.0133673
0.0131827
0.0129888
0.0127849
0.0125734
0.0123546
0.012128
0.0118939
0.0116533
0.0114075
0.0111571
0.0109025
0.0106464
0.0103902
0.0101341
0.0138784
0.0138693
0.0138526
0.0138274
0.0137939
0.0137517
0.0137001
0.0136397
0.0135708
0.013494
0.0134079
0.0133122
0.013208
0.0130958
0.0129743
0.0128431
0.0127031
0.0125537
0.0123946
0.0122276
0.0120539
0.0118731
0.0116842
0.0114888
0.0112881
0.0110819
0.0108713
0.010657
0.01044
0.0102204
0.0100008
0.00978256
0.00956554
0.0127411
0.0127323
0.0127159
0.0126906
0.0126564
0.0126143
0.012563
0.0125036
0.0124359
0.0123599
0.0122747
0.0121807
0.012079
0.0119703
0.0118539
0.0117297
0.0115979
0.0114593
0.0113139
0.011162
0.0110047
0.0108414
0.0106721
0.0104995
0.0103237
0.0101461
0.00996489
0.00978204
0.00959914
0.00941863
0.00924062
0.00906553
0.00889727
0.0115924
0.0115837
0.0115674
0.0115419
0.0115069
0.0114631
0.0114122
0.011353
0.0112856
0.0112111
0.0111281
0.011037
0.0109376
0.0108308
0.0107169
0.0105982
0.0104743
0.0103449
0.01021
0.0100704
0.00992705
0.0097805
0.00963077
0.00947927
0.00932598
0.00917344
0.00902198
0.00887247
0.00872658
0.00858482
0.00844951
0.00832214
0.00820695
0.0107231
0.0107158
0.0106987
0.0106731
0.0106387
0.0105962
0.0105467
0.0104889
0.0104219
0.010346
0.0102623
0.0101728
0.0100765
0.00997298
0.00986283
0.00974776
0.00962822
0.00950442
0.00937782
0.00924819
0.00911546
0.00898031
0.00884373
0.00870762
0.00857301
0.00844031
0.00831133
0.00818582
0.00806876
0.00796086
0.00786309
0.00777714
0.00770378
0.017777
0.0177744
0.0177678
0.0177546
0.0177302
0.0176892
0.0176263
0.017539
0.0174318
0.0173041
0.0171573
0.0169935
0.0168154
0.0166258
0.0164254
0.0162154
0.0159951
0.0157653
0.0155264
0.015279
0.0150236
0.0147609
0.0144916
0.0142165
0.0139362
0.0136498
0.0133562
0.0130562
0.0127506
0.0124404
0.0121269
0.0118116
0.0114958
0.0177771
0.0177742
0.0177671
0.0177528
0.0177266
0.0176835
0.0176195
0.0175337
0.0174283
0.0173009
0.017154
0.0169901
0.0168119
0.0166215
0.0164202
0.0162086
0.0159872
0.0157566
0.0155173
0.0152698
0.0150148
0.0147532
0.0144858
0.0142118
0.0139303
0.0136418
0.013347
0.0130463
0.0127407
0.0124313
0.0121192
0.0118061
0.0114917
0.0177782
0.0177755
0.0177687
0.017755
0.0177298
0.0176876
0.0176231
0.017534
0.0174251
0.0172966
0.0171491
0.0169845
0.0168054
0.0166133
0.0164101
0.0161968
0.0159743
0.0157434
0.015505
0.0152586
0.0150048
0.0147429
0.0144734
0.0141967
0.0139132
0.0136236
0.0133287
0.0130296
0.0127258
0.012418
0.012106
0.0117911
0.0114744
0.0177792
0.0177763
0.0177693
0.0177552
0.0177294
0.0176862
0.0176194
0.0175278
0.0174171
0.0172865
0.0171364
0.0169702
0.0167895
0.0165972
0.0163942
0.0161815
0.0159585
0.0157261
0.0154852
0.0152365
0.0149808
0.0147188
0.0144497
0.0141737
0.0138902
0.0135998
0.0133034
0.0130018
0.012696
0.0123871
0.0120763
0.0117632
0.0114473
0.0177771
0.017774
0.0177664
0.017751
0.0177233
0.0176771
0.0176067
0.017512
0.0173988
0.0172663
0.0171143
0.0169461
0.0167638
0.0165704
0.0163664
0.0161529
0.015929
0.0156957
0.0154536
0.0152035
0.0149464
0.0146832
0.014413
0.014136
0.0138517
0.0135607
0.0132638
0.0129619
0.012656
0.0123475
0.0120358
0.0117219
0.0114056
0.0177592
0.0177557
0.017747
0.0177296
0.0176983
0.0176477
0.0175738
0.0174792
0.0173643
0.0172278
0.0170728
0.0169021
0.016718
0.0165226
0.0163175
0.0161034
0.0158798
0.0156471
0.015405
0.0151541
0.0148952
0.0146288
0.0143554
0.0140754
0.0137898
0.0134994
0.0132036
0.0129018
0.0125952
0.0122847
0.0119715
0.0116568
0.0113423
0.0176773
0.017674
0.017666
0.0176493
0.017618
0.0175655
0.0174899
0.0173944
0.0172798
0.0171433
0.0169886
0.0168177
0.0166332
0.0164375
0.0162322
0.016017
0.0157922
0.0155576
0.0153138
0.0150616
0.0148018
0.0145353
0.0142629
0.0139841
0.0136981
0.0134054
0.013107
0.0128038
0.012497
0.012188
0.0118763
0.0115633
0.011249
0.0173919
0.0173904
0.0173833
0.0173692
0.0173401
0.017291
0.0172219
0.0171317
0.0170298
0.0169059
0.0167629
0.0166024
0.0164276
0.0162397
0.0160404
0.0158303
0.0156092
0.015378
0.0151377
0.0148893
0.0146338
0.0143708
0.0141006
0.0138237
0.0135396
0.013249
0.0129525
0.012651
0.0123456
0.0120374
0.0117273
0.0114168
0.0111075
0.0167117
0.0167055
0.0166905
0.0166676
0.0166352
0.0165927
0.0165393
0.0164741
0.0163969
0.0163034
0.016194
0.0160684
0.015927
0.0157706
0.0155994
0.0154145
0.0152167
0.0150073
0.0147867
0.0145551
0.0143131
0.0140629
0.0138039
0.0135369
0.0132631
0.0129824
0.0126948
0.0124016
0.0121047
0.0118051
0.0115038
0.0112017
0.0109001
0.0158706
0.0158629
0.0158463
0.0158213
0.015788
0.0157465
0.0156973
0.0156395
0.0155712
0.0154914
0.0153985
0.0152934
0.0151753
0.0150432
0.0148977
0.0147397
0.0145686
0.0143854
0.0141902
0.0139835
0.0137665
0.0135392
0.0133032
0.0130587
0.0128062
0.0125465
0.0122796
0.0120072
0.0117293
0.011447
0.0111629
0.010877
0.0105925
0.0149282
0.0149202
0.0149033
0.0148783
0.0148442
0.0148024
0.0147529
0.0146939
0.0146264
0.0145492
0.0144625
0.0143663
0.0142583
0.01414
0.0140109
0.01387
0.013718
0.0135549
0.013381
0.0131972
0.0130034
0.0128015
0.0125909
0.0123728
0.012147
0.0119142
0.0116749
0.0114302
0.0111801
0.0109265
0.0106706
0.0104137
0.0101572
0.0138859
0.0138775
0.0138601
0.0138344
0.0138006
0.013758
0.0137077
0.0136482
0.0135796
0.0135031
0.0134176
0.0133226
0.0132189
0.0131059
0.0129842
0.0128536
0.012714
0.0125661
0.0124097
0.0122451
0.0120717
0.0118908
0.0117029
0.011509
0.0113086
0.0111034
0.0108937
0.0106803
0.0104631
0.0102438
0.010023
0.00980291
0.00958499
0.0127558
0.0127469
0.0127302
0.0127048
0.0126705
0.0126279
0.0125769
0.0125167
0.0124469
0.0123696
0.0122843
0.012191
0.0120907
0.0119819
0.0118647
0.011741
0.0116116
0.0114743
0.0113302
0.0111801
0.0110233
0.0108614
0.0106942
0.0105222
0.0103459
0.0101663
0.00998385
0.0097997
0.00961706
0.00943557
0.00925797
0.00908511
0.00891738
0.0116135
0.0116039
0.0115857
0.0115588
0.0115249
0.0114825
0.0114311
0.011371
0.011302
0.0112244
0.0111404
0.0110492
0.0109508
0.0108458
0.0107338
0.0106156
0.0104909
0.0103614
0.0102276
0.0100901
0.00994755
0.00980158
0.00965282
0.00950046
0.00934736
0.00919328
0.00903857
0.00888702
0.00873926
0.0085976
0.00846339
0.00833656
0.00821888
0.0107463
0.0107367
0.0107186
0.0106907
0.0106561
0.0106148
0.0105638
0.0105049
0.0104372
0.0103612
0.0102787
0.0101883
0.0100916
0.00998872
0.00988002
0.00976674
0.00964834
0.00952576
0.00939985
0.0092701
0.00913662
0.00900268
0.00886727
0.00873034
0.00859412
0.0084599
0.00832836
0.00820183
0.00808102
0.00797
0.00786958
0.00778063
0.00770499
0.0177766
0.0177741
0.0177679
0.0177552
0.0177316
0.0176916
0.0176296
0.0175433
0.0174378
0.0173117
0.0171649
0.0170009
0.0168225
0.0166312
0.0164292
0.0162177
0.0159977
0.0157687
0.0155312
0.0152847
0.01503
0.0147675
0.0144979
0.0142219
0.0139404
0.013654
0.0133616
0.0130634
0.0127591
0.0124497
0.0121364
0.0118206
0.011504
0.0177768
0.0177742
0.0177676
0.0177544
0.01773
0.0176888
0.0176259
0.0175386
0.0174314
0.0173037
0.0171571
0.0169932
0.0168151
0.0166253
0.0164245
0.0162138
0.015993
0.0157628
0.0155238
0.0152765
0.0150214
0.0147591
0.0144904
0.014216
0.013935
0.0136479
0.0133541
0.0130543
0.0127492
0.0124397
0.012127
0.0118126
0.0114981
0.0177775
0.0177748
0.0177681
0.0177544
0.0177294
0.0176874
0.0176234
0.0175348
0.0174263
0.017298
0.0171516
0.0169878
0.0168091
0.0166182
0.0164158
0.0162031
0.0159807
0.0157491
0.0155094
0.0152621
0.0150083
0.0147475
0.0144788
0.0142029
0.01392
0.0136306
0.0133355
0.0130356
0.0127322
0.0124246
0.0121137
0.0117995
0.0114832
0.0177781
0.0177751
0.0177676
0.0177525
0.0177252
0.0176801
0.0176135
0.0175248
0.0174167
0.0172873
0.0171395
0.0169747
0.0167945
0.0166024
0.0163995
0.016187
0.0159644
0.0157323
0.0154914
0.0152422
0.0149856
0.014722
0.0144522
0.0141769
0.0138951
0.0136061
0.0133105
0.0130092
0.0127032
0.0123937
0.0120819
0.0117692
0.011455
0.0177761
0.0177729
0.0177652
0.0177498
0.0177219
0.0176757
0.0176053
0.0175107
0.0173978
0.017266
0.0171149
0.0169476
0.016766
0.0165732
0.0163698
0.0161568
0.0159335
0.0157007
0.015459
0.015209
0.0149514
0.0146872
0.0144171
0.0141403
0.0138572
0.0135671
0.0132707
0.0129688
0.0126624
0.0123529
0.0120417
0.0117283
0.0114135
0.0177576
0.0177538
0.0177446
0.0177266
0.0176947
0.0176432
0.0175688
0.0174748
0.0173609
0.0172266
0.0170742
0.0169053
0.0167219
0.0165268
0.0163224
0.0161083
0.0158844
0.0156514
0.0154099
0.0151595
0.0149009
0.0146347
0.0143614
0.0140815
0.0137954
0.0135041
0.0132085
0.012908
0.012602
0.0122918
0.0119785
0.0116635
0.0113483
0.0176762
0.0176719
0.0176622
0.0176443
0.0176132
0.0175621
0.0174881
0.0173942
0.0172801
0.0171447
0.0169908
0.0168208
0.0166372
0.0164422
0.0162376
0.0160227
0.015798
0.0155641
0.0153207
0.0150686
0.0148087
0.0145415
0.0142682
0.0139894
0.0137046
0.0134129
0.0131151
0.0128121
0.0125045
0.0121937
0.0118812
0.0115685
0.0112555
0.0173944
0.0173881
0.0173766
0.0173591
0.0173289
0.0172834
0.0172188
0.0171378
0.017037
0.0169137
0.0167705
0.0166098
0.0164344
0.0162467
0.016048
0.0158381
0.0156175
0.0153872
0.0151471
0.0148982
0.0146413
0.0143774
0.0141073
0.0138304
0.0135469
0.0132577
0.0129623
0.0126617
0.0123567
0.0120482
0.0117372
0.0114249
0.0111125
0.0167014
0.0166963
0.0166845
0.0166629
0.0166309
0.0165881
0.0165361
0.0164746
0.0163993
0.0163077
0.0161999
0.0160757
0.0159351
0.01578
0.0156099
0.0154255
0.0152279
0.0150181
0.0147971
0.0145655
0.0143239
0.014073
0.0138137
0.0135469
0.0132723
0.0129899
0.0127027
0.0124111
0.0121158
0.011817
0.0115155
0.0112122
0.0109077
0.0158671
0.0158592
0.0158435
0.0158192
0.0157859
0.0157451
0.0156961
0.015639
0.0155717
0.015493
0.015402
0.0152984
0.0151812
0.0150505
0.0149061
0.0147485
0.0145787
0.0143962
0.0142015
0.0139952
0.0137782
0.0135523
0.0133172
0.0130731
0.0128202
0.0125593
0.0122918
0.0120178
0.0117395
0.011457
0.0111714
0.0108862
0.0106015
0.0149255
0.0149187
0.0149026
0.0148774
0.0148435
0.0148014
0.0147523
0.014694
0.0146272
0.0145509
0.0144652
0.0143697
0.014263
0.0141447
0.0140144
0.0138738
0.0137227
0.013561
0.0133887
0.0132064
0.0130149
0.0128149
0.0126053
0.0123871
0.0121601
0.0119261
0.0116862
0.0114403
0.01119
0.0109354
0.0106775
0.0104195
0.0101632
0.0138845
0.0138764
0.0138594
0.013834
0.0138005
0.0137584
0.0137088
0.01365
0.0135821
0.0135058
0.0134204
0.0133271
0.0132245
0.0131122
0.0129906
0.0128612
0.0127226
0.0125759
0.0124207
0.0122573
0.012085
0.0119051
0.0117178
0.011524
0.0113229
0.0111159
0.0109034
0.0106881
0.0104699
0.0102499
0.0100306
0.00981106
0.00959319
0.0127582
0.0127494
0.012733
0.0127079
0.0126741
0.0126322
0.0125817
0.0125219
0.0124525
0.0123755
0.0122904
0.0121973
0.0120969
0.0119872
0.0118708
0.0117476
0.0116182
0.011482
0.0113385
0.011188
0.0110327
0.0108723
0.0107064
0.0105358
0.0103601
0.0101804
0.0099974
0.00981354
0.00963041
0.0094476
0.00926742
0.00909035
0.00892045
0.0116204
0.0116107
0.0115924
0.0115659
0.0115327
0.0114911
0.0114403
0.0113806
0.0113118
0.011234
0.0111498
0.0110581
0.0109589
0.0108525
0.0107405
0.0106213
0.0104974
0.0103686
0.010235
0.0100975
0.00995617
0.0098106
0.00966118
0.00951073
0.00935834
0.00920399
0.00905061
0.0088995
0.0087522
0.00860912
0.00847286
0.00834492
0.00822634
0.0107548
0.0107444
0.0107253
0.0106987
0.0106655
0.0106254
0.0105752
0.0105166
0.0104491
0.010373
0.0102901
0.0101989
0.0101018
0.00999906
0.00989123
0.00977809
0.00965943
0.0095357
0.00940737
0.00927648
0.00914327
0.00900825
0.00887245
0.00873767
0.00860188
0.00846757
0.00833711
0.00821029
0.00809061
0.00798027
0.00788022
0.0077905
0.0077136
0.0177766
0.0177742
0.0177683
0.017756
0.0177331
0.017694
0.0176333
0.0175485
0.0174445
0.0173193
0.0171739
0.0170104
0.0168315
0.0166402
0.0164371
0.0162237
0.0160011
0.0157701
0.0155314
0.0152858
0.0150326
0.0147709
0.0145015
0.0142252
0.0139427
0.0136552
0.0133632
0.0130654
0.0127624
0.0124537
0.0121407
0.0118248
0.0115075
0.0177768
0.0177744
0.0177682
0.0177557
0.0177323
0.0176925
0.0176309
0.017545
0.0174398
0.0173135
0.0171675
0.0170036
0.0168249
0.0166329
0.0164298
0.0162169
0.0159951
0.0157656
0.0155279
0.0152812
0.0150263
0.0147636
0.0144937
0.0142173
0.0139352
0.0136485
0.0133561
0.0130572
0.0127527
0.0124434
0.0121305
0.0118154
0.0114996
0.0177775
0.017775
0.0177686
0.0177556
0.0177315
0.0176908
0.0176279
0.0175405
0.017434
0.0173069
0.0171594
0.0169949
0.0168149
0.0166225
0.01642
0.0162076
0.0159861
0.0157551
0.0155152
0.0152673
0.0150122
0.0147506
0.0144819
0.0142065
0.0139238
0.0136346
0.0133394
0.0130389
0.0127343
0.0124268
0.0121158
0.0118024
0.0114865
0.0177781
0.0177754
0.0177685
0.0177546
0.0177292
0.0176866
0.0176216
0.0175319
0.0174224
0.0172932
0.0171449
0.0169792
0.0167991
0.0166059
0.0164019
0.0161885
0.0159666
0.0157357
0.015496
0.0152474
0.0149907
0.0147265
0.0144557
0.0141791
0.0138973
0.0136094
0.0133144
0.0130133
0.0127072
0.012397
0.0120842
0.0117701
0.0114561
0.0177759
0.017773
0.0177658
0.0177513
0.0177249
0.0176805
0.0176122
0.0175187
0.0174059
0.0172733
0.0171216
0.0169529
0.0167708
0.0165771
0.0163723
0.016158
0.0159353
0.0157039
0.015463
0.0152134
0.0149558
0.014691
0.0144198
0.014143
0.0138598
0.0135704
0.0132744
0.0129726
0.012666
0.0123556
0.0120431
0.0117297
0.0114151
0.0177564
0.0177531
0.017745
0.0177286
0.0176987
0.0176497
0.0175776
0.0174842
0.0173709
0.0172364
0.0170838
0.0169146
0.0167312
0.0165357
0.0163293
0.016113
0.0158873
0.0156529
0.0154105
0.0151608
0.0149033
0.0146384
0.0143656
0.0140857
0.0137994
0.0135073
0.0132105
0.01291
0.012605
0.0122953
0.011982
0.0116668
0.0113507
0.0176704
0.0176682
0.0176628
0.0176501
0.0176245
0.0175796
0.0175097
0.0174138
0.0172985
0.0171631
0.0170087
0.016837
0.0166522
0.0164552
0.0162472
0.0160301
0.0158037
0.0155677
0.0153234
0.0150722
0.0148135
0.0145466
0.0142725
0.0139923
0.0137069
0.0134157
0.0131191
0.0128167
0.0125096
0.0121989
0.0118861
0.011573
0.0112591
0.017376
0.0173771
0.0173754
0.0173681
0.017348
0.0173098
0.0172492
0.0171639
0.0170607
0.0169355
0.0167907
0.0166279
0.0164502
0.0162602
0.0160581
0.0158456
0.0156236
0.0153922
0.0151516
0.0149034
0.0146472
0.0143826
0.0141104
0.0138316
0.0135473
0.0132588
0.0129648
0.012666
0.012362
0.0120539
0.0117427
0.0114297
0.011116
0.0167019
0.0166966
0.0166845
0.0166632
0.0166316
0.0165908
0.0165402
0.0164779
0.0164037
0.0163135
0.0162068
0.0160837
0.0159441
0.0157879
0.0156165
0.0154317
0.0152334
0.0150234
0.0148024
0.0145709
0.0143292
0.014078
0.0138185
0.0135503
0.0132746
0.0129934
0.0127072
0.0124163
0.0121211
0.0118219
0.0115188
0.0112136
0.0109068
0.0158668
0.0158587
0.0158423
0.0158173
0.0157845
0.015744
0.0156953
0.0156383
0.0155723
0.0154961
0.0154073
0.0153048
0.0151877
0.0150561
0.0149113
0.0147527
0.0145812
0.0143982
0.014204
0.0139993
0.0137838
0.0135586
0.0133239
0.0130788
0.012826
0.0125651
0.0122972
0.0120224
0.0117427
0.0114605
0.0111751
0.0108898
0.0106041
0.0149278
0.0149195
0.0149021
0.0148759
0.014841
0.0147987
0.0147489
0.0146908
0.0146251
0.0145504
0.0144663
0.014372
0.0142664
0.0141482
0.0140185
0.0138777
0.0137264
0.0135648
0.0133936
0.0132121
0.0130219
0.0128219
0.0126125
0.0123934
0.012166
0.011931
0.0116895
0.0114432
0.011192
0.0109358
0.0106788
0.0104214
0.0101649
0.0138841
0.0138759
0.0138585
0.0138329
0.0137992
0.0137573
0.0137079
0.0136496
0.0135823
0.0135066
0.0134227
0.0133305
0.013229
0.0131174
0.0129963
0.0128672
0.0127287
0.0125821
0.0124271
0.0122633
0.0120914
0.0119108
0.0117215
0.0115256
0.0113242
0.0111172
0.0109055
0.0106904
0.0104726
0.0102522
0.0100319
0.00981329
0.009596
0.0127578
0.012749
0.0127327
0.0127079
0.0126743
0.0126327
0.0125825
0.0125228
0.0124545
0.0123783
0.0122939
0.0122013
0.0121008
0.0119919
0.0118759
0.0117524
0.0116218
0.011485
0.0113418
0.011192
0.0110367
0.0108749
0.0107065
0.0105346
0.0103591
0.0101818
0.0100007
0.0098182
0.00963561
0.00945263
0.00927171
0.00909374
0.00892293
0.0116215
0.0116119
0.0115938
0.0115676
0.0115348
0.0114937
0.0114435
0.0113842
0.0113158
0.0112384
0.0111544
0.0110631
0.0109641
0.0108579
0.0107459
0.0106265
0.0105025
0.0103736
0.0102396
0.0101013
0.00995847
0.00981291
0.00966307
0.00951182
0.00935872
0.00920617
0.00905465
0.00890471
0.00875778
0.008614
0.00847593
0.00834554
0.00822745
0.010757
0.0107467
0.0107278
0.0107016
0.0106689
0.0106294
0.0105796
0.0105212
0.0104535
0.0103768
0.0102929
0.0102026
0.0101064
0.0100036
0.00989461
0.00978075
0.00966264
0.0095402
0.00941229
0.00928124
0.00914756
0.00901167
0.00887456
0.00873829
0.00860359
0.0084706
0.008341
0.00821421
0.00809495
0.00798343
0.00788026
0.00778718
0.00770966
)
;

boundaryField
{
    walls
    {
        type            zeroGradient;
    }
    procBoundary2to0
    {
        type            processor;
        value           nonuniform List<scalar> 
263
(
0.0154098
0.0154642
0.0155705
0.0117184
0.0117551
0.011814
0.0119257
0.0120829
0.00951484
0.00952238
0.00956182
0.00962963
0.00972716
0.00985519
0.0100467
0.0103222
0.0106728
0.0111537
0.0118041
0.0126594
0.0138102
0.0151838
0.0163064
0.00844766
0.0084554
0.00847399
0.00850864
0.00855037
0.00861545
0.00870371
0.00884108
0.0090342
0.0093155
0.00971003
0.0102656
0.0110439
0.0120428
0.0129375
0.00819377
0.00818951
0.00820162
0.0082087
0.00821635
0.00822952
0.00824187
0.008282
0.00835651
0.00846729
0.00865189
0.00895632
0.00942757
0.0100567
0.0106638
0.00842573
0.00841765
0.00841373
0.00840503
0.00838874
0.00836998
0.00834341
0.0083224
0.00829896
0.00829313
0.00830915
0.00840409
0.00860676
0.00893128
0.00928178
0.00890564
0.00889905
0.00889078
0.00887343
0.00884331
0.00880283
0.00874443
0.0086784
0.00858705
0.00849142
0.00838382
0.00830261
0.00827716
0.00833266
0.00845703
0.00946814
0.00945889
0.00944478
0.00942147
0.00938613
0.0093319
0.00925804
0.00915954
0.00902825
0.00886351
0.0086558
0.00842961
0.00821429
0.00805837
0.00801352
0.00999167
0.00998012
0.00996044
0.00993371
0.00989276
0.00983334
0.00975201
0.00963059
0.00946768
0.00924895
0.00896457
0.00862972
0.00827329
0.00796653
0.00778716
0.0103948
0.0103887
0.0103752
0.0103478
0.0103049
0.010237
0.0101493
0.0100216
0.00983703
0.00958433
0.00924073
0.00882474
0.00837404
0.0079515
0.00767458
0.0106849
0.0106772
0.0106714
0.0106461
0.0106021
0.0105285
0.0104383
0.0103038
0.0101062
0.00983222
0.00945667
0.00899693
0.00847905
0.00797249
0.00761972
0.0108913
0.0108821
0.01087
0.0108416
0.0107988
0.0107316
0.0106369
0.0104931
0.0102942
0.0100101
0.00962004
0.00913074
0.00856694
0.0080061
0.00761488
0.0110222
0.0110135
0.0109959
0.0109686
0.0109255
0.0108631
0.0107671
0.0106262
0.0104153
0.010131
0.00973687
0.00922742
0.0086407
0.00804626
0.00762431
0.0111009
0.0110927
0.011074
0.0110463
0.0110031
0.0109422
0.0108477
0.0107092
0.0104994
0.0102105
0.00980839
0.0092889
0.00869171
0.00807269
0.00762452
0.0111441
0.0111382
0.0111202
0.0110929
0.0110498
0.0109877
0.0108945
0.0107562
0.0105529
0.0102596
0.00985361
0.00932808
0.0087181
0.00809097
0.00763956
0.0111696
0.0111619
0.0111447
0.0111153
0.0110726
0.0110135
0.0109183
0.0107839
0.0105782
0.0102887
0.00988062
0.0093535
0.00873789
0.00810371
0.00764598
0.0111813
0.011176
0.0111573
0.0111303
0.0110886
0.0110277
0.0109349
0.0107992
0.0106001
0.0103095
0.00990309
0.0093719
0.00875713
0.00811499
0.00764573
0.0111882
0.0111831
0.011166
0.0111391
0.0110977
0.0110344
0.0109421
0.0108014
0.0106042
0.0103172
0.00991053
0.00938093
0.00875861
0.00812005
0.00765257
0.0111907
0.0111852
0.0111696
0.0111416
0.0111003
0.0110358
0.0109458
0.0108035
0.0106018
0.0103197
0.00991126
0.00938379
0.00876115
0.00812152
0.00765146
)
;
    }
    procBoundary2to1
    {
        type            processor;
        value           nonuniform List<scalar> 
561
(
0.00929231
0.00930312
0.00932699
0.00936868
0.00942152
0.00947913
0.00955559
0.00965155
0.00975298
0.00986845
0.0100097
0.0101717
0.0103511
0.0105481
0.0107678
0.0110166
0.0112803
0.0115731
0.0118815
0.0122267
0.0126041
0.0130115
0.0134496
0.0139224
0.0144418
0.01498
0.0155572
0.0161958
0.0168732
0.0175667
0.0183165
0.019109
0.0199257
0.00931076
0.00932418
0.00935371
0.0093906
0.00944428
0.00951027
0.00958722
0.00967503
0.00977589
0.00989766
0.0100315
0.0101898
0.0103677
0.010564
0.0107826
0.0110318
0.0112987
0.0115983
0.0119195
0.012255
0.0126306
0.0130452
0.0135046
0.0139831
0.0144877
0.0150273
0.0156207
0.0162411
0.0169174
0.0176312
0.0183602
0.0191518
0.0199873
0.00936378
0.00937365
0.00939579
0.00943385
0.00947998
0.00954493
0.00962574
0.0097237
0.00982781
0.00994552
0.0100895
0.010254
0.0104356
0.0106353
0.0108558
0.0111005
0.0113786
0.0116804
0.0119954
0.0123449
0.0127256
0.0131355
0.0135789
0.0140602
0.0145901
0.0151343
0.0157106
0.0163415
0.0170013
0.0177226
0.0184893
0.019283
0.0200776
0.00801809
0.00802324
0.00803622
0.00805184
0.00807534
0.00810463
0.00813888
0.00817961
0.00823023
0.00828646
0.00835686
0.00843937
0.00853334
0.00864024
0.00876467
0.00890008
0.00905406
0.00922311
0.00940542
0.00961508
0.0098551
0.0101131
0.010392
0.0106988
0.0110416
0.011407
0.0118093
0.0122396
0.0127164
0.0132389
0.0138049
0.0144107
0.0150541
0.00801809
0.00802324
0.00803622
0.00805184
0.00807534
0.00810463
0.00813888
0.00817961
0.00823023
0.00828646
0.00835686
0.00843937
0.00853334
0.00864024
0.00876467
0.00890008
0.00905406
0.00922311
0.00940542
0.00961508
0.0098551
0.0101131
0.010392
0.0106988
0.0110416
0.011407
0.0118093
0.0122396
0.0127164
0.0132389
0.0138049
0.0144107
0.0150541
0.00807182
0.00807625
0.00808724
0.00810773
0.00813461
0.00816691
0.00820396
0.00824585
0.00829646
0.00836153
0.00843787
0.0085232
0.00861968
0.00872736
0.00884951
0.00899042
0.00914371
0.00931871
0.00951449
0.00973087
0.00996856
0.0102301
0.0105201
0.0108454
0.0111933
0.0115764
0.0119851
0.0124365
0.0129233
0.0134353
0.0140002
0.014612
0.0152692
0.00778563
0.00778823
0.00779005
0.00779195
0.00779352
0.00779866
0.00780767
0.00781713
0.0078283
0.00784062
0.00785882
0.00788262
0.0079127
0.00795169
0.00799717
0.00805285
0.00811582
0.0081865
0.00827392
0.00838036
0.00849996
0.00863327
0.00878593
0.00896561
0.00916721
0.00938779
0.00963936
0.00992138
0.0102339
0.0105772
0.0109542
0.0113666
0.0118173
0.00778563
0.00778823
0.00779005
0.00779195
0.00779352
0.00779866
0.00780767
0.00781713
0.0078283
0.00784062
0.00785882
0.00788262
0.0079127
0.00795169
0.00799717
0.00805285
0.00811582
0.0081865
0.00827392
0.00838036
0.00849996
0.00863327
0.00878593
0.00896561
0.00916721
0.00938779
0.00963936
0.00992138
0.0102339
0.0105772
0.0109542
0.0113666
0.0118173
0.00780417
0.00780455
0.00780672
0.00781187
0.00781911
0.00782707
0.00783572
0.00784644
0.00786048
0.00787608
0.00789838
0.0079272
0.00796326
0.00800922
0.00806223
0.00812597
0.00819731
0.00827673
0.00837229
0.00848541
0.00861844
0.00876532
0.0089294
0.0091184
0.00932779
0.00956635
0.00983185
0.0101204
0.0104461
0.0108077
0.0112049
0.0116396
0.0121161
0.00782802
0.00782922
0.00783269
0.00784123
0.00785206
0.00786439
0.00787802
0.00789325
0.00791304
0.00793528
0.00796476
0.00800144
0.00804634
0.00810174
0.00816373
0.00823577
0.00831577
0.00841034
0.0085194
0.00864386
0.00878706
0.0089525
0.00913319
0.00933406
0.00956299
0.00981515
0.010102
0.010423
0.0107779
0.0111673
0.0115909
0.0120492
0.0125442
0.00788216
0.00788705
0.00789237
0.00789923
0.00791244
0.00792983
0.00795082
0.00797661
0.00800413
0.00803582
0.00807142
0.00811647
0.00817149
0.00823832
0.00831257
0.00839825
0.00849353
0.00860507
0.00873213
0.00887429
0.00903275
0.00920976
0.00940857
0.00963601
0.0098849
0.0101639
0.0104685
0.0108122
0.0111934
0.0116098
0.0120613
0.0125477
0.0130699
0.007998
0.00799983
0.00800507
0.00801778
0.00803477
0.00805513
0.00808013
0.00810919
0.00814414
0.00818935
0.00824196
0.00830071
0.00836743
0.00844438
0.00853209
0.00863482
0.00874881
0.00888167
0.00903088
0.00919536
0.00937736
0.00957893
0.00980231
0.0100512
0.0103314
0.0106338
0.01097
0.0113345
0.0117413
0.0121893
0.0126748
0.0131963
0.0137561
0.00818212
0.00818355
0.00818884
0.00820192
0.00821739
0.00824232
0.00827624
0.0083205
0.00836844
0.00842401
0.00848473
0.00855616
0.00863807
0.00873199
0.00884055
0.00896748
0.00910533
0.00926257
0.00943441
0.00961855
0.00982823
0.010064
0.0103292
0.0106128
0.0109219
0.0112652
0.0116332
0.0120409
0.0124762
0.0129585
0.0134791
0.0140341
0.0146139
0.00844805
0.00845198
0.00846162
0.00848074
0.00850382
0.0085363
0.00857872
0.00863152
0.00869475
0.00876339
0.00884431
0.00893418
0.00903137
0.00914721
0.00928371
0.00943167
0.00959604
0.00978188
0.00998529
0.0102007
0.0104436
0.0107128
0.0110084
0.0113321
0.0116907
0.0120701
0.0124785
0.0129313
0.0134123
0.0139444
0.0145173
0.0151217
0.0157451
0.00880115
0.00881436
0.00883197
0.00885579
0.00889316
0.00894029
0.00899575
0.00905965
0.00913375
0.00922295
0.0093204
0.00943482
0.00956472
0.00970966
0.00986993
0.0100482
0.0102508
0.0104667
0.0107055
0.01096
0.0112461
0.0115611
0.0119029
0.0122725
0.0126743
0.0131151
0.0135755
0.0140705
0.0146154
0.0151895
0.0158184
0.0164827
0.0171671
0.00924214
0.00925351
0.00927898
0.0093102
0.0093528
0.00940341
0.00947283
0.00956106
0.00965641
0.00976311
0.00988799
0.0100241
0.0101811
0.0103562
0.0105486
0.0107615
0.0110016
0.0112547
0.0115291
0.01184
0.0121834
0.0125553
0.0129528
0.0133774
0.0138289
0.0143092
0.0148222
0.0153765
0.0159848
0.0166167
0.0173029
0.0180139
0.0187906
0.00959523
0.00960475
0.00962676
0.00966569
0.00971124
0.00977554
0.00985473
0.00994931
0.0100613
0.0101958
0.0103407
0.0105106
0.0106985
0.010902
0.0111218
0.01136
0.0116188
0.0119033
0.0122237
0.0125644
0.0129465
0.0133625
0.0138067
0.0142793
0.01478
0.0153102
0.0158742
0.0164804
0.0171456
0.0178216
0.0185362
0.019323
0.0201485
)
;
    }
}


// ************************************************************************* //
